2.225711619225385007e+01
2.223464566929133923e+01
2.251508252703471769e+01
2.274728588661037421e+01
2.312182741116751217e+01
2.335398813447594080e+01
2.310684931506849438e+01
2.362066525123849914e+01
2.369073668854850467e+01
2.486109036594473665e+01
2.515323854660347536e+01
2.659004149377593507e+01
2.788037865748709265e+01
2.848214285714285765e+01
2.824125230202578152e+01
3.006723484848484773e+01
3.163194444444444287e+01
3.229826353421859153e+01
3.461313868613138567e+01
3.430264550264550394e+01
3.545320715036803705e+01
3.450103305785123808e+01
3.263846928499496158e+01
3.476945812807881708e+01
3.373895976447497702e+01
3.332387475538160260e+01
3.216113281250000000e+01
3.100875486381323043e+01
3.098626104023552585e+01
2.714142427281845471e+01
2.978797468354430222e+01
3.078960096735187335e+01
3.789024390243902474e+01
3.714970059880239717e+01
4.134690553745928554e+01
4.471302816901408761e+01
4.844216417910448058e+01
6.322465208747514964e+01
5.802719665271966676e+01
6.344444444444444287e+01
7.230769230769230660e+01
7.678571428571429180e+01
8.203865979381443196e+01
8.982887700534759290e+01
9.552808988764044784e+01
9.500877192982456165e+01
1.052538226299694202e+02
1.172943037974683591e+02
1.086644951140065132e+02
1.096185567010309256e+02
1.253873239436619684e+02
1.245474452554744573e+02
1.444473684210526301e+02
1.404549019607843263e+02
1.353333333333333428e+02
1.373499999999999943e+02
1.742510638297872276e+02
1.822456140350877263e+02
1.485585585585585591e+02
2.109488372093023258e+02
1.893140096618357404e+02
1.927156862745098067e+02
1.893768844221105496e+02
2.473834196891191652e+02
1.598510638297872219e+02
1.980756756756756829e+02
2.165698324022346242e+02
1.721931818181818130e+02
2.191124260355029492e+02
2.684727272727272975e+02
2.007317073170731589e+02
2.256867071152785442e+01
2.285781990521326890e+01
2.317606516290726759e+01
2.350196078431372726e+01
2.324795640326975388e+01
2.368025298664792544e+01
2.370767004341534090e+01
2.480296296296296177e+01
2.456750572082379946e+01
2.632636655948553184e+01
2.677563025210083936e+01
2.697984224364592620e+01
2.817540687160940394e+01
2.875093283582089398e+01
2.950767754318617975e+01
3.142527582748244797e+01
3.195139607032058038e+01
3.386016949152542566e+01
3.383083511777302022e+01
3.410311493018259910e+01
3.431522896698615455e+01
3.436603375527425897e+01
3.342231491136600852e+01
3.337981269510925841e+01
3.408229166666666998e+01
3.081047120418848095e+01
3.179284963196635161e+01
3.122844827586206762e+01
2.883222222222222086e+01
2.941958041958042003e+01
3.142342342342342221e+01
3.430212765957446663e+01
4.471274961597542585e+01
4.359567387687187789e+01
4.679537366548042598e+01
5.134600760456273605e+01
5.414999999999999858e+01
6.011777301927195083e+01
7.809234234234234862e+01
6.634117647058823763e+01
7.342928039702233889e+01
8.414025974025973653e+01
9.179674796747967491e+01
9.400847457627118331e+01
9.933234421364984712e+01
1.125306748466257716e+02
1.085175718849840223e+02
1.172894736842105203e+02
1.178698630136986338e+02
1.322092198581560183e+02
1.373102189781021991e+02
9.977480916030533820e+01
1.372235294117647015e+02
1.603052208835341332e+02
1.443874999999999886e+02
1.515646551724137794e+02
1.787004405286343740e+02
2.005272727272727309e+02
1.600000000000000000e+02
2.077980769230769340e+02
1.874455445544554379e+02
1.913333333333333428e+02
2.130156250000000000e+02
1.857421052631578959e+02
1.747445652173913118e+02
2.599553072625698178e+02
2.304742857142857133e+02
1.774327485380117082e+02
2.005542168674698758e+02
2.706172839506172636e+02
2.312048929663608732e+01
2.357409793814433030e+01
2.323841504365345756e+01
2.370403899721448582e+01
2.374568965517241281e+01
2.486558345642540502e+01
2.457207890743550749e+01
2.535436137071651075e+01
2.621177432542927122e+01
2.632991452991452874e+01
2.838053097345132869e+01
2.807996323529411598e+01
2.904450757575757436e+01
2.932429816069699768e+01
3.070303030303030312e+01
3.198956158663883187e+01
3.411871657754010556e+01
3.302708559046587311e+01
3.523101952277657034e+01
3.479039301310043442e+01
3.462323561346362766e+01
3.462364425162689940e+01
3.511183496199782894e+01
3.132388222464558325e+01
3.318041804180418097e+01
3.251959686450167908e+01
3.303885714285713959e+01
3.336213017751479271e+01
3.363837638376383410e+01
3.324563758389261636e+01
3.745307917888563054e+01
3.982753164556962133e+01
4.348135593220339246e+01
4.686980108499096076e+01
5.376583493282149817e+01
5.611632653061224829e+01
5.947526881720430225e+01
6.559225512528473701e+01
8.377751196172248171e+01
7.576884422110552464e+01
8.467368421052631788e+01
8.951912568306011053e+01
9.190544412607449942e+01
1.017641791044776056e+02
1.087577639751552852e+02
1.076891025641025692e+02
1.195919732441471552e+02
1.064689655172413723e+02
1.310892857142857224e+02
1.436678966789667982e+02
1.400496183206106764e+02
1.295357142857142776e+02
1.027918367346938737e+02
1.298487394957983270e+02
1.440865800865800850e+02
1.111283185840707972e+02
1.594495412844036650e+02
1.586682464454976298e+02
1.833155339805825292e+02
1.709447236180904497e+02
1.459432989690721740e+02
2.008888888888888857e+02
1.528138297872340559e+02
2.140983606557377072e+02
2.160502793296089408e+02
1.817183908045977034e+02
2.553117647058823536e+02
2.833493975903614341e+02
1.495749999999999886e+02
2.319603960396039710e+01
2.374465148378191870e+01
2.374466571834992834e+01
2.479721815519765826e+01
2.455656108597285225e+01
2.516064565718678026e+01
2.545547675334909243e+01
2.556218905472636749e+01
2.724956672443674321e+01
2.781025179856115059e+01
2.899258572752548702e+01
2.915904761904761955e+01
2.999313725490195992e+01
3.105714285714285694e+01
3.286645636172450224e+01
3.393864370290635435e+01
3.332601536772776996e+01
3.521238938053097201e+01
3.569239373601789822e+01
3.515066964285714590e+01
3.501567749160134468e+01
3.424634420697412907e+01
3.354926387315968128e+01
3.409195402298850297e+01
3.349765258215962405e+01
3.354916067146282899e+01
3.485130111524163254e+01
3.319053708439897576e+01
3.445076282940360812e+01
4.286826347305389362e+01
4.489210950080515516e+01
4.359208261617899893e+01
5.588929889298893272e+01
5.244509803921568647e+01
5.591925465838509268e+01
6.155434782608695343e+01
6.849308755760368683e+01
7.378260869565217206e+01
7.648737373737374412e+01
8.441644562334217028e+01
8.840883977900551827e+01
1.020000000000000000e+02
9.836716417910447774e+01
1.173975155279503042e+02
9.359546925566343134e+01
1.202240802675585343e+02
1.270452961672473862e+02
1.081407942238267168e+02
1.443457249070631860e+02
1.541500000000000057e+02
1.262240000000000038e+02
1.471399176954732582e+02
1.288851063829787336e+02
1.384675324675324646e+02
2.004369369369369451e+02
1.445990783410138363e+02
1.886462264150943327e+02
1.872341463414634006e+02
1.683899999999999864e+02
1.269846153846153811e+02
1.803597883597883538e+02
2.117297297297297405e+02
2.240329670329670364e+02
1.265842696629213435e+02
1.218352941176470523e+02
2.570602409638554491e+02
1.871524390243902474e+02
3.142111801242235742e+02
2.372963483146067531e+01
2.478592162554426537e+01
2.451345291479820787e+01
2.515531752104055130e+01
2.545640219952867156e+01
2.621107544141252177e+01
2.685172704296546087e+01
2.784224364592462919e+01
2.896906278434940774e+01
2.892206572769952899e+01
2.948938223938224112e+01
3.010396039603960361e+01
3.278556701030927911e+01
3.375026680896478126e+01
3.277401746724891041e+01
3.520111111111111057e+01
3.471959459459459651e+01
3.541657207718501610e+01
3.469510807736063640e+01
3.518857142857142861e+01
3.313093858632676358e+01
3.275704225352112786e+01
3.253095238095237818e+01
3.425121359223300743e+01
3.594154228855721556e+01
3.668292682926828974e+01
3.671904127829560593e+01
3.558142857142857451e+01
4.156307692307692037e+01
4.614590163934425959e+01
4.623943661971831176e+01
4.954613935969868521e+01
6.127075098814228937e+01
6.048529411764705799e+01
7.041371681415928663e+01
7.357441860465115724e+01
8.458150851581508789e+01
7.697698209718670626e+01
8.459785522788203593e+01
8.754469273743016799e+01
9.268985507246377153e+01
9.262650602409638623e+01
1.111608832807571048e+02
1.028524590163934391e+02
1.042297297297297263e+02
1.113802816901408477e+02
1.190400000000000063e+02
1.439548872180451156e+02
1.367898832684824981e+02
1.558346774193548470e+02
1.504320987654321016e+02
1.309572649572649539e+02
1.944780701754386030e+02
1.636306306306306340e+02
1.529906542056074841e+02
1.675666666666666629e+02
1.618975609756097640e+02
1.631421319796954208e+02
1.821128205128205195e+02
1.327434554973822003e+02
2.336538461538461604e+02
2.265055555555555600e+02
1.836551724137931103e+02
2.007751479289940733e+02
2.027425149700598865e+02
1.710000000000000000e+02
1.812125000000000057e+02
2.438757396449704018e+01
2.508421851289833171e+01
2.538095238095237960e+01
2.612210694333599292e+01
2.636674816625916762e+01
2.786286201022146614e+01
2.840800000000000125e+01
2.807287822878228667e+01
2.983491461100569353e+01
2.966210937500000000e+01
3.129570429570429724e+01
3.219958419958420137e+01
3.421007502679528756e+01
3.418853362734289192e+01
3.561590145576708011e+01
3.454275940706955339e+01
3.257967667436489734e+01
3.588953488372092693e+01
3.463114754098360493e+01
3.540639810426540635e+01
3.554402895054282396e+01
3.558139534883721211e+01
3.713316582914573161e+01
3.286357786357786637e+01
3.616776750330250678e+01
3.805471956224350549e+01
3.632650073206442443e+01
4.562870514820593115e+01
4.195477386934673092e+01
4.650896057347669910e+01
4.904554079696394808e+01
5.377464788732394396e+01
6.792811839323466927e+01
7.342187500000000000e+01
6.773943661971830466e+01
7.220393120393120512e+01
9.302842377260981266e+01
8.235945945945945823e+01
7.799154929577464657e+01
1.074373177842565639e+02
9.965045592705166655e+01
1.001968253968254032e+02
1.017105263157894797e+02
1.201428571428571388e+02
1.278556338028168966e+02
1.319853479853479712e+02
1.413295454545454675e+02
1.228867187500000000e+02
1.452048192771084416e+02
1.630458333333333201e+02
1.413418803418803407e+02
1.739292035398230212e+02
1.630545454545454618e+02
1.648084112149532814e+02
1.576570048309178844e+02
1.798128078817734092e+02
2.174393939393939377e+02
1.547801047120418900e+02
1.931315789473684106e+02
1.931373626373626280e+02
2.109664804469273633e+02
2.396149425287356394e+02
1.672011834319526713e+02
2.986167664670658723e+02
2.661656441717791495e+02
2.222767295597484178e+02
2.524458204334365163e+01
2.596753760886777584e+01
2.624453441295546696e+01
2.671404958677685926e+01
2.656660899653979158e+01
2.791523895401262223e+01
2.858450046685340951e+01
2.910854947166186335e+01
3.097635467980295587e+01
3.113218970736629743e+01
3.169432773109243584e+01
3.357391304347826377e+01
3.382739420935411800e+01
3.400455580865603622e+01
3.437297921478059948e+01
3.468852459016393652e+01
3.430997624703088178e+01
3.479016786570743136e+01
3.669249394673123277e+01
3.351297898640296324e+01
3.564321608040201284e+01
3.576417525773195649e+01
3.406887417218543135e+01
3.384625850340135855e+01
3.628932584269662698e+01
3.639642324888226455e+01
4.545527156549520953e+01
4.417264957264957559e+01
4.613743218806509816e+01
5.993641618497110102e+01
5.667276422764227561e+01
6.967094017094017033e+01
7.601354401805869543e+01
7.187203791469194414e+01
7.934987593052109389e+01
8.445811518324607903e+01
7.971153846153846700e+01
9.314772727272726627e+01
9.603539823008848941e+01
1.011503067484662637e+02
1.080673076923076934e+02
1.048877887788778906e+02
1.217903780068728565e+02
1.201241134751773103e+02
1.420332103321033230e+02
1.148821292775665341e+02
1.543137254901960773e+02
1.499186991869918586e+02
1.655208333333333428e+02
1.168154506437768276e+02
1.109030837004405328e+02
1.625068493150685072e+02
2.004225352112676148e+02
1.612163461538461604e+02
1.752254901960784252e+02
2.142193877551020478e+02
1.466631578947368553e+02
1.509518716577539976e+02
1.970939226519336955e+02
2.070842696629213435e+02
2.068786127167630013e+02
1.478647058823529505e+02
2.045180722891566347e+02
2.246913580246913682e+02
2.456918238993710588e+02
2.619999999999999929e+01
2.662500000000000000e+01
2.601932773109243868e+01
2.791060473269062214e+01
2.784594348222424642e+01
2.872128060263653637e+01
2.896896217264791318e+01
2.979361914257228250e+01
3.028367346938775384e+01
3.184697130712008573e+01
3.408791208791208760e+01
3.309626274065685436e+01
3.561379310344827331e+01
3.540423031727379310e+01
3.543230403800475159e+01
3.587605294825511493e+01
3.723076923076923350e+01
3.314427860696517314e+01
3.616498740554155944e+01
3.591248391248391414e+01
3.721447368421052460e+01
3.774932614555255839e+01
3.779276773296244585e+01
3.713199426111908252e+01
3.852526799387442225e+01
3.998861788617886504e+01
5.085640138408304267e+01
5.468139963167587325e+01
5.101565557729941247e+01
6.324485596707818758e+01
6.357049891540130204e+01
6.528473804100227085e+01
8.094724220623501765e+01
7.438442211055276232e+01
7.888713910761154580e+01
9.258082191780822257e+01
9.323275862068965125e+01
9.705389221556886525e+01
9.840498442367601228e+01
1.091350482315112487e+02
1.084463087248322211e+02
1.204722222222222285e+02
1.279316546762589866e+02
1.425650557620817835e+02
1.184045801526717554e+02
1.301394422310756909e+02
1.421260162601626007e+02
1.697983193277310932e+02
1.652597402597402549e+02
1.854330357142857224e+02
1.821697247706422047e+02
1.976384976525821457e+02
1.468039215686274588e+02
1.815628140703517488e+02
2.109438775510204209e+02
2.140052356020942455e+02
2.441147540983606632e+02
1.342486187845303789e+02
2.179213483146067460e+02
2.052674418604651123e+02
2.278922155688622695e+02
2.154207317073170600e+02
2.599499999999999886e+02
2.500191082802547839e+02
2.591806020066889715e+01
2.683972719522591532e+01
2.751380231522707120e+01
2.870240295748613590e+01
2.907736389684813716e+01
2.952058823529411669e+01
3.093360160965794847e+01
3.104554865424430687e+01
3.305818965517241281e+01
3.417018909899888968e+01
3.342742857142857105e+01
3.562733644859812898e+01
3.608690476190476204e+01
3.602412545235223007e+01
3.609413202933985332e+01
3.607826086956522005e+01
3.576708860759493547e+01
3.690757381258023173e+01
3.684251968503937036e+01
3.705660377358490365e+01
3.848689655172413637e+01
3.855807365439093815e+01
4.005580029368575623e+01
4.426429675425038823e+01
4.626402640264026189e+01
5.078245614035087385e+01
5.660335195530726082e+01
5.947244094488188892e+01
5.761586638830898011e+01
6.223788546255506304e+01
6.612933025404157661e+01
7.224029126213592633e+01
7.836294416243654837e+01
8.122811671087532659e+01
9.661813186813186860e+01
9.248703170028818477e+01
1.110753012048192829e+02
1.113593750000000000e+02
9.905177993527507851e+01
1.025589225589225606e+02
1.233797909407665543e+02
1.358417266187050245e+02
1.322342007434944264e+02
1.413103448275862206e+02
1.527160000000000082e+02
1.371769547325102963e+02
1.536271186440677923e+02
1.399606986899563310e+02
1.844260089686098638e+02
1.581674418604651180e+02
1.062571428571428527e+02
1.790243902439024453e+02
1.893149999999999977e+02
1.858666666666666742e+02
2.108031914893616943e+02
1.762841530054644750e+02
2.017955801104972409e+02
2.322171428571428464e+02
2.675497076023391969e+02
1.442634730538922270e+02
1.995370370370370381e+02
1.486234567901234698e+02
1.968726114649681449e+02
2.739653679653679674e+01
2.845544554455445407e+01
2.842164179104477739e+01
2.910328185328185313e+01
2.969582504970178860e+01
3.185801838610827375e+01
3.260145681581686006e+01
3.349132321041214766e+01
3.291358024691358253e+01
3.544752018454440901e+01
3.497176470588235020e+01
3.624428399518652100e+01
3.561124694376528055e+01
3.662686567164178797e+01
3.588973384030418146e+01
3.484625322997415964e+01
3.516315789473684106e+01
3.739165545087482911e+01
3.928198074277854346e+01
4.035724331926863329e+01
4.008405797101449508e+01
4.289940828402367146e+01
4.332334384858044274e+01
4.257744107744107964e+01
5.128264758497316933e+01
5.585255198487712391e+01
5.497791164658634244e+01
5.595358649789029215e+01
6.250779510022271523e+01
6.575467289719625796e+01
7.455609756097561558e+01
7.623409669211196160e+01
9.130213903743315029e+01
9.868907563025210550e+01
1.008688046647230294e+02
1.013848484848484901e+02
1.172735849056603712e+02
1.120947712418300597e+02
1.078253424657534225e+02
1.262070175438596493e+02
1.157090909090909037e+02
1.250037593984962427e+02
1.507248062015503933e+02
1.266454183266932318e+02
1.485826446280991604e+02
1.243636363636363598e+02
1.702699115044247833e+02
1.204753363228699499e+02
1.542418604651162752e+02
1.521142857142857281e+02
1.929313725490196134e+02
1.892777777777777715e+02
1.435602094240837800e+02
1.727903225806451530e+02
2.445380434782608745e+02
2.711722222222222172e+02
2.015257142857142867e+02
2.312441860465116292e+02
1.604242424242424363e+02
1.723658536585365937e+02
2.801509433962264097e+02
2.967677419354838548e+02
2.826629422718808371e+01
2.887584215591915182e+01
2.944543650793650968e+01
3.158469387755102176e+01
3.270483193277311074e+01
3.303862660944206198e+01
3.364245810055865604e+01
3.526267281105990747e+01
3.425802615933412909e+01
3.429805352798053519e+01
3.616728624535316072e+01
3.662531645569620053e+01
3.738817480719794162e+01
3.686482939632546163e+01
3.838152610441767365e+01
3.800960219478737656e+01
3.959523809523809490e+01
4.059136690647481771e+01
4.151840942562591863e+01
4.378333333333333144e+01
4.251010886469673267e+01
4.625785123966942081e+01
4.692844677137870946e+01
4.780148423005565661e+01
5.113333333333333286e+01
5.556878850102669531e+01
6.749350649350648723e+01
6.638901601830663424e+01
7.125659472422061924e+01
7.190000000000000568e+01
9.981151832460733431e+01
8.406301369863014372e+01
9.632102272727273373e+01
9.857863501483679158e+01
1.071609907120743088e+02
1.182660256410256352e+02
1.150695364238410576e+02
1.272595155709342549e+02
1.314460431654676142e+02
1.135992647058823479e+02
1.276500000000000057e+02
1.537450980392156907e+02
1.516544715447154488e+02
1.652100840336134411e+02
1.086336206896551744e+02
1.590622222222222319e+02
1.501055045871559628e+02
1.820000000000000000e+02
2.004487804878048678e+02
1.808300000000000125e+02
2.191428571428571388e+02
1.595968586387434414e+02
2.468709677419354875e+02
1.774888888888888800e+02
1.687288135593220204e+02
2.404566473988439270e+02
2.168511904761904816e+02
1.916932515337423411e+02
2.232222222222222285e+02
2.067324840764331100e+02
3.181548387096773922e+02
2.930624380574826660e+01
3.146673490276356233e+01
3.251362683438155443e+01
3.295156081808396209e+01
3.356780595369349385e+01
3.317734553775743933e+01
3.572963400236127285e+01
3.563990267639902498e+01
3.720822942643391684e+01
3.652295918367347127e+01
3.777734375000000000e+01
3.807456724367509793e+01
3.637295081967213406e+01
3.711297071129707348e+01
3.934326241134751712e+01
4.145058139534883423e+01
4.317164179104477739e+01
4.275268817204300831e+01
4.587949921752738902e+01
4.150806451612903203e+01
4.774232081911262782e+01
5.187747747747747695e+01
5.230360531309298011e+01
5.412474849094567730e+01
6.659196617336152713e+01
6.496868008948545992e+01
7.837236533957845097e+01
8.368872549019607732e+01
8.847826086956521863e+01
8.229838709677419217e+01
8.801949860724234043e+01
9.183720930232557578e+01
9.749546827794561921e+01
9.560377358490566735e+01
1.159344262295081904e+02
1.050068259385665499e+02
1.061754385964912331e+02
1.112810218978102199e+02
1.216654135338345810e+02
1.496692607003891169e+02
1.391847389558232919e+02
1.591618257261410747e+02
1.521063829787234170e+02
1.320438596491227941e+02
2.015954545454545439e+02
1.661018518518518476e+02
1.570769230769230660e+02
1.734334975369458220e+02
1.658030303030303116e+02
1.742812500000000000e+02
1.903650793650793673e+02
1.408924731182795824e+02
2.386480446927374430e+02
2.288636363636363740e+02
1.899647058823529449e+02
2.060243902439024453e+02
2.089509202453987768e+02
1.814904458598726080e+02
1.820641025641025692e+02
2.122287581699346504e+02
3.252576235541535254e+01
3.298809523809524080e+01
3.352602436323366675e+01
3.358465011286681801e+01
3.553990610328638411e+01
3.488306942752740269e+01
3.480350438047559436e+01
3.720565552699228817e+01
3.763600525624178772e+01
3.888575268817204034e+01
3.839944903581267255e+01
4.037746478873239653e+01
3.965710186513629765e+01
4.182404692082111097e+01
4.264360902255639019e+01
4.350384024577572717e+01
4.605079365079365061e+01
4.470731707317073500e+01
4.833830845771144169e+01
4.991083916083915994e+01
5.093470149253731449e+01
5.980859375000000000e+01
5.738842975206611641e+01
5.923695652173913118e+01
6.395899772209567402e+01
7.178281622911694626e+01
7.506783919597990007e+01
8.868146214099216706e+01
8.404644808743169904e+01
8.980626780626781169e+01
9.054896142433234729e+01
1.009413580246913540e+02
1.143322683706070251e+02
1.171561461794019863e+02
1.104965517241379303e+02
1.262234042553191529e+02
1.380848708487084764e+02
1.181030534351145036e+02
1.523897637795275557e+02
1.424939271255060760e+02
1.618041666666666742e+02
1.758448275862068897e+02
1.711205357142857224e+02
1.602283105022831080e+02
1.600563380281690229e+02
1.726570048309178844e+02
2.033383084577114346e+02
1.174093264248704713e+02
1.731145833333333428e+02
1.853621621621621500e+02
2.175580110497237456e+02
1.988483146067415817e+02
2.031228070175438631e+02
2.186390532544378686e+02
1.903229813664596293e+02
1.882222222222222285e+02
3.009426751592356482e+02
2.238387096774193594e+02
2.573733333333333348e+02
3.361469933184855563e+01
3.367423382519864106e+01
3.344611819235225880e+01
3.620989143546441369e+01
3.644250000000000256e+01
3.830769230769230660e+01
3.752305665349143737e+01
3.905945945945946107e+01
4.003328710124826983e+01
3.785042735042735274e+01
3.885319767441860250e+01
4.118074074074073820e+01
4.346960486322188189e+01
4.534472049689441064e+01
4.295707472178060726e+01
4.828013029315960836e+01
4.368060200668896442e+01
4.798448275862068613e+01
5.206884057971014812e+01
5.550095238095238415e+01
6.017907444668008310e+01
5.940511727078891369e+01
5.958666666666666600e+01
6.607906976744186522e+01
6.974509803921569073e+01
7.881491002570693638e+01
8.415425531914893043e+01
9.312534818941503545e+01
9.911594202898550066e+01
1.052710843373493930e+02
1.057993730407523572e+02
1.206644951140065132e+02
1.146587837837837895e+02
1.238133802816901436e+02
1.311594202898550634e+02
1.332247191011235827e+02
1.285366795366795429e+02
1.559279999999999973e+02
1.332863070539418970e+02
1.505847457627118615e+02
1.303201754385964932e+02
1.741266968325791993e+02
1.200601851851851904e+02
1.607259615384615472e+02
1.543743842364532100e+02
1.952562814070351749e+02
1.909222797927461102e+02
1.444117647058823479e+02
1.766022099447513938e+02
2.472055555555555486e+02
2.762159090909090651e+02
2.023567251461988405e+02
2.381137724550898156e+02
1.732298136645962643e+02
1.832562499999999943e+02
2.912222222222222285e+02
3.028486842105263008e+02
2.485100671140939710e+02
3.368149882903981052e+01
3.587619047619047308e+01
3.554466501240694498e+01
3.551794871794871966e+01
3.812763157894736565e+01
3.862516914749661368e+01
4.012309820193637933e+01
3.961735419630156230e+01
4.206277372262773895e+01
4.128763040238450088e+01
4.397251908396946618e+01
4.457968749999999858e+01
4.544888178913738130e+01
4.777339901477832740e+01
4.663237774030353933e+01
5.078178694158075501e+01
5.028495575221239022e+01
5.260482374768088931e+01
5.147843137254901791e+01
5.466115702479338978e+01
5.919222462203023838e+01
6.695227272727272805e+01
7.031100478468898984e+01
7.511750000000000682e+01
7.690364583333332860e+01
1.031711956521739069e+02
8.611581920903954313e+01
9.732647058823529562e+01
1.022607361963190158e+02
1.067083333333333286e+02
1.234470198675496704e+02
1.182959183673469425e+02
1.318458781362007244e+02
1.334243542435424388e+02
1.184486692015209144e+02
1.288897637795275557e+02
1.581451612903225907e+02
1.546569037656903731e+02
1.699227467811158760e+02
1.102187500000000000e+02
1.613013698630136901e+02
1.573820754716981014e+02
1.849951690821256136e+02
2.050757575757575637e+02
1.923877551020408134e+02
2.250680628272251340e+02
1.697326203208556024e+02
2.500274725274725256e+02
1.819659090909090935e+02
1.703313953488372192e+02
2.495449101796407092e+02
2.281349693251533779e+02
1.979187499999999886e+02
2.312500000000000000e+02
2.133355263157894797e+02
3.255231788079470334e+02
1.768993288590604038e+02
3.659657701711491740e+01
3.705076142131979822e+01
3.934685863874345557e+01
3.855149051490514722e+01
4.013296398891966987e+01
4.117663817663817838e+01
3.903225806451612812e+01
4.040779610194902460e+01
4.282695252679938847e+01
4.524094488188976726e+01
4.723680000000000234e+01
4.261221122112210935e+01
5.040067340067339785e+01
4.590814558058925599e+01
4.956560283687943524e+01
5.180399274047186964e+01
5.561142857142856855e+01
5.754417670682730801e+01
5.794915254237287883e+01
7.034513274336282507e+01
6.848951048951049358e+01
8.249391727493917870e+01
8.811139240506328463e+01
9.047214854111405202e+01
8.565927977839335483e+01
9.053602305475504863e+01
9.517117117117116720e+01
1.007476635514018710e+02
9.999350649350648723e+01
1.195101351351351298e+02
1.071754385964912331e+02
1.070833333333333286e+02
1.135655430711610450e+02
1.234710424710424661e+02
1.525674603174603305e+02
1.406831275720164740e+02
1.603516949152542281e+02
1.518521739130434867e+02
1.332162162162162247e+02
2.055023255813953540e+02
1.685285714285714391e+02
1.597205882352941160e+02
1.783939393939394051e+02
1.713854166666666572e+02
1.860267379679144426e+02
1.962270270270270203e+02
1.488674033149171407e+02
2.458620689655172384e+02
2.340529411764705969e+02
1.978060606060606119e+02
2.099250000000000114e+02
2.151572327044025030e+02
1.949090909090909065e+02
1.844172185430463458e+02
2.144799999999999898e+02
3.558775510204081911e+02
4.029693741677763086e+01
3.926859504132231393e+01
4.130268741159829915e+01
4.229839883551674262e+01
4.006886227544909929e+01
4.186021505376344010e+01
4.419309262166405006e+01
4.649597423510466854e+01
4.917462932454694879e+01
4.395952782462057229e+01
5.211896551724137794e+01
4.719646017699115248e+01
5.102359346642468552e+01
5.345065176908752136e+01
5.522095238095238301e+01
5.874451097804391253e+01
6.302515723270440162e+01
6.222516556291390799e+01
6.241435185185185475e+01
6.940776699029126462e+01
7.286259541984732380e+01
8.124933687002652505e+01
9.208516483516483220e+01
9.377077363896847828e+01
9.996107784431137588e+01
1.092647975077881597e+02
1.092193548387096769e+02
1.229731543624161105e+02
1.163923611111111143e+02
1.275379061371841090e+02
1.342037037037036953e+02
1.359427480916030504e+02
1.322698412698412653e+02
1.587224489795918316e+02
1.339746835443037867e+02
1.524826086956521749e+02
1.428603603603603744e+02
1.791588785046728844e+02
1.146824644549762979e+02
1.643103448275862206e+02
1.553989898989898961e+02
1.976546391752577279e+02
1.928510638297872219e+02
1.500765027322404421e+02
1.825449438202247165e+02
2.528342857142857270e+02
2.811802325581395507e+02
2.022321428571428612e+02
2.419695121951219505e+02
1.848987341772152035e+02
1.937051282051282044e+02
2.991744966442952887e+02
3.102972972972972912e+02
2.521172413793103431e+02
3.045069444444444571e+02
4.232183908045976750e+01
4.314771048744460558e+01
4.123700305810397282e+01
4.317840375586854407e+01
4.543338683788122268e+01
4.778453947368421240e+01
5.077777777777777857e+01
4.558058925476603207e+01
5.369366197183098421e+01
4.862681159420289845e+01
5.233766233766233711e+01
5.459659090909090651e+01
5.661284046692607319e+01
5.853479125248509263e+01
6.129227557411273608e+01
6.062280701754386314e+01
7.318620689655172384e+01
7.107692307692308020e+01
8.528715365239294499e+01
9.097911227154047253e+01
9.012841530054645034e+01
8.879714285714285893e+01
9.305074626865670950e+01
9.801547987616099533e+01
1.034230769230769198e+02
1.141727574750830598e+02
1.222179930795847724e+02
1.201469534050179249e+02
1.091296296296296333e+02
1.162277992277992240e+02
1.241587301587301653e+02
1.558367346938775597e+02
1.422658227848101262e+02
1.631746724890829796e+02
1.522500000000000000e+02
1.343935185185185048e+02
2.089571428571428555e+02
1.640829268292683025e+02
1.636262626262626156e+02
1.831082474226804209e+02
1.755608465608465565e+02
1.957923497267759672e+02
2.021277777777777658e+02
1.562316384180790863e+02
2.498596491228070136e+02
2.339401197604790354e+02
2.022208588957055326e+02
2.141708860759493689e+02
2.214129032258064456e+02
2.108053691275167694e+02
1.845000000000000000e+02
2.152500000000000000e+02
3.616180555555555429e+02
3.304357142857143117e+02
4.221550387596899157e+01
4.435555555555555429e+01
4.650734094616639425e+01
4.906543624161074035e+01
5.237457044673539741e+01
4.665789473684210265e+01
5.530341113105924933e+01
4.965441176470588402e+01
5.344905660377358458e+01
5.573552123552123305e+01
5.763438735177865624e+01
5.963434343434343532e+01
6.121118012422360266e+01
6.541612200435730529e+01
6.492677345537757105e+01
6.424761904761905384e+01
7.153615960099750737e+01
7.489556135770234846e+01
8.284552845528455123e+01
9.591242937853107264e+01
9.404105571847507861e+01
1.001748466257668753e+02
1.118977635782747626e+02
1.116039603960396107e+02
1.247344827586206861e+02
1.173226950354609954e+02
1.305867158671586594e+02
1.370798479087452506e+02
1.392509803921568619e+02
1.356707317073170600e+02
1.611541666666666686e+02
1.322640692640692635e+02
1.530044247787610630e+02
1.527777777777777715e+02
1.814857142857142946e+02
1.147692307692307736e+02
1.681111111111111143e+02
1.549641025641025749e+02
1.988526315789473813e+02
1.930000000000000000e+02
1.560670391061452449e+02
1.886800000000000068e+02
2.601952662721893716e+02
2.846035502958579855e+02
2.034207317073170600e+02
2.455838509316770057e+02
1.965161290322580783e+02
2.000193548387096882e+02
3.028367346938775313e+02
3.152896551724138021e+02
2.544154929577464657e+02
3.189214285714285779e+02
3.784532374100719494e+02
4.735749588138385491e+01
4.999320882852291703e+01
5.367247386759581929e+01
4.785714285714285410e+01
5.663023679417121770e+01
5.090262172284644038e+01
5.420419847328244600e+01
5.667450980392156623e+01
5.857715430861723149e+01
6.032653061224489477e+01
6.190794979079498006e+01
6.379310344827586476e+01
6.291176470588235503e+01
7.514893617021276384e+01
7.332178217821781629e+01
8.718911917098445485e+01
9.288172043010752077e+01
8.773184357541899203e+01
9.095614035087719174e+01
9.401519756838905550e+01
9.964556962025316977e+01
1.051147540983606490e+02
1.174338983050847389e+02
1.239718309859154886e+02
1.231721611721611680e+02
1.107992424242424221e+02
1.164921875000000000e+02
1.209435483870967687e+02
1.555991735537189982e+02
1.427553648068669645e+02
1.641688888888888869e+02
1.506334841628959396e+02
1.331962616822429766e+02
2.099710144927536248e+02
1.623069306930693187e+02
1.649589743589743591e+02
1.872408376963350918e+02
1.798763440860215042e+02
1.988888888888888857e+02
2.051581920903954881e+02
1.629597701149425291e+02
2.550479041916167660e+02
2.245644171779141232e+02
2.114968152866242121e+02
2.198129032258064512e+02
2.247254901960784252e+02
2.221020408163265358e+02
1.845655172413792968e+02
2.190347222222222285e+02
3.673049645390070737e+02
3.425882352941176237e+02
2.311343283582089612e+02
5.484507042253520837e+01
4.912727272727272521e+01
5.792250922509224864e+01
5.174810606060606233e+01
5.521511627906976827e+01
5.744047619047618980e+01
5.938133874239350973e+01
6.139834024896265419e+01
6.272245762711864359e+01
6.461086956521738500e+01
6.010467706013363198e+01
6.651401869158878810e+01
6.560827250608272720e+01
7.278680203045685460e+01
7.612500000000000000e+01
8.454166666666667140e+01
9.784149855907780591e+01
9.391343283582089896e+01
1.000843749999999943e+02
1.134625407166123807e+02
1.129798657718120865e+02
1.246153846153846132e+02
1.181449275362318900e+02
1.329624060150376010e+02
1.374208494208494074e+02
1.411479999999999961e+02
1.381652892561983492e+02
1.624957627118644155e+02
1.345947136563876541e+02
1.533378378378378386e+02
1.546478873239436496e+02
1.890865384615384528e+02
1.157881773399014804e+02
1.739948717948717842e+02
1.553874345549738223e+02
1.990213903743315598e+02
1.941436464088397713e+02
1.611250000000000000e+02
1.945232558139534831e+02
2.602500000000000000e+02
2.879939393939393995e+02
2.033602484472049809e+02
2.506242038216560388e+02
2.083026315789473699e+02
2.101125827814569504e+02
3.040342465753424790e+02
3.178321678321678405e+02
2.568417266187050245e+02
3.277226277372262757e+02
3.872148148148148152e+02
2.246165413533834680e+02
5.928224299065420411e+01
5.256214149139579206e+01
5.600980392156862564e+01
5.824297188755019761e+01
5.997546012269938842e+01
6.219117647058823195e+01
6.347854077253219174e+01
6.560572687224669153e+01
6.013738738738738476e+01
6.461111111111111427e+01
7.600480769230769340e+01
7.461868686868686495e+01
8.756430446194225681e+01
9.599727520435966710e+01
8.636363636363635976e+01
9.211572700296736116e+01
9.472530864197530320e+01
1.003665594855305443e+02
1.058233333333333377e+02
1.182068965517241423e+02
1.259136690647482055e+02
1.246518518518518448e+02
1.152509505703422121e+02
1.303373015873015959e+02
1.218429752066115697e+02
1.565358649789029641e+02
1.439692982456140271e+02
1.645405405405405475e+02
1.504166666666666572e+02
1.393507109004739277e+02
2.095756097560975491e+02
1.639646464646464779e+02
1.662187500000000000e+02
1.908148148148148096e+02
1.840819672131147513e+02
2.029602272727272805e+02
2.107283236994219635e+02
1.653742690058479639e+02
2.568121212121212125e+02
2.270999999999999943e+02
2.154838709677419217e+02
2.219285714285714164e+02
2.308859060402684520e+02
2.309520547945205351e+02
1.833706293706293593e+02
2.204084507042253449e+02
3.701654676258992822e+02
3.465111111111111200e+02
2.369692307692307622e+02
3.249147286821705620e+02
5.673663366336633374e+01
5.888259109311741213e+01
6.106029106029105691e+01
6.258139534883721211e+01
6.399567099567099859e+01
6.623503325942350273e+01
6.074090909090909207e+01
6.512820512820512420e+01
6.787142857142856656e+01
6.684615384615383959e+01
7.386563307493540265e+01
7.679245283018867951e+01
8.547740112994350170e+01
9.807580174927113603e+01
9.459756097560975263e+01
1.006952380952380963e+02
1.139306930693069262e+02
1.140409556313993136e+02
1.243262411347517684e+02
1.181176470588235361e+02
1.340988593155893511e+02
1.376745098039215804e+02
1.421341463414634063e+02
1.405481171548117061e+02
1.635301724137931103e+02
1.361659192825111973e+02
1.515642201834862419e+02
1.561666666666666572e+02
1.925609756097560989e+02
1.155400000000000063e+02
1.803005181347150199e+02
1.542328042328042272e+02
1.990108695652174049e+02
1.932234636871508258e+02
1.655000000000000000e+02
1.990470588235294258e+02
2.649085365853658800e+02
2.878159509202453705e+02
2.020188679245283083e+02
2.506987179487179560e+02
2.205302013422818845e+02
2.173557046979865675e+02
3.113169014084506898e+02
3.223428571428571558e+02
2.523669064748201549e+02
3.341777777777778056e+02
3.903157894736842195e+02
2.220909090909090935e+02
1.906746031746031633e+02
6.136874999999999858e+01
6.309808102345415648e+01
6.445196506550217919e+01
6.699552572706934939e+01
6.130733944954128134e+01
6.565023474178403262e+01
6.832374100719424348e+01
7.693382352941176805e+01
7.549487179487179844e+01
8.788800000000000523e+01
9.778670360110803017e+01
8.524207492795389385e+01
9.289156626506023429e+01
9.579559748427672616e+01
1.009084967320261370e+02
1.058648648648648702e+02
1.172264808362369308e+02
1.267919708029197068e+02
1.263646616541353325e+02
1.238988326848248960e+02
1.311606425702811123e+02
1.228655462184873954e+02
1.561068376068376153e+02
1.404115044247787694e+02
1.642090909090909179e+02
1.480514018691588660e+02
1.489854368932038824e+02
2.108855721393034912e+02
1.645794871794871881e+02
1.680106382978723332e+02
1.966972972972972968e+02
1.880777777777777828e+02
2.045459770114942444e+02
2.136140350877192873e+02
1.648934911242603505e+02
2.599012345679012128e+02
2.266100628930817606e+02
2.171883116883116998e+02
2.279600000000000080e+02
2.323741496598639458e+02
2.419440559440559468e+02
1.807957746478873275e+02
2.232014388489208727e+02
3.729051094890510853e+02
3.497910447761194064e+02
2.375581395348837077e+02
3.287795275590551114e+02
3.712500000000000000e+02
6.505077262693156115e+01
6.765090090090090769e+01
6.159677419354838435e+01
6.615130023640661250e+01
6.880676328502416084e+01
7.699753694581281138e+01
6.791919191919191690e+01
7.488421052631578334e+01
7.758630136986300840e+01
8.579142857142856826e+01
9.838165680473372277e+01
9.553869969040248122e+01
1.012750809061488724e+02
1.141505016722408072e+02
1.144498269896193818e+02
1.239064748201438846e+02
1.174572490706319741e+02
1.356216216216216139e+02
1.378605577689243091e+02
1.422469135802469111e+02
1.432245762711864359e+02
1.634934497816593932e+02
1.357375565610859667e+02
1.444744186046511629e+02
1.573961352657004795e+02
1.938325123152709466e+02
1.150659898477157412e+02
1.865210526315789537e+02
1.538225806451612812e+02
1.977087912087912116e+02
1.923276836158192111e+02
1.712865497076023473e+02
2.048682634730539007e+02
2.663641975308642031e+02
2.874844720496894297e+02
2.006178343949044631e+02
2.505161290322580783e+02
2.316190476190476204e+02
2.201081081081080981e+02
3.116595744680851112e+02
3.219856115107913865e+02
2.431397058823529278e+02
3.400827067669172834e+02
3.938091603053435392e+02
2.228759689922480618e+02
1.790161290322580783e+02
1.625416666666666572e+02
6.208120649651971945e+01
6.652731591448930715e+01
6.907281553398058804e+01
7.705445544554454784e+01
6.797215189873418240e+01
7.575129533678756388e+01
8.782702702702702879e+01
9.687675070028011248e+01
8.547647058823528710e+01
9.255623100303951389e+01
9.595859872611464425e+01
1.002138157894736850e+02
1.053378839590443619e+02
1.165123674911660743e+02
1.270442804428044212e+02
1.283295019157088177e+02
1.244015748031496003e+02
1.316382113821138091e+02
1.226652542372881385e+02
1.561695652173912947e+02
1.347578475336322867e+02
1.654861111111111143e+02
1.457028301886792576e+02
1.518333333333333428e+02
2.097638190954773734e+02
1.642331606217616695e+02
1.680376344086021447e+02
2.004918032786885362e+02
1.895754189944134112e+02
2.047283236994219635e+02
2.147411764705882433e+02
1.639940119760479149e+02
2.593291925465838403e+02
2.288076923076923208e+02
2.195165562913907422e+02
2.291543624161073751e+02
2.318424657534246478e+02
2.495744680851063890e+02
1.807266187050359747e+02
2.242554744525547505e+02
3.726544117647058556e+02
3.576641221374046040e+02
2.402047244094488292e+02
3.320240000000000009e+02
3.733008130081300919e+02
2.941900826446280917e+02
6.919951338199513202e+01
7.706467661691542048e+01
6.808883248730964510e+01
7.572207792207791499e+01
7.481481481481480955e+01
7.776454293628809467e+01
8.605202312138727905e+01
9.779999999999999716e+01
9.527102803738317505e+01
1.002964169381107524e+02
1.133501683501683459e+02
1.137027972027971998e+02
1.227927272727272765e+02
1.163520599250936272e+02
1.358715953307392965e+02
1.367751004016064371e+02
1.414190871369294484e+02
1.477922077922077904e+02
1.632035398230088390e+02
1.351278538812785257e+02
1.432018779342722894e+02
1.684223300970873822e+02
1.954300000000000068e+02
1.136871794871794918e+02
1.901595744680851112e+02
1.525217391304347814e+02
1.962388888888888800e+02
1.924597701149425291e+02
1.758750000000000000e+02
2.097575757575757507e+02
2.643209876543210157e+02
2.851750000000000114e+02
1.990645161290322562e+02
2.550132450331125824e+02
2.386275862068965523e+02
2.238896551724137964e+02
3.118214285714285552e+02
3.221897810218978293e+02
2.376716417910447774e+02
3.454732824427480864e+02
3.940076923076923094e+02
2.200234375000000000e+02
1.782520325203252014e+02
1.633416666666666686e+02
3.467394957983193535e+02
6.851406649616367872e+01
7.585639686684072558e+01
7.630053191489361097e+01
8.692663043478260931e+01
9.535410764872521838e+01
8.463609467455621882e+01
9.241538461538461036e+01
9.461858974358973740e+01
9.964119601328903286e+01
1.041718213058419309e+02
1.142989323843416400e+02
1.266654275092936786e+02
1.281576923076923151e+02
1.241349206349206327e+02
1.313688524590163809e+02
1.219106382978723389e+02
1.541091703056768552e+02
1.352590909090909008e+02
1.659671361502347509e+02
1.447500000000000000e+02
1.506831683168316829e+02
2.083705583756345163e+02
1.636125654450261777e+02
1.663945945945945937e+02
2.026648351648351536e+02
1.930738636363636260e+02
2.059005847953216346e+02
2.178742514970059858e+02
1.647012195121951095e+02
2.617151898734177280e+02
2.309215686274509665e+02
2.036174496644295289e+02
2.315578231292516875e+02
2.327291666666666572e+02
2.541785714285714164e+02
1.793503649635036368e+02
2.233382352941176521e+02
3.749552238805970319e+02
3.598076923076923208e+02
2.389921259842519703e+02
3.323790322580645125e+02
3.779586776859504198e+02
2.920082644628099047e+02
3.406666666666666856e+02
7.857446808510638903e+01
8.600542005420054181e+01
7.726388888888888573e+01
8.582267441860464885e+01
9.702409638554216542e+01
9.488087774294670851e+01
9.897712418300653781e+01
1.127244897959183731e+02
1.120070175438596465e+02
1.208284671532846772e+02
1.150867924528301955e+02
1.360117647058823422e+02
1.355384615384615472e+02
1.402970711297071205e+02
1.481558441558441643e+02
1.619196428571428612e+02
1.337385321100917395e+02
1.424407582938388543e+02
1.717205882352941160e+02
1.955707070707070727e+02
1.124093264248704713e+02
1.925161290322580783e+02
1.502404371584699447e+02
1.935698324022346242e+02
1.902601156069364094e+02
1.734761904761904816e+02
2.123926380368098137e+02
2.652749999999999773e+02
2.863566878980891488e+02
1.961948051948051841e+02
2.542666666666666799e+02
2.420758620689655061e+02
2.242361111111111143e+02
3.162919708029197068e+02
3.223925925925926208e+02
2.414511278195488728e+02
3.451526717557251800e+02
3.984803149606299257e+02
2.169921259842519703e+02
1.789008264462810018e+02
1.682307692307692264e+02
3.492649572649572747e+02
4.268782608695652243e+02
7.735754189944134396e+01
9.239093484419262836e+01
8.344807121661720828e+01
9.153869969040248122e+01
9.340384615384616041e+01
9.859531772575250841e+01
1.036515679442508713e+02
1.117142857142857082e+02
1.251486988847583604e+02
1.282519379844961236e+02
1.236839999999999975e+02
1.308429752066115839e+02
1.214678111587982841e+02
1.518859649122807127e+02
1.351284403669724838e+02
1.640751173708920305e+02
1.430146341463414501e+02
1.491850000000000023e+02
2.066666666666666572e+02
1.628518518518518476e+02
1.637934782608695627e+02
2.052111111111111086e+02
1.941999999999999886e+02
2.056352941176470495e+02
2.169397590361445793e+02
1.631165644171779263e+02
2.607006369426751462e+02
2.283071895424836555e+02
2.065442176870748199e+02
2.319863013698630141e+02
2.335492957746478737e+02
2.580359712230215905e+02
1.751897810218978009e+02
2.220814814814814895e+02
3.742932330827067631e+02
3.613178294573643257e+02
2.457560975609756042e+02
3.322032520325203109e+02
3.759834710743801907e+02
2.945462184873949809e+02
3.370085470085469979e+02
3.310450450450450717e+02
8.556725146198830600e+01
9.555891238670695031e+01
9.408805031446540568e+01
9.793092105263157521e+01
1.111774744027303825e+02
1.101338028169014081e+02
1.187509157509157518e+02
1.143816793893129784e+02
1.360711462450592819e+02
1.336747967479674912e+02
1.389409282700422068e+02
1.489956331877729383e+02
1.589553571428571388e+02
1.328194444444444571e+02
1.429082125603864597e+02
1.719556650246305480e+02
1.953010204081632537e+02
1.094559585492227995e+02
1.932486486486486399e+02
1.487237569060773410e+02
1.856704545454545325e+02
1.879883720930232585e+02
1.730361445783132410e+02
2.095705521472392547e+02
2.660759493670885831e+02
2.837051282051282328e+02
1.931503267973856168e+02
2.533489932885906057e+02
2.483916083916084006e+02
2.258169014084507182e+02
3.158823529411764639e+02
3.198805970149253994e+02
2.447121212121212182e+02
3.490310077519379774e+02
3.933858267716535693e+02
2.182338709677419217e+02
1.779499999999999886e+02
1.690603448275862206e+02
3.487327586206896513e+02
4.317433628318584056e+02
2.815675675675675507e+02
9.356012658227848533e+01
9.664686468646864625e+01
1.098591065292096260e+02
1.085851063829787222e+02
1.169446494464944664e+02
1.132115384615384670e+02
1.355674603174603305e+02
1.322704918032787020e+02
1.362573839662447313e+02
1.492290748898678316e+02
1.572297297297297405e+02
1.304814814814814952e+02
1.398317307692307736e+02
1.716534653465346594e+02
1.926734693877550910e+02
1.090842105263157862e+02
1.936847826086956559e+02
1.469944134078212414e+02
1.750285714285714391e+02
1.844709302325581461e+02
1.718787878787878753e+02
2.092173913043478137e+02
2.666474358974359120e+02
2.808774193548387075e+02
1.912450331125827745e+02
2.520945945945945823e+02
2.542624113475177410e+02
2.254539007092198517e+02
3.152370370370370551e+02
3.172706766917293066e+02
2.492769230769230830e+02
3.488671875000000000e+02
3.882125984251968589e+02
2.169918699186991944e+02
1.784067796610169410e+02
1.694347826086956559e+02
3.479391304347826122e+02
4.327053571428571672e+02
2.733153153153153312e+02
2.795181818181818016e+02
1.077663230240549836e+02
1.061028368794326298e+02
1.143800738007380033e+02
1.106704980842911823e+02
1.329444444444444571e+02
1.303497942386831312e+02
1.352264957264957275e+02
1.477092511013215983e+02
1.552590909090909008e+02
1.298215962441314559e+02
1.378985507246376869e+02
1.718899999999999864e+02
1.917010309278350633e+02
1.080582010582010639e+02
1.938196721311475414e+02
1.443988764044943878e+02
1.730229885057471222e+02
1.831058823529411654e+02
1.720122699386503200e+02
2.059875776397515494e+02
2.636089743589743648e+02
2.759419354838709637e+02
1.866357615894039839e+02
2.489459459459459367e+02
2.566714285714285779e+02
2.231205673758865373e+02
3.120888888888889028e+02
3.144924242424242493e+02
2.512713178294573595e+02
3.510158730158730123e+02
3.889039999999999964e+02
2.155245901639344197e+02
1.755762711864406640e+02
1.695526315789473699e+02
3.471403508771929864e+02
4.335495495495495675e+02
2.681284403669724838e+02
2.875700934579439263e+02
1.810666666666666629e+02
1.117490774907749085e+02
1.078735632183907995e+02
1.296175298804780880e+02
1.279465020576131735e+02
1.321404255319149001e+02
1.452324561403508767e+02
1.510180995475113264e+02
1.266542056074766407e+02
1.352125603864734273e+02
1.699550000000000125e+02
1.884896907216494810e+02
1.078930481283422438e+02
1.941318681318681456e+02
1.416271186440677923e+02
1.708265895953757365e+02
1.815416666666666572e+02
1.709876543209876445e+02
2.051194968553459148e+02
2.620903225806451360e+02
2.745686274509803866e+02
1.831266666666666652e+02
2.488767123287671268e+02
2.584532374100719494e+02
2.238057553956834624e+02
3.110223880597014841e+02
3.115801526717557408e+02
2.510077519379844944e+02
3.502400000000000091e+02
3.862903225806451815e+02
2.139173553719008396e+02
1.741965811965812065e+02
1.680877192982456165e+02
3.430350877192982466e+02
4.342363636363636488e+02
2.574128440366972654e+02
2.932666666666666515e+02
1.839417475728155296e+02
3.631346153846153584e+02
1.261713147410358573e+02
1.255144032921810719e+02
1.300555555555555429e+02
1.431585903083700373e+02
1.473936651583710500e+02
1.265420560747663501e+02
1.323285024154589280e+02
1.677549999999999955e+02
1.859430051813471607e+02
1.069411764705882320e+02
1.935604395604395620e+02
1.380282485875706300e+02
1.674219653179190743e+02
1.766331360946745690e+02
1.697950310559006084e+02
2.027341772151898738e+02
2.602532467532467422e+02
2.692810457516339966e+02
1.794228187919462982e+02
2.487430555555555429e+02
2.577985611510791273e+02
2.208345323741007178e+02
3.120303030303030027e+02
3.062824427480916256e+02
2.502403100775193820e+02
3.463199999999999932e+02
3.835365853658536821e+02
2.103636363636363740e+02
1.710512820512820440e+02
1.677345132743362797e+02
3.417699115044247833e+02
4.348256880733944740e+02
2.476203703703703809e+02
2.937142857142857224e+02
1.920679611650485299e+02
3.646699029126213532e+02
4.884100000000000250e+02
1.274914529914529879e+02
1.400572687224669721e+02
1.436425339366515743e+02
1.256338028169014081e+02
1.300679611650485299e+02
1.661658291457286509e+02
1.822849740932642533e+02
1.065591397849462396e+02
1.941160220994475196e+02
1.357386363636363740e+02
1.648197674418604777e+02
1.726568047337278244e+02
1.674099378881987548e+02
2.008301886792452819e+02
2.566558441558441359e+02
2.655657894736842195e+02
1.756013513513513544e+02
2.471258741258741338e+02
2.565611510791366641e+02
2.192681159420289987e+02
3.081363636363636260e+02
3.030307692307692378e+02
2.528267716535433181e+02
3.420240000000000009e+02
3.805655737704918238e+02
2.065619834710743703e+02
1.708695652173913118e+02
1.673482142857142776e+02
3.402767857142857224e+02
4.312201834862385113e+02
2.304351851851851904e+02
2.939904761904762154e+02
1.973592233009708821e+02
3.623980582524271767e+02
4.815199999999999818e+02
3.705773195876288924e+02
1.398009049773755521e+02
1.228130841121495394e+02
1.270145631067961176e+02
1.627750000000000057e+02
1.775876288659793829e+02
1.053978494623655848e+02
1.922032967032967008e+02
1.335340909090909065e+02
1.610697674418604777e+02
1.696369047619047592e+02
1.648944099378882129e+02
2.096603773584905639e+02
2.528311688311688386e+02
2.635133333333333212e+02
1.704662162162162247e+02
2.434545454545454675e+02
2.567608695652173765e+02
2.158550724637681242e+02
3.064198473282442592e+02
2.972692307692307736e+02
2.533888888888888857e+02
3.403387096774193310e+02
3.742868852459016580e+02
1.992231404958677672e+02
1.675826086956521692e+02
1.651071428571428612e+02
3.385585585585585591e+02
4.315648148148148380e+02
2.273584905660377444e+02
2.970961538461538680e+02
2.029509803921568505e+02
3.634215686274509949e+02
4.743399999999999750e+02
3.708144329896907152e+02
2.277500000000000000e+02
1.232125603864734273e+02
1.591940298507462614e+02
1.726564102564102541e+02
1.041827956989247355e+02
1.904560439560439420e+02
1.297359550561797619e+02
1.563872832369942216e+02
1.654761904761904816e+02
1.623416149068322909e+02
2.076226415094339757e+02
2.504313725490196134e+02
2.583733333333333348e+02
1.651891891891891930e+02
2.397342657342657333e+02
2.548043478260869676e+02
2.137299270072992670e+02
3.068721804511278037e+02
2.914923076923076906e+02
2.514126984126984041e+02
3.356532258064515872e+02
3.709421487603305536e+02
1.888583333333333201e+02
1.641565217391304259e+02
1.670181818181818301e+02
3.359545454545454390e+02
4.275648148148148380e+02
2.265142857142857054e+02
2.973173076923076792e+02
2.086039603960396107e+02
3.641287128712871208e+02
4.669900000000000091e+02
3.705876288659793545e+02
2.262395833333333428e+02
3.289680851063830005e+02
1.685999999999999943e+02
1.034594594594594525e+02
1.869453551912568230e+02
1.254519774011299376e+02
1.525028901734104068e+02
1.612261904761904816e+02
1.747116564417177926e+02
2.032874999999999943e+02
2.463333333333333428e+02
2.527199999999999989e+02
1.583469387755102105e+02
2.358741258741258662e+02
2.524202898550724683e+02
2.098248175182481816e+02
3.124885496183206328e+02
2.856076923076923322e+02
2.485714285714285836e+02
3.306774193548387188e+02
3.643553719008264693e+02
1.742521008403361407e+02
1.605999999999999943e+02
1.666727272727272862e+02
3.233999999999999773e+02
4.229444444444444571e+02
2.255673076923076792e+02
2.974038461538461320e+02
2.145699999999999932e+02
3.611287128712871208e+02
4.593600000000000136e+02
3.699381443298968861e+02
2.294468085106383057e+02
3.294838709677419502e+02
3.621777777777778056e+02
1.838633879781420717e+02
1.199090909090909065e+02
1.484797687861271811e+02
1.568809523809523796e+02
1.790061349693251600e+02
2.011446540880503164e+02
2.419869281045751563e+02
2.447218543046357695e+02
1.343851351351351298e+02
2.318531468531468533e+02
2.516861313868613195e+02
2.072058823529411882e+02
3.104809160305343312e+02
2.795846153846154039e+02
2.442857142857142776e+02
3.282113821138211165e+02
3.575619834710743703e+02
1.608305084745762770e+02
1.569478260869565247e+02
1.676238532110091626e+02
3.089636363636363399e+02
4.213551401869158894e+02
2.222884615384615472e+02
3.004077669902912362e+02
2.199797979797979792e+02
3.577821782178218086e+02
4.515899999999999750e+02
3.676288659793814304e+02
2.304301075268817272e+02
3.257419354838709751e+02
3.617222222222222285e+02
2.545000000000000000e+02
1.444450867052023000e+02
1.525238095238095184e+02
1.810552147239263832e+02
1.971572327044025030e+02
2.376993464052287663e+02
2.383178807947019777e+02
1.275714285714285694e+02
2.292746478873239369e+02
2.488102189781021991e+02
2.028750000000000000e+02
3.051212121212121247e+02
2.758682170542635390e+02
2.398015873015872899e+02
3.227642276422764098e+02
3.507107438016528818e+02
1.593504273504273385e+02
1.543596491228070136e+02
1.653545454545454447e+02
2.943027522935780098e+02
4.155887850467289582e+02
2.189230769230769340e+02
3.005145631067961176e+02
2.226464646464646364e+02
3.577799999999999727e+02
4.482323232323232105e+02
3.675104166666666856e+02
2.331956521739130324e+02
3.213440860215054045e+02
3.609666666666666401e+02
2.510227272727272805e+02
2.395647058823529392e+02
1.789509202453987768e+02
1.929308176100628884e+02
2.316363636363636260e+02
2.317615894039735167e+02
1.231632653061224545e+02
2.205379310344827672e+02
2.457153284671532845e+02
1.983750000000000000e+02
3.037633587786259568e+02
2.716562500000000000e+02
2.350873015873015959e+02
3.172032520325203109e+02
3.465500000000000114e+02
1.563333333333333428e+02
1.518495575221238880e+02
1.677222222222222285e+02
2.739814814814814667e+02
4.097570093457944154e+02
2.154519230769230660e+02
3.005631067961165286e+02
2.249191919191919169e+02
3.538199999999999932e+02
4.445102040816326507e+02
3.672315789473684049e+02
2.333369565217391255e+02
3.159462365591397770e+02
3.680227272727272521e+02
2.473522727272727195e+02
2.402705882352941273e+02
2.414941176470588289e+02
2.256774193548387188e+02
2.251523178807946977e+02
1.187687074829931930e+02
2.179930555555555429e+02
2.419781021897810263e+02
1.937352941176470722e+02
2.973636363636363740e+02
2.634186046511628092e+02
2.327920000000000016e+02
3.114715447154471804e+02
3.393750000000000000e+02
1.544482758620689538e+02
1.477964601769911610e+02
1.653119266055045955e+02
2.712429906542055846e+02
4.075377358490566166e+02
2.119326923076923208e+02
3.002912621359223522e+02
2.267777777777777715e+02
3.497699999999999818e+02
4.361734693877551194e+02
3.627473684210526130e+02
2.318043478260869676e+02
3.098172043010752645e+02
3.666136363636363740e+02
2.434431818181818130e+02
2.407294117647058727e+02
2.326941176470588175e+02
4.423209876543210157e+02
1.167671232876712395e+02
2.124137931034482847e+02
2.357518248175182407e+02
1.875474452554744573e+02
2.929318181818181870e+02
2.571550387596899441e+02
2.288240000000000123e+02
3.056260162601626007e+02
3.293553719008264693e+02
1.484576271186440692e+02
1.435132743362831889e+02
1.643944954128440372e+02
2.665514018691588944e+02
4.219252336448598157e+02
2.083365384615384528e+02
2.998543689320388239e+02
2.282424242424242493e+02
3.454800000000000182e+02
4.275306122448979522e+02
3.578210526315789366e+02
2.294239130434782510e+02
3.023655913978494709e+02
3.732558139534883708e+02
2.450000000000000000e+02
2.440000000000000000e+02
2.257500000000000000e+02
4.422345679012345840e+02
3.360714285714285552e+02
2.317697841726618719e+02
1.813260869565217490e+02
2.881893939393939377e+02
2.507364341085271349e+02
2.245840000000000032e+02
2.995609756097560989e+02
3.247666666666666515e+02
1.463247863247863165e+02
1.392300884955752167e+02
1.832844036697247816e+02
2.618224299065420837e+02
4.194672897196261943e+02
2.045384615384615472e+02
3.019607843137254690e+02
2.294545454545454675e+02
3.408700000000000045e+02
4.278541666666666856e+02
3.528421052631579187e+02
2.269347826086956559e+02
2.928817204301075208e+02
3.710813953488371908e+02
2.406744186046511516e+02
2.449761904761904816e+02
2.153571428571428612e+02
4.417283950617284063e+02
3.267738095238095184e+02
5.159493670886075734e+02
2.811654135338345668e+02
2.444186046511627808e+02
2.184523809523809632e+02
2.933658536585365937e+02
3.147107438016528818e+02
1.438547008547008659e+02
1.347256637168141538e+02
1.890545454545454618e+02
2.570467289719626365e+02
4.115185185185185333e+02
2.007692307692307736e+02
3.005686274509803866e+02
2.303636363636363740e+02
3.348999999999999773e+02
4.153608247422680506e+02
3.475473684210526244e+02
2.267912087912087884e+02
2.886086956521739353e+02
3.686046511627906739e+02
2.361511627906976685e+02
2.458095238095237960e+02
2.040119047619047592e+02
4.410617283950617207e+02
3.172142857142857224e+02
5.122405063291139413e+02
5.689375000000000000e+02
2.139920634920634939e+02
2.870081300813008056e+02
3.072231404958677672e+02
1.412051282051282044e+02
1.313482142857142776e+02
1.902636363636363512e+02
2.520747663551401843e+02
4.066203703703703809e+02
1.968365384615384528e+02
2.987745098039215463e+02
2.294545454545454675e+02
3.280799999999999841e+02
4.113437500000000000e+02
3.419473684210526585e+02
2.248021978021978100e+02
2.861956521739130608e+02
3.657906976744185954e+02
2.313488372093023315e+02
2.464523809523809632e+02
1.954337349397590344e+02
4.455749999999999886e+02
3.130843373493975719e+02
5.085949367088607573e+02
5.633999999999999773e+02
4.457894736842105203e+02
2.948373983739837172e+02
1.398793103448275872e+02
1.277876106194690209e+02
1.904000000000000057e+02
2.559074074074074190e+02
4.011666666666666856e+02
1.929615384615384528e+02
2.964901960784313815e+02
2.279696969696969688e+02
3.210899999999999750e+02
3.987628865979381203e+02
3.361052631578947398e+02
2.226703296703296644e+02
2.835760869565217490e+02
3.626744186046511800e+02
2.264767441860465169e+02
2.467261904761904816e+02
1.837108433734939865e+02
4.387530864197530605e+02
3.060602409638554491e+02
5.045189873417721742e+02
5.718846153846153584e+02
4.402105263157894797e+02
4.603289473684210407e+02
1.253539823008849510e+02
1.866428571428571388e+02
2.585963302752293771e+02
3.952314814814814667e+02
1.889711538461538396e+02
2.937058823529411598e+02
2.240800000000000125e+02
3.176868686868687064e+02
3.904123711340206455e+02
3.300315789473684163e+02
2.203406593406593288e+02
2.807826086956521863e+02
3.582790697674418539e+02
2.213953488372092977e+02
2.469285714285714164e+02
1.759878048780487916e+02
4.428000000000000114e+02
3.036341463414634063e+02
5.002278481012658062e+02
5.655128205128205536e+02
4.343552631578947398e+02
4.595000000000000000e+02
4.003513513513513544e+02
2.558807339449541303e+02
3.889444444444444571e+02
1.832190476190476147e+02
2.877572815533980588e+02
2.223199999999999932e+02
3.081499999999999773e+02
3.818350515463917532e+02
3.237894736842105203e+02
2.179230769230769340e+02
2.776956521739130608e+02
3.478735632183908137e+02
2.161744186046511516e+02
2.469285714285714164e+02
1.729512195121951095e+02
4.665802469135802539e+02
2.976219512195121979e+02
4.956202531645569707e+02
5.586794871794871824e+02
4.283289473684210407e+02
4.581315789473684390e+02
3.982297297297297405e+02
7.146164383561643945e+02
1.793619047619047535e+02
2.843398058252427063e+02
2.203199999999999932e+02
3.014800000000000182e+02
3.731237113402061709e+02
3.173263157894737105e+02
2.154395604395604380e+02
2.783296703296703072e+02
3.414252873563218600e+02
2.107209302325581461e+02
2.467380952380952408e+02
1.696951219512195053e+02
4.600731707317073074e+02
2.913414634146341200e+02
4.908607594936709120e+02
5.517051282051281760e+02
4.220131578947368212e+02
4.626666666666666856e+02
3.959054054054054177e+02
7.094109589041096342e+02
3.688591549295774712e+02
2.181299999999999955e+02
2.947500000000000000e+02
3.644742268041237025e+02
3.106210526315789480e+02
2.128131868131868032e+02
2.759780219780219568e+02
3.350000000000000000e+02
2.050465116279069662e+02
2.465476190476190368e+02
1.662195121951219505e+02
4.566097560975609895e+02
2.849146341463414842e+02
4.859113924050632818e+02
5.443333333333333712e+02
4.147105263157894797e+02
4.673378378378378102e+02
3.933648648648648418e+02
7.023424657534246762e+02
3.669718309859155170e+02
3.735652173913043725e+02
3.557525773195876013e+02
3.037578947368421041e+02
2.100329670329670364e+02
2.734395604395604664e+02
3.455568181818181870e+02
1.991744186046511516e+02
2.459404761904762040e+02
1.627682926829268411e+02
4.517682926829268126e+02
2.784146341463414842e+02
4.807088607594936889e+02
5.366923076923077360e+02
4.055394736842105203e+02
4.649729729729729684e+02
3.958904109589041127e+02
6.924520547945205635e+02
3.642394366197183331e+02
3.687536231884058111e+02
3.093382352941176237e+02
2.048369565217391255e+02
2.684945054945055176e+02
3.547159090909090651e+02
1.930465116279069662e+02
2.454523809523809632e+02
1.591829268292682968e+02
4.462804878048780211e+02
2.715487804878048905e+02
4.753797468354430293e+02
5.287564102564102768e+02
4.078961038961039094e+02
4.618783783783783861e+02
3.930136986301370143e+02
6.820000000000000000e+02
3.611690140845070687e+02
3.639130434782608745e+02
2.963823529411764639e+02
4.742727272727272521e+02
3.468539325842696712e+02
1.846551724137931103e+02
2.446904761904762040e+02
1.588148148148148096e+02
4.401951219512195053e+02
2.680370370370370097e+02
4.698354430379746987e+02
5.205769230769230944e+02
4.041818181818181870e+02
4.521733333333333462e+02
3.898356164383561691e+02
6.713013698630137469e+02
3.575070422535211492e+02
3.590000000000000000e+02
2.905074626865671803e+02
4.655970149253731165e+02
4.018030303030303116e+02
2.409294117647058897e+02
1.549146341463414558e+02
4.336585365853658800e+02
2.577560975609756042e+02
4.640886075949367182e+02
5.122435897435897232e+02
3.978051948051947875e+02
4.480400000000000205e+02
3.865890410958904226e+02
6.602602739726027039e+02
3.534225352112675864e+02
3.539275362318840621e+02
2.800149253731343038e+02
4.705909090909090651e+02
3.982727272727272521e+02
2.663650793650793389e+02
4.267926829268292863e+02
2.505731707317073074e+02
4.581772151898734364e+02
5.029230769230769056e+02
3.854230769230769056e+02
4.433600000000000136e+02
3.830000000000000000e+02
6.491369863013699160e+02
3.490281690140844830e+02
3.487681159420289987e+02
2.687611940298507420e+02
4.679848484848484986e+02
3.946212121212121247e+02
2.682380952380952408e+02
5.739375000000000000e+02
4.521772151898734364e+02
4.915512820512820440e+02
3.834415584415584135e+02
4.381866666666666674e+02
3.742702702702702595e+02
6.377260273972602818e+02
3.442112676056337932e+02
3.435942028985507477e+02
2.559552238805970035e+02
4.578208955223880707e+02
3.909848484848484986e+02
2.700158730158730123e+02
5.723593750000000000e+02
6.620937500000000000e+02
3.767792207792207932e+02
4.328533333333333530e+02
3.706351351351351582e+02
6.262602739726027039e+02
3.391408450704225288e+02
3.382753623188405641e+02
2.404776119402985159e+02
4.608181818181818130e+02
3.872575757575757507e+02
2.715714285714285552e+02
5.706875000000000000e+02
6.530156250000000000e+02
4.584062500000000000e+02
3.668648648648648418e+02
6.146027397260273801e+02
3.338732394366197127e+02
3.329420289855072497e+02
2.134848484848484986e+02
4.496417910447761415e+02
3.836060606060606233e+02
2.730000000000000000e+02
5.687187500000000000e+02
6.537936507936508406e+02
4.453281250000000000e+02
3.805573770491803316e+02
3.281267605633802873e+02
3.274492753623188150e+02
2.113030303030303116e+02
4.448208955223880707e+02
3.799393939393939377e+02
2.743174603174603021e+02
5.665000000000000000e+02
6.339843750000000000e+02
4.320000000000000000e+02
3.736065573770491710e+02
6.987457627118643586e+02
2.088787878787878753e+02
4.330882352941176237e+02
3.763333333333333144e+02
2.753809523809524080e+02
5.627031250000000000e+02
6.241250000000000000e+02
4.184531250000000000e+02
3.664262295081967409e+02
6.998644067796610670e+02
7.674032258064515872e+02
3.728333333333333144e+02
2.763174603174603021e+02
5.565781250000000000e+02
6.109531250000000000e+02
4.045468750000000000e+02
3.590491803278688394e+02
6.894166666666666288e+02
7.504838709677419502e+02
4.804576271186440408e+02
5.503437500000000000e+02
5.979375000000000000e+02
3.997777777777777715e+02
3.512295081967213264e+02
7.159836065573770156e+02
7.332903225806451246e+02
4.725762711864406924e+02
3.987857142857142776e+02
3.887142857142857224e+02
3.432786885245901658e+02
7.344590163934426528e+02
7.295409836065573472e+02
4.647627118644067536e+02
3.922857142857142776e+02
2.681071428571428328e+02
7.361967213114753577e+02
7.144754098360655235e+02
4.564915254237288309e+02
3.855357142857142776e+02
2.661428571428571672e+02
7.139090909090908781e+02
4.485254237288135641e+02
3.786071428571428328e+02
2.639642857142857224e+02
7.048909090909090764e+02
2.544363636363636374e+02
2.611785714285714448e+02
6.950909090909091219e+02
2.408035714285714164e+02
3.953018867924528195e+02
2.315178571428571388e+02
3.707777777777777715e+02
4.893962264150943611e+02
4.865283018867924625e+02
5.489622641509433834e+02
6.095098039215686185e+02
