1.589417280231677054e+01
2.047443503383590979e+01
2.593814843951172122e+01
3.190900938514722185e+01
3.819755039578804201e+01
4.470077717106179449e+01
5.135619315346447422e+01
5.812149117400842613e+01
6.496672249424665324e+01
7.186817558415971519e+01
8.924438020260589610e+01
1.066052615726140544e+02
1.237496814466190642e+02
1.405069796759810572e+02
1.567253230339582046e+02
1.722916423909248067e+02
2.011224840006737509e+02
2.267906548874227894e+02
2.496304501447740449e+02
2.706474072107066604e+02
2.911110780642893587e+02
3.123409489311496259e+02
3.354875442198170390e+02
3.612681146882586063e+02
3.899781726150235954e+02
4.215039868993854952e+02
4.554250281068586901e+02
4.911393199704016865e+02
5.280236968545914351e+02
5.654495797257840195e+02
6.028257880567133498e+02
6.759553863978521804e+02
7.452546276596718826e+02
8.101298962196312914e+02
8.711623541803305670e+02
9.302529351444933354e+02
9.892829284861793440e+02
1.048769811611389514e+03
1.108650336018911275e+03
1.168702658777523993e+03
1.228674222423388983e+03
1.288371447609426241e+03
1.347551830937912882e+03
1.406046250490777311e+03
1.463605743535391639e+03
1.519951751314199100e+03
1.574940436068914096e+03
1.628362258124493110e+03
1.680318893536829592e+03
1.730963617651847926e+03
1.780182047400561487e+03
1.827965068700313168e+03
1.874676024545949076e+03
1.919919483242067599e+03
1.963916130871549285e+03
2.006944619797886617e+03
2.048657961292538857e+03
2.088976030726281351e+03
2.128454121042952465e+03
2.166975193451558880e+03
2.204754918622887999e+03
2.240942205792562163e+03
2.276631828384240180e+03
2.311645685039627551e+03
2.345483818109857111e+03
2.378060634733098595e+03
2.410415846497152415e+03
2.441774113701634178e+03
2.471801442297699396e+03
2.501450636269159531e+03
2.530574073729698284e+03
2.372540971369607732e+01
2.883548779311162491e+01
3.450414973979394517e+01
4.052627878185259647e+01
4.678793194040240166e+01
5.321965194066923743e+01
5.977476676351625429e+01
6.641956162784950379e+01
7.312769692511645303e+01
9.004148443740950825e+01
1.069577274082400749e+02
1.236643094350838510e+02
1.399956917767348727e+02
1.557925019996820595e+02
1.709638190439694085e+02
1.990983095742179785e+02
2.242222987636997402e+02
2.468022873849189693e+02
2.677756276951744212e+02
2.884248459302214656e+02
3.100037265966756763e+02
3.335529712928597519e+02
3.597010294527077576e+02
3.886753533419342830e+02
4.203259917976575935e+02
4.542319635052948001e+02
4.898347461048624609e+02
5.265090483113579012e+02
5.636547818137505601e+02
6.007850429371528662e+02
6.735366629977933144e+02
7.428338445564520498e+02
8.082927678825088833e+02
8.706366776739773741e+02
9.314625821285403617e+02
9.920137513402996774e+02
1.052782531358429196e+03
1.113730529440259261e+03
1.174726858605066354e+03
1.235558517816211634e+03
1.296129699409032355e+03
1.356079086187351550e+03
1.415401371958610298e+03
1.473680336962498586e+03
1.530833611124079198e+03
1.586491109392759427e+03
1.640660061004376757e+03
1.693320995269799369e+03
1.744475711297378666e+03
1.794274993457679102e+03
1.842662664153440574e+03
1.889731022517351448e+03
1.935507967344902227e+03
1.979926715668882252e+03
2.022954895181164375e+03
2.065090577303449209e+03
2.105736870963220099e+03
2.145568369548485862e+03
2.184020996862563152e+03
2.221850329435152162e+03
2.258386436567854616e+03
2.294488557340332591e+03
2.328886670596269141e+03
2.362820183894976253e+03
2.395795893680523932e+03
2.428383920899263103e+03
2.459472348958362090e+03
2.489942279679848980e+03
2.519764144731143006e+03
2.548323284684324790e+03
3.260880709122771748e+01
3.797531964556328177e+01
4.372834735502485159e+01
4.974617811866259842e+01
5.595278835375761162e+01
6.229709169745755304e+01
6.874185472929451635e+01
7.525869867662991908e+01
9.171911971261826579e+01
1.082042056801843017e+02
1.244966444845812532e+02
1.404218082558588492e+02
1.558333220938076522e+02
1.706317899682117343e+02
1.981269728293192713e+02
2.228015092573059519e+02
2.451408654387238926e+02
2.661448999669266300e+02
2.870202609746046960e+02
3.089449565679270790e+02
3.328696151511308585e+02
3.593689161639970280e+02
3.885950689608355333e+02
4.203737390939156171e+02
4.542896653280481587e+02
4.897814495791586182e+02
5.262822710971305469e+02
5.632022080378773126e+02
6.001088665441623107e+02
6.725623356397654788e+02
7.419090978382266712e+02
8.078970429289896629e+02
8.713343743613463630e+02
9.334777803652990542e+02
9.952709343058784270e+02
1.057132860426024763e+03
1.119045563223014369e+03
1.180970540872502397e+03
1.242644424046041649e+03
1.303960708298109921e+03
1.364808496150625160e+03
1.424797076406287943e+03
1.483831722119197366e+03
1.541763831031934387e+03
1.598087562046899620e+03
1.652992313766986172e+03
1.706203798404124882e+03
1.758000323145889524e+03
1.808261686244750763e+03
1.857153040755183838e+03
1.904691056945153377e+03
1.950753409060248032e+03
1.995534574518248974e+03
2.039026168211002641e+03
2.081477417984910062e+03
2.122580084298631846e+03
2.162237850805901871e+03
2.201403316141928372e+03
2.238994366137711950e+03
2.275755833296764195e+03
2.311566388005988301e+03
2.346688121419566869e+03
2.380480669007985853e+03
2.413446085412150751e+03
2.446159825420419111e+03
2.476980609387932873e+03
2.508070607283820209e+03
2.537383010066665520e+03
2.566473770224399232e+03
4.195181689501870181e+01
4.744787487550854621e+01
5.323061055824027221e+01
5.921948463477337299e+01
6.535949010348844013e+01
7.161096453097705705e+01
7.794709352855161910e+01
9.396449552919322912e+01
1.100381522682286430e+02
1.259355223313341270e+02
1.414768200051474878e+02
1.565291011129125422e+02
1.709924617829864815e+02
1.979131109940876740e+02
2.221788790262421287e+02
2.443564509485215126e+02
2.654066040518249565e+02
2.864888786460106758e+02
3.087544583180777522e+02
3.330560979901252949e+02
3.598758459796894158e+02
3.893309419381527050e+02
4.212340765049654010e+02
4.551514382381060386e+02
4.905362929448971840e+02
5.268617699494226372e+02
5.636128992176719521e+02
6.003175505550449316e+02
6.725018899428521308e+02
7.419440061455808291e+02
8.084837286923979036e+02
8.728447393693509184e+02
9.360905415993956922e+02
9.989561774412338764e+02
1.061799971750050418e+03
1.124653553194988262e+03
1.187354352398087030e+03
1.249904605446334699e+03
1.311996867570119093e+03
1.373564534416360857e+03
1.434303170902895545e+03
1.494092839704270318e+03
1.552655160407145559e+03
1.609740020304116570e+03
1.665373531342464958e+03
1.719247362726961228e+03
1.771531001336504914e+03
1.822381799227377087e+03
1.871849768264377872e+03
1.919679270766430363e+03
1.966135707573021818e+03
2.011411798693744458e+03
2.055308582004019627e+03
2.097836856667681786e+03
2.139000800432749656e+03
2.179152599356528299e+03
2.218149139413012563e+03
2.256109649439321856e+03
2.293048767680364108e+03
2.328975690845935333e+03
2.363897446775973549e+03
2.398248682309396827e+03
2.431494116871976985e+03
2.463802911489041435e+03
2.494699473156622844e+03
2.525228110384807223e+03
2.555056719193878052e+03
2.583940693321291747e+03
5.152670513001964991e+01
5.708649520865014892e+01
6.286783698389736230e+01
6.881310000346236677e+01
7.488308669780019500e+01
8.103292933317815994e+01
9.663685707421211646e+01
1.123155784302522022e+02
1.278393438134601467e+02
1.430259526590791381e+02
1.577362071698046861e+02
1.718819407487875139e+02
1.982878355057367514e+02
2.222109213340636700e+02
2.442527821501209360e+02
2.653713046182592734e+02
2.866843388295039290e+02
3.092715434995652686e+02
3.339061704156751489e+02
3.610178015897631667e+02
3.906817624402306706e+02
4.226758123486939667e+02
4.565740906592492365e+02
4.918864550361902275e+02
5.280510793915304930e+02
5.646169150675494848e+02
6.011823241013920551e+02
6.731832849453896870e+02
7.427476621023645293e+02
8.097632763412868826e+02
8.749451514882135825e+02
9.391807439672986675e+02
1.003002644874137331e+03
1.066744271199699597e+03
1.130432833708910039e+03
1.193972553420559279e+03
1.257271493042603652e+03
1.320155115113910597e+03
1.382418347104535769e+03
1.443925003670179649e+03
1.504452236828843979e+03
1.563693437097755350e+03
1.621512455629427450e+03
1.677592396410329229e+03
1.732154113000355210e+03
1.785061539604605059e+03
1.836501048830886248e+03
1.886295404696085598e+03
1.934642114200029027e+03
1.981545411618312073e+03
2.027009866287063232e+03
2.071276478441059680e+03
2.114166663974215680e+03
2.155474779009414306e+03
2.195777203384099266e+03
2.234994958392129774e+03
2.273151382212318367e+03
2.310263753344499037e+03
2.346420844781535379e+03
2.381438328268412079e+03
2.415441257112951916e+03
2.449006580417899386e+03
2.481344620500741257e+03
2.512332920090859261e+03
2.542924457213565802e+03
2.573218399008505003e+03
2.602063385687224127e+03
6.123084764458104701e+01
6.681612448444190022e+01
7.257921596152446853e+01
7.846536688356377454e+01
8.444971567441669436e+01
9.965519322986030204e+01
1.149614924143947547e+02
1.301285596760254180e+02
1.449820373799322510e+02
1.593825938624857201e+02
1.732350740148093848e+02
1.991677977415451153e+02
2.227880686585523620e+02
2.447264735048399302e+02
2.659288359295428563e+02
2.874700330186494739e+02
3.103611124234629983e+02
3.353066788337397952e+02
3.626832893558416799e+02
3.925279738809118157e+02
4.245921769971175763e+02
4.584646240819932359e+02
4.936735610028786141e+02
5.297218769103809564e+02
5.661210549237741816e+02
6.025415859152448093e+02
6.743979544350422657e+02
7.441144606191724051e+02
8.116416134250403047e+02
8.775687137753283196e+02
9.426378735715314860e+02
1.007361132174070349e+03
1.071954350988478836e+03
1.136462627116919293e+03
1.200753912388599019e+03
1.264770811813353930e+03
1.328343491325239938e+03
1.391360445104699465e+03
1.453518525147521814e+03
1.514790437229661620e+03
1.574649418771190540e+03
1.633199587509878484e+03
1.689982882915931896e+03
1.745116175172828434e+03
1.798585966934564567e+03
1.850424308457412963e+03
1.900747552556672190e+03
1.949574982113816986e+03
1.996918536540725881e+03
2.042856003828715529e+03
2.087173674178813599e+03
2.130446748546681647e+03
2.172009720930199364e+03
2.212562740103516717e+03
2.252178527958852101e+03
2.290117966015009642e+03
2.327472441184756008e+03
2.363736448875228234e+03
2.398572722269021142e+03
2.432994072254759885e+03
2.466137409159184244e+03
2.498799595929341194e+03
2.529870248146602535e+03
2.560778960633869247e+03
2.590208167351866905e+03
2.619191900195720336e+03
7.101746268651906746e+01
7.659859528372442128e+01
8.232038724051099621e+01
8.814469587709591281e+01
1.029703814380718256e+02
1.179233485142527087e+02
1.327532504777384474e+02
1.472939190029040333e+02
1.613997579378989826e+02
1.749980183186768272e+02
2.004877801022726658e+02
2.238645867201792043e+02
2.457157835203039440e+02
2.670015167629538269e+02
2.887641182106114570e+02
3.119391992133713529e+02
3.371681755326491725e+02
3.647750404352026976e+02
3.947617227506798372e+02
4.268786394666366846e+02
4.607399465170116741e+02
4.958581165355943767e+02
5.317599296735942289e+02
5.680390023138481865e+02
6.043521543858710174e+02
6.761177803438943101e+02
7.459805335212504360e+02
8.139656944610321716e+02
8.805775434155307266e+02
9.464674451108683115e+02
1.011993525567462825e+03
1.077386196647889392e+03
1.142617650700900867e+03
1.207683635021225655e+03
1.272390663787571157e+03
1.336711561770532398e+03
1.400382066651882724e+03
1.463275987218100454e+03
1.525170443766570770e+03
1.585755000301912332e+03
1.644902163695768422e+03
1.702379981865281707e+03
1.758117501552655085e+03
1.812102429859598942e+03
1.864502833776100033e+03
1.915408228065289677e+03
1.964473145232880597e+03
2.012203767129509743e+03
2.058310203775366062e+03
2.103051017788708123e+03
2.146629177372163213e+03
2.188640854222383496e+03
2.229053153050871970e+03
2.268711632314358212e+03
2.307007941832616780e+03
2.344685026273600670e+03
2.380583506666377161e+03
2.415958778733153849e+03
2.450349961971431185e+03
2.483391864979661932e+03
2.516172184305889914e+03
2.547482693530136658e+03
2.578210112006840973e+03
2.608105931053749373e+03
2.637234614433274146e+03
8.084949779540504267e+01
8.641292045381604225e+01
9.208440032278498677e+01
1.065516548423545373e+02
1.211678324439025261e+02
1.356843651825367942e+02
1.499263438291683315e+02
1.637600406641857944e+02
1.771107909948798635e+02
2.022165536629226494e+02
2.253509635450032249e+02
2.471548329890638058e+02
2.685477468614681129e+02
2.905174214417124290e+02
3.139421581353720967e+02
3.394271743819600715e+02
3.672366982412918901e+02
3.973480832960361795e+02
4.295181445562019462e+02
4.633412870878841545e+02
4.983827686052772492e+02
5.341612385126927620e+02
5.703095542771129658e+02
6.065063533928529296e+02
6.782082091653130647e+02
7.482823452207542232e+02
8.166918299901682303e+02
8.839743496406940721e+02
9.505567988299626450e+02
1.016869033784051908e+03
1.082957691793229969e+03
1.148933474656134649e+03
1.214681177501106504e+03
1.280120147765382399e+03
1.345085882174067365e+03
1.409474783000396883e+03
1.472981677690192100e+03
1.535528646431301240e+03
1.596761248563703703e+03
1.656613694177739490e+03
1.714666687366395536e+03
1.771012292775401875e+03
1.825599626900504518e+03
1.878624313803491759e+03
1.929742505261403721e+03
1.979332587114866328e+03
2.027343177453270982e+03
2.074078834210435616e+03
2.118871627642810381e+03
2.162618201740069708e+03
2.204665871686843730e+03
2.245790993231116772e+03
2.285333256073170560e+03
2.323819977901095626e+03
2.361504526543752945e+03
2.397795054338909722e+03
2.432888092637917453e+03
2.467260449941868501e+03
2.500584296632403039e+03
2.533458871881339292e+03
2.565015343106842010e+03
2.595176674850192285e+03
2.624966666410734433e+03
2.654045284767610610e+03
9.071995726914435920e+01
9.624692438137630290e+01
1.103737291118666093e+02
1.246710428080745743e+02
1.388918199141413652e+02
1.528594576015484847e+02
1.664440648013974453e+02
1.795643575053842085e+02
2.043048570587731660e+02
2.272466968647544263e+02
2.490084831708112745e+02
2.704833296506872671e+02
2.926524069835678574e+02
3.163245630778789064e+02
3.420338073407036745e+02
3.700198601961372447e+02
4.002462507606888380e+02
4.324449417044352799e+02
4.662244658879739632e+02
5.011701263124365937e+02
5.368597959600243712e+02
5.728873120852183547e+02
6.090184045299855597e+02
6.806508176102472589e+02
7.509252583322557939e+02
8.197749478489427020e+02
8.876476711969971802e+02
9.549461595797483824e+02
1.021915611985108399e+03
1.088736539652823240e+03
1.155395466430947863e+03
1.221867009285395852e+03
1.287949187258010170e+03
1.353629238010306835e+03
1.418623408057962024e+03
1.482734248489624861e+03
1.545906052237437962e+03
1.607907922903216786e+03
1.668327950135827450e+03
1.727023888281639074e+03
1.783891068994291118e+03
1.839072210856336824e+03
1.892410539662582551e+03
1.944097628339564835e+03
1.994149184359238006e+03
2.042581804453693621e+03
2.089406975586854060e+03
2.134664055651867329e+03
2.178482554851264467e+03
2.221004199298307867e+03
2.262049297068884698e+03
2.301886100258860097e+03
2.340552876214846492e+03
2.378078386630405021e+03
2.414663193976647563e+03
2.450227952873892718e+03
2.484275897982289280e+03
2.517684689765994335e+03
2.550647227192891478e+03
2.582007991125707576e+03
2.612643260590689351e+03
2.642536347877357912e+03
2.671616914207304944e+03
1.006153595022004481e+02
1.144192204010914367e+02
1.284175503147173174e+02
1.423563176921716149e+02
1.560605367670461021e+02
1.694104845815208193e+02
1.823237747312324188e+02
2.067385753681636231e+02
2.294996004343950915e+02
2.512299916188653128e+02
2.728021184336621445e+02
2.951522920566665675e+02
3.190333171969550676e+02
3.449441350580907510e+02
3.730858586279539963e+02
4.033941382718614932e+02
4.356023000505356322e+02
4.693559064090954394e+02
5.042081751852284697e+02
5.397855753046136442e+02
5.757369405120800820e+02
6.117818876800348562e+02
6.834050196356508877e+02
7.538889943958070035e+02
8.231810036903849550e+02
8.915926879228160260e+02
9.595280590308177580e+02
1.027202702430304953e+03
1.094684329328131980e+03
1.162052493851866075e+03
1.229093610564915480e+03
1.295868329373578263e+03
1.362150886376902235e+03
1.427743730391962572e+03
1.492632816697001999e+03
1.556378736902633364e+03
1.618939497052819661e+03
1.680038999995413178e+03
1.739402356537646483e+03
1.796945127649417373e+03
1.852517087283710225e+03
1.906432725212196374e+03
1.958411347310699284e+03
2.008919128627133887e+03
2.057675927153019074e+03
2.104768951647237373e+03
2.150594442100488777e+03
2.194482813940544474e+03
2.237384311473453636e+03
2.278721216272498168e+03
2.318560196481525509e+03
2.357205519758155788e+03
2.394886467649831047e+03
2.431430165139338897e+03
2.466857909121334615e+03
2.501730990141083112e+03
2.534753530488961587e+03
2.567711514736855861e+03
2.598802014099718690e+03
2.629922821936625496e+03
2.659343873204400552e+03
2.688666343958200741e+03
1.254258528023165127e+02
1.387416836791947219e+02
1.520488185919034549e+02
1.651728020893453390e+02
1.779927636205958947e+02
1.904387248158909074e+02
2.141507641648885851e+02
2.365256306063828617e+02
2.581960881787019275e+02
2.799925647294328996e+02
3.027237109682963592e+02
3.270460531179779764e+02
3.533526044626703424e+02
3.817790876012982153e+02
4.122235507382545734e+02
4.444202073763323142e+02
4.780420597824182778e+02
5.127189721547185854e+02
5.480660421750170599e+02
5.838427778889433739e+02
6.197432000312335276e+02
6.914502401071582653e+02
7.624660460477342667e+02
8.327278210790950652e+02
9.024799236876320947e+02
9.718463597765203303e+02
1.041054172148993530e+03
1.110138666673311945e+03
1.179051239189359649e+03
1.247682565870095004e+03
1.315961349059707572e+03
1.383750449902790251e+03
1.450964233619851711e+03
1.517294301531666406e+03
1.582569055108257771e+03
1.646651378379709968e+03
1.709266145190762018e+03
1.770059514060985748e+03
1.828887266174043816e+03
1.885892933034212774e+03
1.940937577731190686e+03
1.994206691309419966e+03
2.045615203188332771e+03
2.095117728635955245e+03
2.143329515293722125e+03
2.189395340432222383e+03
2.234074933790456726e+03
2.277292876526719283e+03
2.319180868978321996e+03
2.359439088423800058e+03
2.398479933939497641e+03
2.436642667047638497e+03
2.473168187525293888e+03
2.509130053850294189e+03
2.543729416131849121e+03
2.576937253038476229e+03
2.609622055616501257e+03
2.641146298795033545e+03
2.671930381893881076e+03
2.702337687936594193e+03
2.731262617560500530e+03
1.502984067828118384e+02
1.630563177397729930e+02
1.756752972411858593e+02
1.880408477775152392e+02
2.000892312267946238e+02
2.232088473644973305e+02
2.452749466058954795e+02
2.668927445952451762e+02
2.888453011625509816e+02
3.118578802397581740e+02
3.364917764234853621e+02
3.630656543990163527e+02
3.916615260097406122e+02
4.221572712834241088e+02
4.543183794798431450e+02
4.878038923319119249e+02
5.222988882675920195e+02
5.574932966405438037e+02
5.931209556158668192e+02
6.289724861761445709e+02
7.008230839006963606e+02
7.723840876753095017e+02
8.435762573430267821e+02
9.144809679503184725e+02
9.851783238604746202e+02
1.055764540593510901e+03
1.126253825866118405e+03
1.196573157239347665e+03
1.266679289666983550e+03
1.336434134172445738e+03
1.405665835140570152e+03
1.474285070070908660e+03
1.542051742326733347e+03
1.608783585178198564e+03
1.674339238326076838e+03
1.738215931438909138e+03
1.800472670333969745e+03
1.860703194004027409e+03
1.919044252829083689e+03
1.975170155489263379e+03
2.029410416209402911e+03
2.081752413183704903e+03
2.132215272009326327e+03
2.181107123282447901e+03
2.228153381202005221e+03
2.273207354972962094e+03
2.316838849219668646e+03
2.359001424107973435e+03
2.399779270026140239e+03
2.439234323169091113e+03
2.477527695262727775e+03
2.514438443444392306e+03
2.550104889178236590e+03
2.585197342699979799e+03
2.618911133467720902e+03
2.651173570505086900e+03
2.682904305196533642e+03
2.714181168258852722e+03
2.744023204128839097e+03
2.773258155668029758e+03
1.752072447080047084e+02
1.873848031445260176e+02
1.993536165525931096e+02
2.110600745786890400e+02
2.336534652789631537e+02
2.554284457638186723e+02
2.769834293785299906e+02
2.990286983518367379e+02
3.222276980919349967e+02
3.470614266741779375e+02
3.737950880351774003e+02
4.024710293366949827e+02
4.329570607203166333e+02
4.650305107567714344e+02
4.984014379911337755e+02
5.327376389499208926e+02
5.678178265550559445e+02
6.033424072688305841e+02
6.391899984219624002e+02
7.112443960378806196e+02
7.833860201572824735e+02
8.554465271234518013e+02
9.274014637103102814e+02
9.993087608344616228e+02
1.071151638412092780e+03
1.142929912006202358e+03
1.214559219525540357e+03
1.286034871094492928e+03
1.357085801721363623e+03
1.427697239758272190e+03
1.497579111455522252e+03
1.566730830839908322e+03
1.634814138550016651e+03
1.701696317270544114e+03
1.767147524930336658e+03
1.830578180410765981e+03
1.892308220935385179e+03
1.951582972420929764e+03
2.009094001814852618e+03
2.064255642151357733e+03
2.117473530929432854e+03
2.168905552839919437e+03
2.218503393315128960e+03
2.265961698273830734e+03
2.311853975058389551e+03
2.356176593060583400e+03
2.398588366570750622e+03
2.439602144832787417e+03
2.479630564100237734e+03
2.517754264824772235e+03
2.555207199159602624e+03
2.590856977303491931e+03
2.626086972421986957e+03
2.659456695314417630e+03
2.692199477836858932e+03
2.724275863834841402e+03
2.754887242438071098e+03
2.785066875508074645e+03
2.813979136459141955e+03
2.001384790331608770e+02
2.117557813853946698e+02
2.231512380826841309e+02
2.452696352458766000e+02
2.667616981214986254e+02
2.882108929419990773e+02
3.102831502974116802e+02
3.335787980126386287e+02
3.585211795229463405e+02
3.853283812341276757e+02
4.140167975864737855e+02
4.444673981762734911e+02
4.764413357828561857e+02
5.096791575831877594e+02
5.439082088587133512e+02
5.788757993831698059e+02
6.143662580019018833e+02
6.502077400324664040e+02
7.225404785398502554e+02
7.952322059113266732e+02
8.680811135754577208e+02
9.410154580762617798e+02
1.014010749298605333e+03
1.087004186947189282e+03
1.160010910307894619e+03
1.232859928388741764e+03
1.305557967841366462e+03
1.377904696860190143e+03
1.449715720681900166e+03
1.521001993694812199e+03
1.591336305360933238e+03
1.660710378310494434e+03
1.728881659052421583e+03
1.795610915216374451e+03
1.860497050828193323e+03
1.923275589734247660e+03
1.984010700023186928e+03
2.042290081623236802e+03
2.098662768401032736e+03
2.152788426603592598e+03
2.204925297014559419e+03
2.255268991377305611e+03
2.303407388389997323e+03
2.350053537687944754e+03
2.394780182445148967e+03
2.437554905310577851e+03
2.478898077186919181e+03
2.518916524655680860e+03
2.557552015486705386e+03
2.594859488350329684e+03
2.631380756295697211e+03
2.665937473179546032e+03
2.700255467966309425e+03
2.732658944913808227e+03
2.764838016980057091e+03
2.795381724247219154e+03
2.825670318134224544e+03
2.854580581403232827e+03
2.250850314120752387e+02
2.361943025749629612e+02
2.578562383331234287e+02
2.790610585887855564e+02
3.003654463734364413e+02
3.224024638664715212e+02
3.457169404964566297e+02
3.706903921223233169e+02
3.975029091523988996e+02
4.261529283951871321e+02
4.565229824558355176e+02
4.884024485785118941e+02
5.215139812311859941e+02
5.556545486712780075e+02
5.905344193238348680e+02
6.260165735944117387e+02
6.619096790566849222e+02
7.345044843552328757e+02
8.077259349436480989e+02
8.813276569491065402e+02
9.551432866984007433e+02
1.029138200353480215e+03
1.103255684691281431e+03
1.177393941212558275e+03
1.251408015799622717e+03
1.325235967342859112e+03
1.398722900551242674e+03
1.471861901433467210e+03
1.544250947856685798e+03
1.615809173858250006e+03
1.686407937328873231e+03
1.755804093168976351e+03
1.823626920688368955e+03
1.889724344489371333e+03
1.953873286522524495e+03
2.015694290921765969e+03
2.075332124720765933e+03
2.132535544070062315e+03
2.187528656718509410e+03
2.240737866769667562e+03
2.291436531728466434e+03
2.340334943313784606e+03
2.387390970778181327e+03
2.432637048614377363e+03
2.475998784856097700e+03
2.517659858335480749e+03
2.558107906494736199e+03
2.596806795071554916e+03
2.634643706659619056e+03
2.670940422227820818e+03
2.705697487625820031e+03
2.739792887824206446e+03
2.772559847163885479e+03
2.804493224000418195e+03
2.835894349460744706e+03
2.865837417111406012e+03
2.895129108926300887e+03
2.500422381741029199e+02
2.712608579985476922e+02
2.921562370772841177e+02
3.132745675715729021e+02
3.352158135175183133e+02
3.584852552121653844e+02
3.834257129639677260e+02
4.101897249369794167e+02
4.387757223160116382e+02
4.690488953179379905e+02
5.008107192460365127e+02
5.338300894281992441e+02
5.678701704241361767e+02
6.027135364722903432e+02
6.381728955552330262e+02
6.741318975018618858e+02
7.469951173184981599e+02
8.207437355599663533e+02
8.950418658390553901e+02
9.697069445547601845e+02
1.044629453025089106e+03
1.119732039040696691e+03
1.194884644504834796e+03
1.270019742899524772e+03
1.344998025703128633e+03
1.419610913845808682e+03
1.493825124484694243e+03
1.567320004496905312e+03
1.640087349764129158e+03
1.711885741275369128e+03
1.782269369206644569e+03
1.851349229392354800e+03
1.918652092442258436e+03
1.984069795742753968e+03
2.046949656151320141e+03
2.107557804504425803e+03
2.165817659667191947e+03
2.221766320782158800e+03
2.275732257263850443e+03
2.327404015106505085e+03
2.376725802922743242e+03
2.424249888037064920e+03
2.469900257617321131e+03
2.513738503741862587e+03
2.555882334751883718e+03
2.596575862771879656e+03
2.635618352483988019e+03
2.673171987245189484e+03
2.709958088510667949e+03
2.745210696090947749e+03
2.778905610390338552e+03
2.811910811762044887e+03
2.844292043205416121e+03
2.875244316364519364e+03
2.905423608535037602e+03
2.934095941790276811e+03
2.999778695101402946e+02
3.201828345110475311e+02
3.408071134623816647e+02
3.624027771058009648e+02
3.854206856956259344e+02
4.101462356501197064e+02
4.367026396752376627e+02
4.650639212669523772e+02
4.951065408978239475e+02
5.266478360301000521e+02
5.594755002591733728e+02
5.933760836367291631e+02
6.281521790330485828e+02
6.636668500764898226e+02
6.997443710784976929e+02
7.731914038452835030e+02
8.479086148624076031e+02
9.234801115888215008e+02
9.996639301989509931e+02
1.076249903573349911e+03
1.153141461325492173e+03
1.230180557089783179e+03
1.307274514116261798e+03
1.384229099874892427e+03
1.460855306606910972e+03
1.537182581588645007e+03
1.612741589737637241e+03
1.687591930894893949e+03
1.761494722366419410e+03
1.834256005175755035e+03
1.905435297277437257e+03
1.974954094204634657e+03
2.042596824896920225e+03
2.107658458654565948e+03
2.170488354342503953e+03
2.230628559449754448e+03
2.288405919795630325e+03
2.343882649446682990e+03
2.396862972617365813e+03
2.447843961351882172e+03
2.496605832930477391e+03
2.543024519951038201e+03
2.587645108015486585e+03
2.630474788542605893e+03
2.671587120926877105e+03
2.711096198709976306e+03
2.749533731945773525e+03
2.785896282932961185e+03
2.821755794100169624e+03
2.855664264842831471e+03
2.889078438364103931e+03
2.920898825098818179e+03
2.952286744608635672e+03
2.982214439798886360e+03
3.011480719372478688e+03
3.499319266406834004e+02
3.699061312355601103e+02
3.909855356264765192e+02
4.135822087523260393e+02
4.379511552588855920e+02
4.641852271286490463e+02
4.922527208692370664e+02
5.220325894317319353e+02
5.533477501017073337e+02
5.859984248641809472e+02
6.197840981667010283e+02
6.545506115926207258e+02
6.901052550637550667e+02
7.263050088774537016e+02
8.003095404310416825e+02
8.758741549466043352e+02
9.525578345083074510e+02
1.030044215546268788e+03
1.108130514317912002e+03
1.186603139728605584e+03
1.265339581638672371e+03
1.344171795676369129e+03
1.422864703169034783e+03
1.501378263331539074e+03
1.579383318759075337e+03
1.656947267905347644e+03
1.733747873336167231e+03
1.809435435072637119e+03
1.884100450578894424e+03
1.957327980516795833e+03
2.029049946839350014e+03
2.098603448089871563e+03
2.165998498322223895e+03
2.230841255627682131e+03
2.293002695979159398e+03
2.352771894119005992e+03
2.409809015179178459e+03
2.464123908545391714e+03
2.516227596727945638e+03
2.566080135689919189e+03
2.613757303475497338e+03
2.659333181956492808e+03
2.703024251994420410e+03
2.744687118690265379e+03
2.784543457012889121e+03
2.823355919093556622e+03
2.860441493138016995e+03
2.895830752441939694e+03
2.930335898066728078e+03
2.964021452937164213e+03
2.996259629297885112e+03
3.027552972213456087e+03
3.057341506220020619e+03
3.087214709307498197e+03
3.998973608169830527e+02
4.203164890924300607e+02
4.423652991258268230e+02
4.662669844733943592e+02
4.921023740841808944e+02
5.198285048147120051e+02
5.493195397685711896e+02
5.804010806424387283e+02
6.128785149401719536e+02
6.465859936511633350e+02
6.813183190566335270e+02
7.169111684398341140e+02
7.532679548867649828e+02
8.277787790570477000e+02
9.041104113540933440e+02
9.817787271861058116e+02
1.060400901840444703e+03
1.139750664208169837e+03
1.219611731166739901e+03
1.299815750759496950e+03
1.380145610678016283e+03
1.460396226846343097e+03
1.540588849396505339e+03
1.620240753593973750e+03
1.699437479986059770e+03
1.777946659316220121e+03
1.855595744369162958e+03
1.931943567489462112e+03
2.007050826377842441e+03
2.080630434149175926e+03
2.152086581119323455e+03
2.221617012513846475e+03
2.288459613696187262e+03
2.352661477989326613e+03
2.414161168651655771e+03
2.472781265886200345e+03
2.528920031777659005e+03
2.582494372437316997e+03
2.633355011274430581e+03
2.682065265054816791e+03
2.728568000547287284e+03
2.772911399154620085e+03
2.815222075055857204e+03
2.856061486135999985e+03
2.894645139775875577e+03
2.932385259563550790e+03
2.968095666070867992e+03
3.003012465303670979e+03
3.036331730562013945e+03
3.069014944184845262e+03
3.100147379634742720e+03
3.130521435513255710e+03
3.160131345458924443e+03
4.498737424521654589e+02
4.712636417658359278e+02
4.946201263032247653e+02
5.199995185147304255e+02
5.473464004846333637e+02
5.765277814647565719e+02
6.073667170328643579e+02
6.396924948427987374e+02
6.732938220166214478e+02
7.079875261184843112e+02
7.436494460366303656e+02
7.801208829994900498e+02
8.550531055583669513e+02
9.320509663086995715e+02
1.010564932622892456e+03
1.090228394406307189e+03
1.170716406467183106e+03
1.251825355816041338e+03
1.333327324771638359e+03
1.414989288885508358e+03
1.496698910545317176e+03
1.578180850373602425e+03
1.659464897318011481e+03
1.740215585629055113e+03
1.820177479422877695e+03
1.899380048414482189e+03
1.977469559741669855e+03
2.054391411162645454e+03
2.129573548160545215e+03
2.203036142886942343e+03
2.274409960208706252e+03
2.343340999374250714e+03
2.409734566366971649e+03
2.473078625339157497e+03
2.533308678843838607e+03
2.590907365747866152e+03
2.645840111170512955e+03
2.698197344899391283e+03
2.748073291574418818e+03
2.795693229252554374e+03
2.840868578151972088e+03
2.883764232433333291e+03
2.925179585690439126e+03
2.964575955068949042e+03
3.002062029316201006e+03
3.038406483857919739e+03
3.073689624232551978e+03
3.107462450633044682e+03
3.140096792241484309e+03
3.171199570971115008e+03
3.202178065556156980e+03
3.231506619619739013e+03
4.998490519202777591e+02
5.225968451284240928e+02
5.474765963160236879e+02
5.744167965033925611e+02
6.032733976987009328e+02
6.338807392901553612e+02
6.660288178334277518e+02
6.995198461726533878e+02
7.342026065668587762e+02
7.699009077093814994e+02
8.064913733605867492e+02
8.818150823114855257e+02
9.594024153894451956e+02
1.038656523222925898e+03
1.119184756612864931e+03
1.200673373994899521e+03
1.282864461272308972e+03
1.365498924087379237e+03
1.448343380081984833e+03
1.531382556353084965e+03
1.614156116094236268e+03
1.696725780866080640e+03
1.778871851391719474e+03
1.860427812554726188e+03
1.940986420013928637e+03
2.020671924860886293e+03
2.099151270694163941e+03
2.175944083829816464e+03
2.251254551551704481e+03
2.324360963552575413e+03
2.395282507948472812e+03
2.463532204793777964e+03
2.528814553756788882e+03
2.591118809677820536e+03
2.650499289382386451e+03
2.706786222851293132e+03
2.760485754937644742e+03
2.811566852332246526e+03
2.860113548480106147e+03
2.906229487984828211e+03
2.950344448099396686e+03
2.991838772664661974e+03
3.032016566983327721e+03
3.069984378206738256e+03
3.106797449934328142e+03
3.141932356648074347e+03
3.176188530619364428e+03
3.208771593857849439e+03
3.240465858160156586e+03
3.271288010568147001e+03
3.301285756365924044e+03
5.498314626429087184e+02
5.741830335944034687e+02
6.007006465325525824e+02
6.292368730823286569e+02
6.595933308662874879e+02
6.915627533702731853e+02
7.249689559741555058e+02
7.596182193128930749e+02
7.953603333006626599e+02
8.320131161818451346e+02
9.076709570969155720e+02
9.857634374339462511e+02
1.065709187207360173e+03
1.147034328713455125e+03
1.229423005652425218e+03
1.312559871956981624e+03
1.396220288615552818e+03
1.480167905149583930e+03
1.564209737592374950e+03
1.648308269975549592e+03
1.732088221812819711e+03
1.815422043526005382e+03
1.898250420335675472e+03
1.980277424122929460e+03
2.061446497350122627e+03
2.141283611223380376e+03
2.219786980691991630e+03
2.296653285828199387e+03
2.371589526883575218e+03
2.444518720507620856e+03
2.514731307731315610e+03
2.581869874435681595e+03
2.646078523858102471e+03
2.707102368135165307e+03
2.765186767780849550e+03
2.820374353233356032e+03
2.872864519452449713e+03
2.922539198621059313e+03
2.969549778762990172e+03
3.014580428113036760e+03
3.057109652642885521e+03
3.097341223216442813e+03
3.136049861634164699e+03
3.173366882333407375e+03
3.209033110969291101e+03
3.243320071322918920e+03
3.275999838047119283e+03
3.308311588010451942e+03
3.338962127032742501e+03
3.368705422457812347e+03
5.998168435667072345e+02
6.259132048255344216e+02
6.541211486563493054e+02
6.842318802398763182e+02
7.160471861144075092e+02
7.493573949415917923e+02
7.839849817312161804e+02
8.197309410377799850e+02
8.564931990762868281e+02
9.324524236841388074e+02
1.010994270024892103e+03
1.091509144571514298e+03
1.173539103702674311e+03
1.256712758720169631e+03
1.340706420300895616e+03
1.425241653822075705e+03
1.510243250400554643e+03
1.595288620716609330e+03
1.680382666268371395e+03
1.765318917856974167e+03
1.849926588752897032e+03
1.933855801028844780e+03
2.017237764231736719e+03
2.099693277095816939e+03
2.180887729609924463e+03
2.260982417030219949e+03
2.339313181880803768e+03
2.415973033413716166e+03
2.490513017886302805e+03
2.562652760978981860e+03
2.631990357302179291e+03
2.698257685324231716e+03
2.761081895042002543e+03
2.820880872602224827e+03
2.877620119985021120e+03
2.931394856787154822e+03
2.982324902420727994e+03
3.030806429283053603e+03
3.076340320584386973e+03
3.119930873769683785e+03
3.160911846636201517e+03
3.200236198246575896e+03
3.237666792680307026e+03
3.273900560920848875e+03
3.308275300265896021e+03
3.341576425625614320e+03
3.373853098714154385e+03
3.405137097861993425e+03
3.434854462187994613e+03
6.498044157076012652e+02
6.776985898091825220e+02
7.075885899222927264e+02
7.392517851047166459e+02
7.724834412044967848e+02
8.070675691924470812e+02
8.428636114364633158e+02
8.796730605954626299e+02
9.558959672841715474e+02
1.034873849026384960e+03
1.115932525771903784e+03
1.198602607711433393e+03
1.282453963326227949e+03
1.367245691300925500e+03
1.452598250074303905e+03
1.538386734342809177e+03
1.624496676060115988e+03
1.710521470996078278e+03
1.796428285554180093e+03
1.882077935363293136e+03
1.967222634666157319e+03
2.051795234220762268e+03
2.135417880689479261e+03
2.218053139078376716e+03
2.299454372742154192e+03
2.379374606997062074e+03
2.457761679429862397e+03
2.534004923296552079e+03
2.607842135726567903e+03
2.679122788580865290e+03
2.747378665211233965e+03
2.812373525367778711e+03
2.874020309423632170e+03
2.932534644501201001e+03
2.987809294149530160e+03
3.039987455426592533e+03
3.089721063629775017e+03
3.136573414530741047e+03
3.180676366164034789e+03
3.222650752442522389e+03
3.262705568354104344e+03
3.300820054936189081e+03
3.337218117389389590e+03
3.371848578071817428e+03
3.405807683367766003e+03
3.438040835539056388e+03
3.469198106723431010e+03
3.499494259958898056e+03
6.997938328819932394e+02
7.294808300570055053e+02
7.610162235373927615e+02
7.941674648861089736e+02
8.287520089354793527e+02
8.645596741850412172e+02
9.014659300961460531e+02
9.779417908665346886e+02
1.057285267458868475e+03
1.138834851392467954e+03
1.222071640266892018e+03
1.306575285713706307e+03
1.392000650678940701e+03
1.478191651025004830e+03
1.564760417676719044e+03
1.651636228860907750e+03
1.738619294829321461e+03
1.825527509837084835e+03
1.912076810783080418e+03
1.998353295291176892e+03
2.083979115074725541e+03
2.168733171014918298e+03
2.252722266624992699e+03
2.335350563068587689e+03
2.416747991054859540e+03
2.496512198363764128e+03
2.574436249202250565e+03
2.650161183791374697e+03
2.723437567018900154e+03
2.793684682885108487e+03
2.860751967072864318e+03
2.924343959629205528e+03
2.984564376246030406e+03
3.041483352317860408e+03
3.095448045176428423e+03
3.146116831212990292e+03
3.194320502499841496e+03
3.239554691307191661e+03
3.282468983449702137e+03
3.323008085287902759e+03
3.361858029350592005e+03
3.398544027970766365e+03
3.433870488701013528e+03
3.467944514455161880e+03
3.500802944038886380e+03
3.532054016107697862e+03
3.562973431658903792e+03
7.497845964276009454e+02
7.812121456671571877e+02
8.143236788560759578e+02
8.488959830295120810e+02
8.847615985272443595e+02
9.217241411108414013e+02
9.984678001465373427e+02
1.078183775413533795e+03
1.160191404648288426e+03
1.243921411399757289e+03
1.329046710000395706e+03
1.415083650601647605e+03
1.501897336485277265e+03
1.589312069212980077e+03
1.676902615508189228e+03
1.764674550741074199e+03
1.852434796722454394e+03
1.939968660447794264e+03
2.027192566717651289e+03
2.113816672655683760e+03
2.199763871279983050e+03
2.284835875636191304e+03
2.368823526548086193e+03
2.451686267136367405e+03
2.532902432960639544e+03
2.612293136198743468e+03
2.689711300682576166e+03
2.764794506242469652e+03
2.837157129481436641e+03
2.906371947058993101e+03
2.972146132162179583e+03
3.034290086329368023e+03
3.092881275289780206e+03
3.148505772048141353e+03
3.200813357869612901e+03
3.249968237783972199e+03
3.296514266857918301e+03
3.340547201248066358e+03
3.382082941057726657e+03
3.421342228047430126e+03
3.458508328348689247e+03
3.494586741660890766e+03
3.528781072974439667e+03
3.561663689984971825e+03
3.593509811771079512e+03
3.624316316022493993e+03
7.997765276838835007e+02
8.328632065552667427e+02
8.674650461752407864e+02
9.033740664203999131e+02
9.404396421228947247e+02
1.017432161182579762e+03
1.097502159172842312e+03
1.179932726879631446e+03
1.264166866139760032e+03
1.349761804561776444e+03
1.436460883826456211e+03
1.523891761651655543e+03
1.611898463273712196e+03
1.700278008748941375e+03
1.788829394080995826e+03
1.877323761050738540e+03
1.965792146854768362e+03
2.053868597705956290e+03
2.141422056708031050e+03
2.228502867089498068e+03
2.314588354520513349e+03
2.399818210540139717e+03
2.483842124905003402e+03
2.566501964476979992e+03
2.647483522410516343e+03
2.726602907598740785e+03
2.803420262694146913e+03
2.877727636799657375e+03
2.949046623759820250e+03
3.016914086824935112e+03
3.081119193423432080e+03
3.141875430804743701e+03
3.198934516867946513e+03
3.252949957193396131e+03
3.303612345427621676e+03
3.351429795069490410e+03
3.396430634917844145e+03
3.439060340155155245e+03
3.478939477500419798e+03
3.516969074045361140e+03
3.553373393694815604e+03
3.588235261514005288e+03
3.621359628219913702e+03
3.653880545895825435e+03
3.684625415097406403e+03
8.497694053049556260e+02
8.844133891881635918e+02
9.204064927556520388e+02
9.575721784605837001e+02
1.034844138915009125e+03
1.115265349663083043e+03
1.198080317950599238e+03
1.282806811073316112e+03
1.368877302495342747e+03
1.456078273686924604e+03
1.544180254313525438e+03
1.632744357936931010e+03
1.721760108654954365e+03
1.811007999803397752e+03
1.900289150968082367e+03
1.989499999934252173e+03
2.078423473345545062e+03
2.166946474470559224e+03
2.254908242881876504e+03
2.342132164863039634e+03
2.428582190988094226e+03
2.513818266570433480e+03
2.597725305286412095e+03
2.680152988771011678e+03
2.760823253800513612e+03
2.839430024508631504e+03
2.915644519672739079e+03
2.989085947121122899e+03
3.059162910883489531e+03
3.125465501274029521e+03
3.188332113444814240e+03
3.247422309945821326e+03
3.302894424554293892e+03
3.355220348528065642e+03
3.404510372809822002e+03
3.450887725037514883e+03
3.494360057312944718e+03
3.535112393138986135e+03
3.574104359334955916e+03
3.610869538001803903e+03
3.645958307872557725e+03
3.679735936260321068e+03
3.712259759555439814e+03
3.743669038621804248e+03
8.997631139278998944e+02
9.358544931480089417e+02
9.731376534681819521e+02
1.050701083863520125e+03
1.131467968957309949e+03
1.214690987906755254e+03
1.299794507860370004e+03
1.386393735419284667e+03
1.474099512759212757e+03
1.562668543648563173e+03
1.651877713532424877e+03
1.741503615182977228e+03
1.831350881234814096e+03
1.921396523389454842e+03
2.011289560209426099e+03
2.100965167960052895e+03
2.190421108384011859e+03
2.279203657225786628e+03
2.367450669185844163e+03
2.454859503184906771e+03
2.541309644884320733e+03
2.626532094770530421e+03
2.710377943646908534e+03
2.792525706823858854e+03
2.872783884841465806e+03
2.950781366204560982e+03
3.026132094816761310e+03
3.098388598326002011e+03
3.167175948344087828e+03
3.231990777110789168e+03
3.293208235044798130e+03
3.350632156801715610e+03
3.404632154715760407e+03
3.455346142057215275e+03
3.503165598341897294e+03
3.547727401378419472e+03
3.589723465818021850e+03
3.629397169143515384e+03
3.666976490785462374e+03
3.702519662303442601e+03
3.737061364721866994e+03
3.769659403731958264e+03
3.801643693848039220e+03
9.497574840872724735e+02
9.871808055477558810e+02
1.065059555961019669e+03
1.146167472576260707e+03
1.229808070864980436e+03
1.315304194797341097e+03
1.402327441309516416e+03
1.490574190830491716e+03
1.579591084803206058e+03
1.669315857700114066e+03
1.759513541366920435e+03
1.849985510226282258e+03
1.940606485710751485e+03
2.031216563885049709e+03
2.121660448381818242e+03
2.211821206240692845e+03
2.301537674418719689e+03
2.390777485788628383e+03
2.479173835747855264e+03
2.566660554237179895e+03
2.653083598379676005e+03
2.738233594065061880e+03
2.821867185739782144e+03
2.903729370708695569e+03
2.983514850806142476e+03
3.060765156060626850e+03
3.135040120430866409e+03
3.206197525535539171e+03
3.273421154613072758e+03
3.336630991424412059e+03
3.396142885540481529e+03
3.452040825151480021e+03
3.504538423081804012e+03
3.553593744399392563e+03
3.599478944226684234e+03
3.642855707945341237e+03
3.683321942947510252e+03
3.721453054065189008e+03
3.757796730508912333e+03
3.792526873233949118e+03
3.825860364619830307e+03
3.857976389496206139e+03
9.997523803584047073e+02
1.077965046586689823e+03
1.159441784088524173e+03
1.243422206590643782e+03
1.329363488574562780e+03
1.416816870346311362e+03
1.505449201719827670e+03
1.594997814174346331e+03
1.685209351887456023e+03
1.775899893151437027e+03
1.866995202504733470e+03
1.958158333953581177e+03
2.049366674172557396e+03
2.140571410335904147e+03
2.231382157909396028e+03
2.321924575541133891e+03
2.411938485072432741e+03
2.501331504904458598e+03
2.589876405899427482e+03
2.677455254421089194e+03
2.763829305312418001e+03
2.848830652964622004e+03
2.932171510951760411e+03
3.013550760218797222e+03
3.092621178509292804e+03
3.169074684871144655e+03
3.242299718515246695e+03
3.311980327313570797e+03
3.377592130753449055e+03
3.439245352066516716e+03
3.497080356919932456e+03
3.551433668904076512e+03
3.602020978654245027e+03
3.649507104372839876e+03
3.694071348167275573e+03
3.735740596767725492e+03
3.774698280262708067e+03
3.812004560763185509e+03
3.847017949782913092e+03
3.881036501992585727e+03
3.913467569645606545e+03
1.099743550111401419e+03
1.181967393717292680e+03
1.266717241875450782e+03
1.353431704329650529e+03
1.441682704986837052e+03
1.531144255533153682e+03
1.621526150037273510e+03
1.712625128324960770e+03
1.804326368917273157e+03
1.896300462386947856e+03
1.988542403864598327e+03
2.080966942946527979e+03
2.173233644426972205e+03
2.265451500917522026e+03
2.357396522665016619e+03
2.448994644106069245e+03
2.540055453896546624e+03
2.630490609789626433e+03
2.720112548491263624e+03
2.808788189729489204e+03
2.896295059496907925e+03
2.982400226304744592e+03
3.066835217772450051e+03
3.149352871253625835e+03
3.229525064530462259e+03
3.307061216776232413e+03
3.381385089467588841e+03
3.451956596613808870e+03
3.518396608072452182e+03
3.580819022187615701e+03
3.638926876826034004e+03
3.693321893438494044e+03
3.744202341915206489e+03
3.791610527396826001e+03
3.835743273068381313e+03
3.877293632754065584e+03
3.915783497734624689e+03
3.952612789398434415e+03
3.987387279978353490e+03
4.020791364347871422e+03
1.199736251776954759e+03
1.285246582954518772e+03
1.372706243419926977e+03
1.461702094409902202e+03
1.551895488547624836e+03
1.643037087399208303e+03
1.734975348214988571e+03
1.827382505379564464e+03
1.920246422026048549e+03
2.013456026376645241e+03
2.106707463909805938e+03
2.200088140695487709e+03
2.293402177264646525e+03
2.386587434159046097e+03
2.479482946930798335e+03
2.572021871463563912e+03
2.664056270150392265e+03
2.755482929463568325e+03
2.846132590528562105e+03
2.935827737186082231e+03
3.024365429032648535e+03
3.111549876733957717e+03
3.197091001426431376e+03
3.280728202398162011e+03
3.362069436644447251e+03
3.440676397787474798e+03
3.516093792933924306e+03
3.587828379509496699e+03
3.654999710151555064e+03
3.717911643823876148e+03
3.776682902855289285e+03
3.831329065496923249e+03
3.882144283736361103e+03
3.929711521296869250e+03
3.973594901327536263e+03
4.014831264900749375e+03
4.053085545107797316e+03
4.089347991358050422e+03
4.123947648216424568e+03
1.299730050317053156e+03
1.387909503673640984e+03
1.477592114884234434e+03
1.568467017231887667e+03
1.660335438615488101e+03
1.752867474775708388e+03
1.846020407443548265e+03
1.939667807325469312e+03
2.033526554312383951e+03
2.127660565828214658e+03
2.221894573496393605e+03
2.316169087714657508e+03
2.410347916313466158e+03
2.504376666233744345e+03
2.598137443786333279e+03
2.691549481881726024e+03
2.784485259071098426e+03
2.876811886312788374e+03
2.968378907371685727e+03
3.059036399253195668e+03
3.148593283898275331e+03
3.236832570020972526e+03
3.323485934992376315e+03
3.408210577824232132e+03
3.490684615143624342e+03
3.570559756537339126e+03
3.646975982516486056e+03
3.719612455895695803e+03
3.787866950475776321e+03
3.851436590106688527e+03
3.910580756095587276e+03
3.965738051040088067e+03
4.016614429978643784e+03
4.064159485701728954e+03
4.107990884126158562e+03
4.148827818152460168e+03
4.186961849324243303e+03
4.222949857196239464e+03
1.399724741706093027e+03
1.490058051559024534e+03
1.581595277839750452e+03
1.673995008671045525e+03
1.767171535065148419e+03
1.860980574195874397e+03
1.955153593745556464e+03
2.049722017917960329e+03
2.144527909451814139e+03
2.239506872930332975e+03
2.334540446339514347e+03
2.429579939913643102e+03
2.524529316963693418e+03
2.619322055621019899e+03
2.713861219599255037e+03
2.808047911154177200e+03
2.901771207708913153e+03
2.994922336903694486e+03
3.087371213408669973e+03
3.178956420594752672e+03
3.269492145097017328e+03
3.358725157960116121e+03
3.446433553623622174e+03
3.532376796165824999e+03
3.615880240018183031e+03
3.696763587126550192e+03
3.774463806782722713e+03
3.848113514401747125e+03
3.917212815996678273e+03
3.981714071164244160e+03
4.041312429149073068e+03
4.096816262904620999e+03
4.147925437066200175e+03
4.195380849691038748e+03
4.239311634870648049e+03
4.279968592115559659e+03
4.317810418358541028e+03
1.499748762858581813e+03
1.591795204125895225e+03
1.684778357667566979e+03
1.778530242351016113e+03
1.872785087951795049e+03
1.967546564025127509e+03
2.062658992495788425e+03
2.158051633818404298e+03
2.253619118522094141e+03
2.349310347706140419e+03
2.445043388849315761e+03
2.540760524136187087e+03
2.636385425856839902e+03
2.731842337615677934e+03
2.827048769431089568e+03
2.921926113101598276e+03
3.016385830476604497e+03
3.110312123059353326e+03
3.203580272558610886e+03
3.296009261071106266e+03
3.387454366059218046e+03
3.477761148983406656e+03
3.566404662296813513e+03
3.653306536317590144e+03
3.738063368670034833e+03
3.820004975752288374e+03
3.898760265993122175e+03
3.973677368632843354e+03
4.043662760805829294e+03
4.108947924480413349e+03
4.169153704974698485e+03
4.224945912789304202e+03
4.276462629857439424e+03
4.323995757171402147e+03
4.367847628182601511e+03
4.408586967651453051e+03
1.599716104803719645e+03
1.693230331364382437e+03
1.787384923183695491e+03
1.882148590913026965e+03
1.977369300245734848e+03
2.072959449427493382e+03
2.168823171154808733e+03
2.264902795040858109e+03
2.361124823015116817e+03
2.457434046148919151e+03
2.553767531641053210e+03
2.650063741289626250e+03
2.746259349536710943e+03
2.842295181880251221e+03
2.938109844365002573e+03
3.033620799503495618e+03
3.128745946939367968e+03
3.223357802537972930e+03
3.317367672760822188e+03
3.410687148290440746e+03
3.502908679768577713e+03
3.594033292480112323e+03
3.683783559008886186e+03
3.771644421602771217e+03
3.857426785450835268e+03
3.940642515228434604e+03
4.020436232844748702e+03
4.096465179464643370e+03
4.167466806248389730e+03
4.233479004792447085e+03
4.294472416891488137e+03
4.350689579326102830e+03
4.402440031172853196e+03
4.450289938369898664e+03
4.493975217521789091e+03
1.699712562111732950e+03
1.794328691961127333e+03
1.889500668534544275e+03
1.985129493022568568e+03
2.081112854148635506e+03
2.177389688534278321e+03
2.273888099569588121e+03
2.370553070990144079e+03
2.467327814815823785e+03
2.564159011385675512e+03
2.660994304916782312e+03
2.757786927993266545e+03
2.854491410106772491e+03
2.951047047226387804e+03
3.047399199515694818e+03
3.143457996937419011e+03
3.239171233421765464e+03
3.334496450677904249e+03
3.429112663883852747e+03
3.523078749946651442e+03
3.616211984709789249e+03
3.708123918023511578e+03
3.798749571713128717e+03
3.887741394632038464e+03
3.974493953570563917e+03
4.058817232676410640e+03
4.139723867957393850e+03
4.216780444211531176e+03
4.288965061158751269e+03
4.355818943558031606e+03
4.417440123078787110e+03
4.474291624360237620e+03
4.526212804432531811e+03
4.574038771369038841e+03
1.799709406699661258e+03
1.895246353703998238e+03
1.991221278594083742e+03
2.087555123596494468e+03
2.184177367153400610e+03
2.281029859267182474e+03
2.378058010022553390e+03
2.475212523136036452e+03
2.572446156888571750e+03
2.669718557243728355e+03
2.766993772841819009e+03
2.864223534839188233e+03
2.961370043990031718e+03
3.058368279687228551e+03
3.155185941913950501e+03
3.251812420272084182e+03
3.347984309996197226e+03
3.443798128042719782e+03
3.539136739947309707e+03
3.633706272864686980e+03
3.727522047224271319e+03
3.820351539152247824e+03
3.911781290055747377e+03
4.001733822620976753e+03
4.089481603990526764e+03
4.174798174345392908e+03
4.256935393396557629e+03
4.335092665965651577e+03
4.408304000446005375e+03
4.476178884398301307e+03
4.538385116389585164e+03
4.595594051018368191e+03
4.648143448115522006e+03
1.899706581021403508e+03
1.995991185964186116e+03
2.092624600418731461e+03
2.189543629418089949e+03
2.286692679251148547e+03
2.384022573891685624e+03
2.481488735810003163e+03
2.579052683563745632e+03
2.676682291477073704e+03
2.774337970358669736e+03
2.871989373496079224e+03
2.969588050488523095e+03
3.067111859150717464e+03
3.164568627217714493e+03
3.261734071546336509e+03
3.358724112412795876e+03
3.455463694385643066e+03
3.551722274812404976e+03
3.647565329989502970e+03
3.742839297580235325e+03
3.837269779757240940e+03
3.930858900417750192e+03
4.023077099384060602e+03
4.113853090570981294e+03
4.202676665200366187e+03
4.289019027648360861e+03
4.372219418132885039e+03
4.451589085473887280e+03
4.525787813114486198e+03
4.594460038355793586e+03
4.657613843474131500e+03
4.715278069082543880e+03
1.999704029302812614e+03
2.096599518609194092e+03
2.193773403972639244e+03
2.291174407598639846e+03
2.388757432622600390e+03
2.486483756322274985e+03
2.584322066979296324e+03
2.682236537787845464e+03
2.780202102243979880e+03
2.878178236420490066e+03
2.976148138948933592e+03
3.074130179904172564e+03
3.171923743819719675e+03
3.269656362498536510e+03
3.367275136571803159e+03
3.464591076031158991e+03
3.561696181968102337e+03
3.658485753634991852e+03
3.754778333585008568e+03
3.850622992632137993e+03
3.945628020048630333e+03
4.039830010726564979e+03
4.132895170493489786e+03
4.224498916457316227e+03
4.314225550808456319e+03
4.401649481591115546e+03
4.485848274558013145e+03
4.566224495320944698e+03
4.641677178947777065e+03
4.711236170285452317e+03
4.775050133468713284e+03
2.099701695240984463e+03
2.197097206199794527e+03
2.294714574935277597e+03
2.392513102228001117e+03
2.490459800658684344e+03
2.588521174774424708e+03
2.686672305034317105e+03
2.784880197651515573e+03
2.883126744469560435e+03
2.981437411387209067e+03
3.079626392648293404e+03
3.177825059212984343e+03
3.275994634645728183e+03
3.373970891860101347e+03
3.471857494997481353e+03
3.569577999768728205e+03
3.667009831443383518e+03
3.764223993065784271e+03
3.860915995485878739e+03
3.957187309984682997e+03
4.052819927175415614e+03
4.147629497145868299e+03
4.241375246445804805e+03
4.333823466894025842e+03
4.424373136723980679e+03
4.512686827283198909e+03
4.598042862830093327e+03
4.679479894548209813e+03
4.755967168452689293e+03
4.826495017095332514e+03
2.199699609874253838e+03
2.297505010286390643e+03
2.395489433009740878e+03
2.493619955568503428e+03
2.591870377036768332e+03
2.690210917941677508e+03
2.788623908431772634e+03
2.887135308351246749e+03
2.985570166323729609e+03
3.084060541233974618e+03
3.182573699861096429e+03
3.280964167002510749e+03
3.379336449553631610e+03
3.477630474742426941e+03
3.575760615832357871e+03
3.673804700476262042e+03
3.771510170956800721e+03
3.869012649270212023e+03
3.966162528776581894e+03
4.062858871690702927e+03
4.158970400694426644e+03
4.254386686034745253e+03
4.348730642645336047e+03
4.441851150787109873e+03
4.533308132224421570e+03
4.622532666242012965e+03
4.708864978590498140e+03
4.791366742975133093e+03
4.868951516230223206e+03
2.299697716213127933e+03
2.397841710074311777e+03
2.496130787688706278e+03
2.594537195256151335e+03
2.693040488496779744e+03
2.791669037818768174e+03
2.890252374608672653e+03
2.988922274541773731e+03
3.087647758218380659e+03
3.186298420794504182e+03
3.284974179564075712e+03
3.383624199733624664e+03
3.482186650420698243e+03
3.580738525989322170e+03
3.679058180081591672e+03
3.777296812915979899e+03
3.875343235455027752e+03
3.973141721651135413e+03
4.070621265497793956e+03
4.167739054405123170e+03
4.264256957311650694e+03
4.360134308781411164e+03
4.455120226607021323e+03
4.548913957283371928e+03
4.641131247715066820e+03
4.731219902930839453e+03
4.818532904339967899e+03
4.902089356927803237e+03
2.399695953004183139e+03
2.498120433600512115e+03
2.596662411422292280e+03
2.695350208664883212e+03
2.794016859949682839e+03
2.892792654602573748e+03
2.991645561653672303e+03
3.090458909683552520e+03
3.189323201206461817e+03
3.288195084315867462e+03
3.387028250802876755e+03
3.485894786044696957e+03
3.584591974012703758e+03
3.683277935699401496e+03
3.781861976624665658e+03
3.880312517239141016e+03
3.978589800606160225e+03
4.076682506527880832e+03
4.174434250904303553e+03
4.271856200180485757e+03
4.368808662156276114e+03
4.465142533302318952e+03
4.560656239461434780e+03
4.655056841394134608e+03
4.748003087895917815e+03
4.838928503685616306e+03
4.927159954916921379e+03
2.499694348536608686e+03
2.598400780013621898e+03
2.697105768462176002e+03
2.795937462829823744e+03
2.894860846810945077e+03
2.993773545760969682e+03
3.092753108809604782e+03
3.191761951396813856e+03
3.290764070236670250e+03
3.389828543804038418e+03
3.488760654563547178e+03
3.587722807570550685e+03
3.686636093737559349e+03
3.785480716957651566e+03
3.884233321773851458e+03
3.982896405267788396e+03
4.081358743869719547e+03
4.179655192792116395e+03
4.277701711192212315e+03
4.375425282016373785e+03
4.472725795787931929e+03
4.569456059762438599e+03
4.665456634768126605e+03
4.760432290806234050e+03
4.854030629496255642e+03
4.945724075520794941e+03
2.599692836202139915e+03
2.698545336919589772e+03
2.797499367665356203e+03
2.896469307805880817e+03
2.995515457394965779e+03
3.094606317857289469e+03
3.193713195897413243e+03
3.292899877974867195e+03
3.391979949675935586e+03
3.491114864007460710e+03
3.590233261865953864e+03
3.689321196556994437e+03
3.788364024315119877e+03
3.887369656044691510e+03
3.986253934615852813e+03
4.085057908477022011e+03
4.183728754892103098e+03
4.282226693275039906e+03
4.380503089979817560e+03
4.478483069088740194e+03
4.576097225690340565e+03
4.673197298145928471e+03
4.769615450850673369e+03
4.865105254186497405e+03
4.959330682208306825e+03
2.699708414409776196e+03
2.798706561045120907e+03
2.897786023350736286e+03
2.996921919026375235e+03
3.096090828357444479e+03
3.195352260703209595e+03
3.294523403936022078e+03
3.393766274334062473e+03
3.493013386086480750e+03
3.592254259185086994e+03
3.691478041790362113e+03
3.790694241343819158e+03
3.889836388735520813e+03
3.988943981836283456e+03
4.087981415863782786e+03
4.186929860715279574e+03
4.285756138249696960e+03
4.384424855006179314e+03
4.482906356473289634e+03
4.581123660875115092e+03
4.678999293760436558e+03
4.776422398212727785e+03
4.873240706460915135e+03
4.969248077527384339e+03
2.799690190670737138e+03
2.898845442031957646e+03
2.998047082073351703e+03
3.097350902892279464e+03
3.196576473433256979e+03
3.295885414193070119e+03
3.395212311336947096e+03
3.494549288279686607e+03
3.593887687708021986e+03
3.693235534200562142e+03
3.792538903756766558e+03
3.891834392679652865e+03
3.991095314460929330e+03
4.090309167073865865e+03
4.189461375234216575e+03
4.288527045750646721e+03
4.387493528052475995e+03
4.486320009124277021e+03
4.584969695519084780e+03
4.683391088851987661e+03
4.781517199562069436e+03
4.879276851980753236e+03
4.976377877187757804e+03
2.899689009069792974e+03
2.999012526646025435e+03
3.098267462878501647e+03
3.197614404712049236e+03
3.296989508256749104e+03
3.396385486030345874e+03
3.495795226380546410e+03
3.595226448247404278e+03
3.694632543465348135e+03
3.794046095922489258e+03
3.893446575095879780e+03
3.992825707439565122e+03
4.092173453733005772e+03
4.191476099866511504e+03
4.290728588397941166e+03
4.389903699340418825e+03
4.488984125561608380e+03
4.587945299697707924e+03
4.686756617262253712e+03
4.785408447454032284e+03
4.883685224679757084e+03
4.981652757015127463e+03
2.999687918744370563e+03
3.099053319418711908e+03
3.198454866335840507e+03
3.297885641442895576e+03
3.397339122498914548e+03
3.496821625606271482e+03
3.596292564698962451e+03
3.695781468372697873e+03
3.795270223436006745e+03
3.894753608931549479e+03
3.994224420466663105e+03
4.093673182015108978e+03
4.193097724994422606e+03
4.292481917518861337e+03
4.391815557588712181e+03
4.491084426613078904e+03
4.590274910324778830e+03
4.689407060281468148e+03
4.788292759940713950e+03
4.887053400430384499e+03
4.985565785733991106e+03
3.099686836312736887e+03
3.199135352425555539e+03
3.298613526449279107e+03
3.398126218079431055e+03
3.497637508372840784e+03
3.597173326018289572e+03
3.696718583128031696e+03
3.796268153477153191e+03
3.895817245497529711e+03
3.995358845539362392e+03
4.094891654378930980e+03
4.194404485570665202e+03
4.293891521812002793e+03
4.393344538712517533e+03
4.492757393672014587e+03
4.592163907591837415e+03
4.691384381846307406e+03
4.790568216692960050e+03
4.889623801264187932e+03
4.988519769345499299e+03
3.199685887041437582e+03
3.299214119158314134e+03
3.398748939482711194e+03
3.498313121022310042e+03
3.597893091530012498e+03
3.697484986302696143e+03
3.797083819872982531e+03
3.896684910253768976e+03
3.996286765725256373e+03
4.095881486503310953e+03
4.195464878328128179e+03
4.295032402617363914e+03
4.394579367776201252e+03
4.494151857549291890e+03
4.593567109926875673e+03
4.692991127401774975e+03
4.792345934987151850e+03
4.891617855569285894e+03
4.990788477088686705e+03
3.299684984283933773e+03
3.399264560828888079e+03
3.498864919767582705e+03
3.598482196039351493e+03
3.698112628593638874e+03
3.797751561833836604e+03
3.897397642299247764e+03
3.997045019505205346e+03
4.096690395496731981e+03
4.196330402541817421e+03
4.295962383288737328e+03
4.395638705073521123e+03
4.495171433629106104e+03
4.594739695767531884e+03
4.694269368994775505e+03
4.793754832753090341e+03
4.893185795872617746e+03
4.992537013044315245e+03
3.399684114196187693e+03
3.499315592609908890e+03
3.598964491320169145e+03
3.698627179513228839e+03
3.798301029232785822e+03
3.897982175962272777e+03
3.997667577187178722e+03
4.097354516654890176e+03
4.197040964955729578e+03
4.296784595968529175e+03
4.396390803055424840e+03
4.496048316745525881e+03
4.595685203164486666e+03
4.695298990922523444e+03
4.794883528445341653e+03
4.894424084473006587e+03
4.993910918381718147e+03
3.499683275406339362e+03
3.599359306663573079e+03
3.699050040114292642e+03
3.798752287441253429e+03
3.898463247505036634e+03
3.998180478091464465e+03
4.097902175959356100e+03
4.197690278301036415e+03
4.297343071540486562e+03
4.397057977729427876e+03
4.496762782843168679e+03
4.596456181106303120e+03
4.696134989101563406e+03
4.795789435905291612e+03
4.895414031598921611e+03
4.995054811692660223e+03
3.599682501538659380e+03
3.699397037309425286e+03
3.799123668653300683e+03
3.898860018107377073e+03
3.998604279234263686e+03
4.098421904836048270e+03
4.198104460925333115e+03
4.297856632849035122e+03
4.397605612340567859e+03
4.497350323414102604e+03
4.597088755618928190e+03
4.696814265290717231e+03
4.796523881526756668e+03
4.896267173765365442e+03
4.995888322671260539e+03
3.699681807508244674e+03
3.799429498806354786e+03
3.899187649579814206e+03
3.999024558830044043e+03
4.098725947163761703e+03
4.198502450153152495e+03
4.298280318162964249e+03
4.398058665608925367e+03
4.497835798271743442e+03
4.597607200046725666e+03
4.697370743524830687e+03
4.797178365779611340e+03
4.896873185978978654e+03
4.996587065237556999e+03
3.799681076356195263e+03
3.899529908947949934e+03
3.999242870967348608e+03
4.099034978121443601e+03
4.198831748985616287e+03
4.298632083529748343e+03
4.398434661846433301e+03
4.498236203335374739e+03
4.598035071309428531e+03
4.697883748784053751e+03
4.797625831937959447e+03
4.897397242113425818e+03
4.997163107054887405e+03
3.899680454546305555e+03
3.999482082805028767e+03
4.099290882612698624e+03
4.199105461909593942e+03
4.298924623459952272e+03
4.398746066815911036e+03
4.498568320662279802e+03
4.598443108450919681e+03
4.698217041123049057e+03
4.798025819781476457e+03
4.897835073044452656e+03
4.997636574954127354e+03
3.999679869712894288e+03
4.099503264993094490e+03
4.199332980908181526e+03
4.299167406012506035e+03
4.399005108223927891e+03
4.498895770699230525e+03
4.598692205790555818e+03
4.698525850641630313e+03
4.798363509365291975e+03
4.898197997925131858e+03
4.998025399276983080e+03
4.099679210544154557e+03
4.199521791763769215e+03
4.299369498968710104e+03
4.399268538117305070e+03
4.499081868990944713e+03
4.598932146774447574e+03
4.698788780585353379e+03
4.798645040032962243e+03
4.898498280583970882e+03
4.998348340900820403e+03
4.199678690809796535e+03
4.299580266832692359e+03
4.399407255373108455e+03
4.499268597818308990e+03
4.599137896876680315e+03
4.699008753894619076e+03
4.798879313235289374e+03
4.898749239585542455e+03
4.998617563602949303e+03
4.299683576798125614e+03
4.399552059442600694e+03
4.499429690137043508e+03
4.599310239927557632e+03
4.699192449768709594e+03
4.799075775019306093e+03
4.898959437108984275e+03
4.998841589419266711e+03
4.399677640869876996e+03
4.499564457496286195e+03
4.599454403511118471e+03
4.699346706356763207e+03
4.799240722357224513e+03
4.899135147293161936e+03
4.999029613153555147e+03
4.499677161649146001e+03
4.599575341443731304e+03
4.699476236799315302e+03
4.799378992594918600e+03
4.899283042423067855e+03
4.999187797112795124e+03
4.599676650822111696e+03
4.699584930133338275e+03
4.799495414698592867e+03
4.899407604619420454e+03
4.999320647488943905e+03
4.699676258068819152e+03
4.799593381691740433e+03
4.899512422090447217e+03
4.999432854436341586e+03
4.799675838015694353e+03
4.899600854802740287e+03
4.999527495892792103e+03
4.899675431025607395e+03
4.999607457778271055e+03
4.999675025922955683e+03
