1.828916292889614112e+02
2.347499617254398458e+02
2.798983904405614567e+02
3.203980187621104392e+02
3.575037322003271925e+02
3.919821495210915145e+02
4.243431960301750223e+02
4.549362226139888321e+02
4.840167310918149042e+02
5.117745697121467856e+02
5.762687781212654272e+02
6.349336473918442607e+02
6.888069755326461063e+02
7.386514789313753226e+02
7.850942488579877363e+02
8.287246455605497886e+02
9.097104075733979016e+02
9.857145226113473200e+02
1.055709194014273862e+03
1.119616963583496727e+03
1.178733736394391599e+03
1.234537778156110107e+03
1.288708770628222737e+03
1.342769001049722419e+03
1.398054269437986932e+03
1.455499654151390814e+03
1.515563089942424540e+03
1.578222379299014165e+03
1.643103431167103281e+03
1.709567001890064148e+03
1.776771612108986346e+03
1.910510045453109797e+03
2.039145053749848103e+03
2.159944523705543361e+03
2.272976049393821995e+03
2.381830590207538989e+03
2.490223092385109794e+03
2.598889720796626989e+03
2.707365899801844535e+03
2.815016438904816823e+03
2.921265549167469544e+03
3.025688519082752464e+03
3.127843193946420797e+03
3.227404396683885807e+03
3.324000423262091317e+03
3.417296912721620174e+03
3.507053909588501028e+03
3.592968383277860539e+03
3.674889402897107175e+03
3.753948013809865188e+03
3.831616076542227347e+03
3.908574828932563378e+03
3.986714088385269861e+03
4.064333864138789068e+03
4.141065357601685719e+03
4.216721923285287630e+03
4.291460531920669382e+03
4.365390594649670675e+03
4.438698484537040713e+03
4.511550114003512135e+03
4.584273364311688965e+03
4.657126579165916155e+03
4.730182592598564952e+03
4.803950271664466527e+03
4.878540565175708252e+03
4.954171752229445701e+03
5.031245976748191424e+03
5.109572960744340890e+03
5.189141707269943254e+03
5.269947257980738868e+03
5.351810291753195088e+03
2.617033139896620924e+02
3.008537418125006297e+02
3.372360916012465850e+02
3.712838941046924788e+02
4.033760723209256298e+02
4.338019619774315743e+02
4.627829957736915958e+02
4.904914564261546275e+02
5.170592857871861270e+02
5.791523302789317995e+02
6.359846884646667604e+02
6.883997230632021456e+02
7.370920233899620371e+02
7.826011480446279620e+02
8.255216974434755457e+02
9.056019978293838903e+02
9.806716035319342382e+02
1.049341180765565241e+03
1.112164372877425649e+03
1.170588775422205345e+03
1.226049949609915075e+03
1.280200623676336363e+03
1.334493097525098847e+03
1.390165158702297504e+03
1.448045636313800514e+03
1.508464840262612370e+03
1.571455127763570772e+03
1.636456102009313327e+03
1.702934877240114474e+03
1.770114915798380935e+03
1.903640017176027413e+03
2.032396711361118150e+03
2.154292239262015300e+03
2.269960934838848516e+03
2.382113464814583949e+03
2.492951645316360100e+03
2.603276988668939794e+03
2.712792023818265989e+03
2.821096935774805388e+03
2.927721500635238954e+03
3.032382268311816006e+03
3.134519060820871346e+03
3.233983711654547278e+03
3.330277407493567807e+03
3.423219895361830368e+03
3.512468233303197849e+03
3.597839548996722442e+03
3.679140795124386841e+03
3.757238076100606122e+03
3.833864942670115852e+03
3.909687931496942383e+03
3.986537435837728481e+03
4.063224016481997751e+03
4.139041631943699031e+03
4.213945490270774826e+03
4.287962287554406430e+03
4.361258873075154042e+03
4.434019307548911456e+03
4.506564566974403533e+03
4.578833655266182177e+03
4.651451678442994307e+03
4.724380326954460543e+03
4.798067147890691558e+03
4.872589531357759370e+03
4.948356910581008378e+03
5.025482603935375664e+03
5.103966671454692914e+03
5.183637690918227236e+03
5.264576623375175586e+03
5.346690422429445789e+03
3.220684964046615733e+02
3.551952928288348517e+02
3.867124978673536475e+02
4.167589542394040336e+02
4.454840306588583303e+02
4.730185615277267175e+02
4.994735052221798242e+02
5.249444006355030297e+02
5.847831419776593975e+02
6.398638111600436105e+02
6.908914519810821275e+02
7.384598017339571925e+02
7.830848645667001620e+02
8.253039945048639083e+02
9.045015151851719111e+02
9.784411460721427147e+02
1.045862209280193838e+03
1.107813345610094530e+03
1.165631061953938570e+03
1.220880146675772039e+03
1.275040684942631287e+03
1.329611584505620158e+03
1.385685865265998927e+03
1.443939250949368443e+03
1.504823319243572769e+03
1.568047543177312718e+03
1.633237760877292203e+03
1.699707829430651827e+03
1.766779649856124024e+03
1.900110885136508614e+03
2.029009529119848139e+03
2.151830058277303124e+03
2.269554572388619818e+03
2.383900117990307081e+03
2.496503889729801358e+03
2.608070652498136496e+03
2.718410556394022933e+03
2.827308776825334462e+03
2.934242001888974755e+03
3.038968206253964127e+03
3.141185560712168353e+03
3.240382490835827412e+03
3.336391128577286963e+03
3.428921734472614844e+03
3.517673411246550131e+03
3.602485739530894534e+03
3.683151548600893875e+03
3.760333860350569921e+03
3.835929390450654864e+03
3.910679020443898480e+03
3.986148799918938494e+03
4.061982036406011048e+03
4.136951401812790209e+03
4.211089129037764906e+03
4.284382777126898873e+03
4.357103402147140514e+03
4.429438449623750785e+03
4.501411844463611487e+03
4.573448930721768193e+03
4.645797188703427310e+03
4.718646747082342699e+03
4.792131157799545690e+03
4.866789748706563842e+03
4.942629365067859908e+03
5.019815055974839197e+03
5.098455683954918641e+03
5.178287961920553244e+03
5.259388375289219766e+03
5.341525199396011885e+03
3.730534826318576620e+02
4.024518288156025392e+02
4.307446479151974472e+02
4.579823664998604613e+02
4.842330496695960846e+02
5.095641957691595962e+02
5.340345210033016201e+02
5.918020113604050039e+02
6.452599407053389768e+02
6.949846524122605160e+02
7.414937676477638888e+02
7.852899272313544543e+02
8.268642443470063199e+02
9.052377267789169082e+02
9.778770591724590986e+02
1.044189172331609825e+03
1.105337016637105762e+03
1.162661358664613317e+03
1.217720019878222502e+03
1.272025936342738078e+03
1.326862022829251600e+03
1.383335788570202567e+03
1.442051438457635413e+03
1.503222333475474215e+03
1.566685827512131027e+03
1.631974573158089697e+03
1.698474513933035951e+03
1.765449572919704906e+03
1.898556160365258165e+03
2.027630399516830494e+03
2.151401104616244538e+03
2.270723573379799745e+03
2.386706278484065479e+03
2.500667985129531189e+03
2.613223001976331489e+03
2.724301341150440749e+03
2.833536357642751682e+03
2.940801833575175351e+03
3.045582538415413637e+03
3.147677466356680725e+03
3.246674040216308640e+03
3.342351741913639216e+03
3.434434133194410606e+03
3.522674712237155745e+03
3.606901138163336782e+03
3.686944003226524728e+03
3.763238047593375541e+03
3.837813372180051374e+03
3.911490595832687177e+03
3.985307046326975069e+03
4.060573139923331837e+03
4.134650593820600989e+03
4.208081713154205318e+03
4.280733124209354173e+03
4.352943520941630595e+03
4.424653873150409709e+03
4.496332957654001802e+03
4.568083612324093338e+03
4.640169101833805144e+03
4.712859222024444534e+03
4.786423627504898832e+03
4.860936092392463252e+03
4.936906777097057784e+03
5.014242446774551354e+03
5.093004626098831068e+03
5.173031636404438359e+03
5.254176959305597848e+03
5.336587954695169174e+03
4.181016287615611304e+02
4.448722680718574338e+02
4.708019784415953382e+02
4.959101427729660259e+02
5.202285467720773795e+02
5.437968740430284242e+02
5.996690256949445939e+02
6.516153721825361345e+02
7.001310548739675141e+02
7.456657521838235425e+02
7.886730658704001371e+02
8.296294942464498945e+02
9.071447159745951012e+02
9.784788395746227252e+02
1.043773833508756297e+03
1.104214021529076717e+03
1.161143520961078366e+03
1.216100469125192376e+03
1.270507948773873750e+03
1.325679953676278274e+03
1.382517578517291668e+03
1.441610801933725725e+03
1.503092945800546431e+03
1.566762330146049408e+03
1.632123290544964675e+03
1.698591598219555635e+03
1.765522754528560881e+03
1.898497740751809943e+03
2.027774591440229415e+03
2.152326268952806458e+03
2.272940702225544555e+03
2.390259017145584494e+03
2.505302985485160207e+03
2.618655537731243840e+03
2.730270941119445524e+03
2.839899524736215426e+03
2.947298703170459703e+03
3.052130307431973051e+03
3.154058911070054819e+03
3.252836680503378830e+03
3.348143772952917971e+03
3.439772401406236895e+03
3.527488440559714945e+03
3.611099289085739201e+03
3.690515744330696180e+03
3.765959067549530573e+03
3.839535494346107953e+03
3.912145585942161688e+03
3.984562939517509676e+03
4.059020572787088895e+03
4.132355237347788716e+03
4.204951708593586773e+03
4.277023839250516176e+03
4.348671477997571856e+03
4.420037385892183011e+03
4.491308060814017153e+03
4.562732238518030499e+03
4.634572825455383281e+03
4.707119708477182940e+03
4.780587938112135816e+03
4.855274038567376920e+03
4.931275627080398408e+03
5.008763838953976119e+03
5.087632857808590416e+03
5.167770118177340919e+03
5.249146137898604138e+03
5.331614897792518605e+03
4.589654057502019100e+02
4.837320434432053844e+02
5.078147567737235022e+02
5.312210439643039308e+02
5.539658062436448063e+02
6.081000256196820146e+02
6.586563384220701209e+02
7.060374472614018941e+02
7.506635125964548934e+02
7.929511801043923924e+02
8.333319687403075022e+02
9.098440306378757896e+02
9.799613290519081374e+02
1.044332414674678375e+03
1.104148745113702944e+03
1.160751851928187079e+03
1.215653631576006319e+03
1.270222735276164258e+03
1.325672581969594830e+03
1.382874422060858706e+03
1.442318753858100990e+03
1.504065483593306681e+03
1.567890060799117464e+03
1.633334052351062155e+03
1.699761248830718614e+03
1.766591334998041702e+03
1.899467967043534372e+03
2.028979325218185977e+03
2.154384738968473357e+03
2.276041371510492354e+03
2.394331937051201294e+03
2.510307151239586801e+03
2.624334790745053397e+03
2.736427283859081399e+03
2.846294623122642406e+03
2.953764983088497502e+03
3.058521679476388272e+03
3.160319551792777929e+03
3.258780722966256690e+03
3.353740846631545992e+03
3.444869813713115036e+03
3.532065681693670285e+03
3.615093454546108205e+03
3.693877301405283106e+03
3.768502562462515471e+03
3.841149799997249829e+03
3.912702908945375839e+03
3.983931937034136809e+03
4.057352848551922762e+03
4.129858257248737573e+03
4.201817791221567859e+03
4.273264916659638402e+03
4.344324870925809591e+03
4.415205183748126728e+03
4.486187376322742239e+03
4.557400749949569217e+03
4.629033754382563529e+03
4.701555043692886102e+03
4.775029786146058541e+03
4.849686617740399015e+03
4.925738249163936416e+03
5.003378144301839711e+03
5.082348747441965315e+03
5.162646055593073470e+03
5.244180182373787829e+03
5.326824011155413245e+03
4.966784372568970412e+02
5.198347975532009286e+02
5.424094603272544646e+02
5.644056411112999285e+02
6.169362266033375590e+02
6.662042825839669149e+02
7.125258904050327828e+02
7.563042520516549985e+02
7.978995814600998528e+02
8.377756879327936304e+02
9.131605336667619213e+02
9.821855310666533114e+02
1.045685082905807349e+03
1.104951056010680077e+03
1.161285964145099115e+03
1.216167515509418763e+03
1.270912553601020136e+03
1.326654570253305110e+03
1.384194692915229098e+03
1.443922232882842536e+03
1.505917297888736357e+03
1.569840609990850453e+03
1.635324162892043887e+03
1.701758603053289789e+03
1.768562714790671862e+03
1.901367160053098587e+03
2.031088590077452864e+03
2.157237636474825194e+03
2.279721887318999052e+03
2.398915479887352376e+03
2.515603056852734881e+03
2.630177528930717472e+03
2.742585707595192162e+03
2.852697446912937266e+03
2.960183298266354996e+03
3.064894939270884151e+03
3.166450535105508607e+03
3.264628120795741779e+03
3.359144037924363147e+03
3.449813003552894770e+03
3.536438729998979852e+03
3.618877147300964680e+03
3.697027957344612332e+03
3.770859701537054207e+03
3.842572876038499999e+03
3.913101402348946522e+03
3.983333720706019449e+03
4.055666944709480049e+03
4.127366116560976479e+03
4.198625019942668587e+03
4.269465770184729990e+03
4.340034084750375769e+03
4.410561430033829311e+03
4.481059775031799290e+03
4.552094501968758777e+03
4.623583153934940128e+03
4.695972584493316390e+03
4.769343594217060854e+03
4.844096868335695035e+03
4.920347645134080267e+03
4.998084689807719769e+03
5.077188275997489654e+03
5.157665593336256279e+03
5.239273250114378243e+03
5.322067815936454281e+03
5.319111614932191969e+02
5.537257507789161082e+02
5.750316387640893936e+02
6.260869797566316493e+02
6.741492886576733099e+02
7.194916132379307783e+02
7.624632231422152699e+02
8.034241070763324615e+02
8.427930650267886676e+02
9.170011419002943285e+02
9.849779481827340533e+02
1.047747883334593325e+03
1.106527048916177591e+03
1.162640058740033965e+03
1.217491730266120612e+03
1.272418348861055392e+03
1.328440488100645098e+03
1.386246611045127111e+03
1.446301668821037310e+03
1.508485058864772327e+03
1.572573081059645347e+03
1.638058801286854077e+03
1.704428830245080007e+03
1.771149491585589203e+03
1.903917464288691235e+03
2.033977496266691105e+03
2.160775637155438744e+03
2.283976614000640893e+03
2.403790834141779669e+03
2.521129642815929401e+03
2.636085629079253522e+03
2.748792795032186859e+03
2.859009466580162098e+03
2.966538529790739631e+03
3.071090605417431107e+03
3.172444397225857756e+03
3.270253843533090730e+03
3.364355003950830906e+03
3.454523220601238336e+03
3.540610620455514436e+03
3.622453517942379221e+03
3.699988951794548939e+03
3.773177046965733552e+03
3.843876762790059729e+03
3.913386988925878541e+03
3.982633050369863668e+03
4.053839225585221357e+03
4.124754998578953746e+03
4.195373887182509861e+03
4.265635299749666956e+03
4.335734422939776778e+03
4.405739502844327944e+03
4.476056462309204107e+03
4.546818471023392704e+03
4.618185692189716065e+03
4.690406448018474293e+03
4.763925185184472866e+03
4.838673300762594408e+03
4.915048235465562357e+03
4.992882095543563992e+03
5.072140672743542382e+03
5.152716469800796403e+03
5.234525554080944858e+03
5.317401914728505290e+03
5.651274229778632616e+02
5.857955435284253554e+02
6.354802383846551947e+02
6.824153800335556070e+02
7.268394994549456669e+02
7.690617394422781672e+02
8.094153294169925630e+02
8.482978314759881187e+02
9.212880106857758165e+02
9.883153800412958390e+02
1.050391823060766001e+03
1.108702577994479725e+03
1.164632609826037879e+03
1.219541732026274758e+03
1.274619087702852994e+03
1.330905714053827978e+03
1.389027315595088339e+03
1.449277503105127380e+03
1.511647087632304647e+03
1.575811732321580166e+03
1.641332008819733801e+03
1.707658855224927947e+03
1.774360705624959110e+03
1.907066818215098465e+03
2.037428454855233213e+03
2.164852843916809888e+03
2.288574177563208650e+03
2.409023238274720825e+03
2.526763106932340634e+03
2.642117504782580909e+03
2.755024093683916362e+03
2.865367957812386067e+03
2.972817487316165170e+03
3.077222610712688947e+03
3.178265469210320589e+03
3.275714699399127312e+03
3.369384258883526400e+03
3.459074341720357552e+03
3.544584946097204011e+03
3.625835529514355585e+03
3.702761224480275814e+03
3.775318326822075960e+03
3.845064300733336495e+03
3.913607492865128734e+03
3.981840985391911090e+03
4.051898754992706927e+03
4.122067995804711245e+03
4.192054405760040936e+03
4.261781895378227091e+03
4.331318073444082074e+03
4.401068565118917832e+03
4.471074899652749082e+03
4.541577153334269497e+03
4.612827705487641651e+03
4.685040342412707105e+03
4.758414955154898053e+03
4.833375867936245413e+03
4.909832267701724049e+03
4.987769362845274372e+03
5.067181681762252083e+03
5.147827797478153116e+03
5.229758398895663049e+03
5.312872225664544203e+03
5.966649031408144310e+02
6.450689935252014493e+02
6.909547092877678551e+02
7.345060083811789582e+02
7.760103505360210647e+02
8.158065363216510377e+02
8.541233835716788008e+02
9.259705585830985228e+02
9.921068773921249431e+02
1.053547939256630798e+03
1.111473279362376616e+03
1.167248641725708239e+03
1.222165307372880079e+03
1.277437044300980233e+03
1.333951273119062535e+03
1.392323644260688752e+03
1.452795321448060804e+03
1.515299211149701023e+03
1.579530448544456931e+03
1.645046908934309613e+03
1.711360784044264847e+03
1.777995241306887692e+03
1.910725893244823737e+03
2.041405385898430723e+03
2.169381892608237649e+03
2.293502241560836865e+03
2.414414479091149587e+03
2.532609441999737101e+03
2.648223791142122991e+03
2.761316164922518510e+03
2.871602553455116322e+03
2.979008618325807220e+03
3.083207266813027672e+03
3.183935135905599054e+03
3.281061721325320832e+03
3.374247011812847632e+03
3.463403383387177655e+03
3.548365769807108336e+03
3.629023673939693253e+03
3.705337623988998530e+03
3.777286425724929359e+03
3.846093872436226775e+03
3.913734791709701312e+03
3.980968903025178406e+03
4.049988674172028368e+03
4.119401473363268451e+03
4.188672043707971170e+03
4.257857280109852582e+03
4.327008380970562939e+03
4.396333655385393286e+03
4.466068916087168873e+03
4.536374793675895489e+03
4.607456139383827576e+03
4.679616655934245500e+03
4.753107614771985027e+03
4.828057185989629943e+03
4.904677235749160900e+03
4.982745391627451681e+03
5.062287020577169642e+03
5.143111615849509690e+03
5.225196828711914350e+03
5.308341433099487404e+03
6.696893188546124520e+02
7.131962726374114254e+02
7.547745086333853806e+02
7.946520189592476981e+02
8.330235090218403684e+02
8.698437737056234482e+02
9.391305863028492240e+02
1.003287756417521678e+03
1.063336486016705294e+03
1.120470493509749531e+03
1.175931228069584222e+03
1.230919761377822624e+03
1.286592479376261281e+03
1.343613021310928616e+03
1.402492306190945783e+03
1.463360934929264204e+03
1.526118262243302524e+03
1.590466789167106981e+03
1.655943853156215482e+03
1.722205131339888794e+03
1.788742744026934361e+03
1.921677873852953780e+03
2.053180029237708368e+03
2.181918695318079699e+03
2.306905598967853621e+03
2.428604035212896179e+03
2.547468983271596244e+03
2.663573835762402723e+03
2.776818274112130439e+03
2.887013445065510950e+03
2.994004646422342830e+03
3.097564966644137712e+03
3.197521578026727184e+03
3.293578292153762959e+03
3.385591725879326077e+03
3.473441709296098452e+03
3.557001545728465317e+03
3.636211419901816043e+03
3.711055726450923430e+03
3.781530241079938605e+03
3.848245247920223846e+03
3.913610101136883259e+03
3.978595689065671650e+03
4.044582537820963807e+03
4.112393534891089075e+03
4.180168455931798235e+03
4.248072580162934173e+03
4.316129773677403136e+03
4.384656356648425572e+03
4.453645213738231178e+03
4.523563042303070688e+03
4.594431446001694894e+03
4.666477100617568794e+03
4.740033411966011045e+03
4.815239871331968061e+03
4.892111633670684569e+03
4.970489993590261292e+03
5.050390426757312525e+03
5.131539748923307343e+03
5.213965984024740465e+03
5.297502392269127085e+03
7.363478331317121501e+02
7.761638519801762186e+02
8.145180941419695273e+02
8.514251375086404323e+02
8.869239061312795229e+02
9.539996838280719658e+02
1.016497328332676261e+03
1.075389225874003387e+03
1.131855401582746708e+03
1.187075825643626104e+03
1.242190727655748560e+03
1.298105214970606994e+03
1.355495787135388355e+03
1.414717542271156162e+03
1.475849265380552879e+03
1.538761264991836015e+03
1.603130420669239811e+03
1.668603324798262747e+03
1.734791013428169435e+03
1.801341989506579921e+03
1.934561113447308344e+03
2.066798616942498484e+03
2.195794691159831473e+03
2.321217901926865579e+03
2.443398075875293216e+03
2.562577213046853103e+03
2.678787050994203582e+03
2.791902064750029240e+03
2.901806089903602697e+03
3.008274611662424377e+03
3.111080519321495103e+03
3.210064349704912274e+03
3.305016866250145995e+03
3.395831687044332284e+03
3.482359576795748580e+03
3.564543125206956120e+03
3.642346465054963119e+03
3.715786158037750283e+03
3.784888611046605547e+03
3.849777113133665353e+03
3.913162331283823733e+03
3.975906849713049269e+03
4.039134691673733869e+03
4.105264031442009582e+03
4.171567847490498025e+03
4.238285729954351154e+03
4.305454253211634750e+03
4.373171336838369825e+03
4.441634747418287589e+03
4.511066857559815617e+03
4.581733778159269605e+03
4.653795446946643096e+03
4.727519986388154393e+03
4.802963992973556742e+03
4.880117238204189562e+03
4.958834719430285986e+03
5.038989187926230443e+03
5.120518820139398485e+03
5.203248248290803531e+03
5.287164584550125255e+03
7.982360051512160908e+02
8.351498412903118833e+02
8.707604104071490383e+02
9.051057045274310440e+02
9.702372348686931218e+02
1.031270067936040505e+03
1.089183214593550701e+03
1.145068755386756038e+03
1.200042300149833409e+03
1.255213835701374137e+03
1.311315498798539920e+03
1.368949169538926071e+03
1.428386210237487830e+03
1.489671018937072859e+03
1.552654803082473336e+03
1.617010802364511164e+03
1.682478647033476364e+03
1.748619159219686480e+03
1.815242151938194183e+03
1.948845361765485450e+03
2.081414327101651907e+03
2.210454395938381367e+03
2.336037724979453742e+03
2.458417904082670248e+03
2.577641527070416032e+03
2.693717431326395399e+03
2.806510642326601555e+03
2.915937293470412442e+03
3.021677638823971392e+03
3.123641311283267896e+03
3.221581596579260804e+03
3.315424780857470978e+03
3.404996046100757667e+03
3.490230174304308093e+03
3.571077021433788104e+03
3.647553687235866164e+03
3.719658885164321873e+03
3.787522465262383776e+03
3.851168772652233201e+03
3.912423208787768090e+03
3.973152303228279834e+03
4.034265466620747247e+03
4.098163543438577108e+03
4.163055988063107179e+03
4.228587352026577719e+03
4.294870716760211508e+03
4.361851237721377402e+03
4.429919563112918695e+03
4.499055864135478259e+03
4.569532915161781602e+03
4.641657977830710479e+03
4.715540424818214888e+03
4.791213894617752885e+03
4.868644049409527724e+03
4.947669748167307262e+03
5.028106487574402308e+03
5.109937391864081292e+03
5.193021541438309214e+03
5.277305658016539383e+03
8.563910802503365858e+02
8.908517649559223628e+02
9.241623178896112449e+02
9.875743939948555408e+02
1.047307405586350797e+03
1.104322315060348046e+03
1.159675503701728303e+03
1.214442911291806013e+03
1.269549915504265300e+03
1.325748163029814805e+03
1.383511876585238269e+03
1.443061114000621728e+03
1.504433543311304220e+03
1.567424853343408813e+03
1.631790315983534811e+03
1.697223063031931588e+03
1.763414508934523838e+03
1.830089748162549085e+03
1.964225388563767865e+03
2.096540547257009166e+03
2.225425801284287445e+03
2.350988422283482578e+03
2.473315375967868931e+03
2.592374239955053781e+03
2.708164521510507257e+03
2.820493687610087818e+03
2.929263307711838934e+03
3.034237396621649168e+03
3.135231141086785101e+03
3.232166609335793055e+03
3.324825001424661423e+03
3.413175364952047403e+03
3.497142406224445949e+03
3.576706867740154394e+03
3.651912350193480961e+03
3.722784227884907068e+03
3.789456372909754009e+03
3.852073138090164321e+03
3.911431359439899097e+03
3.970351069453646232e+03
4.029599932575310959e+03
4.091211731123684785e+03
4.154716586941942296e+03
4.219182798456596174e+03
4.284563206064465703e+03
4.350986615104913653e+03
4.418538672479498018e+03
4.487387455582142138e+03
4.557786972287418394e+03
4.629954371640154932e+03
4.703989396008861149e+03
4.779973360362440872e+03
4.857642259597656448e+03
4.936968293822052146e+03
5.017751125127875639e+03
5.099919930552281585e+03
5.183264299010277682e+03
5.267832576463355508e+03
9.115254109086581593e+02
9.439036025671482548e+02
1.005747572736256757e+03
1.064304375089272980e+03
1.120486295069817515e+03
1.175302992227301502e+03
1.229816448158177081e+03
1.284830580343202200e+03
1.341034302443793422e+03
1.398842251476500451e+03
1.458441930249257439e+03
1.519824811997142888e+03
1.582792831556418150e+03
1.647170882490361237e+03
1.712581035949924399e+03
1.778851022316078115e+03
1.845686491307133792e+03
1.979996498199379857e+03
2.111827127619039857e+03
2.240454383931217308e+03
2.365795399167334836e+03
2.487894939517673265e+03
2.606697799486083568e+03
2.722040183748268646e+03
2.833802242777245738e+03
2.941805978550664804e+03
3.045890604322112267e+03
3.145947217979300149e+03
3.241773973541493433e+03
3.333286398880864908e+03
3.420436536809479549e+03
3.503179264940169560e+03
3.581546050248822667e+03
3.655565662822149534e+03
3.725289078925126887e+03
3.790888061609471151e+03
3.852472545504801019e+03
3.910279585951199806e+03
3.967636396536274333e+03
4.025010236942247502e+03
4.083910307103757077e+03
4.146578491975265933e+03
4.209958824482962882e+03
4.274593403772215424e+03
4.340322978527955456e+03
4.407522732664994692e+03
4.476188706758867738e+03
4.546473398751200875e+03
4.618702340703694063e+03
4.692944261786422430e+03
4.769128968192591856e+03
4.847071197904365363e+03
4.926714118768722074e+03
5.007779909996635979e+03
5.090258537216002878e+03
5.173955535429550764e+03
5.258836367344330938e+03
9.641586690609494781e+02
1.024565340398159833e+03
1.082016028834091003e+03
1.137404393258532764e+03
1.191721141366631173e+03
1.245900835317218252e+03
1.300763134097562215e+03
1.356900580246318441e+03
1.414674677524694062e+03
1.474273517945505546e+03
1.535627503940538190e+03
1.598593992758692366e+03
1.662940817904261166e+03
1.728406387156492656e+03
1.794732926213883729e+03
1.861760195353414929e+03
1.995751349016188215e+03
2.127073618250148684e+03
2.255321671709327802e+03
2.380354737891036166e+03
2.502087480004452118e+03
2.620430324746405859e+03
2.735212461007160982e+03
2.846313272377845806e+03
2.953533546802335877e+03
3.056719347319207372e+03
3.155735773004671501e+03
3.250473169447300734e+03
3.340867130450182231e+03
3.426854006657138143e+03
3.508446481486822449e+03
3.585656820577120925e+03
3.658572396369636408e+03
3.727267355231019792e+03
3.791889310388031390e+03
3.852590411720275824e+03
3.909527429167261744e+03
3.965042433734281985e+03
4.020707149535151984e+03
4.077825931611253054e+03
4.138718061045817194e+03
4.201159058467508657e+03
4.264968373575893565e+03
4.330171810378681585e+03
4.396895087820879780e+03
4.465347751732377219e+03
4.535626100136403693e+03
4.607962577426912503e+03
4.682389388426188816e+03
4.758808136038997873e+03
4.837027681115927408e+03
4.916890860119910940e+03
4.998297502883167908e+03
5.081038158524899700e+03
5.165074923715739715e+03
5.250262670864230131e+03
1.063395538308054256e+03
1.118783889376215484e+03
1.172632898138048404e+03
1.225852264739624161e+03
1.279304242448426521e+03
1.333695737628974712e+03
1.389523513761897220e+03
1.447121670603099801e+03
1.506562041619894444e+03
1.567815530229016304e+03
1.630729147983389794e+03
1.695091539118502396e+03
1.760670864057901554e+03
1.827304834136236877e+03
1.894202633901758873e+03
2.026682004581378351e+03
2.156808769335484612e+03
2.284058919530646563e+03
2.408153658797856679e+03
2.528847572493305506e+03
2.646011377010234810e+03
2.759443989749408502e+03
2.869002365758050473e+03
2.974492019963338862e+03
3.075772557965695796e+03
3.172790070141404613e+03
3.265419609895518079e+03
3.353655438184654486e+03
3.437483835097375959e+03
3.516945724335733757e+03
3.592124960798844313e+03
3.663075384738518551e+03
3.729984185035025803e+03
3.792991404209385564e+03
3.852152737029358832e+03
3.907839659841712091e+03
3.960348936430821595e+03
4.013293834461755978e+03
4.067211349880642956e+03
4.124160481005461406e+03
4.184567863116942135e+03
4.246908549567111550e+03
4.311067121613242307e+03
4.377088801770907594e+03
4.445137771142710335e+03
4.515375465645372969e+03
4.587875802979947366e+03
4.662687888533608202e+03
4.739499686165748244e+03
4.818218950682366994e+03
4.898616415443932965e+03
4.980566360199933115e+03
5.063842867264522283e+03
5.148450359262007623e+03
5.234207194624341355e+03
1.156288923033145920e+03
1.208589295242849403e+03
1.260633175301795518e+03
1.313213509354452071e+03
1.366962442181131337e+03
1.422350143540794761e+03
1.479603866520689280e+03
1.538814926135699579e+03
1.599927817650280303e+03
1.662794640970246974e+03
1.727217280883119884e+03
1.792987190602857936e+03
1.859072550259394575e+03
1.925004640577702503e+03
2.055906976779491742e+03
2.184670448595441485e+03
2.310694188250357001e+03
2.433567807955096669e+03
2.553025344228527501e+03
2.668804651619023389e+03
2.780737661568307885e+03
2.888618538698120574e+03
2.992330415725067724e+03
3.091746678031469401e+03
3.186811667871920690e+03
3.277487820254387316e+03
3.363770057403188730e+03
3.445701658542622681e+03
3.523328704243080665e+03
3.596774037086987846e+03
3.666137814028955290e+03
3.731569725839456169e+03
3.793249043332142719e+03
3.851332175279147123e+03
3.906018015450302300e+03
3.957407879519230846e+03
4.007444350022418803e+03
4.058623702816345030e+03
4.112002842968602636e+03
4.169891507521709173e+03
4.230614324854273036e+03
4.293660275379566883e+03
4.359036086889747821e+03
4.426718443533509344e+03
4.496870764193752620e+03
4.569545706959959716e+03
4.644621301493374631e+03
4.721834080779419310e+03
4.800972443069199471e+03
4.881883096937943264e+03
4.964311852502353759e+03
5.048186185606529762e+03
5.133331486450950251e+03
5.219616596860356367e+03
1.244268895883549249e+03
1.295039812425723994e+03
1.346624556757692062e+03
1.399627357583831781e+03
1.454435434940931145e+03
1.511276056126777803e+03
1.570207418553709203e+03
1.631166191743630179e+03
1.694004383433990597e+03
1.758418100721140945e+03
1.823365580373127386e+03
1.888465708233539999e+03
1.953551970580050011e+03
2.082885142976842872e+03
2.210235333408040788e+03
2.334916484959151603e+03
2.456426384798708568e+03
2.574465362674998687e+03
2.688765961452701958e+03
2.799125750868721298e+03
2.905354458793108279e+03
3.007326602479983194e+03
3.104993000120454326e+03
3.198281183213377517e+03
3.287198328968997885e+03
3.371763588633129075e+03
3.452051249616010864e+03
3.528160263163533273e+03
3.600159002246208729e+03
3.668261205114397853e+03
3.732593591336427380e+03
3.793235524705499301e+03
3.850545669907811771e+03
3.904520265316076802e+03
3.955411525521581098e+03
4.003710581271779574e+03
4.052390619397672708e+03
4.103003227417812923e+03
4.157014532044428961e+03
4.216395643471985750e+03
4.278276967707558470e+03
4.342861372377255975e+03
4.410153026824223161e+03
4.480151916190759948e+03
4.552957320331057417e+03
4.628228724502116165e+03
4.705777414629130362e+03
4.785315875005586349e+03
4.866645558527913636e+03
4.949511403874318603e+03
5.033862411122700905e+03
5.119496600444288561e+03
5.206280538245713615e+03
1.328309311097857517e+03
1.378798651404008979e+03
1.430936317334903379e+03
1.485093539949061324e+03
1.541463442817210307e+03
1.600085673916639735e+03
1.660885472031305426e+03
1.723495135241158323e+03
1.786979021581671532e+03
1.850962134714682634e+03
1.915211540514486842e+03
1.979458156407475599e+03
2.107233735194144629e+03
2.233157468510510625e+03
2.356448082588241050e+03
2.476603578772103447e+03
2.593224944148149916e+03
2.706058524664301331e+03
2.814863832678776816e+03
2.919517163184797027e+03
3.019890070116736752e+03
3.115943404678047045e+03
3.207649511742276445e+03
3.295035434823251762e+03
3.378152529757624961e+03
3.457065696799154921e+03
3.531910856840614997e+03
3.602799867401320626e+03
3.669874586535650451e+03
3.733326618331514055e+03
3.793306361461102370e+03
3.850006341404984141e+03
3.903528666222952324e+03
3.954131926711284905e+03
4.001951374355726330e+03
4.048286680370338217e+03
4.096737341863206893e+03
4.147880769336326921e+03
4.204280950432315876e+03
4.264848870771142174e+03
4.328553030685789054e+03
4.395307913795555578e+03
4.465090246369050874e+03
4.537873243248553081e+03
4.613315423658153122e+03
4.691106149164264934e+03
4.771006399657822840e+03
4.852693164847835760e+03
4.936042584850194544e+03
5.020836189212184763e+03
5.106916120997253529e+03
5.194145161726912193e+03
1.409116282298774422e+03
1.460305558633834607e+03
1.513743263577624020e+03
1.569595316365859844e+03
1.627885541620037657e+03
1.688265355559903810e+03
1.749949561408156569e+03
1.812523983578817479e+03
1.875687328940219459e+03
1.939125952108744741e+03
2.002622977711899694e+03
2.128954100528613253e+03
2.253498166911647786e+03
2.375424402692233343e+03
2.494206217636060501e+03
2.609452945509860911e+03
2.720875763261029533e+03
2.828252655268312992e+03
2.931443461140981526e+03
3.030384835359790941e+03
3.125022326242298732e+03
3.215363870379680975e+03
3.301440408585779096e+03
3.383339352309944843e+03
3.461160502318557519e+03
3.534977575632825847e+03
3.605012649350073843e+03
3.671377639678023115e+03
3.734171010175414267e+03
3.793718634807089984e+03
3.850025833424749180e+03
3.903342864247159923e+03
3.953809410417353774e+03
4.001628742357733245e+03
4.047117399657604437e+03
4.093108883630977743e+03
4.141805764530568922e+03
4.194402420101198913e+03
4.253543083080311590e+03
4.316191718792865686e+03
4.382253193283457222e+03
4.451709705284527445e+03
4.524354814449374317e+03
4.599876813551427404e+03
4.677868135924369199e+03
4.758018746736339381e+03
4.840011405507657400e+03
4.923722404874056338e+03
5.008909967016616974e+03
5.095402543918204174e+03
5.183096320448183178e+03
1.487214510173179633e+03
1.539870533650143443e+03
1.595168132372579294e+03
1.652893415640895910e+03
1.712418889725548524e+03
1.773275503711004148e+03
1.835090780786265213e+03
1.897502801981564744e+03
1.960236868894189911e+03
2.023005048280895608e+03
2.148001208509333082e+03
2.271249635923642018e+03
2.391931201069499366e+03
2.509449576298943612e+03
2.623418849093125573e+03
2.733528075555240321e+03
2.839608877107549233e+03
2.941513524143234008e+03
3.039190053907886977e+03
3.132606577098883463e+03
3.221797639870915191e+03
3.306810608727126692e+03
3.387717117781414345e+03
3.464652205801719902e+03
3.537730160347502533e+03
3.607081705751390018e+03
3.672900838222892162e+03
3.735330222037740441e+03
3.794553625683451173e+03
3.850676170413342334e+03
3.903932372041266717e+03
3.954451987755581285e+03
4.002422055725870450e+03
4.047936751955542150e+03
4.092203049942706457e+03
4.138559527940600674e+03
4.188584644940630824e+03
4.244498306416267951e+03
4.305732493462005550e+03
4.370911828957804573e+03
4.439816808248059715e+03
4.512240167822835247e+03
4.587715906670594450e+03
4.665842793275665827e+03
4.746175986822054256e+03
4.828504283869284336e+03
4.912538325699659254e+03
4.998072924202431750e+03
5.084922016870739753e+03
5.172965674323086205e+03
1.563012892987975192e+03
1.617634020170063422e+03
1.674611216988424530e+03
1.733415319161784282e+03
1.793600146711853313e+03
1.854749251433176141e+03
1.916528147772700777e+03
1.978608079426609265e+03
2.040797341601675953e+03
2.164601002555332343e+03
2.286674433843182669e+03
2.406185604921407503e+03
2.522554210904686443e+03
2.635365430856720195e+03
2.744326893096685126e+03
2.849253787066634231e+03
2.950049016864470104e+03
3.046649659856591825e+03
3.139052289422857029e+03
3.227284271002997230e+03
3.311431623032258358e+03
3.391586591741265693e+03
3.467824982576200455e+03
3.540357217341380419e+03
3.609289980655359614e+03
3.674730665331087948e+03
3.736973840518182442e+03
3.796032827329740030e+03
3.852152813506909752e+03
3.905454076200860982e+03
3.956142861787620404e+03
4.004323058619933363e+03
4.050187309820865721e+03
4.093887310564123254e+03
4.137899034371977905e+03
4.185695355631209168e+03
4.237920005758664956e+03
4.297355805724470883e+03
4.361388202535792516e+03
4.429526760204857965e+03
4.501567647656635017e+03
4.576910287569249704e+03
4.655029653843377673e+03
4.735476009885812346e+03
4.818009947706111234e+03
4.902314745045539894e+03
4.988157495122411092e+03
5.075381285542091973e+03
5.163763954840957012e+03
1.636828489688597756e+03
1.693210007239330480e+03
1.751448771970874986e+03
1.811072923275096400e+03
1.871682449288939551e+03
1.932903384628772073e+03
1.994479893681425210e+03
2.056118183189542833e+03
2.178882678868537369e+03
2.299952889570747175e+03
2.418454126970986181e+03
2.533809445929214689e+03
2.645593306921034127e+03
2.753556243559321956e+03
2.857507486651760701e+03
2.957359723647360170e+03
3.053062336659512766e+03
3.144638355533114918e+03
3.232123756042105015e+03
3.315586709591211729e+03
3.395152571591429478e+03
3.470932827824419292e+03
3.543045997593369975e+03
3.611681761215687857e+03
3.676975277151655064e+03
3.739100875836787054e+03
3.798165685297256459e+03
3.854383619133091088e+03
3.907880175686048915e+03
3.958838658741996369e+03
4.007349743190097797e+03
4.053564130246730201e+03
4.097634402161795151e+03
4.140546710513288417e+03
4.185720542830305021e+03
4.235196743548442100e+03
4.291165798491437272e+03
4.353600482711169207e+03
4.420744442543777041e+03
4.492184393174774414e+03
4.567269626001223514e+03
4.645287175314497290e+03
4.725850286316668644e+03
4.808538885286092409e+03
4.893058983315702790e+03
4.979148105622913135e+03
5.066631484091200036e+03
5.155331796804037367e+03
1.708920497644328407e+03
1.766722385167145831e+03
1.825920419400983974e+03
1.886087481791404571e+03
1.946895924151205463e+03
2.008021119063060041e+03
2.069249583255811558e+03
2.191144279917995846e+03
2.311335228622146587e+03
2.428970613597718966e+03
2.543455941285339122e+03
2.654384744975938702e+03
2.761495381553188963e+03
2.864635962515703341e+03
2.963713494635594543e+03
3.058700790696678723e+03
3.149609798828013481e+03
3.236514071814272029e+03
3.319493440608201126e+03
3.398620445719767758e+03
3.474089061920985841e+03
3.546000202812955649e+03
3.614465346804140154e+03
3.679749803103328304e+03
3.741876853520147506e+03
3.801082245574781609e+03
3.857472662721057532e+03
3.911254700679095095e+03
3.962522051936754906e+03
4.011460417706463431e+03
4.058140625724709935e+03
4.102722445440109368e+03
4.145360943087267515e+03
4.188566880839896839e+03
4.235475892761540308e+03
4.287682803535875792e+03
4.347798281647690601e+03
4.413605994639969140e+03
4.484225693980184587e+03
4.558831999434914906e+03
4.636634195098155942e+03
4.717158991357824561e+03
4.799936546820001240e+03
4.884621299803909096e+03
4.970970538244264390e+03
5.058699410033578715e+03
5.147652539868329768e+03
1.779496498468844948e+03
1.838381600343306218e+03
1.898241191265058205e+03
1.958712214203182612e+03
2.019519914372242283e+03
2.080389422889535126e+03
2.201600512462820006e+03
2.321087417974358686e+03
2.438005348994959149e+03
2.551759456579328798e+03
2.661979345391441711e+03
2.768401596241206789e+03
2.870883835360636112e+03
2.969341581076681905e+03
3.063771610249601508e+03
3.154191206721532581e+03
3.240657248585303932e+03
3.323279847095459445e+03
3.402163450648329217e+03
3.477414383747171087e+03
3.549214140595171557e+03
3.617690735608509385e+03
3.683008859373820087e+03
3.745277245354140632e+03
3.804692431592889989e+03
3.861376820534681883e+03
3.915509366174810566e+03
3.967179582578604823e+03
4.016532263109584164e+03
4.063715194183493168e+03
4.108892542977779158e+03
4.152117410604383622e+03
4.194098807682945335e+03
4.238409596628263898e+03
4.287823458448378005e+03
4.344121041369828163e+03
4.408078441810823279e+03
4.477567591921056191e+03
4.551507111216336853e+03
4.629037833253696590e+03
4.709440289422005662e+03
4.792230531974168116e+03
4.877004820162254873e+03
4.963492137361878122e+03
5.051442695951422138e+03
5.140636727609671652e+03
1.848731566745754208e+03
1.908379571253810127e+03
1.968634384706152105e+03
2.029191779422166064e+03
2.089822679792657709e+03
2.210497644021569613e+03
2.329430796986134737e+03
2.445776313686844787e+03
2.558960700390526654e+03
2.668608397043140485e+03
2.774488098456010448e+03
2.876456292711872265e+03
2.974448885832985980e+03
3.068452405170301972e+03
3.158518959882125273e+03
3.244711876678203680e+03
3.327096383844203956e+03
3.405846949777109785e+03
3.481058070515091458e+03
3.552842376365069413e+03
3.621437040760613399e+03
3.686879557056390695e+03
3.749390285399612821e+03
3.809068220443149585e+03
3.866118298284020511e+03
3.920627710076136282e+03
3.972776116748175355e+03
4.022633652595365675e+03
4.070359987503144112e+03
4.116092738224248933e+03
4.159960688701809886e+03
4.202028681368140496e+03
4.244519100137907117e+03
4.290954686726318869e+03
4.343374345041653214e+03
4.404474190958688268e+03
4.472347760410017145e+03
4.545363029833251858e+03
4.622391295115308822e+03
4.702565084778318123e+03
4.785289617630821340e+03
4.870154618852235217e+03
4.956756206446103533e+03
5.044858252245914628e+03
5.134255997973833473e+03
1.916770162462999906e+03
1.976892257554784464e+03
2.037307086939904366e+03
2.097769901717331322e+03
2.218077167627201561e+03
2.336601625144136506e+03
2.452508138512480400e+03
2.565256287955376138e+03
2.674475289328332110e+03
2.779944950254750438e+03
2.881530315385680296e+03
2.979188624142902881e+03
3.072911144053185581e+03
3.162736506710425601e+03
3.248755076182071207e+03
3.331060791198463448e+03
3.409748466577936597e+03
3.484987902973834025e+03
3.556900253194549805e+03
3.625641453934707897e+03
3.691321284473805008e+03
3.754121353069805082e+03
3.814162016762483290e+03
3.871617640403791484e+03
3.926578268179670886e+03
3.979184104779519657e+03
4.029578756609285847e+03
4.077918161162866454e+03
4.124260327433289604e+03
4.168746297787384719e+03
4.211474424390695276e+03
4.252878992770449258e+03
4.296719215599825475e+03
4.346071067272360779e+03
4.402808313990963143e+03
4.468625597348583142e+03
4.540442999233049704e+03
4.616779872264015466e+03
4.696590993334364612e+03
4.779140980875105015e+03
4.863953290486702826e+03
4.950635929845120700e+03
5.038868886791062323e+03
5.128417001002683719e+03
1.983735552374428380e+03
2.044082695407937308e+03
2.104456853702620720e+03
2.224539474772997892e+03
2.342790002491604810e+03
2.458399922405221787e+03
2.570833200444984868e+03
2.679748228439013019e+03
2.784928744675373764e+03
2.886258857395354426e+03
2.983689141058001951e+03
3.077242034528473596e+03
3.166960515995157948e+03
3.252898620961987945e+03
3.335208879426051226e+03
3.413978956880912392e+03
3.489319878114984476e+03
3.561443582011719172e+03
3.630399969755348138e+03
3.696394943227302065e+03
3.759522299426491372e+03
3.819983882277124394e+03
3.877863397102619729e+03
3.933335096066149163e+03
3.986469845261405681e+03
4.037427002556004936e+03
4.086337618219719843e+03
4.133327485030554271e+03
4.178467353510058274e+03
4.221869272085810735e+03
4.263592327658949216e+03
4.305501176269879579e+03
4.351727006053171863e+03
4.404560421937774663e+03
4.466693662313828099e+03
4.536735333230177275e+03
4.612125609936341789e+03
4.691416190444731001e+03
4.773754015517011794e+03
4.858464712269350457e+03
4.945142785401462788e+03
5.033460847878155619e+03
5.123105862533077016e+03
2.049733972223599721e+03
2.110091764852473716e+03
2.230083182502678483e+03
2.348181393676101834e+03
2.463611322279140950e+03
2.575851196882460044e+03
2.684573893872675399e+03
2.789574440287823109e+03
2.890756180781341754e+03
2.988075917811192539e+03
3.081546897860015633e+03
3.171235638456802008e+03
3.257222333286416415e+03
3.339590546495148374e+03
3.418494349850312574e+03
3.494050079347960946e+03
3.566404362858273998e+03
3.635667329462211001e+03
3.702008542174516151e+03
3.765546698833707978e+03
3.826451252878749983e+03
3.884814169413341915e+03
3.940772034563246052e+03
3.994464948596188151e+03
4.046042957854637734e+03
4.095568948734531659e+03
4.143179582062324698e+03
4.188976366847740792e+03
4.233038986642324744e+03
4.275446819494281044e+03
4.316505367590008973e+03
4.360209222213244175e+03
4.409495023202995071e+03
4.466689562904385639e+03
4.534485844878117859e+03
4.608560005874618582e+03
4.687112156408597002e+03
4.769033596479208427e+03
4.853579994226882263e+03
4.940212927424608097e+03
5.028553101582307136e+03
5.118310948104583986e+03
2.114854399289627963e+03
2.234871956078742642e+03
2.352937372574581786e+03
2.468291680078514673e+03
2.580442228423690722e+03
2.689072339106447089e+03
2.793996005565556516e+03
2.895115588427567218e+03
2.992415000117156524e+03
3.085912032610624010e+03
3.175645683863965587e+03
3.261744134422057869e+03
3.344287410602430555e+03
3.423382402824206565e+03
3.499218421141654289e+03
3.571855651191825928e+03
3.641486071538525721e+03
3.708201049559228522e+03
3.772197855759131926e+03
3.833558727843022098e+03
3.892451695317739905e+03
3.948954066004623201e+03
4.003220083306841389e+03
4.055377433332223063e+03
4.105549851868485348e+03
4.153813829333330432e+03
4.200274552544859034e+03
4.245002686442140657e+03
4.288113284273781574e+03
4.329712766947570344e+03
4.371233836728081769e+03
4.417121763663694765e+03
4.470557265171672952e+03
4.533884248553426914e+03
4.606076803453324828e+03
4.683700129999328055e+03
4.765078777408827591e+03
4.849331958836763079e+03
4.935849927845387356e+03
5.024143815882012859e+03
5.113957565036651431e+03
2.242767812527995829e+03
2.361051972391740492e+03
2.476539058832590854e+03
2.588775577297271411e+03
2.697480926808814729e+03
2.802493462479859772e+03
2.903747898947794511e+03
3.001230724128479778e+03
3.094960951724672668e+03
3.185039702140078589e+03
3.271538113589322165e+03
3.354556536011292337e+03
3.434263284169449889e+03
3.510726898326318405e+03
3.584126155011861556e+03
3.654551508833299067e+03
3.722194253035919246e+03
3.787137571965003190e+03
3.849543054662616669e+03
3.909496304910978779e+03
3.967145081398359707e+03
4.022615544368546580e+03
4.076030127934608117e+03
4.127470848788974763e+03
4.177038105387053292e+03
4.224812454857763441e+03
4.270900041807621164e+03
4.315413440667452960e+03
4.358383186177348762e+03
4.399881061778171897e+03
4.441129740156072330e+03
4.487126067111139491e+03
4.540871236069693623e+03
4.605396271977848301e+03
4.679665260704610773e+03
4.759327104796334424e+03
4.842652672639765115e+03
4.928644258638540123e+03
5.016762383241800308e+03
5.106500741539683077e+03
2.367996914107369321e+03
2.483912880271589529e+03
2.596523247513352544e+03
2.705579764403815716e+03
2.810954200460430002e+03
2.912592798590292659e+03
3.010488777649572057e+03
3.104712489434328745e+03
3.195324213823665559e+03
3.282415163212767311e+03
3.366133681168095791e+03
3.446554724035563595e+03
3.523844072617440361e+03
3.598092583981349435e+03
3.669484553321335625e+03
3.738105421456563363e+03
3.804110831169010908e+03
3.867594336619494243e+03
3.928698468997840791e+03
3.987548034304651992e+03
4.044264971807248003e+03
4.098936693910675785e+03
4.151660502614920915e+03
4.202525429172914301e+03
4.251630994578836180e+03
4.299094784264112604e+03
4.344946855469184811e+03
4.389266881062290850e+03
4.432179344188343748e+03
4.473728218173553614e+03
4.514786014106312905e+03
4.560847556955892287e+03
4.614932356233008250e+03
4.680579237086629291e+03
4.756877885644822527e+03
4.838450474282061805e+03
4.923541903878898665e+03
5.011113509614191571e+03
5.100603664757348270e+03
2.490945433074207358e+03
2.604144982720984444e+03
2.713764541684908181e+03
2.819696991847057689e+03
2.921901786616869231e+03
3.020413568613094867e+03
3.115278799003059248e+03
3.206576574898347644e+03
3.294435504467641294e+03
3.378934967432647227e+03
3.460227647026658815e+03
3.538406055736779763e+03
3.613645845699356869e+03
3.686036043627773324e+03
3.755727068078519551e+03
3.822819351376742361e+03
3.887450963455508372e+03
3.949746576576520056e+03
4.009827982524750041e+03
4.067787320911759707e+03
4.123720510287492289e+03
4.177723851241509692e+03
4.229892157516045700e+03
4.280347057395776574e+03
4.329119611202114356e+03
4.376296213086512580e+03
4.421995644078699115e+03
4.466266606673299066e+03
4.509169629201770476e+03
4.550807186162583093e+03
4.591728229056186137e+03
4.637672002192148284e+03
4.692219058827614390e+03
4.758973965304082412e+03
4.837207225116859263e+03
4.920570315334221050e+03
5.007210341201545816e+03
5.096200409218722598e+03
2.611935789136427047e+03
2.722269743621302950e+03
2.828903383075098645e+03
2.931828403855997749e+03
3.031073062656210823e+03
3.126700804563428846e+03
3.218819834569392697e+03
3.307511816953483503e+03
3.392915313672167940e+03
3.475127033503800249e+03
3.554310842538517136e+03
3.630560832335516352e+03
3.704022502731042550e+03
3.774802352852257627e+03
3.843035142368335983e+03
3.908845487676047014e+03
3.972355157127615712e+03
4.033661567543422279e+03
4.092860288935783501e+03
4.150053374020140836e+03
4.205332896844848619e+03
4.258823639401030960e+03
4.310558958247271221e+03
4.360631013245421855e+03
4.409154166767695642e+03
4.456181557763713499e+03
4.501776081292455274e+03
4.546040296928498719e+03
4.588958405779563691e+03
4.630644714571471923e+03
4.671515900532756859e+03
4.717320870910498343e+03
4.772298725580359132e+03
4.840162087845495989e+03
4.920181432781077092e+03
5.005203172787149015e+03
5.093303172580277533e+03
2.731228379412354116e+03
2.838675150230880718e+03
2.942413065029458267e+03
3.042484979774977546e+03
3.138977116824668883e+03
3.231970963547408701e+03
3.321590582382495995e+03
3.407935818468186881e+03
3.491158751907141777e+03
3.571358802699551234e+03
3.648676749780626778e+03
3.723224243316609773e+03
3.795133511139566508e+03
3.864529401975083601e+03
3.931534216888756873e+03
3.996250112301858280e+03
4.058773115572332244e+03
4.119210851680009000e+03
4.177653915453511217e+03
4.234228998291247080e+03
4.288973284570464784e+03
4.341983767435546724e+03
4.393371486504358472e+03
4.443193839733976347e+03
4.491516245258783783e+03
4.538441606993294954e+03
4.583960074235924367e+03
4.628185806792715994e+03
4.671175189042211059e+03
4.712936933913922076e+03
4.753799731284640075e+03
4.799453056387150355e+03
4.854735237166431034e+03
4.923722279581314069e+03
5.005512675641021815e+03
5.092014258083529057e+03
2.849036412439661035e+03
2.953658694694614951e+03
3.054631685610571367e+03
3.152033266084052229e+03
3.245972312514578334e+03
3.336550378178410938e+03
3.423907528069466025e+03
3.508148567430312141e+03
3.589409603760931077e+03
3.667806660279529297e+03
3.743469976636505180e+03
3.816524798223775633e+03
3.887094255354437337e+03
3.955285031026449815e+03
4.021194748706864630e+03
4.084935462596201887e+03
4.146597274329400534e+03
4.206309004495361478e+03
4.264112370639628352e+03
4.320107979878873266e+03
4.374404852842191758e+03
4.427064496937300646e+03
4.478154984431350385e+03
4.527779717975990025e+03
4.575935068774934734e+03
4.622734842280302473e+03
4.668235911163858873e+03
4.712454053447485421e+03
4.755523774517045240e+03
4.797391855456544363e+03
4.838228342275677278e+03
4.883698138192478837e+03
4.939259552960036672e+03
5.009222488871695532e+03
5.092805514603283882e+03
2.965536810655255977e+03
3.067449231087376575e+03
3.165809863279575438e+03
3.260719948599149575e+03
3.352306879248857513e+03
3.440681419994090447e+03
3.525974126234951655e+03
3.608304790106197743e+03
3.687802192180863130e+03
3.764592171676946691e+03
3.838798751811526927e+03
3.910532940987395250e+03
3.979894848678249218e+03
4.047000111372391075e+03
4.111939814488663615e+03
4.174843868096715596e+03
4.235759241635764738e+03
4.294790421216330287e+03
4.352044736130425008e+03
4.407587347899316228e+03
4.461489572701368161e+03
4.513855338828988351e+03
4.564687515570838514e+03
4.614099348615981398e+03
4.662148751675482345e+03
4.708858119277882906e+03
4.754357477866293266e+03
4.798601344767573210e+03
4.841691842374220869e+03
4.883688823439293628e+03
4.924645202666326441e+03
4.969834302717358696e+03
5.025730070587000228e+03
5.096741006873540755e+03
3.080877915937990110e+03
3.180219476736171600e+03
3.276133478209312671e+03
3.368735358606846603e+03
3.458150500628831651e+03
3.544501357757299047e+03
3.627915626854697166e+03
3.708519827186667953e+03
3.786439076292374921e+03
3.861788450165787253e+03
3.934671234669342084e+03
4.005205945688397605e+03
4.073485792738277269e+03
4.139640173181620412e+03
4.203725236565450359e+03
4.265845620351206890e+03
4.326108230609840575e+03
4.384582965276824325e+03
4.441344066130055580e+03
4.496495544864509611e+03
4.550047561663041051e+03
4.602112551323658408e+03
4.652749927033002677e+03
4.701988356433634181e+03
4.749953806279056153e+03
4.796608653660686286e+03
4.842055218269957550e+03
4.886352853289230552e+03
4.929552021347153641e+03
4.971641279757063785e+03
5.012736891091946745e+03
5.057615849636515122e+03
5.113841066313474585e+03
3.195185270355744706e+03
3.292110142125379753e+03
3.385741030521259745e+03
3.476201457073640086e+03
3.563618393806727909e+03
3.648118971667523056e+03
3.729829540352959611e+03
3.808869031331727456e+03
3.885344643757622180e+03
3.959376997125516937e+03
4.031062452011584810e+03
4.100529445956862219e+03
4.167843782270790143e+03
4.233110064093918481e+03
4.296435546780904588e+03
4.357894475732633509e+03
4.417563866550663079e+03
4.475548892819624598e+03
4.531866909058873716e+03
4.586628870924370858e+03
4.639896558389372331e+03
4.691704565519785319e+03
4.742175138552181124e+03
4.791278737211721818e+03
4.839117607217725890e+03
4.885750966430414337e+03
4.931230863631575630e+03
4.975553026491710625e+03
5.018829310158101180e+03
5.061035764540518358e+03
5.102232260382772438e+03
5.146786532718935632e+03
3.308566025600265220e+03
3.403228278677202070e+03
3.494736849790278484e+03
3.583219274131104612e+03
3.668803115517188417e+03
3.751610964346420587e+03
3.831754556275443520e+03
3.909355972873889186e+03
3.984515723450416317e+03
4.057360918689259961e+03
4.127967055712479123e+03
4.196439047524663692e+03
4.262884674255179561e+03
4.327382652885589778e+03
4.390013253919727504e+03
4.450882277200154022e+03
4.510014393299918083e+03
4.567519989147461274e+03
4.623463118603634939e+03
4.677883614865506388e+03
4.730900758129873793e+03
4.782493231659573212e+03
4.832762945166565260e+03
4.881769332674364705e+03
4.929566125882678534e+03
4.976155943997368013e+03
5.021645496104496488e+03
5.066019033158326238e+03
5.109336327378661736e+03
5.151646466646282533e+03
5.192980013407332081e+03
3.421112302806247953e+03
3.513665253032646433e+03
3.603207810886694915e+03
3.689865675255961833e+03
3.773755750081371843e+03
3.855000905683600649e+03
3.933706793340906188e+03
4.009998938598366294e+03
4.083962470322116133e+03
4.155702948756649675e+03
4.225328868830702049e+03
4.292923592387257486e+03
4.358570821018049173e+03
4.422376764576853020e+03
4.484374297430922525e+03
4.544672548517230098e+03
4.603337909913381736e+03
4.660416420936226132e+03
4.716024059611190751e+03
4.770147610907304625e+03
4.822888823718448293e+03
4.874307600488283242e+03
4.924459435394895991e+03
4.973353641142554807e+03
5.021092271837523185e+03
5.067667362334263089e+03
5.113138804890762913e+03
5.157555010007096826e+03
5.200949980678467909e+03
5.243395061370711119e+03
3.532903856111340701e+03
3.623496697837726515e+03
3.711215259175656684e+03
3.796182247605062912e+03
3.878509385924665366e+03
3.958320299681937286e+03
4.035709848532212163e+03
4.110784610383441759e+03
4.183653789956641049e+03
4.254405687223209497e+03
4.323127567217275100e+03
4.389925940328619618e+03
4.454842442117189421e+03
4.517984639402327957e+03
4.579421972423378975e+03
4.639206086981515909e+03
4.697449551204239469e+03
4.754148694080342466e+03
4.809404321637870453e+03
4.863276670132656363e+03
4.915823522922466509e+03
4.967060602099977586e+03
5.017085805684217121e+03
5.065898647031883229e+03
5.113559208629968452e+03
5.160115622670169614e+03
5.205605069363640723e+03
5.250096918097924572e+03
5.293545695086353589e+03
3.644010143994931241e+03
3.732780270409894911e+03
3.818807165747038653e+03
3.902211919102920092e+03
3.983099205369895571e+03
4.061576936541432588e+03
4.137755196418033847e+03
4.211727439809138559e+03
4.283584623221264337e+03
4.353433428836347048e+03
4.421324814948296080e+03
4.487364610049377916e+03
4.551625618421118816e+03
4.614164972713913812e+03
4.675092287390571983e+03
4.734413372955481464e+03
4.792227484861170524e+03
4.848596614516614864e+03
4.903580453183728423e+03
4.957200532472591476e+03
5.009551402460765530e+03
5.060639761880095648e+03
5.110525964660611862e+03
5.159258172266934707e+03
5.206876573835678755e+03
5.253448835127537677e+03
5.298938670154791907e+03
5.343459925225934967e+03
3.754491955135001263e+03
3.841568680382206367e+03
3.926028632048134114e+03
4.007981139903971780e+03
4.087537110455941729e+03
4.164795565652938421e+03
4.239851380639193849e+03
4.312811088667076547e+03
4.383735653296675991e+03
4.452728965118356427e+03
4.519867488418642097e+03
4.585213858803223047e+03
4.648874143167625334e+03
4.710865928907562193e+03
4.771285104416077957e+03
4.830195870890149308e+03
4.887659611905690326e+03
4.943704642835287814e+03
4.998422073109644771e+03
5.051825110123609193e+03
5.103974900666562462e+03
5.154919860444399092e+03
5.204703024656547313e+03
5.253390627721882083e+03
5.300955249632990672e+03
5.347504624652588063e+03
5.393051321239437129e+03
3.864402731286904327e+03
3.949904836712539691e+03
4.032910164574362170e+03
4.113523514079955930e+03
4.191843890188330988e+03
4.267977466766158614e+03
4.341995941626833883e+03
4.414000951508338403e+03
4.484072980819940312e+03
4.552280187452490281e+03
4.618725308877868883e+03
4.683437661248382028e+03
4.746510012407539762e+03
4.808008847705853441e+03
4.867997703086453839e+03
4.926511102817166829e+03
4.983636735633955141e+03
5.039395239714327545e+03
5.093848192233816008e+03
5.147044100829557465e+03
5.199029090732457007e+03
5.249868139009986407e+03
5.299542429438433828e+03
5.348153972410606002e+03
5.395719565276793219e+03
5.442264252150012908e+03
3.973790247858168186e+03
4.057829948928344038e+03
4.139483602794105536e+03
4.218856561459018849e+03
4.296032053883882327e+03
4.371109281943201495e+03
4.444172989561838222e+03
4.515296916725289520e+03
4.584580679114604209e+03
4.652065295775186314e+03
4.717840701153460031e+03
4.781975756698126133e+03
4.844536279945778915e+03
4.905562855233058144e+03
4.965140451654977369e+03
5.023296516157415681e+03
5.080092810333024318e+03
5.135579308644028060e+03
5.189804638469964630e+03
5.242832304648709396e+03
5.294652260286298770e+03
5.345361089585750960e+03
5.394979704486811897e+03
5.443535280613172290e+03
5.491042175047576166e+03
4.082696382815805464e+03
4.165376606502690265e+03
4.245774791074060886e+03
4.323987077794628931e+03
4.400102817423512533e+03
4.474201479753664898e+03
4.546379649284574043e+03
4.616690087741040770e+03
4.685220172153656677e+03
4.752041267251808677e+03
4.817221576977305631e+03
4.880807704314768671e+03
4.942882195916250566e+03
5.003479130909316154e+03
5.062660918895124269e+03
5.120478791058222669e+03
5.176983454226889080e+03
5.232238221722229355e+03
5.286241174754512940e+03
5.339083348044458035e+03
5.390790074753491353e+03
5.441390688914459133e+03
5.490902428950861577e+03
5.539411500577944025e+03
4.191158541522398082e+03
4.272570907232571699e+03
4.351801335643842322e+03
4.428934887600003094e+03
4.504065219084255659e+03
4.577256976086548093e+03
4.648595139004230077e+03
4.718153760302055161e+03
4.786003543749107848e+03
4.852197108880601263e+03
4.916814824903660337e+03
4.979897347641322085e+03
5.041507816981571523e+03
5.101698943326667177e+03
5.160523756713187140e+03
5.218045113337479052e+03
5.274268766258111100e+03
5.329281531870954495e+03
5.383112659395808805e+03
5.435793292376343743e+03
5.487344118705736946e+03
5.537847790722751597e+03
5.587318442842888544e+03
4.299210357191572257e+03
4.379440903864945540e+03
4.457583252057241225e+03
4.533713747875141053e+03
4.607915272956544868e+03
4.680264624164242377e+03
4.750835181904871206e+03
4.819685572140038857e+03
4.886894254009848737e+03
4.952508435848075351e+03
5.016592051415538663e+03
5.079199588582108845e+03
5.140386270500296632e+03
5.200214678050468137e+03
5.258698409566808550e+03
5.315919914365799741e+03
5.371911994962878452e+03
5.426708706781830188e+03
5.480333828837064175e+03
5.532866142767554265e+03
5.584324484121097157e+03
5.634725992269359267e+03
4.406882110811986422e+03
4.486010479533559192e+03
4.563132508454968047e+03
4.638327608222680283e+03
4.711671909426650927e+03
4.783230073151791657e+03
4.853078912589127867e+03
4.921272189214634636e+03
4.987874707481468249e+03
5.052943017646190128e+03
5.116534440017216184e+03
5.178711492154958250e+03
5.239495500215271022e+03
5.298964746402665696e+03
5.357155892335740646e+03
5.414105548999889834e+03
5.469840341153307236e+03
5.524436281304469958e+03
5.577916424625072978e+03
5.630300033576069836e+03
5.681653857807138593e+03
4.514200752155989903e+03
4.592298240251164316e+03
4.668470970641472377e+03
4.742789514286590020e+03
4.815329216940383048e+03
4.886150422572560274e+03
4.955318910343725292e+03
5.022893595957235448e+03
5.088933795781659683e+03
5.153502174312345232e+03
5.216627688822059099e+03
5.278384729127973515e+03
5.338813749039903996e+03
5.397953959223783386e+03
5.455835265380257624e+03
5.512530550879087059e+03
5.568066712321548039e+03
5.622466227201914990e+03
5.675793977497107335e+03
5.728056167719711084e+03
4.621191225837492311e+03
4.698324220919782420e+03
4.773607069904343007e+03
4.847106529661382410e+03
4.918889431959976719e+03
4.989017359266361382e+03
5.057551559397148594e+03
5.124555063620126020e+03
5.190064377001626781e+03
5.254150234683508643e+03
5.316856861459896209e+03
5.378226194984000358e+03
5.438291476547539787e+03
5.497122506883484675e+03
5.554750248949931120e+03
5.611200107806746018e+03
5.666534879451555753e+03
5.720765353565164332e+03
5.773912197943042884e+03
4.727875800504023573e+03
4.804105031183508800e+03
4.878552229113786780e+03
4.951281616273372492e+03
5.022356285591008600e+03
5.091839859536819858e+03
5.159776340978762164e+03
5.226233053246894997e+03
5.291257982151625583e+03
5.354895888153784654e+03
5.417183466235836931e+03
5.478187488356341419e+03
5.537942914213182121e+03
5.596478179260013349e+03
5.653854310149813500e+03
5.710086103014642504e+03
5.765197504100398874e+03
5.819262361682604023e+03
4.834274491565505741e+03
4.909654604410290631e+03
4.983317524516759477e+03
5.055327305062556661e+03
5.125735458079007003e+03
5.194606109418620690e+03
5.261990995714810197e+03
5.327937845914189893e+03
5.392486899556441131e+03
5.455701996050033813e+03
5.517621957862775162e+03
5.578278467895735957e+03
5.637730771593663121e+03
5.695997843582126734e+03
5.753107185829918308e+03
5.809128141722652799e+03
5.864083656478371267e+03
4.940405758238094677e+03
5.014988908283286946e+03
5.087914400129586284e+03
5.159243166990730970e+03
5.229030692155252837e+03
5.297327802630316000e+03
5.364178413328769238e+03
5.429643472520618161e+03
5.493765615436017470e+03
5.556579942539367039e+03
5.618143924422597593e+03
5.678480950745587506e+03
5.737621819547024643e+03
5.795631582852593965e+03
5.852536521533492305e+03
5.908349235655325174e+03
5.046286495958532214e+03
5.120118589294297635e+03
5.192352498264639507e+03
5.263042175913258689e+03
5.332235351315099251e+03
5.399990147733236881e+03
5.466352905641102552e+03
5.531362377848347023e+03
5.595074239139406927e+03
5.657516574985181251e+03
5.718723171289381753e+03
5.778755110823984069e+03
5.837641942916399785e+03
5.895400253445669478e+03
5.952088890171872663e+03
5.151932548345436771e+03
5.225057857016205162e+03
5.296635582930242890e+03
5.366720787701953668e+03
5.435363437864722073e+03
5.502606155217315973e+03
5.568502857286362087e+03
5.633086521276562053e+03
5.696393715149228228e+03
5.758481791745139162e+03
5.819383580395888202e+03
5.879119731064077314e+03
5.937746785125989845e+03
5.995282460644932144e+03
5.257357691378805612e+03
5.329814534602546701e+03
5.400777220295953157e+03
5.470292149777684244e+03
5.538411372446445057e+03
5.605173108767756275e+03
5.670616432628254188e+03
5.734795250804721945e+03
5.797745638021764535e+03
5.859492432022407229e+03
5.920089730818932367e+03
5.979558936797595379e+03
6.037938970643011999e+03
5.362574696911700812e+03
5.434401449954464624e+03
5.504781691999969553e+03
5.573759016604875796e+03
5.641374712193085543e+03
5.707679514284032848e+03
5.772712738349127903e+03
5.836503573171597964e+03
5.899103498115091497e+03
5.960537807230895851e+03
6.020845479683626763e+03
6.080049839921404782e+03
5.467596130445432209e+03
5.538827133412554758e+03
5.608652187293526367e+03
5.677118902300409900e+03
5.744269860134058035e+03
5.810138699379191166e+03
5.874774184218386836e+03
5.938205683900338954e+03
6.000472273882589434e+03
6.061600366091964133e+03
6.121640651685498597e+03
5.572433001624212011e+03
5.643097883814287343e+03
5.712402125461888318e+03
5.780383600745541116e+03
5.847088138419678216e+03
5.912549475147616249e+03
5.976806756081284220e+03
6.039889506780436932e+03
6.101845416847485467e+03
6.162693050809314627e+03
5.677094963985042341e+03
5.747224155164616604e+03
5.816031863765882008e+03
5.883556237424358187e+03
5.949836528163863477e+03
6.014905356345131622e+03
6.078807548892658815e+03
6.141566850661607532e+03
6.203213773706968823e+03
5.781592091578318104e+03
5.851213124767717090e+03
5.919549298521262244e+03
5.986636151796763443e+03
6.052515759891863127e+03
6.117217044141309998e+03
6.180771609723609799e+03
6.243223032108511688e+03
5.885933227224721122e+03
5.955070164522010600e+03
6.022958845925532842e+03
6.089632903175222054e+03
6.155125074172716268e+03
6.219476188661215929e+03
6.282710742554676472e+03
5.990125729635507014e+03
6.058803710430735009e+03
6.126263926935598647e+03
6.192544432271632104e+03
6.257674594796460951e+03
6.321684518712947465e+03
6.094178219164166876e+03
6.162417965256634488e+03
6.229473100854754193e+03
6.295374483183464690e+03
6.360158449057469625e+03
6.198097124570801498e+03
6.265918714965387153e+03
6.332586753833346847e+03
6.398129634149179765e+03
6.301889106543336311e+03
6.369312390994049565e+03
6.435610097624904483e+03
6.405560849773873997e+03
6.472602702816329838e+03
6.509117084276595051e+03
