3.210398500000000000e+07
3.178777300000000000e+07
3.153921600000000000e+07
3.132689300000000000e+07
3.114025500000000000e+07
3.097210900000000000e+07
3.081730300000000000e+07
3.067550300000000000e+07
3.054375900000000000e+07
3.042201900000000000e+07
3.015020500000000000e+07
2.991957500000000000e+07
2.972383900000000000e+07
2.955564200000000000e+07
2.941278700000000000e+07
2.929544500000000000e+07
2.911287500000000000e+07
2.898671000000000000e+07
2.890236800000000000e+07
2.884076800000000000e+07
2.879028700000000000e+07
2.873366000000000000e+07
2.866206000000000000e+07
2.857158600000000000e+07
2.845192300000000000e+07
2.830585000000000000e+07
2.813027300000000000e+07
2.793019400000000000e+07
2.770417000000000000e+07
2.744857200000000000e+07
2.717671600000000000e+07
2.658203700000000000e+07
2.596173600000000000e+07
2.533203300000000000e+07
2.471089600000000000e+07
2.409168100000000000e+07
2.347664000000000000e+07
2.287555700000000000e+07
2.226186000000000000e+07
2.166633300000000000e+07
2.107326900000000000e+07
2.049116400000000000e+07
1.991632400000000000e+07
1.935790400000000000e+07
1.880802500000000000e+07
1.827274300000000000e+07
1.776099500000000000e+07
1.725642400000000000e+07
1.677123000000000000e+07
1.629887100000000000e+07
1.584426700000000000e+07
1.540521200000000000e+07
1.499452500000000000e+07
1.458598500000000000e+07
1.419140600000000000e+07
1.382298500000000000e+07
1.346926500000000000e+07
1.312929800000000000e+07
1.279167200000000000e+07
1.248659200000000000e+07
1.217401000000000000e+07
1.188425400000000000e+07
1.160633400000000000e+07
1.133966700000000000e+07
1.107385000000000000e+07
1.083180900000000000e+07
1.059248000000000000e+07
1.035079400000000000e+07
1.013981000000000000e+07
9.935694000000000000e+06
9.714296000000000000e+06
3.162543700000000000e+07
3.139191200000000000e+07
3.119211800000000000e+07
3.101507400000000000e+07
3.085357100000000000e+07
3.070652500000000000e+07
3.057052300000000000e+07
3.044510300000000000e+07
3.032762400000000000e+07
3.006756800000000000e+07
2.984386100000000000e+07
2.965281000000000000e+07
2.949193700000000000e+07
2.935541600000000000e+07
2.923716900000000000e+07
2.905644300000000000e+07
2.892822500000000000e+07
2.883833000000000000e+07
2.876538800000000000e+07
2.870208600000000000e+07
2.863101800000000000e+07
2.854841100000000000e+07
2.844370300000000000e+07
2.831698500000000000e+07
2.816357000000000000e+07
2.798057500000000000e+07
2.777785900000000000e+07
2.754914200000000000e+07
2.729566600000000000e+07
2.702647600000000000e+07
2.644608600000000000e+07
2.584009500000000000e+07
2.523166000000000000e+07
2.461279900000000000e+07
2.399803200000000000e+07
2.338790700000000000e+07
2.277972500000000000e+07
2.217925700000000000e+07
2.158708500000000000e+07
2.099404300000000000e+07
2.041345300000000000e+07
1.984407700000000000e+07
1.928841200000000000e+07
1.874527800000000000e+07
1.821547100000000000e+07
1.770225300000000000e+07
1.720001600000000000e+07
1.672139300000000000e+07
1.624805400000000000e+07
1.580197700000000000e+07
1.537204200000000000e+07
1.494881800000000000e+07
1.455365200000000000e+07
1.417102800000000000e+07
1.380175000000000000e+07
1.344394500000000000e+07
1.310870000000000000e+07
1.278342800000000000e+07
1.246562900000000000e+07
1.216956800000000000e+07
1.187808200000000000e+07
1.159729300000000000e+07
1.134549800000000000e+07
1.107087700000000000e+07
1.083084200000000000e+07
1.059950800000000000e+07
1.037462200000000000e+07
1.014302800000000000e+07
9.933022000000000000e+06
9.746455000000000000e+06
3.126521200000000000e+07
3.107442700000000000e+07
3.090308300000000000e+07
3.074850000000000000e+07
3.060652400000000000e+07
3.047611700000000000e+07
3.035423900000000000e+07
3.024127500000000000e+07
2.998857200000000000e+07
2.977224100000000000e+07
2.958815600000000000e+07
2.943016400000000000e+07
2.929516200000000000e+07
2.918037000000000000e+07
2.900120700000000000e+07
2.887123700000000000e+07
2.877435200000000000e+07
2.869541200000000000e+07
2.862145000000000000e+07
2.854186100000000000e+07
2.844816900000000000e+07
2.833382700000000000e+07
2.819940200000000000e+07
2.803570900000000000e+07
2.785305700000000000e+07
2.764425000000000000e+07
2.741533300000000000e+07
2.716428400000000000e+07
2.689805500000000000e+07
2.632609500000000000e+07
2.572990100000000000e+07
2.512419900000000000e+07
2.451236500000000000e+07
2.390594400000000000e+07
2.329983100000000000e+07
2.269235000000000000e+07
2.209530100000000000e+07
2.150026100000000000e+07
2.092310800000000000e+07
2.033937500000000000e+07
1.977480300000000000e+07
1.922184700000000000e+07
1.867930000000000000e+07
1.815833300000000000e+07
1.764737500000000000e+07
1.715062000000000000e+07
1.666931400000000000e+07
1.620556300000000000e+07
1.576428000000000000e+07
1.533750900000000000e+07
1.492378400000000000e+07
1.452083200000000000e+07
1.413627600000000000e+07
1.377520000000000000e+07
1.342775300000000000e+07
1.308652900000000000e+07
1.277088100000000000e+07
1.245515000000000000e+07
1.215451500000000000e+07
1.187483100000000000e+07
1.158970700000000000e+07
1.132993300000000000e+07
1.106764900000000000e+07
1.082885000000000000e+07
1.060124800000000000e+07
1.036998500000000000e+07
1.015886300000000000e+07
9.952664000000000000e+06
9.726626000000000000e+06
3.096501000000000000e+07
3.080034800000000000e+07
3.065069100000000000e+07
3.051394600000000000e+07
3.038678900000000000e+07
3.026925900000000000e+07
3.015761900000000000e+07
2.991220400000000000e+07
2.970206900000000000e+07
2.952278600000000000e+07
2.936857500000000000e+07
2.923662600000000000e+07
2.912337800000000000e+07
2.894577700000000000e+07
2.881445400000000000e+07
2.871165100000000000e+07
2.862547800000000000e+07
2.854393100000000000e+07
2.845449100000000000e+07
2.835245400000000000e+07
2.823170200000000000e+07
2.808970400000000000e+07
2.792476900000000000e+07
2.773488800000000000e+07
2.752504700000000000e+07
2.729297800000000000e+07
2.704341000000000000e+07
2.677840100000000000e+07
2.621430500000000000e+07
2.563029100000000000e+07
2.503000800000000000e+07
2.442246600000000000e+07
2.382166800000000000e+07
2.321216000000000000e+07
2.261340600000000000e+07
2.201495400000000000e+07
2.142386300000000000e+07
2.084614600000000000e+07
2.027042100000000000e+07
1.970826700000000000e+07
1.915983600000000000e+07
1.862418700000000000e+07
1.809810600000000000e+07
1.759750700000000000e+07
1.710014600000000000e+07
1.662795300000000000e+07
1.616903700000000000e+07
1.572473800000000000e+07
1.530529600000000000e+07
1.489460100000000000e+07
1.450391800000000000e+07
1.412371900000000000e+07
1.375675400000000000e+07
1.340912600000000000e+07
1.307811000000000000e+07
1.274651400000000000e+07
1.244958600000000000e+07
1.214728700000000000e+07
1.187175900000000000e+07
1.158750800000000000e+07
1.132880200000000000e+07
1.107927900000000000e+07
1.083855800000000000e+07
1.059085100000000000e+07
1.035856600000000000e+07
1.016515300000000000e+07
9.947886000000000000e+06
9.762312000000000000e+06
3.070315100000000000e+07
3.055840700000000000e+07
3.042495100000000000e+07
3.030197600000000000e+07
3.018559900000000000e+07
3.007906700000000000e+07
2.983998300000000000e+07
2.963414900000000000e+07
2.945912300000000000e+07
2.930713700000000000e+07
2.917704600000000000e+07
2.906551300000000000e+07
2.888920400000000000e+07
2.875540900000000000e+07
2.865063900000000000e+07
2.855828300000000000e+07
2.846745600000000000e+07
2.837303700000000000e+07
2.826368000000000000e+07
2.813627600000000000e+07
2.798589000000000000e+07
2.781622900000000000e+07
2.762193000000000000e+07
2.741215100000000000e+07
2.718045800000000000e+07
2.692874300000000000e+07
2.666750200000000000e+07
2.610737700000000000e+07
2.552946500000000000e+07
2.493533700000000000e+07
2.433107400000000000e+07
2.373348900000000000e+07
2.313406200000000000e+07
2.253416500000000000e+07
2.194271800000000000e+07
2.135493500000000000e+07
2.077427000000000000e+07
2.020048800000000000e+07
1.964359500000000000e+07
1.909509500000000000e+07
1.856322200000000000e+07
1.804180600000000000e+07
1.754379300000000000e+07
1.705611200000000000e+07
1.658645100000000000e+07
1.613414500000000000e+07
1.569068400000000000e+07
1.527623100000000000e+07
1.487122100000000000e+07
1.447511500000000000e+07
1.410739500000000000e+07
1.373517500000000000e+07
1.340578200000000000e+07
1.306549300000000000e+07
1.274142700000000000e+07
1.243280500000000000e+07
1.213642900000000000e+07
1.186092900000000000e+07
1.158799800000000000e+07
1.131854500000000000e+07
1.108270300000000000e+07
1.084392000000000000e+07
1.060886500000000000e+07
1.038410200000000000e+07
1.016354000000000000e+07
9.953637000000000000e+06
9.750840000000000000e+06
3.046901300000000000e+07
3.033964900000000000e+07
3.021781300000000000e+07
3.010650300000000000e+07
3.000190900000000000e+07
2.976882000000000000e+07
2.956701400000000000e+07
2.939294300000000000e+07
2.924653200000000000e+07
2.911839900000000000e+07
2.900877800000000000e+07
2.883074500000000000e+07
2.869621800000000000e+07
2.858635600000000000e+07
2.849101900000000000e+07
2.839439500000000000e+07
2.829107800000000000e+07
2.817739000000000000e+07
2.804295700000000000e+07
2.789026700000000000e+07
2.771432700000000000e+07
2.752033000000000000e+07
2.730688900000000000e+07
2.707004900000000000e+07
2.682319100000000000e+07
2.656335400000000000e+07
2.600604500000000000e+07
2.543360600000000000e+07
2.484105000000000000e+07
2.424816600000000000e+07
2.364455600000000000e+07
2.305036600000000000e+07
2.245745000000000000e+07
2.186968500000000000e+07
2.128088500000000000e+07
2.070117300000000000e+07
2.014043500000000000e+07
1.958118700000000000e+07
1.903599200000000000e+07
1.851172500000000000e+07
1.799163400000000000e+07
1.749207800000000000e+07
1.701501300000000000e+07
1.654917800000000000e+07
1.609642300000000000e+07
1.566075700000000000e+07
1.524413000000000000e+07
1.483347400000000000e+07
1.445214500000000000e+07
1.408362600000000000e+07
1.372718100000000000e+07
1.338671700000000000e+07
1.305418700000000000e+07
1.274024600000000000e+07
1.243139900000000000e+07
1.213368600000000000e+07
1.186736000000000000e+07
1.158729800000000000e+07
1.132950300000000000e+07
1.108522700000000000e+07
1.084982900000000000e+07
1.061654800000000000e+07
1.038371400000000000e+07
1.018504900000000000e+07
9.974460000000000000e+06
9.773481000000000000e+06
3.025437700000000000e+07
3.013760900000000000e+07
3.002824800000000000e+07
2.992573400000000000e+07
2.969500900000000000e+07
2.949980900000000000e+07
2.933191000000000000e+07
2.918409700000000000e+07
2.906006100000000000e+07
2.894984100000000000e+07
2.877263800000000000e+07
2.863724000000000000e+07
2.852322900000000000e+07
2.842302100000000000e+07
2.832056400000000000e+07
2.821371000000000000e+07
2.809166500000000000e+07
2.795441300000000000e+07
2.779705100000000000e+07
2.761570000000000000e+07
2.742034000000000000e+07
2.720409600000000000e+07
2.696831800000000000e+07
2.671995700000000000e+07
2.645956600000000000e+07
2.591068900000000000e+07
2.534224600000000000e+07
2.475443200000000000e+07
2.416013900000000000e+07
2.357003200000000000e+07
2.297184800000000000e+07
2.238187100000000000e+07
2.179688300000000000e+07
2.120812800000000000e+07
2.063649300000000000e+07
2.007362800000000000e+07
1.952174600000000000e+07
1.897969300000000000e+07
1.845319000000000000e+07
1.794262000000000000e+07
1.745280000000000000e+07
1.696594700000000000e+07
1.650608900000000000e+07
1.606390500000000000e+07
1.563323100000000000e+07
1.521165400000000000e+07
1.482196100000000000e+07
1.444194100000000000e+07
1.406436700000000000e+07
1.369778500000000000e+07
1.336070000000000000e+07
1.304239000000000000e+07
1.273436100000000000e+07
1.242645100000000000e+07
1.212699700000000000e+07
1.186088800000000000e+07
1.158722700000000000e+07
1.132847700000000000e+07
1.108294300000000000e+07
1.084683100000000000e+07
1.061502000000000000e+07
1.038997800000000000e+07
1.018327400000000000e+07
9.978569000000000000e+06
9.777270000000000000e+06
3.005802300000000000e+07
2.995079300000000000e+07
2.985024300000000000e+07
2.962625100000000000e+07
2.943328700000000000e+07
2.926689300000000000e+07
2.912287800000000000e+07
2.899889600000000000e+07
2.889126600000000000e+07
2.871516600000000000e+07
2.857669300000000000e+07
2.846115800000000000e+07
2.835616800000000000e+07
2.825117000000000000e+07
2.813785500000000000e+07
2.801069400000000000e+07
2.786899500000000000e+07
2.770322900000000000e+07
2.752407900000000000e+07
2.732314700000000000e+07
2.710706700000000000e+07
2.687197700000000000e+07
2.662454600000000000e+07
2.636409900000000000e+07
2.581863000000000000e+07
2.524955800000000000e+07
2.467007100000000000e+07
2.408266100000000000e+07
2.348617500000000000e+07
2.289942500000000000e+07
2.230529500000000000e+07
2.172042700000000000e+07
2.114560900000000000e+07
2.056854700000000000e+07
2.000718100000000000e+07
1.946433600000000000e+07
1.892544700000000000e+07
1.840346600000000000e+07
1.789690900000000000e+07
1.740807300000000000e+07
1.693170600000000000e+07
1.647206600000000000e+07
1.603233500000000000e+07
1.560292500000000000e+07
1.519096700000000000e+07
1.479290100000000000e+07
1.440832500000000000e+07
1.405243000000000000e+07
1.370006000000000000e+07
1.336421700000000000e+07
1.303835000000000000e+07
1.272367400000000000e+07
1.242417600000000000e+07
1.212926100000000000e+07
1.186347200000000000e+07
1.159397600000000000e+07
1.134224100000000000e+07
1.107546700000000000e+07
1.085818700000000000e+07
1.062310300000000000e+07
1.040744800000000000e+07
1.019346800000000000e+07
9.995275000000000000e+06
9.800045000000000000e+06
2.987366500000000000e+07
2.977526000000000000e+07
2.955578100000000000e+07
2.936642200000000000e+07
2.920306300000000000e+07
2.906108400000000000e+07
2.893895600000000000e+07
2.883254400000000000e+07
2.865730700000000000e+07
2.851656900000000000e+07
2.839767500000000000e+07
2.828920400000000000e+07
2.817825800000000000e+07
2.806083900000000000e+07
2.793004500000000000e+07
2.778363500000000000e+07
2.761902400000000000e+07
2.743399200000000000e+07
2.723284200000000000e+07
2.701319200000000000e+07
2.677861900000000000e+07
2.653215600000000000e+07
2.627407500000000000e+07
2.573115000000000000e+07
2.516315100000000000e+07
2.458665000000000000e+07
2.400328000000000000e+07
2.341383100000000000e+07
2.281926800000000000e+07
2.223455200000000000e+07
2.165068200000000000e+07
2.107442500000000000e+07
2.050743400000000000e+07
1.994815200000000000e+07
1.940689200000000000e+07
1.887262800000000000e+07
1.836019700000000000e+07
1.785734400000000000e+07
1.736511900000000000e+07
1.689248100000000000e+07
1.644123200000000000e+07
1.600184400000000000e+07
1.556912500000000000e+07
1.516469700000000000e+07
1.477253500000000000e+07
1.439129100000000000e+07
1.403062100000000000e+07
1.367685100000000000e+07
1.334906700000000000e+07
1.302522000000000000e+07
1.271024500000000000e+07
1.242104700000000000e+07
1.212619100000000000e+07
1.186285700000000000e+07
1.159456500000000000e+07
1.133962600000000000e+07
1.109746300000000000e+07
1.086509200000000000e+07
1.064038600000000000e+07
1.040438800000000000e+07
1.020251200000000000e+07
9.987628000000000000e+06
9.795364000000000000e+06
2.970089000000000000e+07
2.948576300000000000e+07
2.929903600000000000e+07
2.913792500000000000e+07
2.899815900000000000e+07
2.887857700000000000e+07
2.877274200000000000e+07
2.859711700000000000e+07
2.845712500000000000e+07
2.833548100000000000e+07
2.822123100000000000e+07
2.810915400000000000e+07
2.798743200000000000e+07
2.785273700000000000e+07
2.770091300000000000e+07
2.753231200000000000e+07
2.734384500000000000e+07
2.714337300000000000e+07
2.692391000000000000e+07
2.668658500000000000e+07
2.644143400000000000e+07
2.618460100000000000e+07
2.564244500000000000e+07
2.508187600000000000e+07
2.450741400000000000e+07
2.392506500000000000e+07
2.333360300000000000e+07
2.274298700000000000e+07
2.216399000000000000e+07
2.158614700000000000e+07
2.101043600000000000e+07
2.044904800000000000e+07
1.989619800000000000e+07
1.935609200000000000e+07
1.882310200000000000e+07
1.830925700000000000e+07
1.781546000000000000e+07
1.732644200000000000e+07
1.685589700000000000e+07
1.640680500000000000e+07
1.597166500000000000e+07
1.554138300000000000e+07
1.514308100000000000e+07
1.475337300000000000e+07
1.438730500000000000e+07
1.401572700000000000e+07
1.367398900000000000e+07
1.333333200000000000e+07
1.301652400000000000e+07
1.270332600000000000e+07
1.242369100000000000e+07
1.213253000000000000e+07
1.185976500000000000e+07
1.159883000000000000e+07
1.134853300000000000e+07
1.110449100000000000e+07
1.086511200000000000e+07
1.064185000000000000e+07
1.041551500000000000e+07
1.020677500000000000e+07
1.002209500000000000e+07
9.827856000000000000e+06
2.930860400000000000e+07
2.913000800000000000e+07
2.897503100000000000e+07
2.884195000000000000e+07
2.872430300000000000e+07
2.862108800000000000e+07
2.844555300000000000e+07
2.830277600000000000e+07
2.817616500000000000e+07
2.805598800000000000e+07
2.793419800000000000e+07
2.780512300000000000e+07
2.766077000000000000e+07
2.750338000000000000e+07
2.732830200000000000e+07
2.713721900000000000e+07
2.693138300000000000e+07
2.671054500000000000e+07
2.647460800000000000e+07
2.622959700000000000e+07
2.597099200000000000e+07
2.543962300000000000e+07
2.488217400000000000e+07
2.431036000000000000e+07
2.373340300000000000e+07
2.315462500000000000e+07
2.258162500000000000e+07
2.199727000000000000e+07
2.142815400000000000e+07
2.086002600000000000e+07
2.031072700000000000e+07
1.975916300000000000e+07
1.922621700000000000e+07
1.870853000000000000e+07
1.820399300000000000e+07
1.771284900000000000e+07
1.723960700000000000e+07
1.678099100000000000e+07
1.633692700000000000e+07
1.590512900000000000e+07
1.549423400000000000e+07
1.509760100000000000e+07
1.471699300000000000e+07
1.434267000000000000e+07
1.398254700000000000e+07
1.365547700000000000e+07
1.332605900000000000e+07
1.301184300000000000e+07
1.270620100000000000e+07
1.242108500000000000e+07
1.214061900000000000e+07
1.186597700000000000e+07
1.161123300000000000e+07
1.135131200000000000e+07
1.111543500000000000e+07
1.088950800000000000e+07
1.066517500000000000e+07
1.044127300000000000e+07
1.024333000000000000e+07
1.003922000000000000e+07
9.861535000000000000e+06
2.895929000000000000e+07
2.881184500000000000e+07
2.868201100000000000e+07
2.856781600000000000e+07
2.846571000000000000e+07
2.829445700000000000e+07
2.814892100000000000e+07
2.801772700000000000e+07
2.789449600000000000e+07
2.776641900000000000e+07
2.762966600000000000e+07
2.748018300000000000e+07
2.731550600000000000e+07
2.713447600000000000e+07
2.694342000000000000e+07
2.673494100000000000e+07
2.650939800000000000e+07
2.627696400000000000e+07
2.603253100000000000e+07
2.577459800000000000e+07
2.524915900000000000e+07
2.469954900000000000e+07
2.413235400000000000e+07
2.356607100000000000e+07
2.299317800000000000e+07
2.241860800000000000e+07
2.185164300000000000e+07
2.128705000000000000e+07
2.072572100000000000e+07
2.017448100000000000e+07
1.963971600000000000e+07
1.911254700000000000e+07
1.860216500000000000e+07
1.810132100000000000e+07
1.762456600000000000e+07
1.715612000000000000e+07
1.670602000000000000e+07
1.627145700000000000e+07
1.584662200000000000e+07
1.544906800000000000e+07
1.505907400000000000e+07
1.467780500000000000e+07
1.432290600000000000e+07
1.396300100000000000e+07
1.364533800000000000e+07
1.331526000000000000e+07
1.300028500000000000e+07
1.270114300000000000e+07
1.241205200000000000e+07
1.214439800000000000e+07
1.187657800000000000e+07
1.161313700000000000e+07
1.138145500000000000e+07
1.114626400000000000e+07
1.091566300000000000e+07
1.069339100000000000e+07
1.047554500000000000e+07
1.026875500000000000e+07
1.006590900000000000e+07
9.876596000000000000e+06
2.864591600000000000e+07
2.852044300000000000e+07
2.840850500000000000e+07
2.830887800000000000e+07
2.813942900000000000e+07
2.799401200000000000e+07
2.786101100000000000e+07
2.773225500000000000e+07
2.760087800000000000e+07
2.745771300000000000e+07
2.730490500000000000e+07
2.713699600000000000e+07
2.695464600000000000e+07
2.675933800000000000e+07
2.654992500000000000e+07
2.632565700000000000e+07
2.609273600000000000e+07
2.584596600000000000e+07
2.559664800000000000e+07
2.507110200000000000e+07
2.452768400000000000e+07
2.397152100000000000e+07
2.340140800000000000e+07
2.283550700000000000e+07
2.226793200000000000e+07
2.170771100000000000e+07
2.114944800000000000e+07
2.060381000000000000e+07
2.005937400000000000e+07
1.952832400000000000e+07
1.901244200000000000e+07
1.850980500000000000e+07
1.802273000000000000e+07
1.755155600000000000e+07
1.709113300000000000e+07
1.664648600000000000e+07
1.621586700000000000e+07
1.580073200000000000e+07
1.540695800000000000e+07
1.501654600000000000e+07
1.465714900000000000e+07
1.429650900000000000e+07
1.395968800000000000e+07
1.363148300000000000e+07
1.330997600000000000e+07
1.300605200000000000e+07
1.271352400000000000e+07
1.242162000000000000e+07
1.216322900000000000e+07
1.189812900000000000e+07
1.165351300000000000e+07
1.139750500000000000e+07
1.116017300000000000e+07
1.093919300000000000e+07
1.071877000000000000e+07
1.050972200000000000e+07
1.031883200000000000e+07
1.011014500000000000e+07
9.918727000000000000e+06
2.835706900000000000e+07
2.824873000000000000e+07
2.815421700000000000e+07
2.798599000000000000e+07
2.784020200000000000e+07
2.770847800000000000e+07
2.757697100000000000e+07
2.744096800000000000e+07
2.729602100000000000e+07
2.713749000000000000e+07
2.696538100000000000e+07
2.678440700000000000e+07
2.658702700000000000e+07
2.637301200000000000e+07
2.615158400000000000e+07
2.591974800000000000e+07
2.567344400000000000e+07
2.542408100000000000e+07
2.490873900000000000e+07
2.436743900000000000e+07
2.381697400000000000e+07
2.325411300000000000e+07
2.268912700000000000e+07
2.213407600000000000e+07
2.157866400000000000e+07
2.102462500000000000e+07
2.048656200000000000e+07
1.995218400000000000e+07
1.943257200000000000e+07
1.892111900000000000e+07
1.842657800000000000e+07
1.795107300000000000e+07
1.748034000000000000e+07
1.703101100000000000e+07
1.659517800000000000e+07
1.617816900000000000e+07
1.575969200000000000e+07
1.537493800000000000e+07
1.499760100000000000e+07
1.464239400000000000e+07
1.428253500000000000e+07
1.394948700000000000e+07
1.361701800000000000e+07
1.330869700000000000e+07
1.300247200000000000e+07
1.272899400000000000e+07
1.244314100000000000e+07
1.217445200000000000e+07
1.191794200000000000e+07
1.167173100000000000e+07
1.143083300000000000e+07
1.119343400000000000e+07
1.097243600000000000e+07
1.074906000000000000e+07
1.054127200000000000e+07
1.035646000000000000e+07
1.016308900000000000e+07
9.964335000000000000e+06
2.809179000000000000e+07
2.799697100000000000e+07
2.783329300000000000e+07
2.768900200000000000e+07
2.755512700000000000e+07
2.742352800000000000e+07
2.728371600000000000e+07
2.713731600000000000e+07
2.697801100000000000e+07
2.680553200000000000e+07
2.662149600000000000e+07
2.642366600000000000e+07
2.621117500000000000e+07
2.598984600000000000e+07
2.575497000000000000e+07
2.551685700000000000e+07
2.526759600000000000e+07
2.475055400000000000e+07
2.421291700000000000e+07
2.366650700000000000e+07
2.311520700000000000e+07
2.256532300000000000e+07
2.200666400000000000e+07
2.146024700000000000e+07
2.091417400000000000e+07
2.038497300000000000e+07
1.985444700000000000e+07
1.934009900000000000e+07
1.884273200000000000e+07
1.835464500000000000e+07
1.788357300000000000e+07
1.742660000000000000e+07
1.698363700000000000e+07
1.655523400000000000e+07
1.613769300000000000e+07
1.573889100000000000e+07
1.535508100000000000e+07
1.498546400000000000e+07
1.462111900000000000e+07
1.427019700000000000e+07
1.395141100000000000e+07
1.363037800000000000e+07
1.332235800000000000e+07
1.302247900000000000e+07
1.274374400000000000e+07
1.246626900000000000e+07
1.219655700000000000e+07
1.194442400000000000e+07
1.168722000000000000e+07
1.145332800000000000e+07
1.122921100000000000e+07
1.100691200000000000e+07
1.078374600000000000e+07
1.058614100000000000e+07
1.038253700000000000e+07
1.020439200000000000e+07
9.997366000000000000e+06
2.784270200000000000e+07
2.768228000000000000e+07
2.754288200000000000e+07
2.740919600000000000e+07
2.727559900000000000e+07
2.713653500000000000e+07
2.698597400000000000e+07
2.682395100000000000e+07
2.665404600000000000e+07
2.646842500000000000e+07
2.626652000000000000e+07
2.605587900000000000e+07
2.583714400000000000e+07
2.560251700000000000e+07
2.536388500000000000e+07
2.511962000000000000e+07
2.460787600000000000e+07
2.407462800000000000e+07
2.353802800000000000e+07
2.299208400000000000e+07
2.244277100000000000e+07
2.189905200000000000e+07
2.135671700000000000e+07
2.081536300000000000e+07
2.028525500000000000e+07
1.977035100000000000e+07
1.926193300000000000e+07
1.876972300000000000e+07
1.828666100000000000e+07
1.782605800000000000e+07
1.737308100000000000e+07
1.693740900000000000e+07
1.651690900000000000e+07
1.610497800000000000e+07
1.571933400000000000e+07
1.533964400000000000e+07
1.496867600000000000e+07
1.462214600000000000e+07
1.427028800000000000e+07
1.395999000000000000e+07
1.363638200000000000e+07
1.332663700000000000e+07
1.303341600000000000e+07
1.274846700000000000e+07
1.248518800000000000e+07
1.221929900000000000e+07
1.195894300000000000e+07
1.172885100000000000e+07
1.149481000000000000e+07
1.126622900000000000e+07
1.104391000000000000e+07
1.082690600000000000e+07
1.062159700000000000e+07
1.041654000000000000e+07
1.022712900000000000e+07
1.005942200000000000e+07
2.739360900000000000e+07
2.725812500000000000e+07
2.712752400000000000e+07
2.699524200000000000e+07
2.685375400000000000e+07
2.670296500000000000e+07
2.654508300000000000e+07
2.637221600000000000e+07
2.618325100000000000e+07
2.598545400000000000e+07
2.577905100000000000e+07
2.555648900000000000e+07
2.532903000000000000e+07
2.509576800000000000e+07
2.485506600000000000e+07
2.435020000000000000e+07
2.383190800000000000e+07
2.329839600000000000e+07
2.275971100000000000e+07
2.222895900000000000e+07
2.169568900000000000e+07
2.116250600000000000e+07
2.064648800000000000e+07
2.012838800000000000e+07
1.962689000000000000e+07
1.913349900000000000e+07
1.865491600000000000e+07
1.819425900000000000e+07
1.773747400000000000e+07
1.730189200000000000e+07
1.687836800000000000e+07
1.647179200000000000e+07
1.606442400000000000e+07
1.568882500000000000e+07
1.531935100000000000e+07
1.497137200000000000e+07
1.462075300000000000e+07
1.429160500000000000e+07
1.396306600000000000e+07
1.366074700000000000e+07
1.335823300000000000e+07
1.308786700000000000e+07
1.280449800000000000e+07
1.253833600000000000e+07
1.228346100000000000e+07
1.203838700000000000e+07
1.179808000000000000e+07
1.156076300000000000e+07
1.133999900000000000e+07
1.111761600000000000e+07
1.090905400000000000e+07
1.072261400000000000e+07
1.052835500000000000e+07
1.032772400000000000e+07
1.015215700000000000e+07
2.699274300000000000e+07
2.686765800000000000e+07
2.673607200000000000e+07
2.659736200000000000e+07
2.645248000000000000e+07
2.629335900000000000e+07
2.611805700000000000e+07
2.593417500000000000e+07
2.574083800000000000e+07
2.553116800000000000e+07
2.531551000000000000e+07
2.509377800000000000e+07
2.486348900000000000e+07
2.462211200000000000e+07
2.412466000000000000e+07
2.361958800000000000e+07
2.310149900000000000e+07
2.257798400000000000e+07
2.205710500000000000e+07
2.153618600000000000e+07
2.101353300000000000e+07
2.050311000000000000e+07
2.000536900000000000e+07
1.951325600000000000e+07
1.903604700000000000e+07
1.857081700000000000e+07
1.811947100000000000e+07
1.768148900000000000e+07
1.725377500000000000e+07
1.684296200000000000e+07
1.643976800000000000e+07
1.606256400000000000e+07
1.568953700000000000e+07
1.532543500000000000e+07
1.498398600000000000e+07
1.463697800000000000e+07
1.433089800000000000e+07
1.400948400000000000e+07
1.370355600000000000e+07
1.341358800000000000e+07
1.313032400000000000e+07
1.286873500000000000e+07
1.260266400000000000e+07
1.234349700000000000e+07
1.211290100000000000e+07
1.187797100000000000e+07
1.164988300000000000e+07
1.142630400000000000e+07
1.120823700000000000e+07
1.100294900000000000e+07
1.079443000000000000e+07
1.060361600000000000e+07
1.043367900000000000e+07
1.025498200000000000e+07
2.662916600000000000e+07
2.650322800000000000e+07
2.637227100000000000e+07
2.622785700000000000e+07
2.606744100000000000e+07
2.589830500000000000e+07
2.571886700000000000e+07
2.552292900000000000e+07
2.531987300000000000e+07
2.511028100000000000e+07
2.489104400000000000e+07
2.466036400000000000e+07
2.442622600000000000e+07
2.394270000000000000e+07
2.344011700000000000e+07
2.292867400000000000e+07
2.242231200000000000e+07
2.191081900000000000e+07
2.139751600000000000e+07
2.090055700000000000e+07
2.039828000000000000e+07
1.991223300000000000e+07
1.943385200000000000e+07
1.896826800000000000e+07
1.851928900000000000e+07
1.807318800000000000e+07
1.764790400000000000e+07
1.723335700000000000e+07
1.683391700000000000e+07
1.643432500000000000e+07
1.606463600000000000e+07
1.569920200000000000e+07
1.535631800000000000e+07
1.501135900000000000e+07
1.468403700000000000e+07
1.435827200000000000e+07
1.405812600000000000e+07
1.375687400000000000e+07
1.348735600000000000e+07
1.320449100000000000e+07
1.293892000000000000e+07
1.268386200000000000e+07
1.243810100000000000e+07
1.219665200000000000e+07
1.195794700000000000e+07
1.173599200000000000e+07
1.151321400000000000e+07
1.130263100000000000e+07
1.111337100000000000e+07
1.091695200000000000e+07
1.071356400000000000e+07
1.053651400000000000e+07
1.035229200000000000e+07
2.630095600000000000e+07
2.617223300000000000e+07
2.602763700000000000e+07
2.587424000000000000e+07
2.570990700000000000e+07
2.552850900000000000e+07
2.533893100000000000e+07
2.514221300000000000e+07
2.493481200000000000e+07
2.471545800000000000e+07
2.449160900000000000e+07
2.425713900000000000e+07
2.378597600000000000e+07
2.329722900000000000e+07
2.280008700000000000e+07
2.230196800000000000e+07
2.180156100000000000e+07
2.129622900000000000e+07
2.080410400000000000e+07
2.032144200000000000e+07
1.984305000000000000e+07
1.937819800000000000e+07
1.892476600000000000e+07
1.848297700000000000e+07
1.805392900000000000e+07
1.763430800000000000e+07
1.723023500000000000e+07
1.683231300000000000e+07
1.646121900000000000e+07
1.609229200000000000e+07
1.573229700000000000e+07
1.539334100000000000e+07
1.504857000000000000e+07
1.474454700000000000e+07
1.442419100000000000e+07
1.411902100000000000e+07
1.383038800000000000e+07
1.354704800000000000e+07
1.328436100000000000e+07
1.301724200000000000e+07
1.275796000000000000e+07
1.252532600000000000e+07
1.228646300000000000e+07
1.205925600000000000e+07
1.183326600000000000e+07
1.161297200000000000e+07
1.140654400000000000e+07
1.119373200000000000e+07
1.100050700000000000e+07
1.082749800000000000e+07
1.064672700000000000e+07
1.045359100000000000e+07
2.599558700000000000e+07
2.585891500000000000e+07
2.571069400000000000e+07
2.554482700000000000e+07
2.536980500000000000e+07
2.518675300000000000e+07
2.499192200000000000e+07
2.478454100000000000e+07
2.457159000000000000e+07
2.434745000000000000e+07
2.412317300000000000e+07
2.365671600000000000e+07
2.317366900000000000e+07
2.269199800000000000e+07
2.220198600000000000e+07
2.170776800000000000e+07
2.122804700000000000e+07
2.074037700000000000e+07
2.026771500000000000e+07
1.980187700000000000e+07
1.934690800000000000e+07
1.890701200000000000e+07
1.846901700000000000e+07
1.805138000000000000e+07
1.764312600000000000e+07
1.724825400000000000e+07
1.685412800000000000e+07
1.648769200000000000e+07
1.612531500000000000e+07
1.578404500000000000e+07
1.544128700000000000e+07
1.511647900000000000e+07
1.479005500000000000e+07
1.449107900000000000e+07
1.418846500000000000e+07
1.391827300000000000e+07
1.363428700000000000e+07
1.336797900000000000e+07
1.311130000000000000e+07
1.286350200000000000e+07
1.261974400000000000e+07
1.237851700000000000e+07
1.215430900000000000e+07
1.193014400000000000e+07
1.171651700000000000e+07
1.152352800000000000e+07
1.132414700000000000e+07
1.111738100000000000e+07
1.093756400000000000e+07
1.074953700000000000e+07
1.055768200000000000e+07
2.571832000000000000e+07
2.556899400000000000e+07
2.540959500000000000e+07
2.524099900000000000e+07
2.505975900000000000e+07
2.486506200000000000e+07
2.466364400000000000e+07
2.445039800000000000e+07
2.423560100000000000e+07
2.401591300000000000e+07
2.355852600000000000e+07
2.308870400000000000e+07
2.261351000000000000e+07
2.213423700000000000e+07
2.164490500000000000e+07
2.116908100000000000e+07
2.069987900000000000e+07
2.023321900000000000e+07
1.977861400000000000e+07
1.933405400000000000e+07
1.890024600000000000e+07
1.847782100000000000e+07
1.806537000000000000e+07
1.766775100000000000e+07
1.727038300000000000e+07
1.690244100000000000e+07
1.653565100000000000e+07
1.617765300000000000e+07
1.583935400000000000e+07
1.549643900000000000e+07
1.519126100000000000e+07
1.487085900000000000e+07
1.456445900000000000e+07
1.427572600000000000e+07
1.399074800000000000e+07
1.372572800000000000e+07
1.345676600000000000e+07
1.319508700000000000e+07
1.296005800000000000e+07
1.271858100000000000e+07
1.248896700000000000e+07
1.225966200000000000e+07
1.203632500000000000e+07
1.182785400000000000e+07
1.161011600000000000e+07
1.141390100000000000e+07
1.123704800000000000e+07
1.105353700000000000e+07
1.085654200000000000e+07
1.067892300000000000e+07
2.545546000000000000e+07
2.530245800000000000e+07
2.513565100000000000e+07
2.495443400000000000e+07
2.476538800000000000e+07
2.456361600000000000e+07
2.435911500000000000e+07
2.414884300000000000e+07
2.392858400000000000e+07
2.347576000000000000e+07
2.301937800000000000e+07
2.255107300000000000e+07
2.207546700000000000e+07
2.161175200000000000e+07
2.113779100000000000e+07
2.067740200000000000e+07
2.022181400000000000e+07
1.977561100000000000e+07
1.934291000000000000e+07
1.891124200000000000e+07
1.849903400000000000e+07
1.809506400000000000e+07
1.770291200000000000e+07
1.731244400000000000e+07
1.694726700000000000e+07
1.658606300000000000e+07
1.624453200000000000e+07
1.590271000000000000e+07
1.557797300000000000e+07
1.525038400000000000e+07
1.495144800000000000e+07
1.464597200000000000e+07
1.437376900000000000e+07
1.408761000000000000e+07
1.381947800000000000e+07
1.356014700000000000e+07
1.330933000000000000e+07
1.306224600000000000e+07
1.281774400000000000e+07
1.259046200000000000e+07
1.236423600000000000e+07
1.214678900000000000e+07
1.194939800000000000e+07
1.174638700000000000e+07
1.153567500000000000e+07
1.135254600000000000e+07
1.116016600000000000e+07
1.096471800000000000e+07
1.078590000000000000e+07
2.521718000000000000e+07
2.505027300000000000e+07
2.487433400000000000e+07
2.468481800000000000e+07
2.449106200000000000e+07
2.429088000000000000e+07
2.407982100000000000e+07
2.386751500000000000e+07
2.342656300000000000e+07
2.297496800000000000e+07
2.251645300000000000e+07
2.204342000000000000e+07
2.158290800000000000e+07
2.112602700000000000e+07
2.066958300000000000e+07
2.022364600000000000e+07
1.978619600000000000e+07
1.935905700000000000e+07
1.894138500000000000e+07
1.853491200000000000e+07
1.813816100000000000e+07
1.774343600000000000e+07
1.737664500000000000e+07
1.700989700000000000e+07
1.665294800000000000e+07
1.631394200000000000e+07
1.597196100000000000e+07
1.566390200000000000e+07
1.534230200000000000e+07
1.503343400000000000e+07
1.474345700000000000e+07
1.445587300000000000e+07
1.418759100000000000e+07
1.391584600000000000e+07
1.365057600000000000e+07
1.341260900000000000e+07
1.316776900000000000e+07
1.293497400000000000e+07
1.270169900000000000e+07
1.247472900000000000e+07
1.226345000000000000e+07
1.204040600000000000e+07
1.184059900000000000e+07
1.165939000000000000e+07
1.147261800000000000e+07
1.127119200000000000e+07
1.109001900000000000e+07
1.092067900000000000e+07
2.498829300000000000e+07
2.481181200000000000e+07
2.462952500000000000e+07
2.443999900000000000e+07
2.423866000000000000e+07
2.403493900000000000e+07
2.381860000000000000e+07
2.338905000000000000e+07
2.294321600000000000e+07
2.248624000000000000e+07
2.203813200000000000e+07
2.157736800000000000e+07
2.112783200000000000e+07
2.068144100000000000e+07
2.024262300000000000e+07
1.981571100000000000e+07
1.938895800000000000e+07
1.898076600000000000e+07
1.857969200000000000e+07
1.818886300000000000e+07
1.780064700000000000e+07
1.743523900000000000e+07
1.707392200000000000e+07
1.673002500000000000e+07
1.638884300000000000e+07
1.606281900000000000e+07
1.573315600000000000e+07
1.543305800000000000e+07
1.512396500000000000e+07
1.484875900000000000e+07
1.455969100000000000e+07
1.428903700000000000e+07
1.402611500000000000e+07
1.377145500000000000e+07
1.352042500000000000e+07
1.327200200000000000e+07
1.304104700000000000e+07
1.281217900000000000e+07
1.258986600000000000e+07
1.238803800000000000e+07
1.218088100000000000e+07
1.196453100000000000e+07
1.177897700000000000e+07
1.158198400000000000e+07
1.138239300000000000e+07
1.119818600000000000e+07
1.101746600000000000e+07
2.477249100000000000e+07
2.459423600000000000e+07
2.440318700000000000e+07
2.420858100000000000e+07
2.400079000000000000e+07
2.379888500000000000e+07
2.337246500000000000e+07
2.293452900000000000e+07
2.247919500000000000e+07
2.203309200000000000e+07
2.158795900000000000e+07
2.114103400000000000e+07
2.070282500000000000e+07
2.027139800000000000e+07
1.984966900000000000e+07
1.943553300000000000e+07
1.903183600000000000e+07
1.863653500000000000e+07
1.824330200000000000e+07
1.787651100000000000e+07
1.750817300000000000e+07
1.715171300000000000e+07
1.681099800000000000e+07
1.646795200000000000e+07
1.615694300000000000e+07
1.583317300000000000e+07
1.552109700000000000e+07
1.522913200000000000e+07
1.493808400000000000e+07
1.466585400000000000e+07
1.439054200000000000e+07
1.412110900000000000e+07
1.387958100000000000e+07
1.363080300000000000e+07
1.339392300000000000e+07
1.315643100000000000e+07
1.292540500000000000e+07
1.271062800000000000e+07
1.248210300000000000e+07
1.227829900000000000e+07
1.209236900000000000e+07
1.190166100000000000e+07
1.169582000000000000e+07
1.151064600000000000e+07
1.133677600000000000e+07
1.115218200000000000e+07
2.457162200000000000e+07
2.438670200000000000e+07
2.418798600000000000e+07
2.399390400000000000e+07
2.378756700000000000e+07
2.336554800000000000e+07
2.292821100000000000e+07
2.249562500000000000e+07
2.204812500000000000e+07
2.160904300000000000e+07
2.117104200000000000e+07
2.073874500000000000e+07
2.031680700000000000e+07
1.989400200000000000e+07
1.948887300000000000e+07
1.908945600000000000e+07
1.869897500000000000e+07
1.831223200000000000e+07
1.794541600000000000e+07
1.758299400000000000e+07
1.723728200000000000e+07
1.689684400000000000e+07
1.656617700000000000e+07
1.623367000000000000e+07
1.593147900000000000e+07
1.561823700000000000e+07
1.533939800000000000e+07
1.504663100000000000e+07
1.477269300000000000e+07
1.450597600000000000e+07
1.424683700000000000e+07
1.399128000000000000e+07
1.373850900000000000e+07
1.350343400000000000e+07
1.327084200000000000e+07
1.304365800000000000e+07
1.283723100000000000e+07
1.262534800000000000e+07
1.240412100000000000e+07
1.221485600000000000e+07
1.201297100000000000e+07
1.180897900000000000e+07
1.162066700000000000e+07
1.143582400000000000e+07
1.127671800000000000e+07
2.437854100000000000e+07
2.419269900000000000e+07
2.399446400000000000e+07
2.379385700000000000e+07
2.337793900000000000e+07
2.294136000000000000e+07
2.250982900000000000e+07
2.207618300000000000e+07
2.163858600000000000e+07
2.120749600000000000e+07
2.078136900000000000e+07
2.036445800000000000e+07
1.995306900000000000e+07
1.955130200000000000e+07
1.915664000000000000e+07
1.876402400000000000e+07
1.839641500000000000e+07
1.802716500000000000e+07
1.766885900000000000e+07
1.732568900000000000e+07
1.698020200000000000e+07
1.666598400000000000e+07
1.633968100000000000e+07
1.602375500000000000e+07
1.572900800000000000e+07
1.543415300000000000e+07
1.515729200000000000e+07
1.487812500000000000e+07
1.460395100000000000e+07
1.435822900000000000e+07
1.410514200000000000e+07
1.386124200000000000e+07
1.362165800000000000e+07
1.338618900000000000e+07
1.316742800000000000e+07
1.293328000000000000e+07
1.272512900000000000e+07
1.253437000000000000e+07
1.233934000000000000e+07
1.212874700000000000e+07
1.193927600000000000e+07
1.176070600000000000e+07
1.157176500000000000e+07
1.140906200000000000e+07
2.420472900000000000e+07
2.401016600000000000e+07
2.380754700000000000e+07
2.339125900000000000e+07
2.297502500000000000e+07
2.254128500000000000e+07
2.211258000000000000e+07
2.168281100000000000e+07
2.125661100000000000e+07
2.083920900000000000e+07
2.041976900000000000e+07
2.001692600000000000e+07
1.961861000000000000e+07
1.922781600000000000e+07
1.884159900000000000e+07
1.847287500000000000e+07
1.810870900000000000e+07
1.776079900000000000e+07
1.741842200000000000e+07
1.708419600000000000e+07
1.674830700000000000e+07
1.644328600000000000e+07
1.612559700000000000e+07
1.584254200000000000e+07
1.554575200000000000e+07
1.526730400000000000e+07
1.499672300000000000e+07
1.473299600000000000e+07
1.447248000000000000e+07
1.421506400000000000e+07
1.397550000000000000e+07
1.373893500000000000e+07
1.350649200000000000e+07
1.329517300000000000e+07
1.307833700000000000e+07
1.285338100000000000e+07
1.265872900000000000e+07
1.245172400000000000e+07
1.224310700000000000e+07
1.205050500000000000e+07
1.186128300000000000e+07
1.169728900000000000e+07
1.152527300000000000e+07
2.403284700000000000e+07
2.383694200000000000e+07
2.342067200000000000e+07
2.300474100000000000e+07
2.258330900000000000e+07
2.215497400000000000e+07
2.173094100000000000e+07
2.131000200000000000e+07
2.089736300000000000e+07
2.048828900000000000e+07
2.008792900000000000e+07
1.969337600000000000e+07
1.930078300000000000e+07
1.893180700000000000e+07
1.856113000000000000e+07
1.820048000000000000e+07
1.785429600000000000e+07
1.750586400000000000e+07
1.718796600000000000e+07
1.685852400000000000e+07
1.653832600000000000e+07
1.624019400000000000e+07
1.594120800000000000e+07
1.565938200000000000e+07
1.537593600000000000e+07
1.509674500000000000e+07
1.484645600000000000e+07
1.458872900000000000e+07
1.434040600000000000e+07
1.409552600000000000e+07
1.385535600000000000e+07
1.363227300000000000e+07
1.339237000000000000e+07
1.317956100000000000e+07
1.298381700000000000e+07
1.278419100000000000e+07
1.256875600000000000e+07
1.237468300000000000e+07
1.219131400000000000e+07
1.199785700000000000e+07
1.183050500000000000e+07
1.164771100000000000e+07
2.386678600000000000e+07
2.346831700000000000e+07
2.304935000000000000e+07
2.263158700000000000e+07
2.221031000000000000e+07
2.179012500000000000e+07
2.137728500000000000e+07
2.096092300000000000e+07
2.056012800000000000e+07
2.016242100000000000e+07
1.977084700000000000e+07
1.938454700000000000e+07
1.901367400000000000e+07
1.864738000000000000e+07
1.829674700000000000e+07
1.795165200000000000e+07
1.761386300000000000e+07
1.727394000000000000e+07
1.696585000000000000e+07
1.664334200000000000e+07
1.635443600000000000e+07
1.605458800000000000e+07
1.577136900000000000e+07
1.549612600000000000e+07
1.522795000000000000e+07
1.496223500000000000e+07
1.469989400000000000e+07
1.445560500000000000e+07
1.421470300000000000e+07
1.397689300000000000e+07
1.376049400000000000e+07
1.353843700000000000e+07
1.330953700000000000e+07
1.310921900000000000e+07
1.289705400000000000e+07
1.268376700000000000e+07
1.248653600000000000e+07
1.229269500000000000e+07
1.212380400000000000e+07
1.194669100000000000e+07
1.176003900000000000e+07
2.356588200000000000e+07
2.316014200000000000e+07
2.274799300000000000e+07
2.233425800000000000e+07
2.192618400000000000e+07
2.151303600000000000e+07
2.111425300000000000e+07
2.071701900000000000e+07
2.032455200000000000e+07
1.993788600000000000e+07
1.956459800000000000e+07
1.919584000000000000e+07
1.884237400000000000e+07
1.849419700000000000e+07
1.815257400000000000e+07
1.780855500000000000e+07
1.749694900000000000e+07
1.716943500000000000e+07
1.687422600000000000e+07
1.657127200000000000e+07
1.628319100000000000e+07
1.600299100000000000e+07
1.573005800000000000e+07
1.545895100000000000e+07
1.519151000000000000e+07
1.494231700000000000e+07
1.469686900000000000e+07
1.445348400000000000e+07
1.423187200000000000e+07
1.400448200000000000e+07
1.377144900000000000e+07
1.356532000000000000e+07
1.334800600000000000e+07
1.313001100000000000e+07
1.292785700000000000e+07
1.272924900000000000e+07
1.255539100000000000e+07
1.237314700000000000e+07
1.218158900000000000e+07
1.200465000000000000e+07
2.329117700000000000e+07
2.288471200000000000e+07
2.248195800000000000e+07
2.207237600000000000e+07
2.167549500000000000e+07
2.127913300000000000e+07
2.088583500000000000e+07
2.049858600000000000e+07
2.012297900000000000e+07
1.975159900000000000e+07
1.939525300000000000e+07
1.904380400000000000e+07
1.869824100000000000e+07
1.835015100000000000e+07
1.803471100000000000e+07
1.770215000000000000e+07
1.740194700000000000e+07
1.709420400000000000e+07
1.680115100000000000e+07
1.651581000000000000e+07
1.623799000000000000e+07
1.596133500000000000e+07
1.568872500000000000e+07
1.543446600000000000e+07
1.518424800000000000e+07
1.493531000000000000e+07
1.470837500000000000e+07
1.447549200000000000e+07
1.423821700000000000e+07
1.402622600000000000e+07
1.380363400000000000e+07
1.358091100000000000e+07
1.337379300000000000e+07
1.317029900000000000e+07
1.299146100000000000e+07
1.280395000000000000e+07
1.260720700000000000e+07
1.242657100000000000e+07
1.223874700000000000e+07
2.304101600000000000e+07
2.263544400000000000e+07
2.224091400000000000e+07
2.184595000000000000e+07
2.145220000000000000e+07
2.106434900000000000e+07
2.068649700000000000e+07
2.031253600000000000e+07
1.995326000000000000e+07
1.959859600000000000e+07
1.924905400000000000e+07
1.889693000000000000e+07
1.857762100000000000e+07
1.823991400000000000e+07
1.793466500000000000e+07
1.762199900000000000e+07
1.732397000000000000e+07
1.703338200000000000e+07
1.675059800000000000e+07
1.646832100000000000e+07
1.619043000000000000e+07
1.593110500000000000e+07
1.567584800000000000e+07
1.542142200000000000e+07
1.518916600000000000e+07
1.495060700000000000e+07
1.470904300000000000e+07
1.449121500000000000e+07
1.426331500000000000e+07
1.403577900000000000e+07
1.382357500000000000e+07
1.361512900000000000e+07
1.343130900000000000e+07
1.323851700000000000e+07
1.303652500000000000e+07
1.285222700000000000e+07
1.265966900000000000e+07
1.248940000000000000e+07
2.280814000000000000e+07
2.241487300000000000e+07
2.202115000000000000e+07
2.163292000000000000e+07
2.125316500000000000e+07
2.087738900000000000e+07
2.051467800000000000e+07
2.015692000000000000e+07
1.980347400000000000e+07
1.944751900000000000e+07
1.912428000000000000e+07
1.878134500000000000e+07
1.847104400000000000e+07
1.815350100000000000e+07
1.785051400000000000e+07
1.755464700000000000e+07
1.726679200000000000e+07
1.697884900000000000e+07
1.669577100000000000e+07
1.643135300000000000e+07
1.617103600000000000e+07
1.591106600000000000e+07
1.567347500000000000e+07
1.542915000000000000e+07
1.518331700000000000e+07
1.495962700000000000e+07
1.472642100000000000e+07
1.449401300000000000e+07
1.427673800000000000e+07
1.406327600000000000e+07
1.387442600000000000e+07
1.367635900000000000e+07
1.346893600000000000e+07
1.328102600000000000e+07
1.308472700000000000e+07
1.290849300000000000e+07
1.274962300000000000e+07
2.259073700000000000e+07
2.220235400000000000e+07
2.182121500000000000e+07
2.144367900000000000e+07
2.107806400000000000e+07
2.071728900000000000e+07
2.036014100000000000e+07
2.000046600000000000e+07
1.967334200000000000e+07
1.932545800000000000e+07
1.901006500000000000e+07
1.868769300000000000e+07
1.837972700000000000e+07
1.807916100000000000e+07
1.778580100000000000e+07
1.749227900000000000e+07
1.720395400000000000e+07
1.693444200000000000e+07
1.666918800000000000e+07
1.640357500000000000e+07
1.616059000000000000e+07
1.591055600000000000e+07
1.566041700000000000e+07
1.543089300000000000e+07
1.519234300000000000e+07
1.495506700000000000e+07
1.473274900000000000e+07
1.451423400000000000e+07
1.432024100000000000e+07
1.411702500000000000e+07
1.390363400000000000e+07
1.371246700000000000e+07
1.351231100000000000e+07
1.333035400000000000e+07
1.316653700000000000e+07
1.296819300000000000e+07
2.238901700000000000e+07
2.200996900000000000e+07
2.164196000000000000e+07
2.127846800000000000e+07
2.091784100000000000e+07
2.055464100000000000e+07
2.022365900000000000e+07
1.987129300000000000e+07
1.955064800000000000e+07
1.922362400000000000e+07
1.891087100000000000e+07
1.860716900000000000e+07
1.830679800000000000e+07
1.800769100000000000e+07
1.771421200000000000e+07
1.743953600000000000e+07
1.716951500000000000e+07
1.689827600000000000e+07
1.664999300000000000e+07
1.639430000000000000e+07
1.613973900000000000e+07
1.590448100000000000e+07
1.566059700000000000e+07
1.541805400000000000e+07
1.519107500000000000e+07
1.496754900000000000e+07
1.476831100000000000e+07
1.456006600000000000e+07
1.434180000000000000e+07
1.414634600000000000e+07
1.394212000000000000e+07
1.375470500000000000e+07
1.358585500000000000e+07
1.338344400000000000e+07
1.319655500000000000e+07
2.220505700000000000e+07
2.183924100000000000e+07
2.147539400000000000e+07
2.110890700000000000e+07
2.077421100000000000e+07
2.041772500000000000e+07
2.009204300000000000e+07
1.976047800000000000e+07
1.944306200000000000e+07
1.913463200000000000e+07
1.882904400000000000e+07
1.852460400000000000e+07
1.822594600000000000e+07
1.794615300000000000e+07
1.767141900000000000e+07
1.739467200000000000e+07
1.714234100000000000e+07
1.687981200000000000e+07
1.662088400000000000e+07
1.637984900000000000e+07
1.613076200000000000e+07
1.588244100000000000e+07
1.565134700000000000e+07
1.542308300000000000e+07
1.521832400000000000e+07
1.500516100000000000e+07
1.478248000000000000e+07
1.458234400000000000e+07
1.437401200000000000e+07
1.418121100000000000e+07
1.400728700000000000e+07
1.380077000000000000e+07
1.360914000000000000e+07
1.343545600000000000e+07
2.203184700000000000e+07
2.166251400000000000e+07
2.132419900000000000e+07
2.096339900000000000e+07
2.063338200000000000e+07
2.029750000000000000e+07
1.997836500000000000e+07
1.966244900000000000e+07
1.935194300000000000e+07
1.904227800000000000e+07
1.873828700000000000e+07
1.845376000000000000e+07
1.817431300000000000e+07
1.789218300000000000e+07
1.763536100000000000e+07
1.736661800000000000e+07
1.710322700000000000e+07
1.685658800000000000e+07
1.660240900000000000e+07
1.634785700000000000e+07
1.611325100000000000e+07
1.588043500000000000e+07
1.566922500000000000e+07
1.545193500000000000e+07
1.522489600000000000e+07
1.502005400000000000e+07
1.480775700000000000e+07
1.460949300000000000e+07
1.443053200000000000e+07
1.421991800000000000e+07
1.402359600000000000e+07
1.384524000000000000e+07
1.366647300000000000e+07
2.187255700000000000e+07
2.150781700000000000e+07
2.117392600000000000e+07
2.083392500000000000e+07
2.051170900000000000e+07
2.018991700000000000e+07
1.987481100000000000e+07
1.956021300000000000e+07
1.924874300000000000e+07
1.896179300000000000e+07
1.867777900000000000e+07
1.839032500000000000e+07
1.812865600000000000e+07
1.785420700000000000e+07
1.758636100000000000e+07
1.733431000000000000e+07
1.707510200000000000e+07
1.681461400000000000e+07
1.657631200000000000e+07
1.633901900000000000e+07
1.612125400000000000e+07
1.590006100000000000e+07
1.566868600000000000e+07
1.545925500000000000e+07
1.524289800000000000e+07
1.503928100000000000e+07
1.485531100000000000e+07
1.464062600000000000e+07
1.443970500000000000e+07
1.425659400000000000e+07
1.407424600000000000e+07
1.388978600000000000e+07
2.171296100000000000e+07
2.136916200000000000e+07
2.104366800000000000e+07
2.071653900000000000e+07
2.039714700000000000e+07
2.007774600000000000e+07
1.976130800000000000e+07
1.946976300000000000e+07
1.918132500000000000e+07
1.888867800000000000e+07
1.862210500000000000e+07
1.834224100000000000e+07
1.807003600000000000e+07
1.781264100000000000e+07
1.754857000000000000e+07
1.728361100000000000e+07
1.704025500000000000e+07
1.679843700000000000e+07
1.657397700000000000e+07
1.634928900000000000e+07
1.611364900000000000e+07
1.589962600000000000e+07
1.567924000000000000e+07
1.547032600000000000e+07
1.528137400000000000e+07
1.506262000000000000e+07
1.485734600000000000e+07
1.466931000000000000e+07
1.448335200000000000e+07
1.429435400000000000e+07
1.410427100000000000e+07
2.157347200000000000e+07
2.124182500000000000e+07
2.091832800000000000e+07
2.059442500000000000e+07
2.027364000000000000e+07
1.997729400000000000e+07
1.968448800000000000e+07
1.938681400000000000e+07
1.911540400000000000e+07
1.883043500000000000e+07
1.855380900000000000e+07
1.829130100000000000e+07
1.802237200000000000e+07
1.775320600000000000e+07
1.750459200000000000e+07
1.725840300000000000e+07
1.702685100000000000e+07
1.679928900000000000e+07
1.655939300000000000e+07
1.634082300000000000e+07
1.611650100000000000e+07
1.590237200000000000e+07
1.570848700000000000e+07
1.548570600000000000e+07
1.527617500000000000e+07
1.508312100000000000e+07
1.489371200000000000e+07
1.470017800000000000e+07
1.450622800000000000e+07
1.432061500000000000e+07
2.143794000000000000e+07
2.110969000000000000e+07
2.078480000000000000e+07
2.048385100000000000e+07
2.018679400000000000e+07
1.988434300000000000e+07
1.960817800000000000e+07
1.931820400000000000e+07
1.903734300000000000e+07
1.876984500000000000e+07
1.849626000000000000e+07
1.822300600000000000e+07
1.796910800000000000e+07
1.771868000000000000e+07
1.748206500000000000e+07
1.724977300000000000e+07
1.700574400000000000e+07
1.678272100000000000e+07
1.655443600000000000e+07
1.633516800000000000e+07
1.613643200000000000e+07
1.590965100000000000e+07
1.569576000000000000e+07
1.549787100000000000e+07
1.530508600000000000e+07
1.510704800000000000e+07
1.490921000000000000e+07
1.471905100000000000e+07
1.455642300000000000e+07
2.129464000000000000e+07
2.098897200000000000e+07
2.068758100000000000e+07
2.038084100000000000e+07
2.010012000000000000e+07
1.980537900000000000e+07
1.952032300000000000e+07
1.924801200000000000e+07
1.896984400000000000e+07
1.869250700000000000e+07
1.843353600000000000e+07
1.817922000000000000e+07
1.793751300000000000e+07
1.770313100000000000e+07
1.745239600000000000e+07
1.722508000000000000e+07
1.699284100000000000e+07
1.676850300000000000e+07
1.656495600000000000e+07
1.633423600000000000e+07
1.611603000000000000e+07
1.591330000000000000e+07
1.571719400000000000e+07
1.551480500000000000e+07
1.531314700000000000e+07
1.511837600000000000e+07
1.495192800000000000e+07
1.476218900000000000e+07
2.118757500000000000e+07
2.087595200000000000e+07
2.059080900000000000e+07
2.029148500000000000e+07
2.000247600000000000e+07
1.972544600000000000e+07
1.944287200000000000e+07
1.916146800000000000e+07
1.889771800000000000e+07
1.864169900000000000e+07
1.839289300000000000e+07
1.815429000000000000e+07
1.789916600000000000e+07
1.766763600000000000e+07
1.743148000000000000e+07
1.720215600000000000e+07
1.699393500000000000e+07
1.675930100000000000e+07
1.653682800000000000e+07
1.632913400000000000e+07
1.612996300000000000e+07
1.592325200000000000e+07
1.571791300000000000e+07
1.551845200000000000e+07
1.534822400000000000e+07
1.515411600000000000e+07
1.498684200000000000e+07
2.107996200000000000e+07
2.077627200000000000e+07
2.048338800000000000e+07
2.020186000000000000e+07
1.991501300000000000e+07
1.962988500000000000e+07
1.936126400000000000e+07
1.910247200000000000e+07
1.884802000000000000e+07
1.860499600000000000e+07
1.834577000000000000e+07
1.811024000000000000e+07
1.787011700000000000e+07
1.763590300000000000e+07
1.742313300000000000e+07
1.718457600000000000e+07
1.695797200000000000e+07
1.674558100000000000e+07
1.654318800000000000e+07
1.633219600000000000e+07
1.612321900000000000e+07
1.591909100000000000e+07
1.574517600000000000e+07
1.554670500000000000e+07
1.537651500000000000e+07
1.519175000000000000e+07
2.096273000000000000e+07
2.067690800000000000e+07
2.038597300000000000e+07
2.009731000000000000e+07
1.982390900000000000e+07
1.956184600000000000e+07
1.930258300000000000e+07
1.905518700000000000e+07
1.879195300000000000e+07
1.855251000000000000e+07
1.830837800000000000e+07
1.806952900000000000e+07
1.785232500000000000e+07
1.760989300000000000e+07
1.737929800000000000e+07
1.716288200000000000e+07
1.695667600000000000e+07
1.674148900000000000e+07
1.652888400000000000e+07
1.632021900000000000e+07
1.614263600000000000e+07
1.594004200000000000e+07
1.576678700000000000e+07
1.557793500000000000e+07
1.539147000000000000e+07
2.085550200000000000e+07
2.056329800000000000e+07
2.028567500000000000e+07
2.002008700000000000e+07
1.975750000000000000e+07
1.950456200000000000e+07
1.923754000000000000e+07
1.899427000000000000e+07
1.874603400000000000e+07
1.850265400000000000e+07
1.828129000000000000e+07
1.803508900000000000e+07
1.780065400000000000e+07
1.758023500000000000e+07
1.737023600000000000e+07
1.715095400000000000e+07
1.693480400000000000e+07
1.672158200000000000e+07
1.654044000000000000e+07
1.633385000000000000e+07
1.615750400000000000e+07
1.596460700000000000e+07
1.577445400000000000e+07
1.558853800000000000e+07
2.074619700000000000e+07
2.047705300000000000e+07
2.021119800000000000e+07
1.995310100000000000e+07
1.968228900000000000e+07
1.943523300000000000e+07
1.918305900000000000e+07
1.893533800000000000e+07
1.870973400000000000e+07
1.845994800000000000e+07
1.822167500000000000e+07
1.799747200000000000e+07
1.778360600000000000e+07
1.756052100000000000e+07
1.734080300000000000e+07
1.712327500000000000e+07
1.693845500000000000e+07
1.672800600000000000e+07
1.654850300000000000e+07
1.635163000000000000e+07
1.615783400000000000e+07
1.596875300000000000e+07
1.577303900000000000e+07
2.066271800000000000e+07
2.040044200000000000e+07
2.012602100000000000e+07
1.987524700000000000e+07
1.961929100000000000e+07
1.936720300000000000e+07
1.913748100000000000e+07
1.888430600000000000e+07
1.864235700000000000e+07
1.841435200000000000e+07
1.819666100000000000e+07
1.797002600000000000e+07
1.774667500000000000e+07
1.752539900000000000e+07
1.733912100000000000e+07
1.712227800000000000e+07
1.693970900000000000e+07
1.673883300000000000e+07
1.654147600000000000e+07
1.634930800000000000e+07
1.615014000000000000e+07
1.598787100000000000e+07
2.056845000000000000e+07
2.031407600000000000e+07
2.005445200000000000e+07
1.979808000000000000e+07
1.956442200000000000e+07
1.930793900000000000e+07
1.906244000000000000e+07
1.883083800000000000e+07
1.860919800000000000e+07
1.837922300000000000e+07
1.815232800000000000e+07
1.792726100000000000e+07
1.773734100000000000e+07
1.751654400000000000e+07
1.733091100000000000e+07
1.712616200000000000e+07
1.692529900000000000e+07
1.673022600000000000e+07
1.652743900000000000e+07
1.636138800000000000e+07
1.615111200000000000e+07
2.048830300000000000e+07
2.022786200000000000e+07
1.999037900000000000e+07
1.973069900000000000e+07
1.948157000000000000e+07
1.924667900000000000e+07
1.902127300000000000e+07
1.878793500000000000e+07
1.855755300000000000e+07
1.832877900000000000e+07
1.813512700000000000e+07
1.791061200000000000e+07
1.772183000000000000e+07
1.751339900000000000e+07
1.730904100000000000e+07
1.711094900000000000e+07
1.690489200000000000e+07
1.673490800000000000e+07
1.652182000000000000e+07
1.633513900000000000e+07
2.041520600000000000e+07
2.015241700000000000e+07
1.989976600000000000e+07
1.966165900000000000e+07
1.943437600000000000e+07
1.919598400000000000e+07
1.896222400000000000e+07
1.872984500000000000e+07
1.853244900000000000e+07
1.830439000000000000e+07
1.811245500000000000e+07
1.790045800000000000e+07
1.769253300000000000e+07
1.749161900000000000e+07
1.728233400000000000e+07
1.710831300000000000e+07
1.689256800000000000e+07
1.670252400000000000e+07
1.651275700000000000e+07
2.031681900000000000e+07
2.007542200000000000e+07
1.984615500000000000e+07
1.960322100000000000e+07
1.936621300000000000e+07
1.913029800000000000e+07
1.892915300000000000e+07
1.869768800000000000e+07
1.850258300000000000e+07
1.828717200000000000e+07
1.807711500000000000e+07
1.787205700000000000e+07
1.765966400000000000e+07
1.748160200000000000e+07
1.726332600000000000e+07
1.706995300000000000e+07
1.687662400000000000e+07
1.672039800000000000e+07
2.025572600000000000e+07
2.000938800000000000e+07
1.976924800000000000e+07
1.953008700000000000e+07
1.932510300000000000e+07
1.909038300000000000e+07
1.889212500000000000e+07
1.867349100000000000e+07
1.846041100000000000e+07
1.825216700000000000e+07
1.803673700000000000e+07
1.785477800000000000e+07
1.763392100000000000e+07
1.743731500000000000e+07
1.724072800000000000e+07
1.708168700000000000e+07
1.688163300000000000e+07
2.017114600000000000e+07
1.992901700000000000e+07
1.972025500000000000e+07
1.948235200000000000e+07
1.928098400000000000e+07
1.905919400000000000e+07
1.884301200000000000e+07
1.863183400000000000e+07
1.841345700000000000e+07
1.822756700000000000e+07
1.800427700000000000e+07
1.780453300000000000e+07
1.760487000000000000e+07
1.744292200000000000e+07
1.723967800000000000e+07
1.705586000000000000e+07
2.011442200000000000e+07
1.987344600000000000e+07
1.966907100000000000e+07
1.944414100000000000e+07
1.922499400000000000e+07
1.901093100000000000e+07
1.878969300000000000e+07
1.860000700000000000e+07
1.837423400000000000e+07
1.817143900000000000e+07
1.796875600000000000e+07
1.780396900000000000e+07
1.759761400000000000e+07
1.741126100000000000e+07
1.723377400000000000e+07
2.005620600000000000e+07
1.982811800000000000e+07
1.960618800000000000e+07
1.938929300000000000e+07
1.916533400000000000e+07
1.897183000000000000e+07
1.874375400000000000e+07
1.853790900000000000e+07
1.833219100000000000e+07
1.816469800000000000e+07
1.795532900000000000e+07
1.776647200000000000e+07
1.758590700000000000e+07
1.741011700000000000e+07
1.998654300000000000e+07
1.976686100000000000e+07
1.954003700000000000e+07
1.934307200000000000e+07
1.911266100000000000e+07
1.890372500000000000e+07
1.869500600000000000e+07
1.852496700000000000e+07
1.831273400000000000e+07
1.812143100000000000e+07
1.793777200000000000e+07
1.775882400000000000e+07
1.755670600000000000e+07
1.991390000000000000e+07
1.971353200000000000e+07
1.948088100000000000e+07
1.926892400000000000e+07
1.905628700000000000e+07
1.888475300000000000e+07
1.866972600000000000e+07
1.847604800000000000e+07
1.828935600000000000e+07
1.810724800000000000e+07
1.790241000000000000e+07
1.771070200000000000e+07
1.984830100000000000e+07
1.963337300000000000e+07
1.941879100000000000e+07
1.924392800000000000e+07
1.902617900000000000e+07
1.883016600000000000e+07
1.864052000000000000e+07
1.845534800000000000e+07
1.824783300000000000e+07
1.805373700000000000e+07
1.789166200000000000e+07
1.978055300000000000e+07
1.960244400000000000e+07
1.938202100000000000e+07
1.918371500000000000e+07
1.899108500000000000e+07
1.880296700000000000e+07
1.859281700000000000e+07
1.839647800000000000e+07
1.823192600000000000e+07
1.805280000000000000e+07
1.973716800000000000e+07
1.953665400000000000e+07
1.934091000000000000e+07
1.914987000000000000e+07
1.893732000000000000e+07
1.873892600000000000e+07
1.857188700000000000e+07
1.838946000000000000e+07
1.820264200000000000e+07
1.969005100000000000e+07
1.949613400000000000e+07
1.928142600000000000e+07
1.908093100000000000e+07
1.891379900000000000e+07
1.872569400000000000e+07
1.853716400000000000e+07
1.836507600000000000e+07
1.962490100000000000e+07
1.942233600000000000e+07
1.925396800000000000e+07
1.906156200000000000e+07
1.887125100000000000e+07
1.869676700000000000e+07
1.849694200000000000e+07
1.959249500000000000e+07
1.939691100000000000e+07
1.920479400000000000e+07
1.902787300000000000e+07
1.882594000000000000e+07
1.868746800000000000e+07
1.953776300000000000e+07
1.935843800000000000e+07
1.915444600000000000e+07
1.901296900000000000e+07
1.879210300000000000e+07
1.948233000000000000e+07
1.933789900000000000e+07
1.911537700000000000e+07
1.893053000000000000e+07
1.943805900000000000e+07
1.925060500000000000e+07
1.906106800000000000e+07
1.937914900000000000e+07
1.921275700000000000e+07
1.935321100000000000e+07
