1.056818000000000000e+06
1.373030000000000000e+06
1.621587000000000000e+06
1.833910000000000000e+06
2.020548000000000000e+06
2.188694000000000000e+06
2.343500000000000000e+06
2.485300000000000000e+06
2.617044000000000000e+06
2.738784000000000000e+06
3.010598000000000000e+06
3.241228000000000000e+06
3.436964000000000000e+06
3.605161000000000000e+06
3.748016000000000000e+06
3.865358000000000000e+06
4.047928000000000000e+06
4.174093000000000000e+06
4.258435000000000000e+06
4.320035000000000000e+06
4.370516000000000000e+06
4.427143000000000000e+06
4.498743000000000000e+06
4.589217000000000000e+06
4.708880000000000000e+06
4.854953000000000000e+06
5.030530000000000000e+06
5.230609000000000000e+06
5.456633000000000000e+06
5.712231000000000000e+06
5.984087000000000000e+06
6.578766000000000000e+06
7.199067000000000000e+06
7.828770000000000000e+06
8.449907000000000000e+06
9.069122000000000000e+06
9.684163000000000000e+06
1.028524600000000000e+07
1.089894300000000000e+07
1.149447000000000000e+07
1.208753400000000000e+07
1.266963900000000000e+07
1.324447900000000000e+07
1.380289900000000000e+07
1.435277800000000000e+07
1.488806000000000000e+07
1.539980800000000000e+07
1.590437900000000000e+07
1.638957300000000000e+07
1.686193200000000000e+07
1.731653600000000000e+07
1.775559100000000000e+07
1.816627800000000000e+07
1.857481800000000000e+07
1.896939700000000000e+07
1.933781800000000000e+07
1.969153800000000000e+07
2.003150500000000000e+07
2.036913100000000000e+07
2.067421100000000000e+07
2.098679300000000000e+07
2.127654900000000000e+07
2.155446900000000000e+07
2.182113600000000000e+07
2.208695300000000000e+07
2.232899400000000000e+07
2.256832300000000000e+07
2.281000900000000000e+07
2.302099300000000000e+07
2.322510900000000000e+07
2.344650700000000000e+07
1.535366000000000000e+06
1.768891000000000000e+06
1.968685000000000000e+06
2.145729000000000000e+06
2.307232000000000000e+06
2.454278000000000000e+06
2.590280000000000000e+06
2.715700000000000000e+06
2.833179000000000000e+06
3.093235000000000000e+06
3.316942000000000000e+06
3.507993000000000000e+06
3.668866000000000000e+06
3.805387000000000000e+06
3.923634000000000000e+06
4.104360000000000000e+06
4.232578000000000000e+06
4.322473000000000000e+06
4.395415000000000000e+06
4.458717000000000000e+06
4.529785000000000000e+06
4.612392000000000000e+06
4.717100000000000000e+06
4.843818000000000000e+06
4.997233000000000000e+06
5.180228000000000000e+06
5.382944000000000000e+06
5.611661000000000000e+06
5.865137000000000000e+06
6.134327000000000000e+06
6.714717000000000000e+06
7.320708000000000000e+06
7.929143000000000000e+06
8.548004000000000000e+06
9.162771000000000000e+06
9.772896000000000000e+06
1.038107800000000000e+07
1.098154600000000000e+07
1.157371800000000000e+07
1.216676000000000000e+07
1.274735000000000000e+07
1.331672600000000000e+07
1.387239100000000000e+07
1.441552500000000000e+07
1.494533200000000000e+07
1.545855000000000000e+07
1.596078700000000000e+07
1.643941000000000000e+07
1.691274900000000000e+07
1.735882600000000000e+07
1.778876100000000000e+07
1.821198500000000000e+07
1.860715100000000000e+07
1.898977500000000000e+07
1.935905300000000000e+07
1.971685800000000000e+07
2.005210300000000000e+07
2.037737500000000000e+07
2.069517400000000000e+07
2.099123500000000000e+07
2.128272100000000000e+07
2.156351000000000000e+07
2.181530500000000000e+07
2.208992600000000000e+07
2.232996100000000000e+07
2.256129500000000000e+07
2.278618100000000000e+07
2.301777500000000000e+07
2.322778100000000000e+07
2.341434800000000000e+07
1.895591000000000000e+06
2.086376000000000000e+06
2.257720000000000000e+06
2.412303000000000000e+06
2.554279000000000000e+06
2.684686000000000000e+06
2.806564000000000000e+06
2.919528000000000000e+06
3.172231000000000000e+06
3.388562000000000000e+06
3.572647000000000000e+06
3.730639000000000000e+06
3.865641000000000000e+06
3.980433000000000000e+06
4.159596000000000000e+06
4.289566000000000000e+06
4.386451000000000000e+06
4.465391000000000000e+06
4.539353000000000000e+06
4.618942000000000000e+06
4.712634000000000000e+06
4.826976000000000000e+06
4.961401000000000000e+06
5.125094000000000000e+06
5.307746000000000000e+06
5.516553000000000000e+06
5.745470000000000000e+06
5.996519000000000000e+06
6.262748000000000000e+06
6.834708000000000000e+06
7.430902000000000000e+06
8.036604000000000000e+06
8.648438000000000000e+06
9.254859000000000000e+06
9.860972000000000000e+06
1.046845300000000000e+07
1.106550200000000000e+07
1.166054200000000000e+07
1.223769500000000000e+07
1.282142800000000000e+07
1.338600000000000000e+07
1.393895600000000000e+07
1.448150300000000000e+07
1.500247000000000000e+07
1.551342800000000000e+07
1.601018300000000000e+07
1.649148900000000000e+07
1.695524000000000000e+07
1.739652300000000000e+07
1.782329400000000000e+07
1.823701900000000000e+07
1.863997100000000000e+07
1.902452700000000000e+07
1.938560300000000000e+07
1.973305000000000000e+07
2.007427400000000000e+07
2.038992200000000000e+07
2.070565300000000000e+07
2.100628800000000000e+07
2.128597200000000000e+07
2.157109600000000000e+07
2.183087000000000000e+07
2.209315400000000000e+07
2.233195300000000000e+07
2.255955500000000000e+07
2.279081800000000000e+07
2.300194000000000000e+07
2.320813900000000000e+07
2.343417700000000000e+07
2.195793000000000000e+06
2.360455000000000000e+06
2.510112000000000000e+06
2.646857000000000000e+06
2.774014000000000000e+06
2.891544000000000000e+06
3.003184000000000000e+06
3.248599000000000000e+06
3.458734000000000000e+06
3.638017000000000000e+06
3.792228000000000000e+06
3.924177000000000000e+06
4.037425000000000000e+06
4.215026000000000000e+06
4.346349000000000000e+06
4.449152000000000000e+06
4.535325000000000000e+06
4.616872000000000000e+06
4.706312000000000000e+06
4.808349000000000000e+06
4.929101000000000000e+06
5.071099000000000000e+06
5.236034000000000000e+06
5.425915000000000000e+06
5.635756000000000000e+06
5.867825000000000000e+06
6.117393000000000000e+06
6.382402000000000000e+06
6.946498000000000000e+06
7.530512000000000000e+06
8.130795000000000000e+06
8.738337000000000000e+06
9.339135000000000000e+06
9.948643000000000000e+06
1.054739700000000000e+07
1.114584900000000000e+07
1.173694000000000000e+07
1.231465700000000000e+07
1.289038200000000000e+07
1.345253600000000000e+07
1.400096700000000000e+07
1.453661600000000000e+07
1.506269700000000000e+07
1.556329600000000000e+07
1.606065700000000000e+07
1.653285000000000000e+07
1.699176600000000000e+07
1.743606500000000000e+07
1.785550700000000000e+07
1.826620200000000000e+07
1.865688500000000000e+07
1.903708400000000000e+07
1.940404900000000000e+07
1.975167700000000000e+07
2.008269300000000000e+07
2.041428900000000000e+07
2.071121700000000000e+07
2.101351600000000000e+07
2.128904400000000000e+07
2.157329500000000000e+07
2.183200100000000000e+07
2.208152400000000000e+07
2.232224500000000000e+07
2.256995200000000000e+07
2.280223700000000000e+07
2.299565000000000000e+07
2.321291700000000000e+07
2.339849100000000000e+07
2.457652000000000000e+06
2.602396000000000000e+06
2.735852000000000000e+06
2.858827000000000000e+06
2.975204000000000000e+06
3.081736000000000000e+06
3.320820000000000000e+06
3.526654000000000000e+06
3.701680000000000000e+06
3.853666000000000000e+06
3.983757000000000000e+06
4.095290000000000000e+06
4.271599000000000000e+06
4.405394000000000000e+06
4.510164000000000000e+06
4.602520000000000000e+06
4.693347000000000000e+06
4.787766000000000000e+06
4.897123000000000000e+06
5.024527000000000000e+06
5.174913000000000000e+06
5.344574000000000000e+06
5.538873000000000000e+06
5.748652000000000000e+06
5.980345000000000000e+06
6.232060000000000000e+06
6.493301000000000000e+06
7.053426000000000000e+06
7.631338000000000000e+06
8.225466000000000000e+06
8.829729000000000000e+06
9.427314000000000000e+06
1.002674100000000000e+07
1.062663800000000000e+07
1.121808500000000000e+07
1.180586800000000000e+07
1.238653300000000000e+07
1.296031500000000000e+07
1.351720800000000000e+07
1.406570800000000000e+07
1.459758100000000000e+07
1.511899700000000000e+07
1.561701000000000000e+07
1.610469100000000000e+07
1.657435200000000000e+07
1.702665800000000000e+07
1.747011900000000000e+07
1.788457200000000000e+07
1.828958200000000000e+07
1.868568800000000000e+07
1.905340800000000000e+07
1.942562800000000000e+07
1.975502100000000000e+07
2.009531000000000000e+07
2.041937600000000000e+07
2.072799800000000000e+07
2.102437400000000000e+07
2.129987400000000000e+07
2.157280500000000000e+07
2.184225800000000000e+07
2.207810000000000000e+07
2.231688300000000000e+07
2.255193800000000000e+07
2.277670100000000000e+07
2.299726300000000000e+07
2.320716600000000000e+07
2.340996300000000000e+07
2.691790000000000000e+06
2.821154000000000000e+06
2.942990000000000000e+06
3.054300000000000000e+06
3.158894000000000000e+06
3.391983000000000000e+06
3.593789000000000000e+06
3.767860000000000000e+06
3.914271000000000000e+06
4.042404000000000000e+06
4.152025000000000000e+06
4.330058000000000000e+06
4.464585000000000000e+06
4.574447000000000000e+06
4.669784000000000000e+06
4.766408000000000000e+06
4.869725000000000000e+06
4.983413000000000000e+06
5.117846000000000000e+06
5.270536000000000000e+06
5.446476000000000000e+06
5.640473000000000000e+06
5.853914000000000000e+06
6.090754000000000000e+06
6.337612000000000000e+06
6.597449000000000000e+06
7.154758000000000000e+06
7.727197000000000000e+06
8.319753000000000000e+06
8.912637000000000000e+06
9.516247000000000000e+06
1.011043700000000000e+07
1.070335300000000000e+07
1.129111800000000000e+07
1.187991800000000000e+07
1.245963000000000000e+07
1.302036800000000000e+07
1.357961600000000000e+07
1.412481100000000000e+07
1.464907800000000000e+07
1.516916900000000000e+07
1.566872500000000000e+07
1.614579000000000000e+07
1.661162500000000000e+07
1.706438000000000000e+07
1.750004600000000000e+07
1.791667300000000000e+07
1.832732900000000000e+07
1.870865800000000000e+07
1.907717700000000000e+07
1.943362200000000000e+07
1.977408600000000000e+07
2.010661600000000000e+07
2.042055700000000000e+07
2.072940400000000000e+07
2.102711700000000000e+07
2.129344300000000000e+07
2.157350500000000000e+07
2.183130000000000000e+07
2.207557600000000000e+07
2.231097400000000000e+07
2.254425500000000000e+07
2.277708900000000000e+07
2.297575400000000000e+07
2.318634300000000000e+07
2.338732200000000000e+07
2.906426000000000000e+06
3.023194000000000000e+06
3.132555000000000000e+06
3.235069000000000000e+06
3.465794000000000000e+06
3.660994000000000000e+06
3.828893000000000000e+06
3.976706000000000000e+06
4.100742000000000000e+06
4.210962000000000000e+06
4.388165000000000000e+06
4.523563000000000000e+06
4.637574000000000000e+06
4.737782000000000000e+06
4.840239000000000000e+06
4.947093000000000000e+06
5.069138000000000000e+06
5.206390000000000000e+06
5.363752000000000000e+06
5.545103000000000000e+06
5.740463000000000000e+06
5.956707000000000000e+06
6.192485000000000000e+06
6.440846000000000000e+06
6.701237000000000000e+06
7.250114000000000000e+06
7.818557000000000000e+06
8.406371000000000000e+06
9.000664000000000000e+06
9.590771000000000000e+06
1.018895500000000000e+07
1.077893200000000000e+07
1.136392000000000000e+07
1.195267500000000000e+07
1.252431000000000000e+07
1.308717500000000000e+07
1.363905700000000000e+07
1.418111000000000000e+07
1.470761300000000000e+07
1.521818300000000000e+07
1.570800300000000000e+07
1.619485600000000000e+07
1.665471400000000000e+07
1.709689800000000000e+07
1.752757200000000000e+07
1.794914900000000000e+07
1.833884200000000000e+07
1.871886200000000000e+07
1.909643600000000000e+07
1.946301800000000000e+07
1.980010300000000000e+07
2.011841300000000000e+07
2.042644200000000000e+07
2.073435200000000000e+07
2.103380600000000000e+07
2.129991500000000000e+07
2.157357600000000000e+07
2.183232600000000000e+07
2.207786000000000000e+07
2.231397200000000000e+07
2.254578300000000000e+07
2.277082500000000000e+07
2.297752900000000000e+07
2.318223400000000000e+07
2.338353300000000000e+07
3.102780000000000000e+06
3.210010000000000000e+06
3.310560000000000000e+06
3.534552000000000000e+06
3.727516000000000000e+06
3.893910000000000000e+06
4.037925000000000000e+06
4.161907000000000000e+06
4.269537000000000000e+06
4.445637000000000000e+06
4.584110000000000000e+06
4.699645000000000000e+06
4.804635000000000000e+06
4.909633000000000000e+06
5.022948000000000000e+06
5.150109000000000000e+06
5.291808000000000000e+06
5.457574000000000000e+06
5.636724000000000000e+06
5.837656000000000000e+06
6.053736000000000000e+06
6.288826000000000000e+06
6.536257000000000000e+06
6.796704000000000000e+06
7.342173000000000000e+06
7.911245000000000000e+06
8.490732000000000000e+06
9.078142000000000000e+06
9.674628000000000000e+06
1.026137800000000000e+07
1.085550800000000000e+07
1.144037600000000000e+07
1.201519400000000000e+07
1.259225600000000000e+07
1.315362200000000000e+07
1.369646700000000000e+07
1.423535600000000000e+07
1.475733700000000000e+07
1.526389400000000000e+07
1.575273000000000000e+07
1.622909700000000000e+07
1.668873700000000000e+07
1.712846800000000000e+07
1.755787800000000000e+07
1.796983600000000000e+07
1.836790200000000000e+07
1.875247800000000000e+07
1.910837300000000000e+07
1.946074300000000000e+07
1.979658600000000000e+07
2.012245300000000000e+07
2.043712900000000000e+07
2.073662700000000000e+07
2.103154200000000000e+07
2.129733100000000000e+07
2.156682700000000000e+07
2.181856200000000000e+07
2.208533600000000000e+07
2.230261600000000000e+07
2.253770000000000000e+07
2.275335500000000000e+07
2.296733500000000000e+07
2.316552800000000000e+07
2.336075800000000000e+07
3.287138000000000000e+06
3.385543000000000000e+06
3.605022000000000000e+06
3.794381000000000000e+06
3.957740000000000000e+06
4.099719000000000000e+06
4.221847000000000000e+06
4.328259000000000000e+06
4.503496000000000000e+06
4.644234000000000000e+06
4.763128000000000000e+06
4.871599000000000000e+06
4.982545000000000000e+06
5.099964000000000000e+06
5.230758000000000000e+06
5.377168000000000000e+06
5.541779000000000000e+06
5.726811000000000000e+06
5.927961000000000000e+06
6.147611000000000000e+06
6.382184000000000000e+06
6.628647000000000000e+06
6.886728000000000000e+06
7.429653000000000000e+06
7.997652000000000000e+06
8.574153000000000000e+06
9.157523000000000000e+06
9.746972000000000000e+06
1.034153500000000000e+07
1.092625100000000000e+07
1.151012100000000000e+07
1.208637800000000000e+07
1.265336900000000000e+07
1.321265100000000000e+07
1.375391100000000000e+07
1.428817500000000000e+07
1.480060600000000000e+07
1.530345900000000000e+07
1.579568400000000000e+07
1.626832200000000000e+07
1.671957100000000000e+07
1.715895900000000000e+07
1.759167800000000000e+07
1.799610600000000000e+07
1.838826800000000000e+07
1.876951200000000000e+07
1.913018200000000000e+07
1.948395200000000000e+07
1.981173600000000000e+07
2.013558300000000000e+07
2.045055800000000000e+07
2.073975600000000000e+07
2.103461200000000000e+07
2.129794600000000000e+07
2.156623800000000000e+07
2.182117700000000000e+07
2.206334000000000000e+07
2.229571100000000000e+07
2.252041700000000000e+07
2.275641500000000000e+07
2.295829100000000000e+07
2.317317500000000000e+07
2.336543900000000000e+07
3.459913000000000000e+06
3.675040000000000000e+06
3.861767000000000000e+06
4.022878000000000000e+06
4.162644000000000000e+06
4.282226000000000000e+06
4.388061000000000000e+06
4.563686000000000000e+06
4.703678000000000000e+06
4.825322000000000000e+06
4.939572000000000000e+06
5.051649000000000000e+06
5.173371000000000000e+06
5.308066000000000000e+06
5.459890000000000000e+06
5.628491000000000000e+06
5.816958000000000000e+06
6.017430000000000000e+06
6.236893000000000000e+06
6.474218000000000000e+06
6.719369000000000000e+06
6.976202000000000000e+06
7.518358000000000000e+06
8.078927000000000000e+06
8.653389000000000000e+06
9.235738000000000000e+06
9.827200000000000000e+06
1.041781600000000000e+07
1.099681300000000000e+07
1.157465600000000000e+07
1.215036700000000000e+07
1.271175500000000000e+07
1.326460500000000000e+07
1.380471100000000000e+07
1.433770100000000000e+07
1.485154600000000000e+07
1.534534300000000000e+07
1.583436100000000000e+07
1.630490600000000000e+07
1.675399800000000000e+07
1.718913800000000000e+07
1.761942000000000000e+07
1.801772200000000000e+07
1.840743000000000000e+07
1.877349800000000000e+07
1.914507600000000000e+07
1.948681400000000000e+07
1.982747100000000000e+07
2.014427900000000000e+07
2.045747700000000000e+07
2.073711200000000000e+07
2.102827300000000000e+07
2.130103800000000000e+07
2.156197300000000000e+07
2.181227000000000000e+07
2.205631200000000000e+07
2.229569100000000000e+07
2.251895300000000000e+07
2.274528800000000000e+07
2.295402800000000000e+07
2.313870800000000000e+07
2.333294700000000000e+07
3.852199000000000000e+06
4.030795000000000000e+06
4.185772000000000000e+06
4.318853000000000000e+06
4.436500000000000000e+06
4.539715000000000000e+06
4.715250000000000000e+06
4.858027000000000000e+06
4.984638000000000000e+06
5.104815000000000000e+06
5.226605000000000000e+06
5.355680000000000000e+06
5.500033000000000000e+06
5.657423000000000000e+06
5.832501000000000000e+06
6.023584000000000000e+06
6.229420000000000000e+06
6.450258000000000000e+06
6.686195000000000000e+06
6.931206000000000000e+06
7.189811000000000000e+06
7.721180000000000000e+06
8.278629000000000000e+06
8.850443000000000000e+06
9.427400000000000000e+06
1.000617800000000000e+07
1.057917800000000000e+07
1.116353300000000000e+07
1.173264900000000000e+07
1.230077700000000000e+07
1.285007600000000000e+07
1.340164000000000000e+07
1.393458600000000000e+07
1.445227300000000000e+07
1.495681000000000000e+07
1.544795400000000000e+07
1.592119600000000000e+07
1.637981200000000000e+07
1.682387600000000000e+07
1.725567400000000000e+07
1.766656900000000000e+07
1.806320200000000000e+07
1.844381000000000000e+07
1.881813300000000000e+07
1.917825600000000000e+07
1.950532600000000000e+07
1.983474400000000000e+07
2.014896000000000000e+07
2.045460200000000000e+07
2.073971800000000000e+07
2.102018400000000000e+07
2.129482600000000000e+07
2.154957000000000000e+07
2.180949100000000000e+07
2.204536800000000000e+07
2.227129500000000000e+07
2.249562800000000000e+07
2.271953000000000000e+07
2.291747300000000000e+07
2.312158300000000000e+07
2.329926800000000000e+07
4.201513000000000000e+06
4.348958000000000000e+06
4.478792000000000000e+06
4.592987000000000000e+06
4.695093000000000000e+06
4.866346000000000000e+06
5.011882000000000000e+06
5.143076000000000000e+06
5.266307000000000000e+06
5.394384000000000000e+06
5.531137000000000000e+06
5.680620000000000000e+06
5.845297000000000000e+06
6.026327000000000000e+06
6.217383000000000000e+06
6.425862000000000000e+06
6.651405000000000000e+06
6.883839000000000000e+06
7.128272000000000000e+06
7.386205000000000000e+06
7.911644000000000000e+06
8.461254000000000000e+06
9.028449000000000000e+06
9.594732000000000000e+06
1.016762500000000000e+07
1.074219500000000000e+07
1.130916000000000000e+07
1.187375300000000000e+07
1.243508200000000000e+07
1.298632200000000000e+07
1.352108700000000000e+07
1.404825600000000000e+07
1.455863800000000000e+07
1.505948200000000000e+07
1.553623700000000000e+07
1.600468300000000000e+07
1.645478300000000000e+07
1.688934600000000000e+07
1.731418100000000000e+07
1.771173500000000000e+07
1.810172900000000000e+07
1.848299800000000000e+07
1.883789700000000000e+07
1.919780200000000000e+07
1.951546500000000000e+07
1.984554300000000000e+07
2.016051800000000000e+07
2.045966000000000000e+07
2.074875100000000000e+07
2.101640500000000000e+07
2.128422500000000000e+07
2.154766600000000000e+07
2.177934800000000000e+07
2.201453900000000000e+07
2.224514000000000000e+07
2.246741200000000000e+07
2.268525800000000000e+07
2.289204800000000000e+07
2.309489400000000000e+07
2.328420700000000000e+07
4.514887000000000000e+06
4.640360000000000000e+06
4.752298000000000000e+06
4.851925000000000000e+06
5.021374000000000000e+06
5.166791000000000000e+06
5.299792000000000000e+06
5.428548000000000000e+06
5.559925000000000000e+06
5.703090000000000000e+06
5.855898000000000000e+06
6.023807000000000000e+06
6.206157000000000000e+06
6.401465000000000000e+06
6.610878000000000000e+06
6.835146000000000000e+06
7.068067000000000000e+06
7.314837000000000000e+06
7.564155000000000000e+06
8.089701000000000000e+06
8.633119000000000000e+06
9.189282000000000000e+06
9.759395000000000000e+06
1.032529600000000000e+07
1.089287100000000000e+07
1.145309200000000000e+07
1.201135500000000000e+07
1.255699300000000000e+07
1.310142900000000000e+07
1.363247900000000000e+07
1.414836100000000000e+07
1.465099800000000000e+07
1.513807300000000000e+07
1.560924700000000000e+07
1.606967000000000000e+07
1.651431700000000000e+07
1.694493600000000000e+07
1.736007100000000000e+07
1.775384500000000000e+07
1.814425700000000000e+07
1.850365400000000000e+07
1.886429400000000000e+07
1.920111500000000000e+07
1.952932000000000000e+07
1.985082700000000000e+07
2.015475100000000000e+07
2.044727900000000000e+07
2.073918300000000000e+07
2.099757400000000000e+07
2.126267400000000000e+07
2.150729000000000000e+07
2.176329800000000000e+07
2.200063000000000000e+07
2.222161000000000000e+07
2.244203300000000000e+07
2.265108100000000000e+07
2.284197100000000000e+07
2.305065800000000000e+07
2.324207600000000000e+07
4.803734000000000000e+06
4.912073000000000000e+06
5.006586000000000000e+06
5.174813000000000000e+06
5.320601000000000000e+06
5.452325000000000000e+06
5.583832000000000000e+06
5.719835000000000000e+06
5.864782000000000000e+06
6.023313000000000000e+06
6.195422000000000000e+06
6.376396000000000000e+06
6.573776000000000000e+06
6.787791000000000000e+06
7.009219000000000000e+06
7.241055000000000000e+06
7.487359000000000000e+06
7.736722000000000000e+06
8.252064000000000000e+06
8.793364000000000000e+06
9.343829000000000000e+06
9.906690000000000000e+06
1.047167600000000000e+07
1.102672700000000000e+07
1.158213900000000000e+07
1.213617800000000000e+07
1.267424100000000000e+07
1.320861900000000000e+07
1.372823100000000000e+07
1.423968400000000000e+07
1.473422500000000000e+07
1.520973000000000000e+07
1.568046300000000000e+07
1.612979200000000000e+07
1.656562500000000000e+07
1.698263400000000000e+07
1.740111100000000000e+07
1.778586500000000000e+07
1.816320200000000000e+07
1.851840900000000000e+07
1.887826800000000000e+07
1.921131600000000000e+07
1.954378500000000000e+07
1.985210600000000000e+07
2.015833100000000000e+07
2.043180900000000000e+07
2.071766200000000000e+07
2.098635100000000000e+07
2.124286100000000000e+07
2.148907200000000000e+07
2.172997000000000000e+07
2.196736900000000000e+07
2.218836700000000000e+07
2.241174300000000000e+07
2.261953100000000000e+07
2.280434300000000000e+07
2.299771400000000000e+07
2.319646800000000000e+07
5.069013000000000000e+06
5.163832000000000000e+06
5.327510000000000000e+06
5.471801000000000000e+06
5.605676000000000000e+06
5.737275000000000000e+06
5.877087000000000000e+06
6.023487000000000000e+06
6.182792000000000000e+06
6.355271000000000000e+06
6.539307000000000000e+06
6.737137000000000000e+06
6.949628000000000000e+06
7.170957000000000000e+06
7.405833000000000000e+06
7.643946000000000000e+06
7.893207000000000000e+06
8.410249000000000000e+06
8.947886000000000000e+06
9.494296000000000000e+06
1.004559600000000000e+07
1.059548000000000000e+07
1.115413900000000000e+07
1.170055600000000000e+07
1.224662900000000000e+07
1.277583000000000000e+07
1.330635600000000000e+07
1.382070400000000000e+07
1.431807100000000000e+07
1.480615800000000000e+07
1.527723000000000000e+07
1.573420300000000000e+07
1.617716600000000000e+07
1.660556900000000000e+07
1.702311000000000000e+07
1.742191200000000000e+07
1.780572200000000000e+07
1.817533900000000000e+07
1.853968400000000000e+07
1.889060600000000000e+07
1.920939200000000000e+07
1.953042500000000000e+07
1.983844500000000000e+07
2.013832400000000000e+07
2.041705900000000000e+07
2.069453400000000000e+07
2.096424600000000000e+07
2.121637900000000000e+07
2.147358300000000000e+07
2.170747500000000000e+07
2.193159200000000000e+07
2.215389100000000000e+07
2.237705700000000000e+07
2.257466200000000000e+07
2.277826600000000000e+07
2.295641100000000000e+07
2.316343700000000000e+07
5.318101000000000000e+06
5.478523000000000000e+06
5.617921000000000000e+06
5.751607000000000000e+06
5.885204000000000000e+06
6.024268000000000000e+06
6.174829000000000000e+06
6.336852000000000000e+06
6.506757000000000000e+06
6.692378000000000000e+06
6.894283000000000000e+06
7.104924000000000000e+06
7.323659000000000000e+06
7.558286000000000000e+06
7.796918000000000000e+06
8.041183000000000000e+06
8.552927000000000000e+06
9.086175000000000000e+06
9.622775000000000000e+06
1.016871900000000000e+07
1.071803200000000000e+07
1.126175100000000000e+07
1.180408600000000000e+07
1.234544000000000000e+07
1.287554800000000000e+07
1.339045200000000000e+07
1.389887000000000000e+07
1.439108000000000000e+07
1.487414200000000000e+07
1.533474500000000000e+07
1.578772200000000000e+07
1.622339400000000000e+07
1.664389400000000000e+07
1.705582500000000000e+07
1.744146900000000000e+07
1.782115900000000000e+07
1.819212700000000000e+07
1.853865700000000000e+07
1.889051500000000000e+07
1.920081300000000000e+07
1.952442100000000000e+07
1.983416600000000000e+07
2.012738700000000000e+07
2.041233600000000000e+07
2.067561500000000000e+07
2.094150400000000000e+07
2.120186000000000000e+07
2.143195200000000000e+07
2.166599300000000000e+07
2.189457400000000000e+07
2.211689300000000000e+07
2.233389700000000000e+07
2.253920600000000000e+07
2.274426300000000000e+07
2.293367400000000000e+07
2.310138100000000000e+07
5.767194000000000000e+06
5.902678000000000000e+06
6.033279000000000000e+06
6.165561000000000000e+06
6.307049000000000000e+06
6.457838000000000000e+06
6.615720000000000000e+06
6.788587000000000000e+06
6.977552000000000000e+06
7.175349000000000000e+06
7.381752000000000000e+06
7.604314000000000000e+06
7.831773000000000000e+06
8.065035000000000000e+06
8.305737000000000000e+06
8.810603000000000000e+06
9.328895000000000000e+06
9.862407000000000000e+06
1.040109200000000000e+07
1.093184400000000000e+07
1.146511400000000000e+07
1.199829700000000000e+07
1.251431500000000000e+07
1.303241500000000000e+07
1.353391300000000000e+07
1.402730400000000000e+07
1.450588700000000000e+07
1.496654400000000000e+07
1.542332900000000000e+07
1.585891100000000000e+07
1.628243500000000000e+07
1.668901100000000000e+07
1.709637900000000000e+07
1.747197800000000000e+07
1.784145200000000000e+07
1.818943100000000000e+07
1.854005000000000000e+07
1.886919800000000000e+07
1.919773700000000000e+07
1.950005600000000000e+07
1.980257000000000000e+07
2.007293600000000000e+07
2.035630500000000000e+07
2.062246700000000000e+07
2.087734200000000000e+07
2.112241600000000000e+07
2.136272300000000000e+07
2.160004000000000000e+07
2.182080400000000000e+07
2.204318700000000000e+07
2.225174900000000000e+07
2.243818900000000000e+07
2.263244800000000000e+07
2.283307900000000000e+07
2.300864600000000000e+07
6.168060000000000000e+06
6.293145000000000000e+06
6.424731000000000000e+06
6.563441000000000000e+06
6.708323000000000000e+06
6.867444000000000000e+06
7.042746000000000000e+06
7.226628000000000000e+06
7.419965000000000000e+06
7.629635000000000000e+06
7.845293000000000000e+06
8.067025000000000000e+06
8.297314000000000000e+06
8.538691000000000000e+06
9.036143000000000000e+06
9.541215000000000000e+06
1.005930400000000000e+07
1.058281900000000000e+07
1.110369800000000000e+07
1.162461700000000000e+07
1.214727000000000000e+07
1.265769300000000000e+07
1.315543400000000000e+07
1.364754700000000000e+07
1.412475600000000000e+07
1.458998600000000000e+07
1.504133200000000000e+07
1.547931400000000000e+07
1.590702800000000000e+07
1.631784100000000000e+07
1.672103500000000000e+07
1.709823900000000000e+07
1.747126600000000000e+07
1.783536800000000000e+07
1.817681700000000000e+07
1.852382500000000000e+07
1.882990500000000000e+07
1.915131900000000000e+07
1.945724700000000000e+07
1.974721500000000000e+07
2.003047900000000000e+07
2.029206800000000000e+07
2.055813900000000000e+07
2.081730600000000000e+07
2.104790200000000000e+07
2.128283200000000000e+07
2.151092000000000000e+07
2.173449900000000000e+07
2.195256600000000000e+07
2.215785400000000000e+07
2.236637300000000000e+07
2.255718700000000000e+07
2.272712400000000000e+07
2.290582100000000000e+07
6.531637000000000000e+06
6.657575000000000000e+06
6.788532000000000000e+06
6.932946000000000000e+06
7.093362000000000000e+06
7.262498000000000000e+06
7.441936000000000000e+06
7.637874000000000000e+06
7.840930000000000000e+06
8.050522000000000000e+06
8.269759000000000000e+06
8.500439000000000000e+06
8.734577000000000000e+06
9.218103000000000000e+06
9.720686000000000000e+06
1.023212900000000000e+07
1.073849100000000000e+07
1.124998400000000000e+07
1.176328700000000000e+07
1.226024600000000000e+07
1.276252300000000000e+07
1.324857000000000000e+07
1.372695100000000000e+07
1.419253500000000000e+07
1.464151400000000000e+07
1.508761500000000000e+07
1.551289900000000000e+07
1.592744600000000000e+07
1.632688600000000000e+07
1.672647800000000000e+07
1.709616700000000000e+07
1.746160100000000000e+07
1.780448500000000000e+07
1.814944400000000000e+07
1.847676600000000000e+07
1.880253100000000000e+07
1.910267700000000000e+07
1.940392900000000000e+07
1.967344700000000000e+07
1.995631200000000000e+07
2.022188300000000000e+07
2.047694100000000000e+07
2.072270200000000000e+07
2.096415100000000000e+07
2.120285600000000000e+07
2.142481100000000000e+07
2.164758900000000000e+07
2.185817200000000000e+07
2.204743200000000000e+07
2.224385100000000000e+07
2.244723900000000000e+07
2.262428900000000000e+07
2.280851100000000000e+07
6.859847000000000000e+06
6.988570000000000000e+06
7.133166000000000000e+06
7.286563000000000000e+06
7.450896000000000000e+06
7.632294000000000000e+06
7.821872000000000000e+06
8.018590000000000000e+06
8.225991000000000000e+06
8.445345000000000000e+06
8.669194000000000000e+06
8.903664000000000000e+06
9.374827000000000000e+06
9.863574000000000000e+06
1.036071600000000000e+07
1.085883500000000000e+07
1.135924200000000000e+07
1.186457400000000000e+07
1.235669900000000000e+07
1.283936100000000000e+07
1.331775300000000000e+07
1.378260500000000000e+07
1.423603700000000000e+07
1.467782600000000000e+07
1.510687400000000000e+07
1.552649500000000000e+07
1.593056800000000000e+07
1.632849000000000000e+07
1.669958400000000000e+07
1.706851100000000000e+07
1.742850600000000000e+07
1.776746200000000000e+07
1.811223300000000000e+07
1.841625600000000000e+07
1.873661200000000000e+07
1.904178200000000000e+07
1.933041500000000000e+07
1.961375500000000000e+07
1.987644200000000000e+07
2.014356100000000000e+07
2.040284300000000000e+07
2.063547700000000000e+07
2.087434000000000000e+07
2.110154700000000000e+07
2.132753700000000000e+07
2.154783100000000000e+07
2.175425900000000000e+07
2.196707100000000000e+07
2.216029600000000000e+07
2.233330500000000000e+07
2.251407600000000000e+07
2.270721200000000000e+07
7.165216000000000000e+06
7.301888000000000000e+06
7.450109000000000000e+06
7.615976000000000000e+06
7.790998000000000000e+06
7.974050000000000000e+06
8.168881000000000000e+06
8.376262000000000000e+06
8.589213000000000000e+06
8.813353000000000000e+06
9.037630000000000000e+06
9.504087000000000000e+06
9.987134000000000000e+06
1.046880500000000000e+07
1.095881700000000000e+07
1.145303500000000000e+07
1.193275600000000000e+07
1.242042600000000000e+07
1.289308800000000000e+07
1.335892600000000000e+07
1.381389500000000000e+07
1.425379100000000000e+07
1.469178600000000000e+07
1.510942300000000000e+07
1.551767700000000000e+07
1.591254900000000000e+07
1.630667500000000000e+07
1.667311100000000000e+07
1.703548800000000000e+07
1.737675800000000000e+07
1.771951600000000000e+07
1.804432400000000000e+07
1.837074800000000000e+07
1.866972400000000000e+07
1.897233800000000000e+07
1.924253000000000000e+07
1.952651600000000000e+07
1.979282400000000000e+07
2.004950300000000000e+07
2.029730100000000000e+07
2.054105900000000000e+07
2.078228600000000000e+07
2.100649400000000000e+07
2.123065900000000000e+07
2.144428600000000000e+07
2.163727500000000000e+07
2.183665600000000000e+07
2.204342200000000000e+07
2.222323900000000000e+07
2.241126600000000000e+07
2.260312100000000000e+07
7.442483000000000000e+06
7.591809000000000000e+06
7.751208000000000000e+06
7.919804000000000000e+06
8.101044000000000000e+06
8.295741000000000000e+06
8.497159000000000000e+06
8.710405000000000000e+06
8.925202000000000000e+06
9.144890000000000000e+06
9.602277000000000000e+06
1.007209900000000000e+07
1.054729300000000000e+07
1.102656600000000000e+07
1.151589800000000000e+07
1.199172200000000000e+07
1.246092400000000000e+07
1.292758400000000000e+07
1.338218900000000000e+07
1.382674900000000000e+07
1.426055700000000000e+07
1.468298200000000000e+07
1.509543300000000000e+07
1.549305200000000000e+07
1.589042000000000000e+07
1.625836200000000000e+07
1.662515200000000000e+07
1.698315000000000000e+07
1.732144900000000000e+07
1.766436400000000000e+07
1.796954200000000000e+07
1.828994400000000000e+07
1.859634400000000000e+07
1.888507700000000000e+07
1.917005500000000000e+07
1.943507500000000000e+07
1.970403700000000000e+07
1.996571600000000000e+07
2.020074500000000000e+07
2.044222200000000000e+07
2.067183600000000000e+07
2.090114100000000000e+07
2.112447800000000000e+07
2.133294900000000000e+07
2.155068700000000000e+07
2.174690200000000000e+07
2.192375500000000000e+07
2.210726600000000000e+07
2.230426100000000000e+07
2.248188000000000000e+07
7.705343000000000000e+06
7.858345000000000000e+06
8.025152000000000000e+06
8.206369000000000000e+06
8.395415000000000000e+06
8.597187000000000000e+06
8.801688000000000000e+06
9.011960000000000000e+06
9.232219000000000000e+06
9.685043000000000000e+06
1.014142500000000000e+07
1.060973000000000000e+07
1.108533600000000000e+07
1.154905100000000000e+07
1.202301200000000000e+07
1.248340100000000000e+07
1.293898900000000000e+07
1.338519200000000000e+07
1.381789300000000000e+07
1.424956100000000000e+07
1.466176900000000000e+07
1.506573900000000000e+07
1.545789100000000000e+07
1.584835900000000000e+07
1.621353600000000000e+07
1.657474000000000000e+07
1.691627100000000000e+07
1.725809300000000000e+07
1.758283000000000000e+07
1.791041900000000000e+07
1.820935500000000000e+07
1.851483100000000000e+07
1.878703400000000000e+07
1.907319300000000000e+07
1.934132500000000000e+07
1.960065600000000000e+07
1.985147300000000000e+07
2.009855700000000000e+07
2.034305900000000000e+07
2.057034100000000000e+07
2.079656700000000000e+07
2.101401400000000000e+07
2.121140500000000000e+07
2.141441600000000000e+07
2.162512800000000000e+07
2.180825700000000000e+07
2.200063700000000000e+07
2.219608500000000000e+07
2.237490300000000000e+07
7.943623000000000000e+06
8.110530000000000000e+06
8.286469000000000000e+06
8.475985000000000000e+06
8.669741000000000000e+06
8.869923000000000000e+06
9.080982000000000000e+06
9.293288000000000000e+06
9.734240000000000000e+06
1.018583500000000000e+07
1.064435000000000000e+07
1.111738300000000000e+07
1.157789500000000000e+07
1.203477600000000000e+07
1.249122000000000000e+07
1.293715700000000000e+07
1.337460700000000000e+07
1.380174600000000000e+07
1.421941800000000000e+07
1.462589100000000000e+07
1.502264200000000000e+07
1.541736700000000000e+07
1.578415800000000000e+07
1.615090600000000000e+07
1.650785500000000000e+07
1.684686100000000000e+07
1.718884200000000000e+07
1.749690100000000000e+07
1.781850100000000000e+07
1.812736900000000000e+07
1.841734600000000000e+07
1.870493000000000000e+07
1.897321200000000000e+07
1.924495700000000000e+07
1.951022700000000000e+07
1.974819400000000000e+07
1.999303400000000000e+07
2.022582900000000000e+07
2.045910400000000000e+07
2.068607400000000000e+07
2.089735300000000000e+07
2.112039700000000000e+07
2.132020400000000000e+07
2.150141300000000000e+07
2.168818500000000000e+07
2.188961100000000000e+07
2.207078400000000000e+07
2.224012400000000000e+07
8.172510000000000000e+06
8.348991000000000000e+06
8.531278000000000000e+06
8.720804000000000000e+06
8.922143000000000000e+06
9.125864000000000000e+06
9.342203000000000000e+06
9.771753000000000000e+06
1.021758700000000000e+07
1.067456300000000000e+07
1.112267100000000000e+07
1.158343500000000000e+07
1.203297100000000000e+07
1.247936200000000000e+07
1.291818000000000000e+07
1.334509200000000000e+07
1.377184500000000000e+07
1.418003700000000000e+07
1.458111100000000000e+07
1.497194000000000000e+07
1.536015600000000000e+07
1.572556400000000000e+07
1.608688100000000000e+07
1.643077800000000000e+07
1.677196000000000000e+07
1.709798400000000000e+07
1.742764700000000000e+07
1.772774500000000000e+07
1.803683800000000000e+07
1.831204400000000000e+07
1.860111200000000000e+07
1.887176600000000000e+07
1.913468800000000000e+07
1.938934800000000000e+07
1.964037800000000000e+07
1.988880100000000000e+07
2.011975600000000000e+07
2.034862400000000000e+07
2.057093700000000000e+07
2.077276500000000000e+07
2.097992200000000000e+07
2.119627200000000000e+07
2.138182600000000000e+07
2.157881900000000000e+07
2.177841000000000000e+07
2.196261700000000000e+07
2.214333700000000000e+07
8.388312000000000000e+06
8.566567000000000000e+06
8.757616000000000000e+06
8.952222000000000000e+06
9.160013000000000000e+06
9.361918000000000000e+06
9.788338000000000000e+06
1.022627400000000000e+07
1.068160800000000000e+07
1.112771100000000000e+07
1.157284400000000000e+07
1.201976900000000000e+07
1.245797800000000000e+07
1.288940500000000000e+07
1.331113400000000000e+07
1.372527000000000000e+07
1.412896700000000000e+07
1.452426800000000000e+07
1.491750100000000000e+07
1.528429200000000000e+07
1.565263000000000000e+07
1.600909000000000000e+07
1.634980500000000000e+07
1.669285100000000000e+07
1.700386000000000000e+07
1.732763000000000000e+07
1.763970600000000000e+07
1.793167100000000000e+07
1.822271900000000000e+07
1.849494900000000000e+07
1.877026100000000000e+07
1.903969400000000000e+07
1.928122200000000000e+07
1.953000000000000000e+07
1.976688000000000000e+07
2.000437200000000000e+07
2.023539800000000000e+07
2.045017500000000000e+07
2.067870000000000000e+07
2.088250400000000000e+07
2.106843400000000000e+07
2.125914200000000000e+07
2.146498300000000000e+07
2.165015700000000000e+07
2.182402700000000000e+07
2.200862100000000000e+07
8.589181000000000000e+06
8.774101000000000000e+06
8.972817000000000000e+06
9.166899000000000000e+06
9.373236000000000000e+06
9.795255000000000000e+06
1.023259200000000000e+07
1.066517800000000000e+07
1.111267800000000000e+07
1.155176000000000000e+07
1.198976100000000000e+07
1.242205800000000000e+07
1.284399600000000000e+07
1.326680100000000000e+07
1.367193000000000000e+07
1.407134700000000000e+07
1.446182800000000000e+07
1.484857100000000000e+07
1.521538700000000000e+07
1.557780900000000000e+07
1.592352100000000000e+07
1.626395900000000000e+07
1.659462600000000000e+07
1.692713300000000000e+07
1.722932400000000000e+07
1.754256600000000000e+07
1.782140500000000000e+07
1.811417200000000000e+07
1.838811000000000000e+07
1.865482700000000000e+07
1.891396600000000000e+07
1.916952300000000000e+07
1.942229400000000000e+07
1.965736900000000000e+07
1.988996100000000000e+07
2.011714500000000000e+07
2.032357200000000000e+07
2.053545500000000000e+07
2.075668200000000000e+07
2.094594700000000000e+07
2.114783200000000000e+07
2.135182400000000000e+07
2.154013600000000000e+07
2.172497900000000000e+07
2.188408500000000000e+07
8.782262000000000000e+06
8.968104000000000000e+06
9.166339000000000000e+06
9.366946000000000000e+06
9.782864000000000000e+06
1.021944300000000000e+07
1.065097400000000000e+07
1.108462000000000000e+07
1.152221700000000000e+07
1.195330700000000000e+07
1.237943400000000000e+07
1.279634500000000000e+07
1.320773400000000000e+07
1.360950100000000000e+07
1.400416300000000000e+07
1.439677900000000000e+07
1.476438800000000000e+07
1.513363800000000000e+07
1.549194400000000000e+07
1.583511400000000000e+07
1.618060100000000000e+07
1.649481900000000000e+07
1.682112200000000000e+07
1.713704800000000000e+07
1.743179500000000000e+07
1.772665000000000000e+07
1.800351100000000000e+07
1.828267800000000000e+07
1.855685200000000000e+07
1.880257400000000000e+07
1.905566100000000000e+07
1.929956100000000000e+07
1.953914500000000000e+07
1.977461400000000000e+07
1.999337500000000000e+07
2.022752300000000000e+07
2.043567400000000000e+07
2.062643300000000000e+07
2.082146300000000000e+07
2.103205600000000000e+07
2.122152700000000000e+07
2.140009700000000000e+07
2.158903800000000000e+07
2.175174100000000000e+07
8.956074000000000000e+06
9.150637000000000000e+06
9.353256000000000000e+06
9.769544000000000000e+06
1.018577800000000000e+07
1.061951800000000000e+07
1.104822300000000000e+07
1.147799200000000000e+07
1.190419200000000000e+07
1.232159400000000000e+07
1.274103400000000000e+07
1.314387700000000000e+07
1.354219300000000000e+07
1.393298700000000000e+07
1.431920400000000000e+07
1.468792800000000000e+07
1.505209400000000000e+07
1.540000400000000000e+07
1.574238100000000000e+07
1.607660700000000000e+07
1.641249600000000000e+07
1.671751700000000000e+07
1.703520600000000000e+07
1.731826100000000000e+07
1.761505100000000000e+07
1.789349900000000000e+07
1.816408000000000000e+07
1.842780700000000000e+07
1.868832300000000000e+07
1.894573900000000000e+07
1.918530300000000000e+07
1.942186800000000000e+07
1.965431100000000000e+07
1.986563000000000000e+07
2.008246600000000000e+07
2.030742200000000000e+07
2.050207400000000000e+07
2.070907900000000000e+07
2.091769600000000000e+07
2.111029800000000000e+07
2.129952000000000000e+07
2.146351400000000000e+07
2.163553000000000000e+07
9.127956000000000000e+06
9.323861000000000000e+06
9.740131000000000000e+06
1.015606200000000000e+07
1.057749400000000000e+07
1.100582900000000000e+07
1.142986200000000000e+07
1.185080100000000000e+07
1.226344000000000000e+07
1.267251400000000000e+07
1.307287400000000000e+07
1.346742700000000000e+07
1.386002000000000000e+07
1.422899600000000000e+07
1.459967300000000000e+07
1.496032300000000000e+07
1.530650700000000000e+07
1.565493900000000000e+07
1.597283700000000000e+07
1.630227900000000000e+07
1.662247700000000000e+07
1.692060900000000000e+07
1.721959500000000000e+07
1.750142100000000000e+07
1.778486700000000000e+07
1.806405800000000000e+07
1.831434700000000000e+07
1.857207400000000000e+07
1.882039700000000000e+07
1.906527700000000000e+07
1.930544700000000000e+07
1.952853000000000000e+07
1.976843300000000000e+07
1.998124200000000000e+07
2.017698600000000000e+07
2.037661200000000000e+07
2.059204700000000000e+07
2.078612000000000000e+07
2.096948900000000000e+07
2.116294600000000000e+07
2.133029800000000000e+07
2.151309200000000000e+07
9.294017000000000000e+06
9.692486000000000000e+06
1.011145300000000000e+07
1.052921600000000000e+07
1.095049300000000000e+07
1.137067800000000000e+07
1.178351800000000000e+07
1.219988000000000000e+07
1.260067500000000000e+07
1.299838200000000000e+07
1.338995600000000000e+07
1.377625600000000000e+07
1.414712900000000000e+07
1.451342300000000000e+07
1.486405600000000000e+07
1.520915100000000000e+07
1.554694000000000000e+07
1.588686300000000000e+07
1.619495300000000000e+07
1.651746100000000000e+07
1.680636700000000000e+07
1.710621500000000000e+07
1.738943400000000000e+07
1.766467700000000000e+07
1.793285300000000000e+07
1.819856800000000000e+07
1.846090900000000000e+07
1.870519800000000000e+07
1.894610000000000000e+07
1.918391000000000000e+07
1.940030900000000000e+07
1.962236600000000000e+07
1.985126600000000000e+07
2.005158400000000000e+07
2.026374900000000000e+07
2.047703600000000000e+07
2.067426700000000000e+07
2.086810800000000000e+07
2.103699900000000000e+07
2.121411200000000000e+07
2.140076400000000000e+07
9.594921000000000000e+06
1.000066100000000000e+07
1.041281000000000000e+07
1.082654500000000000e+07
1.123461900000000000e+07
1.164776700000000000e+07
1.204655000000000000e+07
1.244378400000000000e+07
1.283625100000000000e+07
1.322291700000000000e+07
1.359620500000000000e+07
1.396496300000000000e+07
1.431842900000000000e+07
1.466660600000000000e+07
1.500822900000000000e+07
1.535224800000000000e+07
1.566385400000000000e+07
1.599136800000000000e+07
1.628657700000000000e+07
1.658953100000000000e+07
1.687761200000000000e+07
1.715781200000000000e+07
1.743074500000000000e+07
1.770185200000000000e+07
1.796929300000000000e+07
1.821848600000000000e+07
1.846393400000000000e+07
1.870731900000000000e+07
1.892893100000000000e+07
1.915632100000000000e+07
1.938935400000000000e+07
1.959548300000000000e+07
1.981279700000000000e+07
2.003079200000000000e+07
2.023294600000000000e+07
2.043155400000000000e+07
2.060541200000000000e+07
2.078765600000000000e+07
2.097921400000000000e+07
2.115615300000000000e+07
9.869626000000000000e+06
1.027609100000000000e+07
1.067884500000000000e+07
1.108842700000000000e+07
1.148530800000000000e+07
1.188167000000000000e+07
1.227496800000000000e+07
1.266221700000000000e+07
1.303782400000000000e+07
1.340920400000000000e+07
1.376555000000000000e+07
1.411699900000000000e+07
1.446256200000000000e+07
1.481065200000000000e+07
1.512609200000000000e+07
1.545865300000000000e+07
1.575885600000000000e+07
1.606659900000000000e+07
1.635965200000000000e+07
1.664499300000000000e+07
1.692281300000000000e+07
1.719946800000000000e+07
1.747207800000000000e+07
1.772633700000000000e+07
1.797655500000000000e+07
1.822549300000000000e+07
1.845242800000000000e+07
1.868531100000000000e+07
1.892258600000000000e+07
1.913457700000000000e+07
1.935716900000000000e+07
1.957989200000000000e+07
1.978701000000000000e+07
1.999050400000000000e+07
2.016934200000000000e+07
2.035685300000000000e+07
2.055359600000000000e+07
2.073423200000000000e+07
2.092205600000000000e+07
1.011978700000000000e+07
1.052535900000000000e+07
1.091988900000000000e+07
1.131485300000000000e+07
1.170860300000000000e+07
1.209645400000000000e+07
1.247430600000000000e+07
1.284826700000000000e+07
1.320754300000000000e+07
1.356220700000000000e+07
1.391174900000000000e+07
1.426387300000000000e+07
1.458318200000000000e+07
1.492088900000000000e+07
1.522613800000000000e+07
1.553880400000000000e+07
1.583683300000000000e+07
1.612742100000000000e+07
1.641020500000000000e+07
1.669248200000000000e+07
1.697037300000000000e+07
1.722969800000000000e+07
1.748495500000000000e+07
1.773938100000000000e+07
1.797163700000000000e+07
1.821019600000000000e+07
1.845176000000000000e+07
1.866958800000000000e+07
1.889748800000000000e+07
1.912502400000000000e+07
1.933722800000000000e+07
1.954567400000000000e+07
1.972949400000000000e+07
1.992228600000000000e+07
2.012427800000000000e+07
2.030857600000000000e+07
2.050113400000000000e+07
2.067140300000000000e+07
1.035266300000000000e+07
1.074593000000000000e+07
1.113965300000000000e+07
1.152788300000000000e+07
1.190763800000000000e+07
1.228341400000000000e+07
1.264612500000000000e+07
1.300388300000000000e+07
1.335732900000000000e+07
1.371328400000000000e+07
1.403652300000000000e+07
1.437945800000000000e+07
1.468975900000000000e+07
1.500730200000000000e+07
1.531028900000000000e+07
1.560615600000000000e+07
1.589401100000000000e+07
1.618195400000000000e+07
1.646503200000000000e+07
1.672945000000000000e+07
1.698976700000000000e+07
1.724973700000000000e+07
1.748732800000000000e+07
1.773165300000000000e+07
1.797748600000000000e+07
1.820117600000000000e+07
1.843438200000000000e+07
1.866679000000000000e+07
1.888406500000000000e+07
1.909752700000000000e+07
1.928637700000000000e+07
1.948444400000000000e+07
1.969186700000000000e+07
1.987977700000000000e+07
2.007607600000000000e+07
2.025231000000000000e+07
2.041118000000000000e+07
1.057006600000000000e+07
1.095844900000000000e+07
1.133958800000000000e+07
1.171712400000000000e+07
1.208273900000000000e+07
1.244351400000000000e+07
1.280066200000000000e+07
1.316033700000000000e+07
1.348746100000000000e+07
1.383534500000000000e+07
1.415073800000000000e+07
1.447311000000000000e+07
1.478107600000000000e+07
1.508164200000000000e+07
1.537500200000000000e+07
1.566852400000000000e+07
1.595684900000000000e+07
1.622636100000000000e+07
1.649161500000000000e+07
1.675722800000000000e+07
1.700021300000000000e+07
1.725024700000000000e+07
1.750038600000000000e+07
1.772991000000000000e+07
1.796846000000000000e+07
1.820573600000000000e+07
1.842805400000000000e+07
1.864656900000000000e+07
1.884056200000000000e+07
1.904377800000000000e+07
1.925716900000000000e+07
1.944833600000000000e+07
1.964849200000000000e+07
1.983044900000000000e+07
1.999426600000000000e+07
2.019261000000000000e+07
1.077178600000000000e+07
1.115083400000000000e+07
1.151884300000000000e+07
1.188233500000000000e+07
1.224296200000000000e+07
1.260616200000000000e+07
1.293714400000000000e+07
1.328951000000000000e+07
1.361015500000000000e+07
1.393717900000000000e+07
1.424993200000000000e+07
1.455363400000000000e+07
1.485400500000000000e+07
1.515311200000000000e+07
1.544659100000000000e+07
1.572126700000000000e+07
1.599128800000000000e+07
1.626252700000000000e+07
1.651081000000000000e+07
1.676650300000000000e+07
1.702106400000000000e+07
1.725632200000000000e+07
1.750020600000000000e+07
1.774274900000000000e+07
1.796972800000000000e+07
1.819325400000000000e+07
1.839249200000000000e+07
1.860073700000000000e+07
1.881900300000000000e+07
1.901445700000000000e+07
1.921868300000000000e+07
1.940609800000000000e+07
1.957494800000000000e+07
1.977735900000000000e+07
1.996424800000000000e+07
1.095574600000000000e+07
1.132156200000000000e+07
1.168540900000000000e+07
1.205189600000000000e+07
1.238659200000000000e+07
1.274307800000000000e+07
1.306876000000000000e+07
1.340032500000000000e+07
1.371774100000000000e+07
1.402617100000000000e+07
1.433175900000000000e+07
1.463619900000000000e+07
1.493485700000000000e+07
1.521465000000000000e+07
1.548938400000000000e+07
1.576613100000000000e+07
1.601846200000000000e+07
1.628099100000000000e+07
1.653991900000000000e+07
1.678095400000000000e+07
1.703004100000000000e+07
1.727836200000000000e+07
1.750945600000000000e+07
1.773772000000000000e+07
1.794247900000000000e+07
1.815564200000000000e+07
1.837832300000000000e+07
1.857845900000000000e+07
1.878679100000000000e+07
1.897959200000000000e+07
1.915351600000000000e+07
1.936003300000000000e+07
1.955166300000000000e+07
1.972534700000000000e+07
1.112895600000000000e+07
1.149828900000000000e+07
1.183660400000000000e+07
1.219740400000000000e+07
1.252742100000000000e+07
1.286330300000000000e+07
1.318243800000000000e+07
1.349835400000000000e+07
1.380886000000000000e+07
1.411852500000000000e+07
1.442251600000000000e+07
1.470704300000000000e+07
1.498649000000000000e+07
1.526862000000000000e+07
1.552544200000000000e+07
1.579418500000000000e+07
1.605757600000000000e+07
1.630421500000000000e+07
1.655839400000000000e+07
1.681294600000000000e+07
1.704755200000000000e+07
1.728036800000000000e+07
1.749157800000000000e+07
1.770886800000000000e+07
1.793590700000000000e+07
1.814074900000000000e+07
1.835304600000000000e+07
1.855131000000000000e+07
1.873027100000000000e+07
1.894088500000000000e+07
1.913720700000000000e+07
1.931556300000000000e+07
1.949433000000000000e+07
1.128824600000000000e+07
1.165298600000000000e+07
1.198687700000000000e+07
1.232687800000000000e+07
1.264909400000000000e+07
1.297088600000000000e+07
1.328599200000000000e+07
1.360059000000000000e+07
1.391206000000000000e+07
1.419901000000000000e+07
1.448302400000000000e+07
1.477047800000000000e+07
1.503214700000000000e+07
1.530659600000000000e+07
1.557444200000000000e+07
1.582649300000000000e+07
1.608570100000000000e+07
1.634618900000000000e+07
1.658449100000000000e+07
1.682178400000000000e+07
1.703954900000000000e+07
1.726074200000000000e+07
1.749211700000000000e+07
1.770154800000000000e+07
1.791790500000000000e+07
1.812152200000000000e+07
1.830549200000000000e+07
1.852017700000000000e+07
1.872109800000000000e+07
1.890420900000000000e+07
1.908655700000000000e+07
1.927101700000000000e+07
1.144784200000000000e+07
1.179164100000000000e+07
1.211713500000000000e+07
1.244426400000000000e+07
1.276365600000000000e+07
1.308305700000000000e+07
1.339949500000000000e+07
1.369104000000000000e+07
1.397947800000000000e+07
1.427212500000000000e+07
1.453869800000000000e+07
1.481856200000000000e+07
1.509076700000000000e+07
1.534816200000000000e+07
1.561223300000000000e+07
1.587719200000000000e+07
1.612054800000000000e+07
1.636236600000000000e+07
1.658682600000000000e+07
1.681151400000000000e+07
1.704715400000000000e+07
1.726117700000000000e+07
1.748156300000000000e+07
1.769047700000000000e+07
1.787942900000000000e+07
1.809818300000000000e+07
1.830345700000000000e+07
1.849149300000000000e+07
1.867745100000000000e+07
1.886644900000000000e+07
1.905653200000000000e+07
1.158733100000000000e+07
1.191897800000000000e+07
1.224247500000000000e+07
1.256637800000000000e+07
1.288716300000000000e+07
1.318350900000000000e+07
1.347631500000000000e+07
1.377398900000000000e+07
1.404539900000000000e+07
1.433036800000000000e+07
1.460699400000000000e+07
1.486950200000000000e+07
1.513843100000000000e+07
1.540759700000000000e+07
1.565621100000000000e+07
1.590240000000000000e+07
1.613395200000000000e+07
1.636151400000000000e+07
1.660141000000000000e+07
1.681998000000000000e+07
1.704430200000000000e+07
1.725843100000000000e+07
1.745231600000000000e+07
1.767509700000000000e+07
1.788462800000000000e+07
1.807768200000000000e+07
1.826709100000000000e+07
1.846062500000000000e+07
1.865457500000000000e+07
1.884018800000000000e+07
1.172286300000000000e+07
1.205111300000000000e+07
1.237600300000000000e+07
1.267695200000000000e+07
1.297400900000000000e+07
1.327646000000000000e+07
1.355262500000000000e+07
1.384259900000000000e+07
1.412346000000000000e+07
1.439095800000000000e+07
1.466454300000000000e+07
1.493779700000000000e+07
1.519169500000000000e+07
1.544212300000000000e+07
1.567873800000000000e+07
1.591103000000000000e+07
1.615505900000000000e+07
1.637808200000000000e+07
1.660636700000000000e+07
1.682563500000000000e+07
1.702437100000000000e+07
1.725115200000000000e+07
1.746504300000000000e+07
1.766293200000000000e+07
1.785571700000000000e+07
1.805375500000000000e+07
1.825159300000000000e+07
1.844175200000000000e+07
1.860438000000000000e+07
1.186616300000000000e+07
1.217183100000000000e+07
1.247322200000000000e+07
1.277996200000000000e+07
1.306068300000000000e+07
1.335542400000000000e+07
1.364048000000000000e+07
1.391279100000000000e+07
1.419095900000000000e+07
1.446829600000000000e+07
1.472726700000000000e+07
1.498158300000000000e+07
1.522329000000000000e+07
1.545767200000000000e+07
1.570840700000000000e+07
1.593572300000000000e+07
1.616796200000000000e+07
1.639230000000000000e+07
1.659584700000000000e+07
1.682656700000000000e+07
1.704477300000000000e+07
1.724750300000000000e+07
1.744360900000000000e+07
1.764599800000000000e+07
1.784765600000000000e+07
1.804242700000000000e+07
1.820887500000000000e+07
1.839861400000000000e+07
1.197322800000000000e+07
1.228485100000000000e+07
1.256999400000000000e+07
1.286931800000000000e+07
1.315832700000000000e+07
1.343535700000000000e+07
1.371793100000000000e+07
1.399933500000000000e+07
1.426308500000000000e+07
1.451910400000000000e+07
1.476791000000000000e+07
1.500651300000000000e+07
1.526163700000000000e+07
1.549316700000000000e+07
1.572932300000000000e+07
1.595864700000000000e+07
1.616686800000000000e+07
1.640150200000000000e+07
1.662397500000000000e+07
1.683166900000000000e+07
1.703084000000000000e+07
1.723755100000000000e+07
1.744289000000000000e+07
1.764235100000000000e+07
1.781257900000000000e+07
1.800668700000000000e+07
1.817396100000000000e+07
1.208084100000000000e+07
1.238453100000000000e+07
1.267741500000000000e+07
1.295894300000000000e+07
1.324579000000000000e+07
1.353091800000000000e+07
1.379953900000000000e+07
1.405833100000000000e+07
1.431278300000000000e+07
1.455580700000000000e+07
1.481503300000000000e+07
1.505056300000000000e+07
1.529068600000000000e+07
1.552490000000000000e+07
1.573767000000000000e+07
1.597622700000000000e+07
1.620283100000000000e+07
1.641522200000000000e+07
1.661761500000000000e+07
1.682860700000000000e+07
1.703758400000000000e+07
1.724171200000000000e+07
1.741562700000000000e+07
1.761409800000000000e+07
1.778428800000000000e+07
1.796905300000000000e+07
1.219807300000000000e+07
1.248389500000000000e+07
1.277483000000000000e+07
1.306349300000000000e+07
1.333689400000000000e+07
1.359895700000000000e+07
1.385822000000000000e+07
1.410561600000000000e+07
1.436885000000000000e+07
1.460829300000000000e+07
1.485242500000000000e+07
1.509127400000000000e+07
1.530847800000000000e+07
1.555091000000000000e+07
1.578150500000000000e+07
1.599792100000000000e+07
1.620412700000000000e+07
1.641931400000000000e+07
1.663191900000000000e+07
1.684058400000000000e+07
1.701816700000000000e+07
1.722076100000000000e+07
1.739401600000000000e+07
1.758286800000000000e+07
1.776933300000000000e+07
1.230530100000000000e+07
1.259750500000000000e+07
1.287512800000000000e+07
1.314071600000000000e+07
1.340330300000000000e+07
1.365624100000000000e+07
1.392326300000000000e+07
1.416653300000000000e+07
1.441476900000000000e+07
1.465814900000000000e+07
1.487951300000000000e+07
1.512571400000000000e+07
1.536014900000000000e+07
1.558056800000000000e+07
1.579056700000000000e+07
1.600984900000000000e+07
1.622599900000000000e+07
1.643922100000000000e+07
1.662036300000000000e+07
1.682695300000000000e+07
1.700329900000000000e+07
1.719619600000000000e+07
1.738634900000000000e+07
1.757226500000000000e+07
1.241460600000000000e+07
1.268375000000000000e+07
1.294960500000000000e+07
1.320770200000000000e+07
1.347851400000000000e+07
1.372557000000000000e+07
1.397774400000000000e+07
1.422546500000000000e+07
1.445106900000000000e+07
1.470085500000000000e+07
1.493912800000000000e+07
1.516333100000000000e+07
1.537719700000000000e+07
1.560028200000000000e+07
1.582000000000000000e+07
1.603752800000000000e+07
1.622234800000000000e+07
1.643279700000000000e+07
1.661230000000000000e+07
1.680917300000000000e+07
1.700296900000000000e+07
1.719205000000000000e+07
1.738776400000000000e+07
1.249808500000000000e+07
1.276036100000000000e+07
1.303478200000000000e+07
1.328555600000000000e+07
1.354151200000000000e+07
1.379360000000000000e+07
1.402332200000000000e+07
1.427649700000000000e+07
1.451844600000000000e+07
1.474645100000000000e+07
1.496414200000000000e+07
1.519077700000000000e+07
1.541412800000000000e+07
1.563540400000000000e+07
1.582168200000000000e+07
1.603852500000000000e+07
1.622109400000000000e+07
1.642197000000000000e+07
1.661932700000000000e+07
1.681149500000000000e+07
1.701066300000000000e+07
1.717293200000000000e+07
1.259235300000000000e+07
1.284672700000000000e+07
1.310635100000000000e+07
1.336272300000000000e+07
1.359638100000000000e+07
1.385286400000000000e+07
1.409836300000000000e+07
1.432996500000000000e+07
1.455160500000000000e+07
1.478158000000000000e+07
1.500847500000000000e+07
1.523354200000000000e+07
1.542346200000000000e+07
1.564425900000000000e+07
1.582989200000000000e+07
1.603464100000000000e+07
1.623550400000000000e+07
1.643057700000000000e+07
1.663336400000000000e+07
1.679941500000000000e+07
1.700969100000000000e+07
1.267250000000000000e+07
1.293294100000000000e+07
1.317042400000000000e+07
1.343010400000000000e+07
1.367923300000000000e+07
1.391412400000000000e+07
1.413953000000000000e+07
1.437286800000000000e+07
1.460325000000000000e+07
1.483202400000000000e+07
1.502567600000000000e+07
1.525019100000000000e+07
1.543897300000000000e+07
1.564740400000000000e+07
1.585176200000000000e+07
1.604985400000000000e+07
1.625591100000000000e+07
1.642589500000000000e+07
1.663898300000000000e+07
1.682566400000000000e+07
1.274559700000000000e+07
1.300838600000000000e+07
1.326103700000000000e+07
1.349914400000000000e+07
1.372642700000000000e+07
1.396481900000000000e+07
1.419857900000000000e+07
1.443095800000000000e+07
1.462835400000000000e+07
1.485641300000000000e+07
1.504834800000000000e+07
1.526034500000000000e+07
1.546827000000000000e+07
1.566918400000000000e+07
1.587846900000000000e+07
1.605249000000000000e+07
1.626823500000000000e+07
1.645827900000000000e+07
1.664804600000000000e+07
1.284398400000000000e+07
1.308538100000000000e+07
1.331464800000000000e+07
1.355758200000000000e+07
1.379459000000000000e+07
1.403050500000000000e+07
1.423165000000000000e+07
1.446311500000000000e+07
1.465822000000000000e+07
1.487363100000000000e+07
1.508368800000000000e+07
1.528874600000000000e+07
1.550113900000000000e+07
1.567920100000000000e+07
1.589747700000000000e+07
1.609085000000000000e+07
1.628417900000000000e+07
1.644040500000000000e+07
1.290507700000000000e+07
1.315141500000000000e+07
1.339155500000000000e+07
1.363071600000000000e+07
1.383570000000000000e+07
1.407042000000000000e+07
1.426867800000000000e+07
1.448731200000000000e+07
1.470039200000000000e+07
1.490863600000000000e+07
1.512406600000000000e+07
1.530602500000000000e+07
1.552688200000000000e+07
1.572348800000000000e+07
1.592007500000000000e+07
1.607911600000000000e+07
1.627917000000000000e+07
1.298965700000000000e+07
1.323178600000000000e+07
1.344054800000000000e+07
1.367845100000000000e+07
1.387981900000000000e+07
1.410160900000000000e+07
1.431779100000000000e+07
1.452896900000000000e+07
1.474734600000000000e+07
1.493323600000000000e+07
1.515652600000000000e+07
1.535627000000000000e+07
1.555593300000000000e+07
1.571788100000000000e+07
1.592112500000000000e+07
1.610494300000000000e+07
1.304638100000000000e+07
1.328735700000000000e+07
1.349173200000000000e+07
1.371666200000000000e+07
1.393580900000000000e+07
1.414987200000000000e+07
1.437111000000000000e+07
1.456079600000000000e+07
1.478656900000000000e+07
1.498936400000000000e+07
1.519204700000000000e+07
1.535683400000000000e+07
1.556318900000000000e+07
1.574954200000000000e+07
1.592702900000000000e+07
1.310459700000000000e+07
1.333268500000000000e+07
1.355461500000000000e+07
1.377151000000000000e+07
1.399546900000000000e+07
1.418897300000000000e+07
1.441704900000000000e+07
1.462289400000000000e+07
1.482861200000000000e+07
1.499610500000000000e+07
1.520547400000000000e+07
1.539433100000000000e+07
1.557489600000000000e+07
1.575068600000000000e+07
1.317426000000000000e+07
1.339394200000000000e+07
1.362076600000000000e+07
1.381773100000000000e+07
1.404814200000000000e+07
1.425707800000000000e+07
1.446579700000000000e+07
1.463583600000000000e+07
1.484806900000000000e+07
1.503937200000000000e+07
1.522303100000000000e+07
1.540197900000000000e+07
1.560409700000000000e+07
1.324690300000000000e+07
1.344727100000000000e+07
1.367992200000000000e+07
1.389187900000000000e+07
1.410451600000000000e+07
1.427605000000000000e+07
1.449107700000000000e+07
1.468475500000000000e+07
1.487144700000000000e+07
1.505355500000000000e+07
1.525839300000000000e+07
1.545010100000000000e+07
1.331250200000000000e+07
1.352743000000000000e+07
1.374201200000000000e+07
1.391687500000000000e+07
1.413462400000000000e+07
1.433063700000000000e+07
1.452028300000000000e+07
1.470545500000000000e+07
1.491297000000000000e+07
1.510706600000000000e+07
1.526914100000000000e+07
1.338025000000000000e+07
1.355835900000000000e+07
1.377878200000000000e+07
1.397708800000000000e+07
1.416971800000000000e+07
1.435783600000000000e+07
1.456798600000000000e+07
1.476432500000000000e+07
1.492887700000000000e+07
1.510800300000000000e+07
1.342363500000000000e+07
1.362414900000000000e+07
1.381989300000000000e+07
1.401093300000000000e+07
1.422348300000000000e+07
1.442187700000000000e+07
1.458891600000000000e+07
1.477134300000000000e+07
1.495816100000000000e+07
1.347075200000000000e+07
1.366466900000000000e+07
1.387937700000000000e+07
1.407987200000000000e+07
1.424700400000000000e+07
1.443510900000000000e+07
1.462363900000000000e+07
1.479572700000000000e+07
1.353590200000000000e+07
1.373846700000000000e+07
1.390683500000000000e+07
1.409924100000000000e+07
1.428955200000000000e+07
1.446403600000000000e+07
1.466386100000000000e+07
1.356830800000000000e+07
1.376389200000000000e+07
1.395600900000000000e+07
1.413293000000000000e+07
1.433486300000000000e+07
1.447333500000000000e+07
1.362304000000000000e+07
1.380236500000000000e+07
1.400635700000000000e+07
1.414783400000000000e+07
1.436870000000000000e+07
1.367847300000000000e+07
1.382290400000000000e+07
1.404542600000000000e+07
1.423027300000000000e+07
1.372274400000000000e+07
1.391019800000000000e+07
1.409973500000000000e+07
1.378165400000000000e+07
1.394804600000000000e+07
1.380759200000000000e+07
