2.981000000000000000e+03
3.133000000000000000e+03
3.286000000000000000e+03
3.440000000000000000e+03
3.592000000000000000e+03
3.900000000000000000e+03
4.209000000000000000e+03
2.834790000000000000e+05
4.701090000000000000e+05
6.032340000000000000e+05
6.730070000000000000e+05
7.373450000000000000e+05
7.914830000000000000e+05
8.527150000000000000e+05
1.291377000000000000e+06
1.291377000000000000e+06
1.297257000000000000e+06
1.297257000000000000e+06
1.297257000000000000e+06
1.297257000000000000e+06
1.297257000000000000e+06
1.300414000000000000e+06
1.300414000000000000e+06
1.300414000000000000e+06
1.300414000000000000e+06
1.301221000000000000e+06
1.301221000000000000e+06
1.301221000000000000e+06
1.301221000000000000e+06
1.301221000000000000e+06
3.137000000000000000e+03
3.290000000000000000e+03
3.443000000000000000e+03
3.597000000000000000e+03
3.904000000000000000e+03
4.221000000000000000e+03
2.453250000000000000e+05
4.350950000000000000e+05
5.687870000000000000e+05
6.592150000000000000e+05
7.317840000000000000e+05
7.861540000000000000e+05
9.142090000000000000e+05
1.291377000000000000e+06
1.291377000000000000e+06
1.297257000000000000e+06
1.297257000000000000e+06
1.297257000000000000e+06
1.297257000000000000e+06
1.297257000000000000e+06
1.300414000000000000e+06
1.300414000000000000e+06
1.300414000000000000e+06
1.300414000000000000e+06
1.301221000000000000e+06
1.301221000000000000e+06
1.301221000000000000e+06
1.301221000000000000e+06
1.301221000000000000e+06
3.294000000000000000e+03
3.448000000000000000e+03
3.601000000000000000e+03
3.911000000000000000e+03
4.231000000000000000e+03
1.627220000000000000e+05
3.990500000000000000e+05
5.427540000000000000e+05
6.420170000000000000e+05
7.208990000000000000e+05
7.844900000000000000e+05
8.909870000000000000e+05
1.291377000000000000e+06
1.291377000000000000e+06
1.297257000000000000e+06
1.297257000000000000e+06
1.297257000000000000e+06
1.297257000000000000e+06
1.297257000000000000e+06
1.300414000000000000e+06
1.300414000000000000e+06
1.300414000000000000e+06
1.300414000000000000e+06
1.301221000000000000e+06
1.301221000000000000e+06
1.301221000000000000e+06
1.301221000000000000e+06
1.301221000000000000e+06
3.453000000000000000e+03
3.606000000000000000e+03
3.919000000000000000e+03
4.239000000000000000e+03
4.565000000000000000e+03
3.525400000000000000e+05
5.159490000000000000e+05
6.328980000000000000e+05
7.095360000000000000e+05
7.765520000000000000e+05
8.171130000000000000e+05
1.291377000000000000e+06
1.291377000000000000e+06
1.297257000000000000e+06
1.297257000000000000e+06
1.297257000000000000e+06
1.297257000000000000e+06
1.297257000000000000e+06
1.300414000000000000e+06
1.300414000000000000e+06
1.300414000000000000e+06
1.300414000000000000e+06
1.301221000000000000e+06
1.301221000000000000e+06
1.301221000000000000e+06
1.301221000000000000e+06
1.301221000000000000e+06
3.613000000000000000e+03
3.926000000000000000e+03
4.246000000000000000e+03
4.571000000000000000e+03
3.094680000000000000e+05
4.785570000000000000e+05
6.057570000000000000e+05
6.926010000000000000e+05
7.729700000000000000e+05
8.480220000000000000e+05
9.465540000000000000e+05
1.291377000000000000e+06
1.297257000000000000e+06
1.297257000000000000e+06
1.297257000000000000e+06
1.297257000000000000e+06
1.297257000000000000e+06
1.300414000000000000e+06
1.300414000000000000e+06
1.300414000000000000e+06
1.301221000000000000e+06
1.301221000000000000e+06
1.301221000000000000e+06
1.301221000000000000e+06
1.301221000000000000e+06
1.301221000000000000e+06
3.936000000000000000e+03
4.256000000000000000e+03
4.581000000000000000e+03
1.416140000000000000e+05
4.055000000000000000e+05
5.489610000000000000e+05
6.516610000000000000e+05
7.533840000000000000e+05
8.097560000000000000e+05
8.883110000000000000e+05
1.291377000000000000e+06
1.297257000000000000e+06
1.297257000000000000e+06
1.297257000000000000e+06
1.297257000000000000e+06
1.297257000000000000e+06
1.300414000000000000e+06
1.300414000000000000e+06
1.300414000000000000e+06
1.301221000000000000e+06
1.301221000000000000e+06
1.301221000000000000e+06
1.301221000000000000e+06
1.301221000000000000e+06
1.301221000000000000e+06
4.265000000000000000e+03
4.590000000000000000e+03
4.920000000000000000e+03
2.924360000000000000e+05
4.782600000000000000e+05
6.134990000000000000e+05
7.106070000000000000e+05
7.818670000000000000e+05
8.451200000000000000e+05
9.407700000000000000e+05
1.291377000000000000e+06
1.297257000000000000e+06
1.297257000000000000e+06
1.297257000000000000e+06
1.297257000000000000e+06
1.297257000000000000e+06
1.300414000000000000e+06
1.300414000000000000e+06
1.301221000000000000e+06
1.301221000000000000e+06
1.301221000000000000e+06
1.301221000000000000e+06
1.301221000000000000e+06
1.301221000000000000e+06
4.599000000000000000e+03
4.929000000000000000e+03
7.883300000000000000e+04
3.874800000000000000e+05
5.453640000000000000e+05
6.651180000000000000e+05
7.573540000000000000e+05
8.068360000000000000e+05
8.791470000000000000e+05
1.291377000000000000e+06
1.297257000000000000e+06
1.297257000000000000e+06
1.297257000000000000e+06
1.297257000000000000e+06
1.297257000000000000e+06
1.300414000000000000e+06
1.300414000000000000e+06
1.301221000000000000e+06
1.301221000000000000e+06
1.301221000000000000e+06
1.301221000000000000e+06
1.301221000000000000e+06
1.301221000000000000e+06
4.938000000000000000e+03
5.274000000000000000e+03
2.699280000000000000e+05
4.678560000000000000e+05
6.054070000000000000e+05
7.133890000000000000e+05
7.836050000000000000e+05
8.388840000000000000e+05
9.336630000000000000e+05
1.297257000000000000e+06
1.297257000000000000e+06
1.297257000000000000e+06
1.297257000000000000e+06
1.297257000000000000e+06
1.300414000000000000e+06
1.300414000000000000e+06
1.301221000000000000e+06
1.301221000000000000e+06
1.301221000000000000e+06
1.301221000000000000e+06
1.301221000000000000e+06
1.301221000000000000e+06
5.284000000000000000e+03
5.624000000000000000e+03
3.747720000000000000e+05
5.306410000000000000e+05
6.509060000000000000e+05
7.591100000000000000e+05
8.111730000000000000e+05
8.785530000000000000e+05
1.291377000000000000e+06
1.297257000000000000e+06
1.297257000000000000e+06
1.297257000000000000e+06
1.297257000000000000e+06
1.300414000000000000e+06
1.300414000000000000e+06
1.301221000000000000e+06
1.301221000000000000e+06
1.301221000000000000e+06
1.301221000000000000e+06
1.301221000000000000e+06
1.301221000000000000e+06
5.635000000000000000e+03
2.417350000000000000e+05
4.520250000000000000e+05
5.912590000000000000e+05
7.109570000000000000e+05
7.848800000000000000e+05
8.394030000000000000e+05
9.300450000000000000e+05
1.297257000000000000e+06
1.297257000000000000e+06
1.297257000000000000e+06
1.297257000000000000e+06
1.300414000000000000e+06
1.300414000000000000e+06
1.301221000000000000e+06
1.301221000000000000e+06
1.301221000000000000e+06
1.301221000000000000e+06
1.301221000000000000e+06
1.301221000000000000e+06
5.991000000000000000e+03
3.510530000000000000e+05
5.222040000000000000e+05
6.425630000000000000e+05
7.544410000000000000e+05
8.074290000000000000e+05
8.735400000000000000e+05
1.297257000000000000e+06
1.297257000000000000e+06
1.297257000000000000e+06
1.297257000000000000e+06
1.300414000000000000e+06
1.300414000000000000e+06
1.301221000000000000e+06
1.301221000000000000e+06
1.301221000000000000e+06
1.301221000000000000e+06
1.301221000000000000e+06
1.301221000000000000e+06
2.076460000000000000e+05
4.369340000000000000e+05
5.773300000000000000e+05
6.963820000000000000e+05
7.801750000000000000e+05
8.334180000000000000e+05
9.163510000000000000e+05
1.297257000000000000e+06
1.297257000000000000e+06
1.297257000000000000e+06
1.297257000000000000e+06
1.300414000000000000e+06
1.301221000000000000e+06
1.301221000000000000e+06
1.301221000000000000e+06
1.301221000000000000e+06
1.301221000000000000e+06
1.301221000000000000e+06
3.345930000000000000e+05
5.022190000000000000e+05
6.354430000000000000e+05
7.527720000000000000e+05
8.059820000000000000e+05
8.634340000000000000e+05
1.297257000000000000e+06
1.297257000000000000e+06
1.297257000000000000e+06
1.297257000000000000e+06
1.300414000000000000e+06
1.297588000000000000e+06
1.301221000000000000e+06
1.301221000000000000e+06
1.301221000000000000e+06
1.301221000000000000e+06
1.301221000000000000e+06
4.236560000000000000e+05
5.646120000000000000e+05
6.824400000000000000e+05
7.776200000000000000e+05
8.305750000000000000e+05
9.067870000000000000e+05
1.297257000000000000e+06
1.297257000000000000e+06
1.297257000000000000e+06
1.297257000000000000e+06
1.297588000000000000e+06
1.301221000000000000e+06
1.301221000000000000e+06
1.301221000000000000e+06
1.301221000000000000e+06
1.301221000000000000e+06
4.905580000000000000e+05
6.233250000000000000e+05
7.388310000000000000e+05
8.039560000000000000e+05
8.639850000000000000e+05
1.297257000000000000e+06
1.297257000000000000e+06
1.297257000000000000e+06
1.297257000000000000e+06
1.297588000000000000e+06
1.301221000000000000e+06
1.301221000000000000e+06
1.301221000000000000e+06
1.301221000000000000e+06
1.301221000000000000e+06
5.541930000000000000e+05
6.701230000000000000e+05
7.717610000000000000e+05
8.237430000000000000e+05
1.297257000000000000e+06
1.297257000000000000e+06
1.297257000000000000e+06
1.297257000000000000e+06
1.297257000000000000e+06
1.301221000000000000e+06
1.301221000000000000e+06
1.301221000000000000e+06
1.301221000000000000e+06
1.297257000000000000e+06
6.137940000000000000e+05
7.267490000000000000e+05
7.985380000000000000e+05
1.297257000000000000e+06
1.297257000000000000e+06
1.297257000000000000e+06
1.297257000000000000e+06
1.297257000000000000e+06
1.301221000000000000e+06
1.297257000000000000e+06
1.297257000000000000e+06
1.297257000000000000e+06
1.297257000000000000e+06
6.685880000000000000e+05
7.671210000000000000e+05
1.297257000000000000e+06
1.297257000000000000e+06
1.297257000000000000e+06
1.297257000000000000e+06
1.297257000000000000e+06
1.297257000000000000e+06
1.297257000000000000e+06
1.297257000000000000e+06
1.297257000000000000e+06
1.297257000000000000e+06
7.176800000000000000e+05
9.219780000000000000e+05
1.297257000000000000e+06
1.297257000000000000e+06
1.297257000000000000e+06
1.297257000000000000e+06
1.297257000000000000e+06
1.297257000000000000e+06
1.297257000000000000e+06
1.297257000000000000e+06
1.297257000000000000e+06
8.358760000000000000e+05
1.297257000000000000e+06
1.297257000000000000e+06
1.297257000000000000e+06
1.297257000000000000e+06
1.297257000000000000e+06
1.297257000000000000e+06
1.297257000000000000e+06
1.297257000000000000e+06
1.297257000000000000e+06
9.209460000000000000e+05
1.297257000000000000e+06
1.297257000000000000e+06
1.297257000000000000e+06
1.297257000000000000e+06
1.297257000000000000e+06
1.297257000000000000e+06
1.297257000000000000e+06
1.297257000000000000e+06
1.297257000000000000e+06
1.297257000000000000e+06
1.297257000000000000e+06
1.297257000000000000e+06
1.297257000000000000e+06
1.297257000000000000e+06
1.297257000000000000e+06
1.297257000000000000e+06
1.297257000000000000e+06
1.297257000000000000e+06
1.297257000000000000e+06
1.297257000000000000e+06
1.297257000000000000e+06
1.297257000000000000e+06
1.297257000000000000e+06
1.297257000000000000e+06
1.297257000000000000e+06
1.297257000000000000e+06
1.297257000000000000e+06
1.297257000000000000e+06
1.297257000000000000e+06
1.297257000000000000e+06
1.297257000000000000e+06
1.297257000000000000e+06
1.297257000000000000e+06
1.297257000000000000e+06
1.297257000000000000e+06
1.297257000000000000e+06
1.297257000000000000e+06
1.297257000000000000e+06
1.297257000000000000e+06
1.299840000000000000e+06
1.299840000000000000e+06
1.299840000000000000e+06
1.299840000000000000e+06
1.299840000000000000e+06
