2.981000000000000000e+03
3.133000000000000000e+03
3.286000000000000000e+03
3.440000000000000000e+03
3.592000000000000000e+03
3.900000000000000000e+03
4.209000000000000000e+03
4.536000000000000000e+03
4.867000000000000000e+03
5.203000000000000000e+03
5.541000000000000000e+03
5.880000000000000000e+03
6.222000000000000000e+03
6.567000000000000000e+03
6.915000000000000000e+03
7.264000000000000000e+03
7.624000000000000000e+03
7.985000000000000000e+03
8.348000000000000000e+03
8.715000000000000000e+03
9.642000000000000000e+03
1.057400000000000000e+04
1.151200000000000000e+04
1.245700000000000000e+04
1.341100000000000000e+04
1.437300000000000000e+04
1.534700000000000000e+04
1.633400000000000000e+04
1.733900000000000000e+04
1.837900000000000000e+04
3.137000000000000000e+03
3.289000000000000000e+03
3.443000000000000000e+03
3.597000000000000000e+03
3.904000000000000000e+03
4.221000000000000000e+03
4.548000000000000000e+03
4.879000000000000000e+03
5.212000000000000000e+03
5.549000000000000000e+03
5.888000000000000000e+03
6.230000000000000000e+03
6.575000000000000000e+03
6.922000000000000000e+03
7.276000000000000000e+03
7.635000000000000000e+03
7.995000000000000000e+03
8.359000000000000000e+03
8.727000000000000000e+03
9.650000000000000000e+03
1.057900000000000000e+04
1.151400000000000000e+04
1.245700000000000000e+04
1.340900000000000000e+04
1.437100000000000000e+04
1.534300000000000000e+04
1.632900000000000000e+04
1.733900000000000000e+04
1.836900000000000000e+04
3.294000000000000000e+03
3.448000000000000000e+03
3.601000000000000000e+03
3.910000000000000000e+03
4.231000000000000000e+03
4.556000000000000000e+03
4.887000000000000000e+03
5.220000000000000000e+03
5.556000000000000000e+03
5.895000000000000000e+03
6.237000000000000000e+03
6.581000000000000000e+03
6.931000000000000000e+03
7.287000000000000000e+03
7.645000000000000000e+03
8.006000000000000000e+03
8.371000000000000000e+03
8.736000000000000000e+03
9.657000000000000000e+03
1.058300000000000000e+04
1.151600000000000000e+04
1.245700000000000000e+04
1.340700000000000000e+04
1.436800000000000000e+04
1.534100000000000000e+04
1.632600000000000000e+04
1.732800000000000000e+04
1.837300000000000000e+04
3.453000000000000000e+03
3.606000000000000000e+03
3.919000000000000000e+03
4.239000000000000000e+03
4.565000000000000000e+03
4.894000000000000000e+03
5.227000000000000000e+03
5.562000000000000000e+03
5.902000000000000000e+03
6.243000000000000000e+03
6.589000000000000000e+03
6.942000000000000000e+03
7.297000000000000000e+03
7.654000000000000000e+03
8.016000000000000000e+03
8.380000000000000000e+03
8.744000000000000000e+03
9.663000000000000000e+03
1.058600000000000000e+04
1.151800000000000000e+04
1.245700000000000000e+04
1.340700000000000000e+04
1.436700000000000000e+04
1.533800000000000000e+04
1.632300000000000000e+04
1.733700000000000000e+04
1.837900000000000000e+04
3.612000000000000000e+03
3.926000000000000000e+03
4.246000000000000000e+03
4.571000000000000000e+03
4.900000000000000000e+03
5.232000000000000000e+03
5.569000000000000000e+03
5.908000000000000000e+03
6.249000000000000000e+03
6.599000000000000000e+03
6.951000000000000000e+03
7.306000000000000000e+03
7.665000000000000000e+03
8.026000000000000000e+03
8.387000000000000000e+03
8.753000000000000000e+03
9.668000000000000000e+03
1.058900000000000000e+04
1.152000000000000000e+04
1.245800000000000000e+04
1.340600000000000000e+04
1.436600000000000000e+04
1.533800000000000000e+04
1.632200000000000000e+04
1.733400000000000000e+04
1.837900000000000000e+04
3.936000000000000000e+03
4.256000000000000000e+03
4.581000000000000000e+03
4.911000000000000000e+03
5.243000000000000000e+03
5.580000000000000000e+03
5.920000000000000000e+03
6.266000000000000000e+03
6.615000000000000000e+03
6.967000000000000000e+03
7.324000000000000000e+03
7.681000000000000000e+03
8.040000000000000000e+03
8.402000000000000000e+03
8.764000000000000000e+03
9.676000000000000000e+03
1.059500000000000000e+04
1.152300000000000000e+04
1.246000000000000000e+04
1.340800000000000000e+04
1.436700000000000000e+04
1.533700000000000000e+04
1.632500000000000000e+04
1.734000000000000000e+04
1.838600000000000000e+04
4.264000000000000000e+03
4.590000000000000000e+03
4.920000000000000000e+03
5.254000000000000000e+03
5.591000000000000000e+03
5.934000000000000000e+03
6.279000000000000000e+03
6.628000000000000000e+03
6.983000000000000000e+03
7.338000000000000000e+03
7.693000000000000000e+03
8.053000000000000000e+03
8.412000000000000000e+03
8.776000000000000000e+03
9.684000000000000000e+03
1.060200000000000000e+04
1.152700000000000000e+04
1.246400000000000000e+04
1.341100000000000000e+04
1.437000000000000000e+04
1.534100000000000000e+04
1.632700000000000000e+04
1.735700000000000000e+04
1.839800000000000000e+04
4.599000000000000000e+03
4.929000000000000000e+03
5.263000000000000000e+03
5.603000000000000000e+03
5.946000000000000000e+03
6.292000000000000000e+03
6.643000000000000000e+03
6.996000000000000000e+03
7.349000000000000000e+03
7.706000000000000000e+03
8.064000000000000000e+03
8.424000000000000000e+03
8.784000000000000000e+03
9.692000000000000000e+03
1.060900000000000000e+04
1.153500000000000000e+04
1.247100000000000000e+04
1.341800000000000000e+04
1.437700000000000000e+04
1.534900000000000000e+04
1.634500000000000000e+04
1.736500000000000000e+04
1.841100000000000000e+04
4.938000000000000000e+03
5.273000000000000000e+03
5.613000000000000000e+03
5.957000000000000000e+03
6.305000000000000000e+03
6.655000000000000000e+03
7.008000000000000000e+03
7.362000000000000000e+03
7.717000000000000000e+03
8.076000000000000000e+03
8.434000000000000000e+03
8.795000000000000000e+03
9.704000000000000000e+03
1.062000000000000000e+04
1.154600000000000000e+04
1.248200000000000000e+04
1.343000000000000000e+04
1.439000000000000000e+04
1.536200000000000000e+04
1.635000000000000000e+04
1.738200000000000000e+04
1.842800000000000000e+04
5.283000000000000000e+03
5.623000000000000000e+03
5.969000000000000000e+03
6.316000000000000000e+03
6.667000000000000000e+03
7.019000000000000000e+03
7.373000000000000000e+03
7.730000000000000000e+03
8.086000000000000000e+03
8.447000000000000000e+03
8.807000000000000000e+03
9.715000000000000000e+03
1.063100000000000000e+04
1.155900000000000000e+04
1.249500000000000000e+04
1.344400000000000000e+04
1.440500000000000000e+04
1.537900000000000000e+04
1.636800000000000000e+04
1.740100000000000000e+04
1.844900000000000000e+04
5.635000000000000000e+03
5.979000000000000000e+03
6.328000000000000000e+03
6.678000000000000000e+03
7.030000000000000000e+03
7.386000000000000000e+03
7.742000000000000000e+03
8.100000000000000000e+03
8.460000000000000000e+03
8.821000000000000000e+03
9.730000000000000000e+03
1.064700000000000000e+04
1.157500000000000000e+04
1.251300000000000000e+04
1.346300000000000000e+04
1.442500000000000000e+04
1.540000000000000000e+04
1.639000000000000000e+04
1.742700000000000000e+04
1.847400000000000000e+04
5.991000000000000000e+03
6.339000000000000000e+03
6.690000000000000000e+03
7.045000000000000000e+03
7.399000000000000000e+03
7.757000000000000000e+03
8.115000000000000000e+03
8.475000000000000000e+03
8.836000000000000000e+03
9.746000000000000000e+03
1.066400000000000000e+04
1.159400000000000000e+04
1.253400000000000000e+04
1.348500000000000000e+04
1.444800000000000000e+04
1.542500000000000000e+04
1.641900000000000000e+04
1.744800000000000000e+04
1.850200000000000000e+04
6.353000000000000000e+03
6.705000000000000000e+03
7.059000000000000000e+03
7.416000000000000000e+03
7.773000000000000000e+03
8.131000000000000000e+03
8.492000000000000000e+03
8.854000000000000000e+03
9.765000000000000000e+03
1.068600000000000000e+04
1.161700000000000000e+04
1.255800000000000000e+04
1.351000000000000000e+04
1.447600000000000000e+04
1.545500000000000000e+04
1.645000000000000000e+04
1.747600000000000000e+04
1.853200000000000000e+04
6.721000000000000000e+03
7.076000000000000000e+03
7.433000000000000000e+03
7.790000000000000000e+03
8.151000000000000000e+03
8.512000000000000000e+03
8.875000000000000000e+03
9.789000000000000000e+03
1.071100000000000000e+04
1.164200000000000000e+04
1.258500000000000000e+04
1.354000000000000000e+04
1.450600000000000000e+04
1.548600000000000000e+04
1.648200000000000000e+04
1.751200000000000000e+04
1.856600000000000000e+04
7.095000000000000000e+03
7.451000000000000000e+03
7.811000000000000000e+03
8.171000000000000000e+03
8.534000000000000000e+03
8.896000000000000000e+03
9.813000000000000000e+03
1.073700000000000000e+04
1.167100000000000000e+04
1.261600000000000000e+04
1.357300000000000000e+04
1.454200000000000000e+04
1.552300000000000000e+04
1.651900000000000000e+04
1.754800000000000000e+04
1.860200000000000000e+04
7.474000000000000000e+03
7.833000000000000000e+03
8.195000000000000000e+03
8.557000000000000000e+03
8.923000000000000000e+03
9.841000000000000000e+03
1.076500000000000000e+04
1.170200000000000000e+04
1.265000000000000000e+04
1.360800000000000000e+04
1.457900000000000000e+04
1.556300000000000000e+04
1.656100000000000000e+04
1.758300000000000000e+04
1.864200000000000000e+04
7.860000000000000000e+03
8.220000000000000000e+03
8.586000000000000000e+03
8.949000000000000000e+03
9.870000000000000000e+03
1.079900000000000000e+04
1.173600000000000000e+04
1.268600000000000000e+04
1.364600000000000000e+04
1.462000000000000000e+04
1.560500000000000000e+04
1.660500000000000000e+04
1.762600000000000000e+04
1.868400000000000000e+04
8.250000000000000000e+03
8.612000000000000000e+03
8.980000000000000000e+03
9.902000000000000000e+03
1.083300000000000000e+04
1.177400000000000000e+04
1.272500000000000000e+04
1.368800000000000000e+04
1.466200000000000000e+04
1.565000000000000000e+04
1.665300000000000000e+04
1.766900000000000000e+04
1.872700000000000000e+04
8.646000000000000000e+03
9.012000000000000000e+03
9.937000000000000000e+03
1.087000000000000000e+04
1.181300000000000000e+04
1.276700000000000000e+04
1.373100000000000000e+04
1.470800000000000000e+04
1.569800000000000000e+04
1.670200000000000000e+04
1.772100000000000000e+04
1.877800000000000000e+04
9.047000000000000000e+03
9.973000000000000000e+03
1.090900000000000000e+04
1.185400000000000000e+04
1.281000000000000000e+04
1.377800000000000000e+04
1.475600000000000000e+04
1.574900000000000000e+04
1.675500000000000000e+04
1.777500000000000000e+04
1.882700000000000000e+04
1.007300000000000000e+04
1.101300000000000000e+04
1.196400000000000000e+04
1.292800000000000000e+04
1.390200000000000000e+04
1.488700000000000000e+04
1.588500000000000000e+04
1.689600000000000000e+04
1.792100000000000000e+04
1.896300000000000000e+04
1.113200000000000000e+04
1.208900000000000000e+04
1.305900000000000000e+04
1.403800000000000000e+04
1.503000000000000000e+04
1.603300000000000000e+04
1.705000000000000000e+04
1.808000000000000000e+04
1.912500000000000000e+04
1.222400000000000000e+04
1.319700000000000000e+04
1.418400000000000000e+04
1.518100000000000000e+04
1.619100000000000000e+04
1.721400000000000000e+04
1.825000000000000000e+04
1.929900000000000000e+04
1.334600000000000000e+04
1.433500000000000000e+04
1.534200000000000000e+04
1.635600000000000000e+04
1.738400000000000000e+04
1.842800000000000000e+04
1.948200000000000000e+04
1.450000000000000000e+04
1.550700000000000000e+04
1.653000000000000000e+04
1.756400000000000000e+04
1.861200000000000000e+04
1.967400000000000000e+04
1.568200000000000000e+04
1.670800000000000000e+04
1.774800000000000000e+04
1.880300000000000000e+04
1.987000000000000000e+04
1.689400000000000000e+04
1.793700000000000000e+04
1.899800000000000000e+04
2.007000000000000000e+04
1.813500000000000000e+04
1.919500000000000000e+04
2.027700000000000000e+04
1.940500000000000000e+04
2.048200000000000000e+04
2.070100000000000000e+04
