1.797800000000000000e+04
1.689600000000000000e+04
1.689600000000000000e+04
1.797800000000000000e+04
1.626600000000000000e+04
1.782100000000000000e+04
1.689600000000000000e+04
1.797800000000000000e+04
1.689600000000000000e+04
1.740300000000000000e+04
1.590200000000000000e+04
1.589000000000000000e+04
1.548500000000000000e+04
1.689600000000000000e+04
1.532400000000000000e+04
1.549200000000000000e+04
1.680300000000000000e+04
1.689600000000000000e+04
1.689600000000000000e+04
1.571800000000000000e+04
1.648200000000000000e+04
1.688100000000000000e+04
1.533400000000000000e+04
1.187400000000000000e+04
1.340300000000000000e+04
1.668900000000000000e+04
1.491800000000000000e+04
1.443800000000000000e+04
1.395100000000000000e+04
1.229500000000000000e+04
1.689600000000000000e+04
1.797800000000000000e+04
1.627300000000000000e+04
1.747400000000000000e+04
1.689600000000000000e+04
1.790300000000000000e+04
1.689600000000000000e+04
1.689600000000000000e+04
1.711800000000000000e+04
1.689600000000000000e+04
1.689600000000000000e+04
1.689600000000000000e+04
1.644400000000000000e+04
1.561300000000000000e+04
1.662300000000000000e+04
1.689600000000000000e+04
1.538200000000000000e+04
1.689600000000000000e+04
1.665200000000000000e+04
1.391900000000000000e+04
1.666000000000000000e+04
1.493400000000000000e+04
1.689600000000000000e+04
1.207000000000000000e+04
1.380000000000000000e+04
1.238800000000000000e+04
1.637700000000000000e+04
1.450700000000000000e+04
1.412600000000000000e+04
1.628000000000000000e+04
1.755500000000000000e+04
1.797800000000000000e+04
1.689600000000000000e+04
1.797800000000000000e+04
1.597600000000000000e+04
1.756000000000000000e+04
1.613900000000000000e+04
1.670500000000000000e+04
1.564600000000000000e+04
1.738800000000000000e+04
1.535000000000000000e+04
1.575300000000000000e+04
1.689600000000000000e+04
1.689600000000000000e+04
1.689600000000000000e+04
1.627600000000000000e+04
1.625700000000000000e+04
1.689600000000000000e+04
1.476800000000000000e+04
1.656300000000000000e+04
1.580500000000000000e+04
1.327600000000000000e+04
1.271800000000000000e+04
1.234200000000000000e+04
1.241000000000000000e+04
1.448200000000000000e+04
1.331000000000000000e+04
1.797800000000000000e+04
1.689600000000000000e+04
1.797800000000000000e+04
1.689600000000000000e+04
1.689600000000000000e+04
1.727600000000000000e+04
1.689600000000000000e+04
1.689600000000000000e+04
1.689600000000000000e+04
1.656400000000000000e+04
1.578300000000000000e+04
1.658600000000000000e+04
1.539200000000000000e+04
1.540700000000000000e+04
1.531800000000000000e+04
1.686600000000000000e+04
1.590500000000000000e+04
1.557700000000000000e+04
1.563900000000000000e+04
1.689600000000000000e+04
1.552200000000000000e+04
1.689600000000000000e+04
1.588800000000000000e+04
1.476500000000000000e+04
1.469300000000000000e+04
1.491400000000000000e+04
1.509200000000000000e+04
1.689600000000000000e+04
1.797800000000000000e+04
1.600300000000000000e+04
1.772000000000000000e+04
1.628100000000000000e+04
1.686400000000000000e+04
1.580100000000000000e+04
1.754600000000000000e+04
1.537600000000000000e+04
1.601500000000000000e+04
1.689100000000000000e+04
1.689600000000000000e+04
1.689600000000000000e+04
1.678400000000000000e+04
1.624900000000000000e+04
1.439000000000000000e+04
1.566000000000000000e+04
1.641700000000000000e+04
1.634800000000000000e+04
1.689600000000000000e+04
1.674400000000000000e+04
1.428700000000000000e+04
1.407200000000000000e+04
1.384500000000000000e+04
1.494200000000000000e+04
1.458800000000000000e+04
1.603200000000000000e+04
1.788100000000000000e+04
1.641500000000000000e+04
1.702400000000000000e+04
1.595000000000000000e+04
1.770600000000000000e+04
1.540300000000000000e+04
1.627900000000000000e+04
1.688300000000000000e+04
1.689600000000000000e+04
1.526100000000000000e+04
1.705900000000000000e+04
1.625700000000000000e+04
1.457200000000000000e+04
1.436100000000000000e+04
1.689600000000000000e+04
1.541800000000000000e+04
1.689600000000000000e+04
1.388900000000000000e+04
1.416200000000000000e+04
1.440300000000000000e+04
1.689600000000000000e+04
1.517500000000000000e+04
1.356900000000000000e+04
1.361500000000000000e+04
1.654100000000000000e+04
1.718700000000000000e+04
1.609200000000000000e+04
1.786700000000000000e+04
1.543000000000000000e+04
1.654300000000000000e+04
1.689100000000000000e+04
1.693900000000000000e+04
1.528800000000000000e+04
1.725500000000000000e+04
1.627900000000000000e+04
1.475100000000000000e+04
1.453600000000000000e+04
1.604000000000000000e+04
1.402300000000000000e+04
1.689600000000000000e+04
1.439500000000000000e+04
1.689600000000000000e+04
1.499900000000000000e+04
1.446800000000000000e+04
1.462300000000000000e+04
1.307100000000000000e+04
1.394400000000000000e+04
1.352100000000000000e+04
1.622800000000000000e+04
1.797800000000000000e+04
1.545800000000000000e+04
1.680700000000000000e+04
1.689600000000000000e+04
1.720900000000000000e+04
1.531400000000000000e+04
1.741700000000000000e+04
1.631200000000000000e+04
1.492700000000000000e+04
1.470800000000000000e+04
1.622100000000000000e+04
1.602700000000000000e+04
1.291200000000000000e+04
1.359200000000000000e+04
1.434600000000000000e+04
1.689600000000000000e+04
1.339900000000000000e+04
1.621700000000000000e+04
1.271600000000000000e+04
1.371400000000000000e+04
1.285700000000000000e+04
1.387500000000000000e+04
1.548500000000000000e+04
1.707300000000000000e+04
1.689600000000000000e+04
1.734700000000000000e+04
1.534100000000000000e+04
1.758100000000000000e+04
1.635500000000000000e+04
1.510100000000000000e+04
1.487700000000000000e+04
1.640000000000000000e+04
1.518700000000000000e+04
1.568200000000000000e+04
1.689600000000000000e+04
1.380100000000000000e+04
1.422500000000000000e+04
1.364000000000000000e+04
1.375500000000000000e+04
1.386700000000000000e+04
1.533600000000000000e+04
1.405900000000000000e+04
1.330800000000000000e+04
1.280400000000000000e+04
1.689600000000000000e+04
1.745100000000000000e+04
1.540400000000000000e+04
1.774700000000000000e+04
1.423900000000000000e+04
1.527100000000000000e+04
1.504600000000000000e+04
1.657600000000000000e+04
1.527900000000000000e+04
1.586200000000000000e+04
1.689600000000000000e+04
1.689600000000000000e+04
1.689600000000000000e+04
1.467600000000000000e+04
1.381100000000000000e+04
1.275000000000000000e+04
1.263000000000000000e+04
1.306200000000000000e+04
1.532400000000000000e+04
1.437000000000000000e+04
1.285500000000000000e+04
1.557300000000000000e+04
1.791500000000000000e+04
1.438900000000000000e+04
1.543900000000000000e+04
1.515500000000000000e+04
1.675000000000000000e+04
1.537700000000000000e+04
1.604000000000000000e+04
1.689600000000000000e+04
1.634500000000000000e+04
1.689600000000000000e+04
1.404600000000000000e+04
1.384900000000000000e+04
1.433400000000000000e+04
1.557100000000000000e+04
1.579300000000000000e+04
1.248500000000000000e+04
1.380200000000000000e+04
1.590300000000000000e+04
1.613300000000000000e+04
1.453800000000000000e+04
1.560400000000000000e+04
1.520500000000000000e+04
1.689600000000000000e+04
1.548200000000000000e+04
1.621700000000000000e+04
1.689600000000000000e+04
1.652600000000000000e+04
1.689600000000000000e+04
1.365000000000000000e+04
1.689600000000000000e+04
1.420900000000000000e+04
1.272000000000000000e+04
1.482900000000000000e+04
1.541100000000000000e+04
1.567800000000000000e+04
1.592500000000000000e+04
1.616700000000000000e+04
1.640200000000000000e+04
1.525600000000000000e+04
1.689600000000000000e+04
1.559700000000000000e+04
1.639100000000000000e+04
1.689600000000000000e+04
1.670500000000000000e+04
1.689600000000000000e+04
1.463100000000000000e+04
1.458700000000000000e+04
1.689600000000000000e+04
1.314700000000000000e+04
1.689600000000000000e+04
1.542100000000000000e+04
1.570000000000000000e+04
1.595100000000000000e+04
1.620000000000000000e+04
1.644500000000000000e+04
1.668500000000000000e+04
1.572700000000000000e+04
1.797800000000000000e+04
1.689600000000000000e+04
1.688200000000000000e+04
1.689600000000000000e+04
1.502900000000000000e+04
1.421700000000000000e+04
1.474800000000000000e+04
1.499500000000000000e+04
1.528900000000000000e+04
1.545900000000000000e+04
1.574900000000000000e+04
1.601700000000000000e+04
1.624400000000000000e+04
1.648800000000000000e+04
1.673600000000000000e+04
1.697900000000000000e+04
1.689600000000000000e+04
1.689600000000000000e+04
1.689600000000000000e+04
1.559400000000000000e+04
1.451800000000000000e+04
1.689600000000000000e+04
1.292300000000000000e+04
1.496900000000000000e+04
1.551600000000000000e+04
1.584000000000000000e+04
1.610300000000000000e+04
1.630600000000000000e+04
1.654500000000000000e+04
1.679100000000000000e+04
1.703800000000000000e+04
1.728400000000000000e+04
1.689600000000000000e+04
1.740900000000000000e+04
1.482000000000000000e+04
1.689600000000000000e+04
1.549800000000000000e+04
1.479000000000000000e+04
1.557100000000000000e+04
1.593700000000000000e+04
1.615000000000000000e+04
1.636700000000000000e+04
1.660300000000000000e+04
1.685700000000000000e+04
1.709600000000000000e+04
1.735200000000000000e+04
1.759200000000000000e+04
1.512100000000000000e+04
1.689600000000000000e+04
1.579200000000000000e+04
1.689600000000000000e+04
1.440800000000000000e+04
1.607700000000000000e+04
1.623100000000000000e+04
1.637800000000000000e+04
1.662200000000000000e+04
1.687400000000000000e+04
1.714100000000000000e+04
1.740800000000000000e+04
1.765600000000000000e+04
1.791600000000000000e+04
1.608700000000000000e+04
1.689600000000000000e+04
1.689600000000000000e+04
1.610200000000000000e+04
1.689600000000000000e+04
1.646400000000000000e+04
1.664400000000000000e+04
1.693200000000000000e+04
1.716300000000000000e+04
1.745100000000000000e+04
1.772700000000000000e+04
1.800700000000000000e+04
1.827400000000000000e+04
1.689600000000000000e+04
1.593100000000000000e+04
1.604000000000000000e+04
1.689600000000000000e+04
1.664800000000000000e+04
1.690900000000000000e+04
1.718300000000000000e+04
1.747200000000000000e+04
1.778900000000000000e+04
1.807600000000000000e+04
1.836600000000000000e+04
1.863600000000000000e+04
1.614700000000000000e+04
1.675200000000000000e+04
1.433700000000000000e+04
1.693700000000000000e+04
1.724000000000000000e+04
1.750200000000000000e+04
1.776500000000000000e+04
1.813200000000000000e+04
1.841300000000000000e+04
1.869800000000000000e+04
1.898000000000000000e+04
1.481900000000000000e+04
1.420800000000000000e+04
1.699500000000000000e+04
1.810900000000000000e+04
1.842800000000000000e+04
1.867900000000000000e+04
1.904400000000000000e+04
1.931300000000000000e+04
1.961900000000000000e+04
1.991100000000000000e+04
1.731500000000000000e+04
1.689600000000000000e+04
1.930400000000000000e+04
1.945500000000000000e+04
1.969100000000000000e+04
1.997600000000000000e+04
2.025600000000000000e+04
2.058300000000000000e+04
2.088800000000000000e+04
2.014200000000000000e+04
1.529900000000000000e+04
2.041500000000000000e+04
2.070600000000000000e+04
2.108300000000000000e+04
2.133400000000000000e+04
2.159900000000000000e+04
2.190700000000000000e+04
2.116900000000000000e+04
1.689600000000000000e+04
2.177100000000000000e+04
2.204500000000000000e+04
2.234200000000000000e+04
2.276400000000000000e+04
2.294000000000000000e+04
1.760000000000000000e+04
2.287800000000000000e+04
2.333300000000000000e+04
2.360800000000000000e+04
2.383900000000000000e+04
2.403500000000000000e+04
2.405800000000000000e+04
2.428300000000000000e+04
2.493200000000000000e+04
2.508800000000000000e+04
2.531500000000000000e+04
2.028800000000000000e+04
2.601900000000000000e+04
2.625200000000000000e+04
2.648200000000000000e+04
2.686900000000000000e+04
2.743100000000000000e+04
2.797400000000000000e+04
2.868900000000000000e+04
2.920900000000000000e+04
3.003400000000000000e+04
