1.797800000000000000e+04
1.689600000000000000e+04
1.797800000000000000e+04
1.797800000000000000e+04
1.696500000000000000e+04
1.689600000000000000e+04
1.597900000000000000e+04
1.797800000000000000e+04
1.689600000000000000e+04
1.670900000000000000e+04
1.689600000000000000e+04
1.654900000000000000e+04
1.689600000000000000e+04
1.689600000000000000e+04
1.669300000000000000e+04
1.689600000000000000e+04
1.681400000000000000e+04
1.599400000000000000e+04
1.718400000000000000e+04
1.571800000000000000e+04
1.648200000000000000e+04
1.502500000000000000e+04
1.689600000000000000e+04
1.689600000000000000e+04
1.340300000000000000e+04
1.400400000000000000e+04
1.689600000000000000e+04
1.689600000000000000e+04
1.381600000000000000e+04
1.603000000000000000e+04
1.229600000000000000e+04
1.357800000000000000e+04
1.589000000000000000e+04
1.301000000000000000e+04
1.280500000000000000e+04
1.259900000000000000e+04
1.266100000000000000e+04
1.096400000000000000e+04
6.704000000000000000e+03
7.757000000000000000e+03
1.797800000000000000e+04
1.797800000000000000e+04
1.704500000000000000e+04
1.689600000000000000e+04
1.797800000000000000e+04
1.689600000000000000e+04
1.689600000000000000e+04
1.689600000000000000e+04
1.662000000000000000e+04
1.689600000000000000e+04
1.689600000000000000e+04
1.709400000000000000e+04
1.689600000000000000e+04
1.726100000000000000e+04
1.744000000000000000e+04
1.662600000000000000e+04
1.797800000000000000e+04
1.780800000000000000e+04
1.689600000000000000e+04
1.689600000000000000e+04
1.504100000000000000e+04
1.689600000000000000e+04
1.689600000000000000e+04
1.207000000000000000e+04
1.643500000000000000e+04
1.534700000000000000e+04
1.689600000000000000e+04
1.361900000000000000e+04
1.412600000000000000e+04
1.521700000000000000e+04
1.565700000000000000e+04
1.324900000000000000e+04
1.269200000000000000e+04
1.508300000000000000e+04
1.262500000000000000e+04
1.572100000000000000e+04
9.303000000000000000e+03
1.656700000000000000e+04
1.381500000000000000e+04
1.712700000000000000e+04
1.689600000000000000e+04
1.689600000000000000e+04
1.621800000000000000e+04
1.797800000000000000e+04
1.689600000000000000e+04
1.695400000000000000e+04
1.689600000000000000e+04
1.670500000000000000e+04
1.689600000000000000e+04
1.797800000000000000e+04
1.679600000000000000e+04
1.689600000000000000e+04
1.692300000000000000e+04
1.617400000000000000e+04
1.733800000000000000e+04
1.627600000000000000e+04
1.797800000000000000e+04
1.689600000000000000e+04
1.689600000000000000e+04
1.711600000000000000e+04
1.689600000000000000e+04
1.689600000000000000e+04
1.356200000000000000e+04
1.689600000000000000e+04
1.241000000000000000e+04
1.350800000000000000e+04
1.460100000000000000e+04
1.512800000000000000e+04
1.270300000000000000e+04
1.391700000000000000e+04
1.239700000000000000e+04
1.293400000000000000e+04
1.294700000000000000e+04
1.690300000000000000e+04
7.760000000000000000e+03
1.316800000000000000e+04
1.102400000000000000e+04
1.689600000000000000e+04
1.797800000000000000e+04
1.689600000000000000e+04
1.689600000000000000e+04
1.689600000000000000e+04
1.676100000000000000e+04
1.689600000000000000e+04
1.689600000000000000e+04
1.719200000000000000e+04
1.547000000000000000e+04
1.741800000000000000e+04
1.759600000000000000e+04
1.680300000000000000e+04
1.797800000000000000e+04
1.796400000000000000e+04
1.689600000000000000e+04
1.590500000000000000e+04
1.689600000000000000e+04
1.689600000000000000e+04
1.432900000000000000e+04
1.548400000000000000e+04
1.689600000000000000e+04
1.241700000000000000e+04
1.689600000000000000e+04
1.462100000000000000e+04
1.359400000000000000e+04
1.269700000000000000e+04
1.533300000000000000e+04
1.467400000000000000e+04
1.389300000000000000e+04
1.555900000000000000e+04
1.278000000000000000e+04
9.495000000000000000e+03
9.565000000000000000e+03
1.212000000000000000e+04
7.998000000000000000e+03
1.108300000000000000e+04
1.646200000000000000e+04
1.797800000000000000e+04
1.689600000000000000e+04
1.720200000000000000e+04
1.689600000000000000e+04
1.686400000000000000e+04
1.689600000000000000e+04
1.797800000000000000e+04
1.689800000000000000e+04
1.689600000000000000e+04
1.703200000000000000e+04
1.635100000000000000e+04
1.749500000000000000e+04
1.782500000000000000e+04
1.797800000000000000e+04
1.689600000000000000e+04
1.797800000000000000e+04
1.641700000000000000e+04
1.689600000000000000e+04
1.689600000000000000e+04
1.375200000000000000e+04
1.689600000000000000e+04
1.407200000000000000e+04
1.384500000000000000e+04
1.415500000000000000e+04
1.368900000000000000e+04
1.540900000000000000e+04
1.320000000000000000e+04
1.312800000000000000e+04
1.168100000000000000e+04
1.548200000000000000e+04
9.651000000000000000e+03
1.344200000000000000e+04
8.117000000000000000e+03
1.043900000000000000e+04
1.400100000000000000e+04
1.689600000000000000e+04
1.745100000000000000e+04
1.689600000000000000e+04
1.702400000000000000e+04
1.695400000000000000e+04
1.797800000000000000e+04
1.700000000000000000e+04
1.702800000000000000e+04
1.713900000000000000e+04
1.652300000000000000e+04
1.765300000000000000e+04
1.794200000000000000e+04
1.797800000000000000e+04
1.689600000000000000e+04
1.689600000000000000e+04
1.543000000000000000e+04
1.689600000000000000e+04
1.689600000000000000e+04
1.268100000000000000e+04
1.689600000000000000e+04
1.454900000000000000e+04
1.689600000000000000e+04
1.300500000000000000e+04
1.356900000000000000e+04
1.469100000000000000e+04
1.312800000000000000e+04
1.359800000000000000e+04
1.331900000000000000e+04
1.361700000000000000e+04
1.268700000000000000e+04
9.430000000000000000e+03
1.144600000000000000e+04
1.610400000000000000e+04
1.796400000000000000e+04
8.050000000000000000e+03
1.689600000000000000e+04
1.718700000000000000e+04
1.704900000000000000e+04
1.797800000000000000e+04
1.710000000000000000e+04
1.718900000000000000e+04
1.724500000000000000e+04
1.713400000000000000e+04
1.781300000000000000e+04
1.797800000000000000e+04
1.797800000000000000e+04
1.689600000000000000e+04
1.689600000000000000e+04
1.689600000000000000e+04
1.689600000000000000e+04
1.451900000000000000e+04
1.597000000000000000e+04
1.797800000000000000e+04
1.309100000000000000e+04
1.689600000000000000e+04
1.398700000000000000e+04
1.424800000000000000e+04
1.337400000000000000e+04
1.689600000000000000e+04
1.383500000000000000e+04
1.420000000000000000e+04
1.618200000000000000e+04
1.289400000000000000e+04
1.296000000000000000e+04
1.418300000000000000e+04
8.332000000000000000e+03
7.450000000000000000e+03
1.317500000000000000e+04
1.825500000000000000e+04
1.714300000000000000e+04
1.797800000000000000e+04
1.719900000000000000e+04
1.735200000000000000e+04
1.734900000000000000e+04
1.724200000000000000e+04
1.797500000000000000e+04
1.797800000000000000e+04
1.797800000000000000e+04
1.689600000000000000e+04
1.689600000000000000e+04
1.689600000000000000e+04
1.596400000000000000e+04
1.689600000000000000e+04
1.689600000000000000e+04
1.318700000000000000e+04
1.428800000000000000e+04
1.689600000000000000e+04
1.689600000000000000e+04
1.513200000000000000e+04
1.488200000000000000e+04
1.379100000000000000e+04
1.387500000000000000e+04
1.368100000000000000e+04
1.415800000000000000e+04
1.228100000000000000e+04
1.211500000000000000e+04
1.399500000000000000e+04
1.750600000000000000e+04
1.779500000000000000e+04
1.807500000000000000e+04
1.832900000000000000e+04
1.859600000000000000e+04
1.729700000000000000e+04
1.751700000000000000e+04
1.745200000000000000e+04
1.734700000000000000e+04
1.797800000000000000e+04
1.797800000000000000e+04
1.797800000000000000e+04
1.689600000000000000e+04
1.689600000000000000e+04
1.689600000000000000e+04
1.614500000000000000e+04
1.738600000000000000e+04
1.790500000000000000e+04
1.689600000000000000e+04
1.689600000000000000e+04
1.389700000000000000e+04
1.689600000000000000e+04
1.386700000000000000e+04
1.299500000000000000e+04
1.511500000000000000e+04
1.689600000000000000e+04
1.280400000000000000e+04
1.440200000000000000e+04
1.337500000000000000e+04
1.256500000000000000e+04
1.715800000000000000e+04
1.748800000000000000e+04
1.780200000000000000e+04
1.810800000000000000e+04
1.839700000000000000e+04
1.867800000000000000e+04
1.893400000000000000e+04
1.755400000000000000e+04
1.745100000000000000e+04
1.797800000000000000e+04
1.797800000000000000e+04
1.797800000000000000e+04
1.689600000000000000e+04
1.689600000000000000e+04
1.689600000000000000e+04
1.632300000000000000e+04
1.755100000000000000e+04
1.689600000000000000e+04
1.689600000000000000e+04
1.779000000000000000e+04
1.415600000000000000e+04
1.689600000000000000e+04
1.275000000000000000e+04
1.339900000000000000e+04
1.382200000000000000e+04
1.388700000000000000e+04
1.397700000000000000e+04
1.644500000000000000e+04
1.388100000000000000e+04
1.666000000000000000e+04
1.708700000000000000e+04
1.744900000000000000e+04
1.779100000000000000e+04
1.812500000000000000e+04
1.847400000000000000e+04
1.873300000000000000e+04
1.902700000000000000e+04
1.931200000000000000e+04
1.797800000000000000e+04
1.797800000000000000e+04
1.797800000000000000e+04
1.689600000000000000e+04
1.689600000000000000e+04
1.689600000000000000e+04
1.649900000000000000e+04
1.771700000000000000e+04
1.689600000000000000e+04
1.689600000000000000e+04
1.689600000000000000e+04
1.404600000000000000e+04
1.689600000000000000e+04
1.422300000000000000e+04
1.557100000000000000e+04
1.407000000000000000e+04
1.421600000000000000e+04
1.380200000000000000e+04
1.242600000000000000e+04
1.321300000000000000e+04
1.635900000000000000e+04
1.695400000000000000e+04
1.737800000000000000e+04
1.775300000000000000e+04
1.810400000000000000e+04
1.844900000000000000e+04
1.877500000000000000e+04
1.909400000000000000e+04
1.939200000000000000e+04
1.964100000000000000e+04
1.797800000000000000e+04
1.689600000000000000e+04
1.689600000000000000e+04
1.689600000000000000e+04
1.667300000000000000e+04
1.788600000000000000e+04
1.689600000000000000e+04
1.689600000000000000e+04
1.491700000000000000e+04
1.797800000000000000e+04
1.797800000000000000e+04
1.455100000000000000e+04
1.689600000000000000e+04
1.292700000000000000e+04
1.452800000000000000e+04
1.461400000000000000e+04
1.689600000000000000e+04
1.450300000000000000e+04
1.539600000000000000e+04
1.663900000000000000e+04
1.724100000000000000e+04
1.768200000000000000e+04
1.806500000000000000e+04
1.843500000000000000e+04
1.878600000000000000e+04
1.911500000000000000e+04
1.940500000000000000e+04
1.970400000000000000e+04
1.985600000000000000e+04
1.689600000000000000e+04
1.689600000000000000e+04
1.684500000000000000e+04
1.797800000000000000e+04
1.689600000000000000e+04
1.689600000000000000e+04
1.500000000000000000e+04
1.797800000000000000e+04
1.458300000000000000e+04
1.461600000000000000e+04
1.689600000000000000e+04
1.689600000000000000e+04
1.556300000000000000e+04
1.388500000000000000e+04
1.463600000000000000e+04
1.523600000000000000e+04
1.491200000000000000e+04
1.377800000000000000e+04
1.524600000000000000e+04
1.756000000000000000e+04
1.799600000000000000e+04
1.838900000000000000e+04
1.876900000000000000e+04
1.911600000000000000e+04
1.938600000000000000e+04
1.963000000000000000e+04
1.988400000000000000e+04
2.052700000000000000e+04
1.689600000000000000e+04
1.797800000000000000e+04
1.689600000000000000e+04
1.689600000000000000e+04
1.508600000000000000e+04
1.797800000000000000e+04
1.689600000000000000e+04
1.689600000000000000e+04
1.499500000000000000e+04
1.689600000000000000e+04
1.544100000000000000e+04
1.396800000000000000e+04
1.545200000000000000e+04
1.689600000000000000e+04
1.658900000000000000e+04
1.398600000000000000e+04
1.556400000000000000e+04
1.284400000000000000e+04
1.788500000000000000e+04
1.832000000000000000e+04
1.872000000000000000e+04
1.905400000000000000e+04
1.953600000000000000e+04
1.991300000000000000e+04
2.025800000000000000e+04
2.059000000000000000e+04
2.092200000000000000e+04
1.689600000000000000e+04
1.689600000000000000e+04
1.517500000000000000e+04
1.797800000000000000e+04
1.689600000000000000e+04
1.797800000000000000e+04
1.531900000000000000e+04
1.689600000000000000e+04
1.584500000000000000e+04
1.374000000000000000e+04
1.549800000000000000e+04
1.457600000000000000e+04
1.342300000000000000e+04
1.689600000000000000e+04
1.381000000000000000e+04
1.402800000000000000e+04
1.169800000000000000e+04
1.724500000000000000e+04
1.864100000000000000e+04
1.902400000000000000e+04
1.952600000000000000e+04
1.990700000000000000e+04
2.028500000000000000e+04
2.064200000000000000e+04
2.098900000000000000e+04
2.131400000000000000e+04
1.526700000000000000e+04
1.797800000000000000e+04
1.689600000000000000e+04
1.797800000000000000e+04
1.549800000000000000e+04
1.689600000000000000e+04
1.502300000000000000e+04
1.438600000000000000e+04
1.572400000000000000e+04
1.589900000000000000e+04
1.499000000000000000e+04
1.341000000000000000e+04
1.349200000000000000e+04
1.671500000000000000e+04
1.504100000000000000e+04
1.353700000000000000e+04
1.760000000000000000e+04
1.893100000000000000e+04
1.929000000000000000e+04
1.988200000000000000e+04
2.027400000000000000e+04
2.065800000000000000e+04
2.103200000000000000e+04
2.138700000000000000e+04
2.173200000000000000e+04
1.689600000000000000e+04
1.797800000000000000e+04
1.579200000000000000e+04
1.797800000000000000e+04
1.594700000000000000e+04
1.689600000000000000e+04
1.438200000000000000e+04
1.483700000000000000e+04
1.581700000000000000e+04
1.689600000000000000e+04
1.549200000000000000e+04
1.652200000000000000e+04
1.612500000000000000e+04
1.445500000000000000e+04
1.761900000000000000e+04
1.792500000000000000e+04
1.921800000000000000e+04
1.955700000000000000e+04
2.025100000000000000e+04
2.065500000000000000e+04
2.105000000000000000e+04
2.142800000000000000e+04
2.178700000000000000e+04
2.215000000000000000e+04
1.608700000000000000e+04
1.797800000000000000e+04
1.554900000000000000e+04
1.689600000000000000e+04
1.689600000000000000e+04
1.573000000000000000e+04
1.366800000000000000e+04
1.537000000000000000e+04
1.599900000000000000e+04
1.590400000000000000e+04
1.460400000000000000e+04
1.738500000000000000e+04
1.612800000000000000e+04
1.775900000000000000e+04
1.833500000000000000e+04
1.947800000000000000e+04
1.977700000000000000e+04
2.052900000000000000e+04
2.103900000000000000e+04
2.143500000000000000e+04
2.182400000000000000e+04
2.220500000000000000e+04
2.256900000000000000e+04
1.573300000000000000e+04
1.593100000000000000e+04
1.689600000000000000e+04
1.689600000000000000e+04
1.494000000000000000e+04
1.550300000000000000e+04
1.689600000000000000e+04
1.727200000000000000e+04
1.412100000000000000e+04
1.720000000000000000e+04
1.561400000000000000e+04
1.683600000000000000e+04
1.289300000000000000e+04
1.871300000000000000e+04
1.975800000000000000e+04
2.003800000000000000e+04
2.086000000000000000e+04
2.142700000000000000e+04
2.183400000000000000e+04
2.223500000000000000e+04
2.261800000000000000e+04
2.298400000000000000e+04
1.689600000000000000e+04
1.797800000000000000e+04
1.433700000000000000e+04
1.715900000000000000e+04
1.555900000000000000e+04
1.366100000000000000e+04
1.689600000000000000e+04
1.314100000000000000e+04
1.419300000000000000e+04
1.186700000000000000e+04
1.199500000000000000e+04
1.258600000000000000e+04
1.764800000000000000e+04
2.007700000000000000e+04
2.038500000000000000e+04
2.089200000000000000e+04
2.182000000000000000e+04
2.224200000000000000e+04
2.264900000000000000e+04
2.304200000000000000e+04
2.342600000000000000e+04
1.481900000000000000e+04
1.794500000000000000e+04
1.605400000000000000e+04
1.377000000000000000e+04
1.689600000000000000e+04
1.274500000000000000e+04
1.464500000000000000e+04
1.140400000000000000e+04
1.250500000000000000e+04
1.294200000000000000e+04
1.202500000000000000e+04
1.133000000000000000e+04
2.078200000000000000e+04
2.132000000000000000e+04
2.193400000000000000e+04
2.267100000000000000e+04
2.326900000000000000e+04
2.369300000000000000e+04
2.411600000000000000e+04
2.451700000000000000e+04
1.654900000000000000e+04
1.387300000000000000e+04
1.689600000000000000e+04
1.228400000000000000e+04
1.511000000000000000e+04
1.128400000000000000e+04
1.302000000000000000e+04
1.346000000000000000e+04
1.296000000000000000e+04
1.837100000000000000e+04
1.085200000000000000e+04
2.154200000000000000e+04
2.230600000000000000e+04
2.296500000000000000e+04
2.358200000000000000e+04
2.432100000000000000e+04
2.477000000000000000e+04
2.520600000000000000e+04
2.562200000000000000e+04
1.689600000000000000e+04
1.363800000000000000e+04
1.559000000000000000e+04
1.195400000000000000e+04
1.354100000000000000e+04
1.797800000000000000e+04
1.332700000000000000e+04
1.242300000000000000e+04
1.353800000000000000e+04
1.116800000000000000e+04
2.246300000000000000e+04
2.340100000000000000e+04
2.387800000000000000e+04
2.458100000000000000e+04
2.517600000000000000e+04
2.587300000000000000e+04
2.632200000000000000e+04
2.676200000000000000e+04
1.608400000000000000e+04
1.285600000000000000e+04
1.406700000000000000e+04
1.797800000000000000e+04
1.370000000000000000e+04
1.279800000000000000e+04
1.911600000000000000e+04
2.323600000000000000e+04
1.689600000000000000e+04
2.344900000000000000e+04
2.456900000000000000e+04
2.497800000000000000e+04
2.555900000000000000e+04
2.616800000000000000e+04
2.691000000000000000e+04
2.746700000000000000e+04
2.792700000000000000e+04
1.459800000000000000e+04
1.797800000000000000e+04
1.407900000000000000e+04
1.317900000000000000e+04
1.949900000000000000e+04
1.451100000000000000e+04
1.066300000000000000e+04
1.566800000000000000e+04
1.606100000000000000e+04
2.577500000000000000e+04
2.615700000000000000e+04
2.670100000000000000e+04
2.729000000000000000e+04
2.782200000000000000e+04
2.859700000000000000e+04
2.909600000000000000e+04
1.446500000000000000e+04
1.356700000000000000e+04
1.988900000000000000e+04
1.501800000000000000e+04
2.401400000000000000e+04
1.689600000000000000e+04
2.212100000000000000e+04
1.546600000000000000e+04
1.833600000000000000e+04
1.048400000000000000e+04
2.775300000000000000e+04
2.837900000000000000e+04
2.898300000000000000e+04
2.951300000000000000e+04
3.028800000000000000e+04
2.028800000000000000e+04
1.553900000000000000e+04
2.441500000000000000e+04
1.797800000000000000e+04
1.679000000000000000e+04
1.685200000000000000e+04
1.689600000000000000e+04
1.949900000000000000e+04
2.385100000000000000e+04
2.902300000000000000e+04
2.950000000000000000e+04
3.016200000000000000e+04
3.068700000000000000e+04
3.134100000000000000e+04
2.482500000000000000e+04
1.797800000000000000e+04
1.689600000000000000e+04
2.293300000000000000e+04
1.660900000000000000e+04
1.914100000000000000e+04
1.162600000000000000e+04
1.985100000000000000e+04
3.034200000000000000e+04
3.070000000000000000e+04
3.119000000000000000e+04
3.193900000000000000e+04
3.248100000000000000e+04
1.689600000000000000e+04
1.689600000000000000e+04
1.797800000000000000e+04
1.689600000000000000e+04
2.032100000000000000e+04
2.466800000000000000e+04
1.641800000000000000e+04
2.918500000000000000e+04
3.203600000000000000e+04
3.251800000000000000e+04
3.304500000000000000e+04
3.348900000000000000e+04
2.378500000000000000e+04
1.689600000000000000e+04
1.998500000000000000e+04
1.280400000000000000e+04
2.068500000000000000e+04
1.587400000000000000e+04
1.689600000000000000e+04
2.150700000000000000e+04
3.384000000000000000e+04
3.406900000000000000e+04
3.474000000000000000e+04
2.087300000000000000e+04
1.401600000000000000e+04
2.156200000000000000e+04
1.689600000000000000e+04
1.689600000000000000e+04
2.236400000000000000e+04
3.327600000000000000e+04
3.663700000000000000e+04
3.697500000000000000e+04
3.729600000000000000e+04
2.248400000000000000e+04
1.689600000000000000e+04
1.689600000000000000e+04
2.326300000000000000e+04
3.417000000000000000e+04
1.910100000000000000e+04
3.458300000000000000e+04
2.472600000000000000e+04
1.275200000000000000e+04
1.689600000000000000e+04
2.420800000000000000e+04
3.510800000000000000e+04
2.002800000000000000e+04
3.550500000000000000e+04
2.563700000000000000e+04
1.365500000000000000e+04
2.872500000000000000e+04
3.609300000000000000e+04
2.100100000000000000e+04
3.647100000000000000e+04
2.659300000000000000e+04
1.460100000000000000e+04
2.966400000000000000e+04
1.407600000000000000e+04
3.748500000000000000e+04
2.759500000000000000e+04
1.559100000000000000e+04
3.064700000000000000e+04
1.504800000000000000e+04
1.689600000000000000e+04
1.662800000000000000e+04
3.167700000000000000e+04
1.689600000000000000e+04
4.957200000000000000e+04
2.522000000000000000e+04
1.712800000000000000e+04
5.063100000000000000e+04
2.626400000000000000e+04
2.985900000000000000e+04
2.735500000000000000e+04
3.093900000000000000e+04
5.485100000000000000e+04
5.597300000000000000e+04
3.683400000000000000e+04
1.937500000000000000e+04
