1.797800000000000000e+04
1.689600000000000000e+04
1.797800000000000000e+04
1.797800000000000000e+04
1.797800000000000000e+04
1.797800000000000000e+04
1.689600000000000000e+04
1.797800000000000000e+04
1.689600000000000000e+04
1.740300000000000000e+04
1.689600000000000000e+04
1.654900000000000000e+04
1.689600000000000000e+04
1.689600000000000000e+04
1.797800000000000000e+04
1.689600000000000000e+04
1.797800000000000000e+04
1.689600000000000000e+04
1.797800000000000000e+04
1.571800000000000000e+04
1.797800000000000000e+04
1.797800000000000000e+04
1.689600000000000000e+04
1.689600000000000000e+04
1.797800000000000000e+04
1.797800000000000000e+04
1.689600000000000000e+04
1.689600000000000000e+04
1.689600000000000000e+04
1.689600000000000000e+04
1.797800000000000000e+04
1.797800000000000000e+04
1.797800000000000000e+04
1.797800000000000000e+04
1.797800000000000000e+04
1.790300000000000000e+04
1.689600000000000000e+04
1.689600000000000000e+04
1.797800000000000000e+04
1.797800000000000000e+04
1.689600000000000000e+04
1.709400000000000000e+04
1.689600000000000000e+04
1.797800000000000000e+04
1.797800000000000000e+04
1.689600000000000000e+04
1.797800000000000000e+04
1.797800000000000000e+04
1.689600000000000000e+04
1.689600000000000000e+04
1.797800000000000000e+04
1.689600000000000000e+04
1.689600000000000000e+04
1.547800000000000000e+04
1.689600000000000000e+04
1.689600000000000000e+04
1.689600000000000000e+04
1.689600000000000000e+04
1.665700000000000000e+04
1.797800000000000000e+04
1.797800000000000000e+04
1.797800000000000000e+04
1.689600000000000000e+04
1.797800000000000000e+04
1.689600000000000000e+04
1.756000000000000000e+04
1.689600000000000000e+04
1.670500000000000000e+04
1.689600000000000000e+04
1.797800000000000000e+04
1.797800000000000000e+04
1.689600000000000000e+04
1.797800000000000000e+04
1.689600000000000000e+04
1.797800000000000000e+04
1.627600000000000000e+04
1.797800000000000000e+04
1.797800000000000000e+04
1.689600000000000000e+04
1.711600000000000000e+04
1.797800000000000000e+04
1.797800000000000000e+04
1.581600000000000000e+04
1.689600000000000000e+04
1.630700000000000000e+04
1.689600000000000000e+04
1.689600000000000000e+04
1.797800000000000000e+04
1.797800000000000000e+04
1.797800000000000000e+04
1.689600000000000000e+04
1.689600000000000000e+04
1.797800000000000000e+04
1.797800000000000000e+04
1.689600000000000000e+04
1.719200000000000000e+04
1.689600000000000000e+04
1.797800000000000000e+04
1.797800000000000000e+04
1.689600000000000000e+04
1.797800000000000000e+04
1.797800000000000000e+04
1.689600000000000000e+04
1.797800000000000000e+04
1.689600000000000000e+04
1.689600000000000000e+04
1.797800000000000000e+04
1.689600000000000000e+04
1.689600000000000000e+04
1.797800000000000000e+04
1.689600000000000000e+04
1.689600000000000000e+04
1.797800000000000000e+04
1.689600000000000000e+04
1.689600000000000000e+04
1.797800000000000000e+04
1.689600000000000000e+04
1.772000000000000000e+04
1.689600000000000000e+04
1.686400000000000000e+04
1.689600000000000000e+04
1.797800000000000000e+04
1.797800000000000000e+04
1.689600000000000000e+04
1.797800000000000000e+04
1.689600000000000000e+04
1.797800000000000000e+04
1.782500000000000000e+04
1.797800000000000000e+04
1.689600000000000000e+04
1.797800000000000000e+04
1.641700000000000000e+04
1.797800000000000000e+04
1.689600000000000000e+04
1.689600000000000000e+04
1.797800000000000000e+04
1.625800000000000000e+04
1.650600000000000000e+04
1.797800000000000000e+04
1.696700000000000000e+04
1.689600000000000000e+04
1.788100000000000000e+04
1.689600000000000000e+04
1.702400000000000000e+04
1.695400000000000000e+04
1.797800000000000000e+04
1.797800000000000000e+04
1.702800000000000000e+04
1.797800000000000000e+04
1.689600000000000000e+04
1.797800000000000000e+04
1.794200000000000000e+04
1.797800000000000000e+04
1.689600000000000000e+04
1.689600000000000000e+04
1.797800000000000000e+04
1.689600000000000000e+04
1.689600000000000000e+04
1.564100000000000000e+04
1.689600000000000000e+04
1.689600000000000000e+04
1.689600000000000000e+04
1.689600000000000000e+04
1.698400000000000000e+04
1.721600000000000000e+04
1.689600000000000000e+04
1.718700000000000000e+04
1.704900000000000000e+04
1.797800000000000000e+04
1.797800000000000000e+04
1.718900000000000000e+04
1.797800000000000000e+04
1.713400000000000000e+04
1.797800000000000000e+04
1.797800000000000000e+04
1.797800000000000000e+04
1.689600000000000000e+04
1.689600000000000000e+04
1.689600000000000000e+04
1.689600000000000000e+04
1.797800000000000000e+04
1.689600000000000000e+04
1.797800000000000000e+04
1.797800000000000000e+04
1.689600000000000000e+04
1.689600000000000000e+04
1.797800000000000000e+04
1.725600000000000000e+04
1.797800000000000000e+04
1.714300000000000000e+04
1.797800000000000000e+04
1.797800000000000000e+04
1.735200000000000000e+04
1.797800000000000000e+04
1.724200000000000000e+04
1.797800000000000000e+04
1.797800000000000000e+04
1.797800000000000000e+04
1.689600000000000000e+04
1.689600000000000000e+04
1.689600000000000000e+04
1.797800000000000000e+04
1.689600000000000000e+04
1.689600000000000000e+04
1.797800000000000000e+04
1.797800000000000000e+04
1.689600000000000000e+04
1.689600000000000000e+04
1.702700000000000000e+04
1.729500000000000000e+04
1.755600000000000000e+04
1.780300000000000000e+04
1.797800000000000000e+04
1.751700000000000000e+04
1.797800000000000000e+04
1.734700000000000000e+04
1.797800000000000000e+04
1.797800000000000000e+04
1.797800000000000000e+04
1.689600000000000000e+04
1.689600000000000000e+04
1.689600000000000000e+04
1.797800000000000000e+04
1.738600000000000000e+04
1.790500000000000000e+04
1.797800000000000000e+04
1.797800000000000000e+04
1.642900000000000000e+04
1.689600000000000000e+04
1.704400000000000000e+04
1.733300000000000000e+04
1.797800000000000000e+04
1.787600000000000000e+04
1.813300000000000000e+04
1.797800000000000000e+04
1.745100000000000000e+04
1.797800000000000000e+04
1.797800000000000000e+04
1.797800000000000000e+04
1.689600000000000000e+04
1.689600000000000000e+04
1.689600000000000000e+04
1.797800000000000000e+04
1.755100000000000000e+04
1.689600000000000000e+04
1.797800000000000000e+04
1.779000000000000000e+04
1.689600000000000000e+04
1.797800000000000000e+04
1.705700000000000000e+04
1.736400000000000000e+04
1.797800000000000000e+04
1.794300000000000000e+04
1.821600000000000000e+04
1.847800000000000000e+04
1.797800000000000000e+04
1.797800000000000000e+04
1.797800000000000000e+04
1.689600000000000000e+04
1.689600000000000000e+04
1.689600000000000000e+04
1.797800000000000000e+04
1.771700000000000000e+04
1.689600000000000000e+04
1.689600000000000000e+04
1.689600000000000000e+04
1.636100000000000000e+04
1.689600000000000000e+04
1.706200000000000000e+04
1.797800000000000000e+04
1.770200000000000000e+04
1.800400000000000000e+04
1.829200000000000000e+04
1.857400000000000000e+04
1.884600000000000000e+04
1.797800000000000000e+04
1.689600000000000000e+04
1.689600000000000000e+04
1.689600000000000000e+04
1.797800000000000000e+04
1.788600000000000000e+04
1.689600000000000000e+04
1.689600000000000000e+04
1.797800000000000000e+04
1.797800000000000000e+04
1.797800000000000000e+04
1.797800000000000000e+04
1.740200000000000000e+04
1.773600000000000000e+04
1.805400000000000000e+04
1.836100000000000000e+04
1.865900000000000000e+04
1.894400000000000000e+04
1.922300000000000000e+04
1.689600000000000000e+04
1.689600000000000000e+04
1.797800000000000000e+04
1.797800000000000000e+04
1.689600000000000000e+04
1.689600000000000000e+04
1.797800000000000000e+04
1.797800000000000000e+04
1.797800000000000000e+04
1.797800000000000000e+04
1.740400000000000000e+04
1.797800000000000000e+04
1.809500000000000000e+04
1.841900000000000000e+04
1.873400000000000000e+04
1.903700000000000000e+04
1.932900000000000000e+04
1.961500000000000000e+04
1.797800000000000000e+04
1.797800000000000000e+04
1.689600000000000000e+04
1.689600000000000000e+04
1.797800000000000000e+04
1.797800000000000000e+04
1.797800000000000000e+04
1.797800000000000000e+04
1.739300000000000000e+04
1.776700000000000000e+04
1.812400000000000000e+04
1.846700000000000000e+04
1.879900000000000000e+04
1.912000000000000000e+04
1.942500000000000000e+04
1.972500000000000000e+04
2.001400000000000000e+04
1.689600000000000000e+04
1.689600000000000000e+04
1.797800000000000000e+04
1.797800000000000000e+04
1.797800000000000000e+04
1.797800000000000000e+04
1.736700000000000000e+04
1.797800000000000000e+04
1.814000000000000000e+04
1.850300000000000000e+04
1.885300000000000000e+04
1.918700000000000000e+04
1.951400000000000000e+04
1.982800000000000000e+04
2.013400000000000000e+04
2.042800000000000000e+04
1.797800000000000000e+04
1.797800000000000000e+04
1.797800000000000000e+04
1.797800000000000000e+04
1.732100000000000000e+04
1.774100000000000000e+04
1.814000000000000000e+04
1.852400000000000000e+04
1.889100000000000000e+04
1.924700000000000000e+04
1.958700000000000000e+04
1.991900000000000000e+04
2.023900000000000000e+04
2.055000000000000000e+04
2.085200000000000000e+04
1.797800000000000000e+04
1.797800000000000000e+04
1.752500000000000000e+04
1.797800000000000000e+04
1.812400000000000000e+04
1.852800000000000000e+04
1.891600000000000000e+04
1.929000000000000000e+04
1.964800000000000000e+04
1.999600000000000000e+04
2.033200000000000000e+04
2.065800000000000000e+04
2.097500000000000000e+04
2.127900000000000000e+04
1.773000000000000000e+04
1.797800000000000000e+04
1.808700000000000000e+04
1.851600000000000000e+04
1.892400000000000000e+04
1.931600000000000000e+04
1.969500000000000000e+04
2.005900000000000000e+04
2.041200000000000000e+04
2.075300000000000000e+04
2.107600000000000000e+04
2.138700000000000000e+04
2.164500000000000000e+04
1.830400000000000000e+04
1.848300000000000000e+04
1.891400000000000000e+04
1.932800000000000000e+04
1.972500000000000000e+04
2.010700000000000000e+04
2.047800000000000000e+04
2.082100000000000000e+04
2.116700000000000000e+04
2.145700000000000000e+04
2.178200000000000000e+04
2.206400000000000000e+04
1.888500000000000000e+04
1.932100000000000000e+04
1.973800000000000000e+04
2.014100000000000000e+04
2.051800000000000000e+04
2.087800000000000000e+04
2.122700000000000000e+04
2.154000000000000000e+04
2.182100000000000000e+04
2.210200000000000000e+04
2.243400000000000000e+04
2.034600000000000000e+04
2.075600000000000000e+04
2.115100000000000000e+04
2.151300000000000000e+04
2.186400000000000000e+04
2.224100000000000000e+04
2.252500000000000000e+04
2.280800000000000000e+04
2.315400000000000000e+04
2.347900000000000000e+04
2.179900000000000000e+04
2.217700000000000000e+04
2.253900000000000000e+04
2.293300000000000000e+04
2.322000000000000000e+04
2.363200000000000000e+04
2.385900000000000000e+04
2.419000000000000000e+04
2.453800000000000000e+04
2.328100000000000000e+04
2.361600000000000000e+04
2.401700000000000000e+04
2.433100000000000000e+04
2.470800000000000000e+04
2.488300000000000000e+04
2.523500000000000000e+04
2.566100000000000000e+04
2.470100000000000000e+04
2.514600000000000000e+04
2.539900000000000000e+04
2.575700000000000000e+04
2.613100000000000000e+04
2.634700000000000000e+04
2.666700000000000000e+04
2.623700000000000000e+04
2.661900000000000000e+04
2.701300000000000000e+04
2.726200000000000000e+04
2.760300000000000000e+04
2.785000000000000000e+04
2.769400000000000000e+04
2.816000000000000000e+04
2.852400000000000000e+04
2.880000000000000000e+04
2.899800000000000000e+04
2.918500000000000000e+04
2.973300000000000000e+04
2.996300000000000000e+04
3.014700000000000000e+04
3.091200000000000000e+04
3.112800000000000000e+04
3.135200000000000000e+04
3.234500000000000000e+04
3.268300000000000000e+04
3.420000000000000000e+04
