2.202333333333333485e+03
2.357000000000000000e+03
2.501000000000000000e+03
2.636000000000000000e+03
2.778333333333333485e+03
3.088000000000000000e+03
3.382000000000000000e+03
3.698666666666666515e+03
3.997333333333333485e+03
4.303333333333333030e+03
4.382666666666666970e+03
4.919000000000000000e+03
5.255333333333333030e+03
5.482333333333333030e+03
5.175000000000000000e+03
6.235000000000000000e+03
6.219666666666666970e+03
6.532000000000000000e+03
6.732666666666666970e+03
6.391666666666666970e+03
7.768666666666666970e+03
7.608666666666666970e+03
9.175333333333333940e+03
1.007333333333333394e+04
1.050533333333333394e+04
8.489666666666666060e+03
8.765000000000000000e+03
8.461666666666666060e+03
1.117933333333333394e+04
1.276766666666666606e+04
1.036400000000000000e+04
9.820666666666666060e+03
9.903000000000000000e+03
9.584333333333333940e+03
9.355000000000000000e+03
1.028466666666666606e+04
9.339666666666666060e+03
8.689666666666666060e+03
1.035400000000000000e+04
1.024066666666666606e+04
2.383000000000000000e+03
2.517000000000000000e+03
2.659000000000000000e+03
2.811000000000000000e+03
3.090000000000000000e+03
3.400333333333333485e+03
3.703666666666666515e+03
4.012666666666666515e+03
4.327666666666666970e+03
4.634333333333333030e+03
4.456000000000000000e+03
5.284000000000000000e+03
5.372000000000000000e+03
5.932000000000000000e+03
5.802000000000000000e+03
6.238000000000000000e+03
6.464333333333333030e+03
6.917333333333333030e+03
7.127666666666666970e+03
7.649666666666666970e+03
7.609666666666666970e+03
9.749666666666666060e+03
8.981666666666666060e+03
8.441333333333333940e+03
1.109966666666666606e+04
1.036433333333333394e+04
9.178000000000000000e+03
1.094033333333333394e+04
1.050966666666666606e+04
1.051900000000000000e+04
9.783333333333333940e+03
1.050466666666666606e+04
9.446333333333333940e+03
9.085666666666666060e+03
9.243000000000000000e+03
9.257333333333333940e+03
9.602000000000000000e+03
8.568666666666666060e+03
8.179333333333333030e+03
2.539666666666666515e+03
2.692000000000000000e+03
2.834666666666666515e+03
3.116000000000000000e+03
3.429666666666666515e+03
3.726666666666666515e+03
4.030000000000000000e+03
4.183000000000000000e+03
4.660000000000000000e+03
4.974666666666666970e+03
5.226000000000000000e+03
4.999666666666666970e+03
5.953000000000000000e+03
6.008666666666666970e+03
6.281000000000000000e+03
6.503666666666666970e+03
6.354000000000000000e+03
7.590666666666666970e+03
8.125666666666666970e+03
8.630000000000000000e+03
8.474666666666666060e+03
9.549333333333333940e+03
1.071333333333333394e+04
9.095333333333333940e+03
1.005933333333333394e+04
1.021733333333333394e+04
1.136633333333333394e+04
1.091933333333333394e+04
1.035400000000000000e+04
9.908666666666666060e+03
9.464000000000000000e+03
8.990333333333333940e+03
9.456333333333333940e+03
1.126800000000000000e+04
9.544666666666666060e+03
1.087300000000000000e+04
8.864666666666666060e+03
8.276000000000000000e+03
2.714000000000000000e+03
2.848000000000000000e+03
3.148000000000000000e+03
3.436333333333333485e+03
3.739000000000000000e+03
4.052000000000000000e+03
4.356666666666666970e+03
4.209666666666666970e+03
5.001666666666666970e+03
5.140000000000000000e+03
5.645000000000000000e+03
5.631000000000000000e+03
5.988000000000000000e+03
6.295666666666666970e+03
6.657000000000000000e+03
6.889666666666666970e+03
7.124666666666666970e+03
8.103666666666666970e+03
8.599666666666666060e+03
8.394000000000000000e+03
8.418000000000000000e+03
1.039766666666666606e+04
8.639000000000000000e+03
1.108133333333333394e+04
1.144333333333333394e+04
1.026766666666666606e+04
9.681000000000000000e+03
1.060266666666666606e+04
9.850666666666666060e+03
1.087500000000000000e+04
9.409000000000000000e+03
9.973000000000000000e+03
1.198100000000000000e+04
1.068800000000000000e+04
8.711333333333333940e+03
8.342666666666666060e+03
7.857000000000000000e+03
2.870000000000000000e+03
3.173000000000000000e+03
3.464666666666666515e+03
3.754333333333333485e+03
3.954000000000000000e+03
4.380333333333333030e+03
4.693000000000000000e+03
4.968333333333333030e+03
4.818000000000000000e+03
5.664333333333333030e+03
5.795000000000000000e+03
6.024666666666666970e+03
6.269333333333333030e+03
6.624333333333333030e+03
7.346000000000000000e+03
7.279333333333333030e+03
8.148000000000000000e+03
7.953000000000000000e+03
8.701666666666666060e+03
7.758666666666666970e+03
9.906666666666666060e+03
9.463666666666666060e+03
9.541000000000000000e+03
9.153666666666666060e+03
1.298633333333333394e+04
1.123433333333333394e+04
9.400000000000000000e+03
1.027500000000000000e+04
9.328333333333333940e+03
1.164766666666666606e+04
9.980000000000000000e+03
1.005966666666666606e+04
1.149533333333333394e+04
1.054800000000000000e+04
9.746000000000000000e+03
8.501333333333333940e+03
3.216000000000000000e+03
3.497333333333333485e+03
3.720333333333333485e+03
4.100333333333333030e+03
4.410666666666666970e+03
4.736333333333333030e+03
4.585333333333333030e+03
5.375666666666666970e+03
5.579000000000000000e+03
5.764000000000000000e+03
6.029666666666666970e+03
6.401333333333333030e+03
7.046333333333333030e+03
7.028333333333333030e+03
7.106333333333333030e+03
7.240333333333333030e+03
9.101000000000000000e+03
8.583333333333333940e+03
8.029666666666666970e+03
1.065400000000000000e+04
1.133833333333333394e+04
9.274333333333333940e+03
1.070466666666666606e+04
9.953333333333333940e+03
9.877000000000000000e+03
1.048166666666666606e+04
9.834666666666666060e+03
1.133200000000000000e+04
9.320666666666666060e+03
1.055300000000000000e+04
9.781000000000000000e+03
1.019066666666666606e+04
9.027333333333333940e+03
8.270666666666666060e+03
7.348666666666666970e+03
3.521000000000000000e+03
3.844000000000000000e+03
4.147666666666666970e+03
4.452666666666666970e+03
4.352666666666666970e+03
5.087000000000000000e+03
5.361333333333333030e+03
5.737666666666666970e+03
5.787000000000000000e+03
6.178666666666666970e+03
6.747000000000000000e+03
6.773333333333333030e+03
6.900333333333333030e+03
7.449000000000000000e+03
8.081666666666666970e+03
8.149666666666666970e+03
7.583000000000000000e+03
9.760000000000000000e+03
7.775666666666666970e+03
1.063300000000000000e+04
1.105200000000000000e+04
1.001300000000000000e+04
9.291666666666666060e+03
1.048500000000000000e+04
1.195233333333333394e+04
1.140766666666666606e+04
1.194766666666666606e+04
1.072166666666666606e+04
9.496666666666666060e+03
1.042366666666666606e+04
8.608666666666666060e+03
9.498000000000000000e+03
8.293333333333333940e+03
9.357333333333333940e+03
3.888333333333333485e+03
4.187666666666666970e+03
4.135333333333333030e+03
4.807000000000000000e+03
5.127666666666666970e+03
5.444666666666666970e+03
5.540000000000000000e+03
5.956333333333333030e+03
6.449333333333333030e+03
6.515666666666666970e+03
6.721000000000000000e+03
7.182000000000000000e+03
7.382666666666666970e+03
8.211333333333333940e+03
9.086000000000000000e+03
9.480000000000000000e+03
7.667666666666666970e+03
7.968333333333333030e+03
8.334333333333333940e+03
1.033333333333333394e+04
1.195466666666666606e+04
1.131300000000000000e+04
9.848000000000000000e+03
1.119300000000000000e+04
9.252333333333333940e+03
1.026233333333333394e+04
9.438666666666666060e+03
1.001733333333333394e+04
8.648000000000000000e+03
8.877000000000000000e+03
1.114733333333333394e+04
1.160700000000000000e+04
6.970333333333333030e+03
3.926333333333333485e+03
4.540333333333333030e+03
4.837666666666666970e+03
5.164333333333333030e+03
5.291666666666666970e+03
5.734666666666666970e+03
6.151000000000000000e+03
6.256000000000000000e+03
6.513333333333333030e+03
6.912666666666666970e+03
7.172666666666666970e+03
7.386666666666666970e+03
7.952333333333333030e+03
8.700333333333333940e+03
9.494000000000000000e+03
8.346333333333333940e+03
9.649333333333333940e+03
9.822333333333333940e+03
1.067533333333333394e+04
1.049633333333333394e+04
1.018233333333333394e+04
1.034933333333333394e+04
1.289933333333333394e+04
9.751000000000000000e+03
8.307333333333333940e+03
9.717666666666666060e+03
1.118366666666666606e+04
9.202333333333333940e+03
1.042233333333333394e+04
9.539000000000000000e+03
8.909666666666666060e+03
8.681333333333333940e+03
4.548000000000000000e+03
4.893000000000000000e+03
5.040333333333333030e+03
5.513333333333333030e+03
5.853333333333333030e+03
5.994333333333333030e+03
6.284000000000000000e+03
6.641666666666666970e+03
6.940000000000000000e+03
7.124000000000000000e+03
6.825000000000000000e+03
8.123666666666666970e+03
7.274000000000000000e+03
7.919333333333333030e+03
8.830666666666666060e+03
8.910000000000000000e+03
8.362000000000000000e+03
1.171666666666666606e+04
1.195700000000000000e+04
1.287066666666666606e+04
8.694333333333333940e+03
1.328500000000000000e+04
9.558000000000000000e+03
1.132400000000000000e+04
1.041000000000000000e+04
1.037800000000000000e+04
1.154500000000000000e+04
1.040300000000000000e+04
1.007133333333333394e+04
9.429666666666666060e+03
9.434000000000000000e+03
4.787666666666666970e+03
5.255000000000000000e+03
5.556000000000000000e+03
5.734333333333333030e+03
6.057333333333333030e+03
6.368666666666666970e+03
6.705666666666666970e+03
6.858666666666666970e+03
6.599333333333333030e+03
7.729000000000000000e+03
7.462666666666666970e+03
7.205333333333333030e+03
9.500000000000000000e+03
1.036233333333333394e+04
9.657000000000000000e+03
1.020466666666666606e+04
9.311000000000000000e+03
9.929000000000000000e+03
9.552000000000000000e+03
1.167633333333333394e+04
9.909666666666666060e+03
1.175466666666666606e+04
9.616666666666666060e+03
1.020100000000000000e+04
9.525333333333333940e+03
9.976333333333333940e+03
9.234666666666666060e+03
8.415666666666666060e+03
7.291666666666666970e+03
9.666666666666666060e+03
5.259333333333333030e+03
5.503666666666666970e+03
5.789333333333333030e+03
6.095000000000000000e+03
6.426666666666666970e+03
6.591000000000000000e+03
6.374000000000000000e+03
7.443000000000000000e+03
7.224000000000000000e+03
6.803000000000000000e+03
8.455666666666666060e+03
6.870666666666666970e+03
9.673666666666666060e+03
1.024933333333333394e+04
9.450666666666666060e+03
9.138000000000000000e+03
9.821333333333333940e+03
9.619000000000000000e+03
1.347933333333333394e+04
1.073600000000000000e+04
1.165166666666666606e+04
1.129366666666666606e+04
9.551000000000000000e+03
1.015466666666666606e+04
8.773000000000000000e+03
9.554666666666666060e+03
8.581000000000000000e+03
9.986000000000000000e+03
6.528666666666666970e+03
5.521000000000000000e+03
5.821000000000000000e+03
6.134666666666666970e+03
6.321666666666666970e+03
6.149333333333333030e+03
7.155000000000000000e+03
6.997666666666666970e+03
7.848333333333333030e+03
8.339000000000000000e+03
6.664666666666666970e+03
7.198666666666666970e+03
8.706000000000000000e+03
1.041566666666666606e+04
1.111733333333333394e+04
1.199600000000000000e+04
9.243333333333333940e+03
1.120066666666666606e+04
1.062533333333333394e+04
9.175666666666666060e+03
1.107966666666666606e+04
9.582000000000000000e+03
9.646666666666666060e+03
8.275333333333333940e+03
9.045333333333333940e+03
1.112833333333333394e+04
1.157900000000000000e+04
7.049333333333333030e+03
9.307333333333333940e+03
5.843333333333333030e+03
6.194333333333333030e+03
5.925666666666666970e+03
6.867333333333333030e+03
6.772666666666666970e+03
7.554333333333333030e+03
7.555000000000000000e+03
8.254666666666666060e+03
7.509000000000000000e+03
8.734000000000000000e+03
1.035566666666666606e+04
9.774666666666666060e+03
1.025166666666666606e+04
9.345000000000000000e+03
1.141766666666666606e+04
1.026600000000000000e+04
1.209300000000000000e+04
1.011666666666666606e+04
8.915666666666666060e+03
9.845000000000000000e+03
1.106000000000000000e+04
8.764000000000000000e+03
9.922000000000000000e+03
1.009733333333333394e+04
9.532333333333333940e+03
9.713000000000000000e+03
7.477000000000000000e+03
5.702666666666666970e+03
6.579000000000000000e+03
6.547000000000000000e+03
7.259666666666666970e+03
7.318000000000000000e+03
6.330000000000000000e+03
6.794000000000000000e+03
7.921333333333333030e+03
8.496000000000000000e+03
7.637333333333333030e+03
1.038400000000000000e+04
1.134133333333333394e+04
1.199133333333333394e+04
8.283666666666666060e+03
1.139833333333333394e+04
1.247000000000000000e+04
1.033900000000000000e+04
1.096333333333333394e+04
1.042200000000000000e+04
1.001566666666666606e+04
1.141800000000000000e+04
1.020666666666666606e+04
9.859666666666666060e+03
1.046233333333333394e+04
9.764666666666666060e+03
7.525666666666666970e+03
6.323333333333333030e+03
6.965000000000000000e+03
7.080333333333333030e+03
6.142000000000000000e+03
6.371666666666666970e+03
8.286333333333333940e+03
9.206333333333333940e+03
8.372666666666666060e+03
9.553333333333333940e+03
8.645666666666666060e+03
1.054666666666666606e+04
8.836000000000000000e+03
1.088566666666666606e+04
9.654000000000000000e+03
1.203166666666666606e+04
1.171800000000000000e+04
9.822000000000000000e+03
9.691666666666666060e+03
9.231666666666666060e+03
9.719000000000000000e+03
9.397333333333333940e+03
8.477666666666666060e+03
7.245000000000000000e+03
1.061733333333333394e+04
8.340000000000000000e+03
6.840000000000000000e+03
5.955666666666666970e+03
6.196333333333333030e+03
7.138333333333333030e+03
5.982000000000000000e+03
8.425666666666666060e+03
9.446333333333333940e+03
8.705666666666666060e+03
7.739333333333333030e+03
9.131666666666666060e+03
8.897000000000000000e+03
1.248333333333333394e+04
9.346666666666666060e+03
1.001400000000000000e+04
1.095366666666666606e+04
1.156100000000000000e+04
9.551666666666666060e+03
9.531000000000000000e+03
8.948000000000000000e+03
9.344000000000000000e+03
8.969666666666666060e+03
9.778333333333333940e+03
6.660333333333333030e+03
1.068366666666666606e+04
6.020000000000000000e+03
6.874666666666666970e+03
5.646000000000000000e+03
6.355333333333333030e+03
7.602000000000000000e+03
9.057000000000000000e+03
1.028400000000000000e+04
1.069933333333333394e+04
1.018766666666666606e+04
1.053366666666666606e+04
1.006366666666666606e+04
9.647666666666666060e+03
9.063333333333333940e+03
1.354000000000000000e+04
1.001100000000000000e+04
9.038333333333333940e+03
8.087333333333333030e+03
9.167666666666666060e+03
1.104633333333333394e+04
1.137033333333333394e+04
7.126666666666666970e+03
8.993000000000000000e+03
6.111666666666666970e+03
5.442000000000000000e+03
6.613000000000000000e+03
7.750333333333333030e+03
9.272000000000000000e+03
8.387666666666666060e+03
1.030833333333333394e+04
8.485000000000000000e+03
1.041166666666666606e+04
1.102133333333333394e+04
1.116900000000000000e+04
9.604000000000000000e+03
1.200666666666666606e+04
9.261666666666666060e+03
9.850666666666666060e+03
1.078500000000000000e+04
8.384333333333333940e+03
9.356000000000000000e+03
1.031866666666666606e+04
9.750000000000000000e+03
1.030866666666666606e+04
8.494666666666666060e+03
8.325333333333333940e+03
6.989000000000000000e+03
7.964333333333333030e+03
6.789333333333333030e+03
9.032333333333333940e+03
1.000066666666666606e+04
1.083533333333333394e+04
7.767333333333333030e+03
1.026033333333333394e+04
1.154100000000000000e+04
9.281333333333333940e+03
1.242700000000000000e+04
1.057666666666666606e+04
9.809000000000000000e+03
9.425666666666666060e+03
1.098033333333333394e+04
9.883666666666666060e+03
9.532333333333333940e+03
1.027666666666666606e+04
9.918666666666666060e+03
7.474000000000000000e+03
6.601333333333333030e+03
6.332333333333333030e+03
8.356000000000000000e+03
9.305666666666666060e+03
1.025766666666666606e+04
7.641333333333333030e+03
9.901333333333333940e+03
1.108266666666666606e+04
8.905000000000000000e+03
1.221133333333333394e+04
7.692333333333333030e+03
1.023366666666666606e+04
1.147500000000000000e+04
9.695666666666666060e+03
8.972666666666666060e+03
9.905666666666666060e+03
1.128900000000000000e+04
8.222000000000000000e+03
8.228333333333333940e+03
8.121666666666666970e+03
8.365666666666666060e+03
8.617666666666666060e+03
9.681333333333333940e+03
7.228666666666666970e+03
9.925666666666666060e+03
1.055400000000000000e+04
8.618000000000000000e+03
1.189433333333333394e+04
7.627333333333333030e+03
1.001400000000000000e+04
1.105200000000000000e+04
8.811333333333333940e+03
1.048900000000000000e+04
1.046833333333333394e+04
9.173000000000000000e+03
9.961000000000000000e+03
9.731333333333333940e+03
7.385333333333333030e+03
7.238333333333333030e+03
7.781666666666666970e+03
6.831666666666666970e+03
9.888666666666666060e+03
9.965666666666666060e+03
8.336666666666666060e+03
1.145200000000000000e+04
8.736333333333333940e+03
9.892000000000000000e+03
1.008866666666666606e+04
1.134033333333333394e+04
9.756000000000000000e+03
8.790000000000000000e+03
9.235666666666666060e+03
1.123566666666666606e+04
8.300333333333333940e+03
8.323666666666666060e+03
8.032000000000000000e+03
8.825000000000000000e+03
8.725666666666666060e+03
9.580333333333333940e+03
8.073666666666666970e+03
1.117566666666666606e+04
8.181000000000000000e+03
9.979000000000000000e+03
1.136033333333333394e+04
1.039700000000000000e+04
8.186000000000000000e+03
9.991000000000000000e+03
1.086733333333333394e+04
8.637000000000000000e+03
9.262333333333333940e+03
9.527666666666666060e+03
7.258000000000000000e+03
7.814000000000000000e+03
7.658000000000000000e+03
6.700333333333333030e+03
1.080933333333333394e+04
7.608333333333333030e+03
1.118333333333333394e+04
1.078333333333333394e+04
1.008066666666666606e+04
1.098566666666666606e+04
1.012366666666666606e+04
8.504333333333333940e+03
8.543000000000000000e+03
1.071533333333333394e+04
8.700000000000000000e+03
8.537333333333333940e+03
7.886666666666666970e+03
9.091000000000000000e+03
9.390333333333333940e+03
7.194666666666666970e+03
1.065900000000000000e+04
1.022133333333333394e+04
9.758333333333333940e+03
1.067766666666666606e+04
7.700666666666666970e+03
9.373666666666666060e+03
1.075233333333333394e+04
7.850333333333333030e+03
8.475000000000000000e+03
9.210000000000000000e+03
7.082000000000000000e+03
8.360333333333333940e+03
7.487333333333333030e+03
6.528666666666666970e+03
6.566666666666666970e+03
9.436666666666666060e+03
1.041533333333333394e+04
7.504000000000000000e+03
1.170533333333333394e+04
8.190333333333333030e+03
7.827666666666666970e+03
1.005666666666666606e+04
9.170000000000000000e+03
8.992000000000000000e+03
7.702333333333333030e+03
9.052666666666666060e+03
9.672333333333333940e+03
7.668666666666666970e+03
9.445000000000000000e+03
7.308666666666666970e+03
1.137033333333333394e+04
8.575333333333333940e+03
1.046266666666666606e+04
7.513666666666666970e+03
7.628666666666666970e+03
8.453333333333333940e+03
7.075000000000000000e+03
8.915333333333333940e+03
7.292000000000000000e+03
6.467666666666666970e+03
6.379000000000000000e+03
7.946666666666666970e+03
8.166666666666666970e+03
7.840666666666666970e+03
7.114333333333333030e+03
9.105000000000000000e+03
9.607666666666666060e+03
9.401333333333333940e+03
7.494000000000000000e+03
9.232000000000000000e+03
9.244000000000000000e+03
8.104666666666666970e+03
9.764333333333333940e+03
6.708333333333333030e+03
9.619333333333333940e+03
7.588333333333333030e+03
6.961333333333333030e+03
7.674000000000000000e+03
7.254000000000000000e+03
9.483000000000000000e+03
7.040000000000000000e+03
6.655666666666666970e+03
6.442000000000000000e+03
9.499000000000000000e+03
9.214333333333333940e+03
6.615000000000000000e+03
7.086333333333333030e+03
7.415333333333333030e+03
1.002200000000000000e+04
6.744000000000000000e+03
6.835333333333333030e+03
6.616666666666666970e+03
1.018033333333333394e+04
9.664666666666666060e+03
6.824666666666666970e+03
7.489666666666666970e+03
1.006400000000000000e+04
6.697333333333333030e+03
6.970666666666666970e+03
6.743000000000000000e+03
1.014533333333333394e+04
9.762333333333333940e+03
6.542000000000000000e+03
7.635000000000000000e+03
6.301000000000000000e+03
7.079000000000000000e+03
7.222666666666666970e+03
9.887000000000000000e+03
9.533000000000000000e+03
6.237333333333333030e+03
7.364666666666666970e+03
8.931333333333333940e+03
7.662666666666666970e+03
9.591000000000000000e+03
9.146666666666666060e+03
6.256333333333333030e+03
6.952000000000000000e+03
8.957000000000000000e+03
7.923333333333333030e+03
8.860666666666666060e+03
6.599000000000000000e+03
6.097666666666666970e+03
8.973333333333333940e+03
8.840000000000000000e+03
9.961666666666666060e+03
5.492666666666666970e+03
9.137666666666666060e+03
9.906000000000000000e+03
1.009866666666666606e+04
6.517333333333333030e+03
9.537000000000000000e+03
1.021366666666666606e+04
6.868666666666666970e+03
7.229000000000000000e+03
7.220666666666666970e+03
7.046000000000000000e+03
7.226333333333333030e+03
6.995000000000000000e+03
6.894333333333333030e+03
7.276000000000000000e+03
