1.848731525322654534e+03
1.912595947330945592e+03
1.975937832337531518e+03
2.038636425722073682e+03
2.100612936516886293e+03
2.222171027094094370e+03
2.340676430498992886e+03
2.455980326857871660e+03
2.568393283096290816e+03
2.678295233628701226e+03
2.785789898037057355e+03
2.890924319351379381e+03
2.993796168628355190e+03
3.094437978257125906e+03
3.193039444778733014e+03
3.289831313525664882e+03
3.384428323663259562e+03
3.477348306414274703e+03
3.568315831853851705e+03
3.657740259577694815e+03
3.873982623573915589e+03
4.082098260298383138e+03
4.287821559541153874e+03
4.494556258652614815e+03
4.701399376162475164e+03
4.910093434445396269e+03
5.121336260983791362e+03
5.336975542242133997e+03
5.556789882250839582e+03
5.780281267806608412e+03
1.916770178861607747e+03
1.980019925525991084e+03
2.042658647834484782e+03
2.104586906752649611e+03
2.226244190992875247e+03
2.344828276663971792e+03
2.460331434682082545e+03
2.573070999532642873e+03
2.683430422769629331e+03
2.791428064573674874e+03
2.896834799564187506e+03
3.000212210275184134e+03
3.101220723632155114e+03
3.200203747196541372e+03
3.297243254034061465e+03
3.392359180180085332e+03
3.485601521412402690e+03
3.577049650697286324e+03
3.666792964661585302e+03
3.884594962950845456e+03
4.092784198821108930e+03
4.298232088138151994e+03
4.504641051363080805e+03
4.711308521036910861e+03
4.919132743909298370e+03
5.129168392010972639e+03
5.343594649142597518e+03
5.561908870861773721e+03
5.785171858207625519e+03
1.983735791286477479e+03
2.046344931211765015e+03
2.108280319492735543e+03
2.230008749455148063e+03
2.348795341224906679e+03
2.464540060251506929e+03
2.577528556228263824e+03
2.688102131198382267e+03
2.796486997557315590e+03
2.902404527643408983e+03
3.005988232354721276e+03
3.107469007891063029e+03
3.207048154133642129e+03
3.304451339908673617e+03
3.399914697803124909e+03
3.493521628274947489e+03
3.585486380485411701e+03
3.675781736884571274e+03
3.894338086762073999e+03
4.103505507336263690e+03
4.309062350939871976e+03
4.514331102525635288e+03
4.720758403696275309e+03
4.927819795903176782e+03
5.137297635950267249e+03
5.350408757716611944e+03
5.567920559797939859e+03
5.789929369437384594e+03
2.049733595463791971e+03
2.111699626520581660e+03
2.233527826921198084e+03
2.352461624794537329e+03
2.468428974774957169e+03
2.581812903413611821e+03
2.692796285053431802e+03
2.801363658397035124e+03
2.907882852293319502e+03
3.011891273007417112e+03
3.113689496135718855e+03
3.213505478918001700e+03
3.311248095950679726e+03
3.407152949288698437e+03
3.501247905026197259e+03
3.593583519731594151e+03
3.684309093946013945e+03
3.904050282721128497e+03
4.114569211639005516e+03
4.319418907293714256e+03
4.524062892386564272e+03
4.730216671899109315e+03
4.936783809478094554e+03
5.145841263544727553e+03
5.357745909621278770e+03
5.573840894708335327e+03
5.794952499255620751e+03
2.114854153850216790e+03
2.236810814652081262e+03
2.355953933020698969e+03
2.472168316255702393e+03
2.585872027568735575e+03
2.697213026534710025e+03
2.806218531093679758e+03
2.912899785584118945e+03
3.017232051512678026e+03
3.119617573044489291e+03
3.219726720498086706e+03
3.317926812972201787e+03
3.414228680685235304e+03
3.508705801524525668e+03
3.601525091609398714e+03
3.692688446397219195e+03
3.913562366893663238e+03
4.125283951803551645e+03
4.329670757334472000e+03
4.534525454326968429e+03
4.739662319288862818e+03
4.945978064107633145e+03
5.154409666359317271e+03
5.365325026392126347e+03
5.580513693320437596e+03
5.800432820291141070e+03
2.242767844644485649e+03
2.362341158727589118e+03
2.479197872334377280e+03
2.593581516788799490e+03
2.705559740387421698e+03
2.815216348090784322e+03
2.922484745393826870e+03
3.027635331717251574e+03
3.130546337041173501e+03
3.231476834387711733e+03
3.330442267761482071e+03
3.427509465472376178e+03
3.522888912009331762e+03
3.616637358543998289e+03
3.708672292694636781e+03
3.931745323050543448e+03
4.145141586778328929e+03
4.350778530820303786e+03
4.554128607825996369e+03
4.758784689766750489e+03
4.964281586845214406e+03
5.171924442480071775e+03
5.381027502131102665e+03
5.594760073918208946e+03
5.811932632533437754e+03
2.367996595362795233e+03
2.485451797925530627e+03
2.600409321019063100e+03
2.713013234942976851e+03
2.823276542217168753e+03
2.931299648478367544e+03
3.037034412546777276e+03
3.140710010697729558e+03
3.242385603019526116e+03
3.342001575628556566e+03
3.439728664790651237e+03
3.535739984316358004e+03
3.630157851912550086e+03
3.722734939776377360e+03
3.947889068308641981e+03
4.164298992935374372e+03
4.371950335578143495e+03
4.574877903967198108e+03
4.778550104623863263e+03
4.983804429880586213e+03
5.190113882657299655e+03
5.398133131307166877e+03
5.609282218873543570e+03
5.824658058498621358e+03
2.490945152397552647e+03
2.606435999076424650e+03
2.719535426086144525e+03
2.830333757764381517e+03
2.938858268930617214e+03
3.045215920807248949e+03
3.149577342788443730e+03
3.251899509864074844e+03
3.352406682325141446e+03
3.451125865004144543e+03
3.548030563182063815e+03
3.643289830558332596e+03
3.736901967431284902e+03
3.964429967432307876e+03
4.183033038837863387e+03
4.393367863394050801e+03
4.596886437354569352e+03
4.799248065841564312e+03
5.003251022598816235e+03
5.208969540422605860e+03
5.414168232720357992e+03
5.621992038346195841e+03
5.834705436394212484e+03
2.611935622343079103e+03
2.725657919817024776e+03
2.837111206454672356e+03
2.946319820892692405e+03
3.053438935723634131e+03
3.158473774269103615e+03
3.261640326262274812e+03
3.362914287645551212e+03
3.462358546581911924e+03
3.560161680384238934e+03
3.656182993889879526e+03
3.750580074678960045e+03
3.980583592232896535e+03
4.201032724025227253e+03
4.413620037860647244e+03
4.618558096784017835e+03
4.819045266492748851e+03
5.020156721389495942e+03
5.222631693146041471e+03
5.428578721265569584e+03
5.636427687233317556e+03
5.849789925799695993e+03
2.731228216665786931e+03
2.843342391891171701e+03
2.953269541858520370e+03
3.061072767202580962e+03
3.166855810845676842e+03
3.270761305701644233e+03
3.372801716842047426e+03
3.473048485877173334e+03
3.571577772337305760e+03
3.668427624956239015e+03
3.763833281394252026e+03
3.995650406278308310e+03
4.218410014166125620e+03
4.432873305597903709e+03
4.639604640840480897e+03
4.837009406513232534e+03
5.037217797346958832e+03
5.240489573602471864e+03
5.446228563098120503e+03
5.653932841674956762e+03
5.866241335523026464e+03
2.849036244688949409e+03
2.959640579609058932e+03
3.068144403597636483e+03
3.174667302120474687e+03
3.279304317011240073e+03
3.382056500722537294e+03
3.483050381597739033e+03
3.582319248112483820e+03
3.680074878070375235e+03
3.776075940685946080e+03
4.009788153070663157e+03
4.234491668096479771e+03
4.450544731462105119e+03
4.656994309738308402e+03
4.857664507214693913e+03
5.056681805089629961e+03
5.259560146887721203e+03
5.465042207773580230e+03
5.673806647304263606e+03
5.885393492996839996e+03
2.965536627633775879e+03
3.074732513666639989e+03
3.181951290503033306e+03
3.287264204802129370e+03
3.390742063074760608e+03
3.492424476064803912e+03
3.592509589899329058e+03
3.690887355287531136e+03
3.787773525556757249e+03
4.023159927939589579e+03
4.249917633263852622e+03
4.466867648627247945e+03
4.676349263867712580e+03
4.879378783166728681e+03
5.078919941014458345e+03
5.281639496661327030e+03
5.487245634687521488e+03
5.698235392004770802e+03
5.910822217986216856e+03
3.080877726910338879e+03
3.188762027437238430e+03
3.294741026285547377e+03
3.398883870917726654e+03
3.501359276740792666e+03
3.602058402058553384e+03
3.701224190424206427e+03
3.798729109752650857e+03
4.036141004766451715e+03
4.263615108209384744e+03
4.483011468348332528e+03
4.695968755838507604e+03
4.902029100489482516e+03
5.103667195435541544e+03
5.310693870006309226e+03
5.514225043385507888e+03
5.717183244920954166e+03
5.924293050852213128e+03
3.195185084116747930e+03
3.301822524376869751e+03
3.406676451128791996e+03
3.509755724554770040e+03
3.611217158231908797e+03
3.711012469840419726e+03
3.809321413209604998e+03
4.047732776302903403e+03
4.277943251867431172e+03
4.500152110936926874e+03
4.715710769467475984e+03
4.929306661611395612e+03
5.131752293608808031e+03
5.329093084543424993e+03
5.528968800275869398e+03
5.731164865470411314e+03
5.933502563639601249e+03
3.308565830357549203e+03
3.414026335792460941e+03
3.517727746081226542e+03
3.619756931290405191e+03
3.720216434700059835e+03
3.819135056596412596e+03
4.059891332408333255e+03
4.292118572545050483e+03
4.518228147417967193e+03
4.737839666188472620e+03
4.947315801998037387e+03
5.150398072968373526e+03
5.346185234379001486e+03
5.542988138153516047e+03
5.744857018923117721e+03
5.947404849062295398e+03
3.421112091867730214e+03
3.525431839691832920e+03
3.628113300595654437e+03
3.729225259277600799e+03
3.828842202313210237e+03
4.071739319847106799e+03
4.307396989711838614e+03
4.534625956544512519e+03
4.752163679279066855e+03
4.964682004911762306e+03
5.168691938264061719e+03
5.363681931606305625e+03
5.559898462892576390e+03
5.762658752292621102e+03
5.968627494583498446e+03
3.532903641174069890e+03
3.636225179516828121e+03
3.738052801843517500e+03
3.838466565351406189e+03
4.083433034123665038e+03
4.320186481733658184e+03
4.547653093564028495e+03
4.768108350260945372e+03
4.980508051330599301e+03
5.185491887044423493e+03
5.387088375375414216e+03
5.585073938877490036e+03
5.789263938634539954e+03
5.992008412807976129e+03
3.644009935061058513e+03
3.746507350176712862e+03
3.847516791028787338e+03
4.094219534518733781e+03
4.331770806489947972e+03
4.561150693366247651e+03
4.782430935163941285e+03
4.997181498000386455e+03
5.206895108935863391e+03
5.413171921611631660e+03
5.610024488811188348e+03
5.807407445427780658e+03
6.005084488137081280e+03
3.754491762242510958e+03
3.856205474306671022e+03
4.104142479393109170e+03
4.343243470888005504e+03
4.574099459232627851e+03
4.797995333213580125e+03
5.016149470299544191e+03
5.227411530679728457e+03
5.431723838133507343e+03
5.629544884300763442e+03
5.822832869454104184e+03
6.022113271054178767e+03
3.864402724160630896e+03
4.113768697567096751e+03
4.354520572263737449e+03
4.587602205683398097e+03
4.813829907712867680e+03
5.032346265913713978e+03
5.244784605656766871e+03
5.449770208311038914e+03
5.649455915139209537e+03
5.844707147098627502e+03
6.041860048994544741e+03
4.136980590324562399e+03
4.381524440941839202e+03
4.618365474160529629e+03
4.848178838418226405e+03
5.071007004330161180e+03
5.287367285055780485e+03
5.498207332987034533e+03
5.704486901026857595e+03
5.904102512321367612e+03
6.098938933026201994e+03
4.406881929917963134e+03
4.647607428613029697e+03
4.881252126959081579e+03
5.108844595854960971e+03
5.329465354835601829e+03
5.545265348720527982e+03
5.755164621739950235e+03
5.959887522450799224e+03
6.159798606888676659e+03
4.674570392681634075e+03
4.912227024478263047e+03
5.143263103464217238e+03
5.368743543289271656e+03
5.588100638532911944e+03
5.801763027731319198e+03
6.010978092022583041e+03
6.214014460240518019e+03
4.940405669173183924e+03
5.175246783891277119e+03
5.403986144577106643e+03
5.626948534111002118e+03
5.844945423732525342e+03
6.057077022642512929e+03
6.265086092803604515e+03
5.204671715994209080e+03
5.436882489586305383e+03
5.663537528285613917e+03
5.884809169110009861e+03
6.100960299128595580e+03
6.312372300729724884e+03
5.467596127076534685e+03
5.697479675502752798e+03
5.922097866708301808e+03
6.141845465806857646e+03
6.356394212491861254e+03
5.729363662307998311e+03
5.957189637688405128e+03
6.179828114582865055e+03
6.398209135991715812e+03
5.990125833520301057e+03
6.216034413317946019e+03
6.437181999733818884e+03
6.250008627523980067e+03
6.474151795465526448e+03
6.509117242550509218e+03
