1.924802370100273492e+03
2.037535886052534124e+03
2.151448929778445290e+03
2.267568709554625002e+03
2.387286017767477915e+03
2.631050059594755567e+03
2.881230628058727689e+03
3.143315734338990296e+03
3.411414875322442185e+03
3.693654449105762978e+03
3.978011103557670594e+03
4.271265054638456604e+03
4.567538003335715985e+03
4.864348462664714134e+03
5.171062702972770239e+03
5.486699001791655974e+03
5.795228152799581039e+03
6.116061044176706673e+03
6.450862390350876922e+03
6.771104673943465059e+03
8.129800315955766564e+03
9.838649110061751344e+03
1.255208048021342802e+04
1.798838466295609032e+04
2.308631055900621141e+04
3.214077127659574398e+04
4.624153252647503541e+04
6.515638689217758656e+04
7.907673469387754449e+04
1.014383648208469094e+05
2.355142932330827171e+05
4.483908285714285448e+05
9.512630909090909408e+05
1.013170387096774182e+06
1.012954548387096729e+06
9.816414687500000000e+05
1.013315677419354790e+06
1.013107129032258061e+06
1.013507838709677453e+06
1.013473870967741939e+06
2.101746526473901667e+03
2.215499238675295146e+03
2.332539011201236008e+03
2.449336792637556300e+03
2.691780060422960560e+03
2.945460169666873753e+03
3.203225498515061645e+03
3.476328829810416210e+03
3.754213103756708279e+03
4.041364700481983164e+03
4.329642201834862135e+03
4.621663213683449612e+03
4.925224389039743073e+03
5.228760485093481293e+03
5.541923415265200674e+03
5.863935347111817464e+03
6.186764370932754900e+03
6.511063470066518676e+03
6.827757567185290100e+03
8.085689861460957218e+03
9.675835003579097247e+03
1.214555967255493306e+04
1.762643818181818278e+04
2.273747171253822671e+04
3.142316735966736087e+04
4.381633237822349474e+04
6.438380375782881310e+04
8.015729974160206621e+04
1.021747868852459069e+05
2.567339262295081862e+05
4.480914571428571362e+05
1.012817967741935514e+06
1.013263967741935514e+06
9.811934375000000000e+05
1.013160129032258061e+06
1.012883774193548365e+06
1.013424000000000000e+06
1.012939161290322547e+06
1.013074387096774182e+06
2.275472667568089491e+03
2.390653409090909008e+03
2.508687462745877383e+03
2.748109298531810964e+03
3.004530843474611629e+03
3.260842580645161433e+03
3.531156187954996767e+03
3.808580805794477328e+03
4.096805994423792072e+03
4.387817857142857065e+03
4.681287701317715801e+03
4.984122938530734245e+03
5.294346134152585364e+03
5.599063874345550175e+03
5.912888621151271764e+03
6.242749383054565442e+03
6.554464185786234339e+03
6.887006866952790006e+03
7.941268837209302546e+03
9.462983502983503058e+03
1.171859100374843729e+04
1.704006213364595533e+04
2.238919126506024259e+04
3.044962537764350418e+04
4.255436022253129340e+04
6.361010721649484185e+04
8.103927676240209257e+04
1.049450471380471427e+05
2.847805909090908826e+05
4.549298550724637462e+05
1.012943129032258061e+06
9.814220312500000000e+05
1.013158645161290304e+06
1.012994000000000000e+06
1.012906193548387149e+06
1.013225483870967757e+06
1.012951967741935514e+06
1.013172806451612851e+06
2.443639181402741997e+03
2.560020753576465722e+03
2.803749534257917730e+03
3.054058398810787821e+03
3.312831047245808804e+03
3.581997320232246693e+03
3.861803620531622528e+03
4.148564307547613680e+03
4.436189306358381145e+03
4.738246727587058558e+03
5.036994690265486497e+03
5.343332384157391061e+03
5.657029411764706310e+03
5.974801518438177482e+03
6.295573052398114669e+03
6.611514156285390527e+03
6.935683829910326494e+03
7.823632740649907646e+03
9.399422727272727570e+03
1.141884424562830463e+04
1.626839103641456495e+04
2.194800073855243681e+04
2.929968798449612223e+04
4.145537127371273527e+04
6.296354897959184018e+04
7.980565809768637700e+04
1.060870850340136094e+05
2.821881981981982244e+05
4.829378769230769249e+05
1.013066451612903271e+06
1.012744354838709696e+06
1.047088900000000023e+06
1.013309645161290304e+06
1.013415548387096729e+06
1.047110900000000023e+06
1.013256677419354790e+06
1.013170032258064486e+06
2.604804564907275108e+03
2.850132676587717469e+03
3.103859634015069787e+03
3.357844052863435991e+03
3.628185988700564849e+03
3.911437920631236921e+03
4.197595147478591571e+03
4.490724432511593477e+03
4.789197000000000116e+03
5.091347158218125514e+03
5.391990573448546456e+03
5.700664434922335204e+03
6.023467233342473264e+03
6.336053206384765872e+03
6.658885550786838394e+03
6.994459760023411945e+03
7.814092250922509265e+03
9.349254012561061245e+03
1.124899276527331131e+04
1.480678804902962293e+04
2.141668276856524972e+04
2.864223981042654123e+04
4.070327792553191830e+04
5.946918111753372068e+04
7.840181818181817653e+04
1.101624169611307443e+05
2.611435750000000116e+05
4.828389538461538614e+05
1.012947096774193575e+06
9.812917187500000000e+05
1.012858741935483878e+06
9.817078750000000000e+05
1.013076000000000000e+06
1.013462258064516122e+06
1.013120709677419392e+06
1.013059516129032243e+06
2.938399569429494022e+03
3.188100132333480360e+03
3.446970395480226216e+03
3.720081613725944862e+03
4.003887488106565343e+03
4.291050768855259776e+03
4.586723111555777905e+03
4.880784434203788805e+03
5.176092170725321012e+03
5.481154567372086603e+03
5.799952550740537845e+03
6.106092411089331108e+03
6.426345735546651667e+03
6.757838114754098569e+03
7.073979409131602551e+03
7.916226901319924764e+03
9.019571961982348512e+03
1.070039838337182482e+04
1.358021647058823510e+04
2.048018244644091101e+04
2.711816262353998172e+04
3.871608101265822916e+04
5.569920758122743428e+04
7.782504511278195423e+04
1.163726529850746301e+05
2.337506865671641717e+05
4.754428939393939218e+05
9.812266250000000000e+05
9.811517187500000000e+05
9.814652812500000000e+05
9.238597647058824077e+05
8.721408055555555038e+05
8.720683888888888760e+05
8.718948333333333721e+05
8.489102432432431960e+05
3.267807744565217490e+03
3.527988407141201151e+03
3.801871167102448453e+03
4.084540995607613695e+03
4.374543385846461206e+03
4.665119559651817326e+03
4.955370515841843371e+03
5.256698553054662625e+03
5.569700493691717384e+03
5.869994120940649736e+03
6.178856244641326157e+03
6.497995620437955949e+03
6.807118714668253233e+03
7.151939421613394188e+03
7.980583493282149902e+03
8.839205507051712630e+03
1.047403267477203735e+04
1.272605017761989257e+04
1.869674620253164539e+04
2.582589365351629385e+04
3.669723677884615608e+04
5.333697577854671545e+04
6.959884753363228810e+04
1.109147971530249051e+05
2.129451428571428696e+05
4.357496666666666861e+05
7.472311190476190532e+05
7.846251250000000000e+05
8.050567948717948748e+05
8.260596052631578641e+05
8.052264102564102504e+05
8.264928947368421359e+05
8.485978918918918353e+05
7.644017560975609813e+05
3.575056171819683641e+03
3.850675393939393871e+03
4.135850608998260213e+03
4.423856342333163411e+03
4.710230388324212072e+03
5.003351106371634160e+03
5.313714363735663937e+03
5.612756206415620909e+03
5.924540347875677071e+03
6.249560256784359808e+03
6.554494498959262273e+03
6.898895281582952521e+03
7.211728062015504293e+03
8.062187071498530713e+03
8.932409948542024722e+03
1.006049355432780794e+04
1.199416364403205444e+04
1.583049299568965580e+04
2.431532793522267093e+04
3.454617006802721153e+04
4.996569967532467854e+04
6.524774315789473621e+04
1.031143576158940414e+05
1.956034874999999884e+05
3.871982345679012360e+05
6.278139000000000233e+05
7.846976999999999534e+05
8.050353846153846243e+05
7.463935000000000000e+05
7.111580000000000000e+05
7.279754883720930666e+05
7.278464883720930666e+05
7.277877674418605166e+05
3.917279612614849611e+03
4.204011716760061063e+03
4.488120469361147116e+03
4.778118196371397971e+03
5.083601530472807099e+03
5.377031537817470962e+03
5.686147545662100129e+03
6.007104556074766151e+03
6.312233472304943461e+03
6.648789762340036759e+03
6.956479987589202210e+03
7.298299809644669949e+03
8.137283905364878592e+03
9.017867997198880403e+03
9.899844265298645041e+03
1.168676597510373358e+04
1.428795100440960232e+04
2.276437747336377652e+04
3.170115328467153449e+04
4.660274051593323384e+04
6.199566533066132251e+04
8.992685260115607525e+04
1.797536091954022995e+05
3.604534367816091981e+05
5.706676545454545412e+05
6.956988444444444031e+05
6.510807916666666279e+05
6.648394680851063458e+05
6.511076875000000000e+05
6.504967916666666279e+05
6.119481372549019288e+05
6.247894000000000233e+05
4.263018001565353188e+03
4.552445631846112519e+03
4.852245964432284381e+03
5.143016489659027684e+03
5.445672950585547369e+03
5.761753288512130894e+03
6.063210432190760002e+03
6.395727660872216802e+03
6.700555590062112060e+03
7.043256752462662917e+03
7.379078145265888452e+03
8.209477210884353553e+03
9.085376873661669379e+03
9.963899626865671962e+03
1.115969363235883065e+04
1.336309288354898308e+04
1.874125000000000000e+04
2.904216299137104579e+04
4.285346433566433552e+04
5.752569646182495489e+04
8.418003252032519958e+04
1.627862916666666570e+05
3.099767227722772514e+05
4.523032173913043225e+05
5.566168035714285215e+05
5.470564385964912362e+05
5.565618035714285215e+05
5.666334545454545878e+05
5.666903454545454588e+05
5.666410000000000000e+05
5.669351090909091290e+05
4.618597918378526629e+03
4.906667786174083631e+03
5.201138896827665121e+03
5.517440281030444567e+03
5.818961469534050593e+03
6.142239694656488609e+03
6.442279763755051135e+03
6.779132909379968623e+03
7.113554690035703061e+03
7.437007277538868948e+03
8.287255991663772875e+03
9.132190925589837207e+03
1.002012908124525347e+04
1.088384162717219624e+04
1.287888618983355809e+04
1.622407193849533178e+04
2.682611555555555606e+04
3.975264239271781844e+04
5.411248421052631602e+04
7.564143902439024532e+04
1.437780230414746620e+05
2.459077401574803225e+05
3.793209634146341705e+05
4.939743015873015975e+05
5.102899672131147818e+05
5.020131774193548481e+05
5.187724000000000233e+05
5.462371578947368544e+05
5.465848245614034822e+05
5.460707017543859547e+05
4.957693562231759643e+03
5.268216525051274402e+03
5.565892376681614223e+03
5.883273449434769645e+03
6.182042314872433053e+03
6.515315722469764296e+03
6.839255436546575766e+03
7.163820920225090958e+03
7.492076559865092349e+03
8.333070014144272136e+03
9.192719304733727768e+03
1.003227153846153851e+04
1.090168174539631764e+04
1.213317730192719500e+04
1.482416396761133547e+04
2.385773868149324699e+04
3.597926210153482680e+04
5.086319669421487924e+04
7.003710859728507057e+04
1.257201653225806513e+05
2.183398251748251787e+05
3.527730454545454704e+05
4.709064393939393922e+05
4.857166718750000000e+05
4.778757384615384508e+05
4.853715000000000000e+05
4.926137777777777519e+05
5.092467704918032978e+05
5.267068474576270673e+05
5.313095181083507669e+03
5.621270476772616348e+03
5.916631808278867538e+03
6.247946815286623860e+03
6.564009412528399480e+03
6.885032108573320329e+03
7.210312310286677530e+03
7.544874397797660095e+03
8.382866450683945004e+03
9.211605924259467429e+03
1.007184681516217279e+04
1.089992712550607212e+04
1.173930637049455072e+04
1.401251714147754683e+04
1.854285527950310643e+04
3.102619713993871119e+04
4.827425628930817766e+04
6.415940456431535131e+04
1.162727686567164201e+05
1.951233812500000058e+05
3.337733548387096962e+05
4.247155068493150757e+05
4.426549714285714435e+05
4.558207352941176505e+05
4.847837500000000000e+05
4.628026865671642008e+05
4.699290454545454704e+05
4.556819117647059029e+05
5.652490189971971631e+03
5.978183497929277110e+03
6.288630314832846125e+03
6.605952002648129564e+03
6.928304890387857995e+03
7.264142561983470841e+03
7.594333099579243026e+03
8.370741994177584274e+03
9.180231555051077521e+03
1.001049488993710656e+04
1.086520906492445829e+04
1.164084117647058883e+04
1.285236375838926142e+04
1.615774849972722222e+04
2.763301004566210031e+04
4.386550716332378215e+04
6.050762549019607832e+04
1.107755516014234890e+05
1.696369456521739194e+05
2.924224716981131933e+05
3.682643333333333139e+05
4.014627012987012859e+05
3.961461153846153757e+05
4.119075466666666907e+05
4.177727567567567457e+05
4.236218219178082072e+05
4.357639859154929291e+05
6.015400324675324555e+03
6.320511243386243223e+03
6.621869959677419502e+03
6.947745971888926761e+03
7.273060732984293281e+03
7.597706927175843703e+03
8.365462983425413768e+03
9.188367190494442184e+03
9.982679619349722998e+03
1.077157961522717960e+04
1.160731906779661040e+04
1.250222173339199253e+04
1.502233554987212301e+04
2.244219001490312803e+04
3.896056760204081365e+04
5.756068224299065332e+04
1.057842551020408137e+05
1.552386119402985205e+05
2.559619752066115616e+05
3.116491111111111240e+05
3.623069882352941204e+05
3.759002926829268108e+05
3.902292025316455984e+05
3.905114810126582161e+05
4.010895064935064875e+05
4.170039864864865085e+05
6.322757788944723870e+03
6.642108643662452778e+03
6.965132219902574434e+03
7.275397454031117377e+03
7.563226002865329065e+03
8.351690360997394237e+03
9.127787750385208710e+03
9.910193150139386489e+03
1.072014132674083157e+04
1.162092753001715209e+04
1.251320115709835409e+04
1.388480438931297795e+04
1.815005218446601793e+04
3.290494378378378315e+04
5.436524424778761022e+04
1.024692574257425731e+05
1.435636359447004506e+05
2.297283037037037138e+05
3.053508514851485379e+05
3.534740919540229952e+05
3.620438588235293864e+05
3.849803875000000116e+05
3.756737317073170561e+05
4.007040389610389830e+05
4.115498666666666395e+05
6.666762847222222263e+03
6.976262972114366676e+03
7.249073875802997463e+03
7.556257246376811963e+03
8.321408033033032552e+03
9.075770453664210436e+03
9.905050322061191764e+03
1.077173294265383083e+04
1.163344357638888869e+04
1.252535569563259742e+04
1.339867612843182906e+04
1.621561290322580680e+04
2.840055992509363205e+04
5.025911967213114985e+04
9.866716242038217024e+04
1.360033275109170354e+05
2.099706418918918935e+05
2.856727129629629781e+05
3.338000543478261097e+05
3.535922873563218163e+05
3.663316547619047342e+05
3.852539874999999884e+05
3.899716202531645540e+05
3.951167179487179383e+05
6.933153873489693979e+03
7.236620129870129858e+03
7.547998901098901115e+03
8.303300985595147722e+03
9.090424194815395822e+03
9.906440733197556256e+03
1.076029543533389733e+04
1.161189356110381050e+04
1.249497321833862952e+04
1.334752833723653384e+04
1.489332911392405003e+04
2.100533565459609963e+04
4.144713550135501282e+04
9.760968138801261375e+04
1.325072723404255230e+05
1.958772704402515665e+05
2.785979549549549702e+05
3.240797999999999884e+05
3.493020000000000000e+05
3.659756666666666861e+05
3.753416219512195094e+05
3.900501518987341551e+05
4.005057532467532437e+05
7.217821194464675500e+03
7.520220990391721898e+03
8.290877394636016106e+03
9.072827846092819527e+03
9.894446318387494102e+03
1.075467820512820435e+04
1.158523454063604186e+04
1.235766833030853013e+04
1.322759474671669705e+04
1.412936196021348769e+04
1.743720954598370372e+04
3.355431683168316522e+04
9.631116822429906460e+04
1.291218713692946039e+05
1.843284497041420254e+05
2.621226101694915269e+05
3.175278247422680142e+05
3.611593176470588078e+05
3.614666470588235534e+05
3.755406463414634345e+05
3.848610499999999884e+05
3.952035128205128131e+05
7.530803745318352412e+03
8.289545912437039078e+03
9.067200000000000728e+03
9.881774407976734437e+03
1.069858831113021006e+04
1.150389455028799239e+04
1.231872316126085025e+04
1.320618723404255252e+04
1.409710215053763386e+04
1.617533260751224771e+04
2.682677493380405940e+04
9.214967761194029299e+04
1.258724615384615317e+05
1.741030837988826679e+05
2.443842598425196775e+05
3.020596764705882524e+05
3.488069431818181765e+05
3.611818470588235068e+05
3.705479277108433889e+05
3.841269874999999884e+05
3.947157948717948748e+05
8.232334257425742180e+03
9.024844070578579704e+03
9.799778154106688817e+03
1.061196062992125917e+04
1.146551495920217531e+04
1.232209746954076763e+04
1.323185235551238475e+04
1.415815384615384573e+04
1.511146642373763643e+04
1.675752161706906190e+04
6.382677800829875196e+04
1.211620078125000000e+05
1.588022806122449110e+05
2.064138874172185315e+05
2.810614000000000233e+05
3.344257391304347548e+05
3.604842823529411689e+05
3.652614285714285797e+05
3.747520000000000000e+05
3.944317435897435644e+05
8.997718789407314034e+03
9.808056086956521540e+03
1.065881416328371597e+04
1.151058189454036437e+04
1.242182324455205890e+04
1.335469477911646572e+04
1.426399170124481316e+04
1.521750187869028377e+04
1.617265354767183999e+04
3.323438478260869306e+04
1.189954423076923122e+05
1.529783448275862029e+05
1.921956913580246910e+05
2.354489393939393922e+05
3.119481414141413989e+05
3.528580229885057197e+05
3.739824634146341705e+05
3.838084749999999767e+05
3.885353037974683684e+05
9.867007184553211118e+03
1.073693289841565638e+04
1.164806727976766706e+04
1.253749249249249260e+04
1.344593944099378859e+04
1.438501231922870829e+04
1.531189999999999964e+04
1.627317398745008541e+04
1.828198480243161248e+04
9.528066049382716301e+04
1.483727464114832401e+05
1.820025321637426969e+05
2.225105142857142782e+05
2.760753839285714203e+05
3.380818241758241784e+05
3.605174000000000233e+05
3.838494000000000233e+05
3.990729740259740502e+05
1.084563965267727872e+04
1.173871328671328592e+04
1.260748711340206137e+04
1.356714064171123027e+04
1.449896963003865312e+04
1.544880102622577033e+04
1.648480271707028805e+04
1.843897932330827098e+04
3.914994267515923275e+04
1.412582831050228269e+05
1.753911468926553789e+05
2.103521081081081065e+05
2.488120000000000000e+05
3.061751881188118714e+05
3.750411829268292640e+05
4.038393421052631456e+05
4.039254473684210679e+05
1.180851055069480208e+04
1.277485080213903711e+04
1.369745554942021045e+04
1.461934054669703801e+04
1.563221698113207458e+04
1.659315300546447907e+04
1.860552838709677599e+04
2.058145064669843487e+04
1.418916055045871472e+05
1.732997206703910488e+05
2.034048562091503409e+05
2.393444307692307630e+05
2.746748053097345401e+05
3.468015056179775274e+05
3.894028987341772299e+05
4.036992631578947185e+05
1.289810270568746637e+04
1.379437827076223039e+04
1.481037912735849022e+04
1.577291433778857754e+04
1.673420838548185202e+04
1.871899005964214666e+04
2.076426278906797597e+04
4.582512927191679046e+04
1.703330054945054871e+05
2.007332967741935572e+05
2.360756136363636469e+05
2.682301810344827827e+05
3.135982727272727061e+05
3.856374124999999767e+05
4.209524931506849243e+05
1.396644320188346137e+04
1.496368126520681290e+04
1.586725359150530858e+04
1.690790516129032403e+04
1.888707435197817176e+04
2.093221454283657295e+04
2.311085007610349930e+04
1.674402810810810770e+05
1.953285471698113251e+05
2.304973111111111066e+05
2.638704915254237130e+05
3.020887572815534077e+05
3.410525054945055163e+05
4.054201447368420777e+05
1.502376716604244757e+04
1.604235760309278339e+04
1.698578292521508774e+04
1.897735734265734209e+04
2.109915088757396370e+04
2.328451250000000073e+04
5.381170086956521845e+04
1.977069108280254877e+05
2.253513115942029108e+05
2.617187058823529514e+05
2.880261759259258979e+05
3.198104948453608085e+05
3.642508588235293864e+05
1.614497682119205274e+04
1.717454470989761103e+04
1.924375072254335100e+04
2.133480578827113641e+04
2.345194631410256261e+04
2.566160235888795432e+04
1.963898481012658158e+05
2.269407664233576506e+05
2.510040483870967873e+05
2.856000550458715879e+05
3.208273814432989457e+05
3.615011395348837250e+05
1.727745760336369858e+04
1.941409658246656909e+04
2.151071987480438111e+04
2.366389884868420995e+04
2.592851168831168980e+04
6.406041735537190107e+04
2.269966350364963582e+05
2.573499090909090883e+05
2.825677818181818002e+05
2.992903557692307513e+05
3.450356111111111240e+05
1.972070007830853501e+04
2.180818652423993262e+04
2.418200522193211509e+04
2.623950271739130403e+04
2.857176448243115010e+04
8.023923514211886504e+04
2.528828130081300915e+05
2.751607433628318831e+05
3.143495656565656536e+05
3.345831182795698987e+05
2.234728770706189971e+04
2.440661943687556777e+04
2.679644126074498490e+04
2.893579145978152883e+04
3.135539189189189347e+04
1.006358932038834901e+05
2.883037129629629781e+05
3.151038282828282681e+05
3.432600329670329811e+05
2.498324088291746739e+04
2.705974701195218950e+04
2.942661979166666788e+04
3.191435620915032632e+04
3.438245568181818089e+04
1.245795599999999977e+05
3.150528181818181765e+05
3.505489887640449451e+05
2.746509489051094715e+04
2.989593028322439932e+04
3.232785568181818235e+04
3.474488429752066440e+04
3.729353439803439687e+04
1.527402696078431327e+05
3.587877126436781837e+05
3.041109931506849171e+04
3.265842857142857247e+04
3.526240886699507246e+04
3.792101540436456708e+04
4.002567236842105194e+04
1.773453920454545587e+05
3.326954882571075723e+04
3.577831322207958874e+04
3.795605936675461999e+04
4.102983379501385207e+04
4.329028835227272793e+04
3.583928533685600996e+04
3.888042441054091614e+04
4.131056714285714406e+04
4.412260979228486394e+04
3.914537052932761435e+04
4.187439614243323740e+04
4.434630275229358085e+04
4.206863608562690933e+04
4.503315238095237873e+04
4.549376065573770757e+04
