1.532419710396457504e+03
1.573503398657665684e+03
1.613763351588272371e+03
1.655197185590521030e+03
1.696542198211823916e+03
1.778889061673491597e+03
1.860906509111997366e+03
1.943245072637458406e+03
2.024660789927679616e+03
2.107698218035236096e+03
2.189556572949670226e+03
2.270826230711388689e+03
2.357277218937464113e+03
2.435239863886854891e+03
2.518483217514078206e+03
2.601113375134036687e+03
2.679702946030978637e+03
2.760158158140598061e+03
2.846137186073578050e+03
2.920522091541972713e+03
3.123378590402084228e+03
3.324687357929316022e+03
3.523963437196242921e+03
3.721542826607898405e+03
3.921228692891314950e+03
4.118432845888701195e+03
4.316368681296991781e+03
4.512954718467482053e+03
4.710209697602553206e+03
4.905082966964512707e+03
1.582737436223160103e+03
1.623250639277589016e+03
1.665161142089126997e+03
1.706143140732611528e+03
1.788144073274724178e+03
1.870803562643811802e+03
1.952383382281242120e+03
2.036281450689467647e+03
2.117391665822903178e+03
2.201632055967505949e+03
2.282424421446887663e+03
2.364916978468554134e+03
2.444738928883145945e+03
2.526833932479461964e+03
2.609891107006206312e+03
2.691989642236460895e+03
2.771368481101413636e+03
2.854189401210172491e+03
2.932040387559026840e+03
3.132991715716254475e+03
3.337150253411372887e+03
3.533347725414427714e+03
3.733272688483451020e+03
3.931769718443600595e+03
4.129709496346243213e+03
4.326864134721762639e+03
4.524222249213932628e+03
4.719636896508422979e+03
4.915698433110802398e+03
1.633115128664169561e+03
1.674222506651230105e+03
1.715453878517457497e+03
1.797785167721723610e+03
1.880480749249253222e+03
1.962037673464719774e+03
2.043530386291271043e+03
2.126120660612640222e+03
2.208933341742396351e+03
2.292425435115371783e+03
2.373255888018094538e+03
2.457127276694653119e+03
2.540196258916286297e+03
2.619418917192364461e+03
2.699148419737105996e+03
2.784526361297430412e+03
2.859998744290851391e+03
2.943192655875864148e+03
3.147470050523466398e+03
3.345466737683716474e+03
3.542822198410722649e+03
3.743903451336799662e+03
3.942095153497949468e+03
4.140598607553795773e+03
4.336592282893629999e+03
4.534476344017018164e+03
4.731619234703411166e+03
4.924996362459222837e+03
1.683791842662944191e+03
1.724538366796400169e+03
1.807616628715455136e+03
1.889720380801318470e+03
1.972106979514331442e+03
2.053173695041143674e+03
2.137004441725807283e+03
2.218678306443396650e+03
2.302278379202184169e+03
2.383146182686102293e+03
2.464991021082316365e+03
2.548883386783772494e+03
2.630045739058311938e+03
2.709976918465556537e+03
2.793656223482331825e+03
2.871196664189451894e+03
2.954779398499622857e+03
3.155762723054861453e+03
3.353629113709524518e+03
3.555869515966156541e+03
3.752732857403728303e+03
3.951477648983774543e+03
4.149836415886809846e+03
4.346968215548289663e+03
4.542891861320676071e+03
4.739923729763369920e+03
4.936594733733584690e+03
1.734774728668096941e+03
1.816403091134460510e+03
1.899257711790414533e+03
1.979851673753355954e+03
2.062059966051459924e+03
2.144874423752479743e+03
2.228924777491683017e+03
2.311385521783755848e+03
2.394812423704740013e+03
2.477511282109104741e+03
2.557664922186736021e+03
2.637550518636820470e+03
2.722460211069415891e+03
2.799405571965485706e+03
2.881877230169617633e+03
2.962112176275166803e+03
3.161736920237536651e+03
3.365005097172667774e+03
3.564859745084445876e+03
3.763665864657209568e+03
3.962190643536479911e+03
4.160185087842154644e+03
4.358116790416281219e+03
4.554431977939369972e+03
4.750201444202072707e+03
4.946276953687203786e+03
1.835168073350173245e+03
1.917303593226659132e+03
1.999799072716675482e+03
2.081333884017903529e+03
2.165626143789378602e+03
2.248608451870903536e+03
2.332327014837146180e+03
2.414202311026436291e+03
2.494945152835156478e+03
2.575413916491597320e+03
2.659979879281694593e+03
2.737760149259789614e+03
2.820226606209672354e+03
2.900657188793340993e+03
2.980947228038358389e+03
3.185159875958231169e+03
3.383856368466375898e+03
3.584473360452155703e+03
3.783599211487975481e+03
3.982170653908719487e+03
4.180001553695235089e+03
4.377693201882588255e+03
4.573876352879491606e+03
4.770207476322792900e+03
4.966836261979505252e+03
1.936874802801607984e+03
2.018310159445092722e+03
2.100825967868538100e+03
2.184037046019636364e+03
2.267790664508524515e+03
2.350276329850434195e+03
2.431603101889891605e+03
2.513073058255941760e+03
2.597316138063365997e+03
2.676404113455690094e+03
2.758169620318055422e+03
2.838514478516065992e+03
2.919283442268683757e+03
3.003821309730251414e+03
3.202692155653245209e+03
3.404752455298963923e+03
3.603505390425211772e+03
3.803009044734043982e+03
4.001954706001876275e+03
4.199604021684450345e+03
4.396417856156266680e+03
4.593651006220044110e+03
4.791451764108218413e+03
4.987263378187818489e+03
2.036528160503249183e+03
2.118438340174330733e+03
2.202024882273719413e+03
2.285568891797624019e+03
2.367635914216723904e+03
2.449620145066421173e+03
2.533423620071489950e+03
2.613647984733073827e+03
2.695826117694256027e+03
2.777005683918532668e+03
2.857682064716082550e+03
2.941870233198674214e+03
3.020706220621676948e+03
3.221877921553050328e+03
3.422444718375356388e+03
3.623521816093601046e+03
3.822102179725806764e+03
4.021203512855837744e+03
4.218015652030017009e+03
4.417113409576233607e+03
4.614684992934531692e+03
4.814339159934917006e+03
5.013011284789066849e+03
2.136950869198485179e+03
2.220182709672486908e+03
2.303125018205372726e+03
2.385984315944805076e+03
2.469659398414721181e+03
2.550770618473323339e+03
2.632893128952761799e+03
2.714258795347550858e+03
2.795508708780445886e+03
2.879343540662094711e+03
2.958842668113481523e+03
3.041414309735855113e+03
3.241361641087632961e+03
3.443807547587190584e+03
3.642977322263842325e+03
3.843189168872228038e+03
4.040972414248643418e+03
4.243587674519288157e+03
4.444546543215998099e+03
4.639449200926999765e+03
4.839765534865538939e+03
5.033185016756818186e+03
2.237900875261703277e+03
2.321569306398014760e+03
2.404454706823261404e+03
2.486837939445928896e+03
2.568930876294936297e+03
2.650913523777541741e+03
2.732523466879521493e+03
2.815917862253832027e+03
2.896076946182245138e+03
2.979537775107665766e+03
3.058805366990430230e+03
3.260705295129220303e+03
3.462331043970389146e+03
3.661997128740425524e+03
3.862495683778354305e+03
4.066303257702381870e+03
4.265409077584111401e+03
4.463487738218022059e+03
4.661732322912350355e+03
4.860020164057576949e+03
5.051003229502382965e+03
2.338268288121032583e+03
2.421412288598021405e+03
2.504242988140085345e+03
2.586511188919597771e+03
2.668582482905427696e+03
2.752017750653244548e+03
2.832859917667758509e+03
2.916035891277424071e+03
2.995725274677682592e+03
3.077091477796206618e+03
3.280196369461667928e+03
3.481332860835516840e+03
3.682809511062811907e+03
3.885402640908374906e+03
4.087066017515543081e+03
4.285700795711698447e+03
4.484380894804871787e+03
4.680674485262081362e+03
4.876924300208386740e+03
5.072354260939736378e+03
2.438601669911532099e+03
2.521502359639309361e+03
2.603988598583326620e+03
2.687412945826132272e+03
2.768998404380181000e+03
2.852126839745474172e+03
2.932646136324680811e+03
3.013876872393036138e+03
3.095862376991810379e+03
3.298458281378008451e+03
3.500575755427496915e+03
3.703435267762434705e+03
3.905919487335081612e+03
4.105428114073766665e+03
4.306560989937497652e+03
4.501954028345046936e+03
4.701334601343053691e+03
4.888668355255284951e+03
5.080577760880293681e+03
2.538563689707407775e+03
2.622371443012933469e+03
2.704474120470684738e+03
2.787830133106637732e+03
2.869092399310479323e+03
2.950786936313525530e+03
3.032879018226068638e+03
3.113853289316398332e+03
3.317445818057717133e+03
3.521323257112982446e+03
3.725092726243124616e+03
3.926971022661560710e+03
4.125671786452679953e+03
4.323582984630494138e+03
4.515789220121539074e+03
4.711208954006514432e+03
4.910995483245073046e+03
5.110040259930818138e+03
2.639283654406502592e+03
2.722856764002829095e+03
2.804892583362588084e+03
2.887056233216465898e+03
2.969312838845594342e+03
3.050890433007682077e+03
3.133537787501257753e+03
3.338287611700248362e+03
3.542620595240544390e+03
3.746012240808939168e+03
3.944135048018177258e+03
4.137260103457642799e+03
4.336078749198059086e+03
4.537321634759393419e+03
4.743077235087948793e+03
4.941134537219772028e+03
5.136693920420102586e+03
2.740132947462942411e+03
2.822554895176209811e+03
2.905197925498360291e+03
2.987155708652665453e+03
3.069605863451834011e+03
3.152098795761068232e+03
3.358834716665232918e+03
3.562456695430549644e+03
3.758434139821454664e+03
3.957318169737027347e+03
4.157764712018588398e+03
4.360031142449971412e+03
4.564293825233035932e+03
4.765944976682091692e+03
4.964155401463777707e+03
5.159766251187205853e+03
2.840880640898945330e+03
2.923505991746482323e+03
3.006005027384565437e+03
3.090253836813946236e+03
3.172671437593279734e+03
3.376204754286913612e+03
3.574782278440896789e+03
3.778339180137087169e+03
3.981215180756242262e+03
4.183314354848718722e+03
4.384429202993315812e+03
4.586900019800232258e+03
4.784558840782905463e+03
4.983134240839392078e+03
5.177079093467649727e+03
2.941648815352428301e+03
3.026816872886493456e+03
3.108661164533203646e+03
3.189634973286689274e+03
3.391410910379996949e+03
3.594432827125418498e+03
3.798370157335075874e+03
4.000605233005760056e+03
4.204703343190483793e+03
4.405886323021118187e+03
4.603137556794243210e+03
4.800004776657501679e+03
4.991531690321185124e+03
5.190679560465298891e+03
3.043103593262772392e+03
3.124682664763991852e+03
3.206601056366432204e+03
3.410675338288228886e+03
3.615702086922583476e+03
3.819772350136739533e+03
4.023056292118798410e+03
4.224447026567804642e+03
4.421860322825379626e+03
4.617828953686669593e+03
4.815173632233806529e+03
5.013192585420065370e+03
5.218194548728464724e+03
3.140603284035691559e+03
3.224380910260037126e+03
3.430819198430198412e+03
3.636510430574437578e+03
3.839845227804335991e+03
4.042151376026715297e+03
4.240344825754283193e+03
4.439266618407461465e+03
4.639732311996217504e+03
4.839812131997249708e+03
5.042983169114107113e+03
5.239169244535812140e+03
3.243176051225004358e+03
3.450662761177535685e+03
3.654646777923697300e+03
3.856985477679865198e+03
4.058770316272079071e+03
4.260027563505219405e+03
4.463688776139630136e+03
4.665519912792816285e+03
4.863598154677220919e+03
5.062502877660637751e+03
5.259102520128855758e+03
3.492848629575861196e+03
3.699604689140008304e+03
3.906597357164167079e+03
4.111021428536560961e+03
4.312608158074028324e+03
4.512648716288790638e+03
4.714099559163163576e+03
4.912721418310601621e+03
5.108893101809489963e+03
5.308696537087844263e+03
3.749766214679124460e+03
3.952880766479775502e+03
4.157188742909796019e+03
4.355739034758082198e+03
4.559900972447090680e+03
4.760681803213585226e+03
4.956722843312201803e+03
5.157968964848860196e+03
5.354822079566948560e+03
3.998623896269308716e+03
4.201593175038158734e+03
4.406006826281442954e+03
4.607407288691134454e+03
4.805756730234271345e+03
5.006801577362184617e+03
5.204235229381445606e+03
5.402287198280228949e+03
4.249247302411527926e+03
4.452509727064863910e+03
4.653724470131734961e+03
4.854970981774947177e+03
5.055325378449705568e+03
5.254853645919730297e+03
5.453644053307897593e+03
4.499393417075662910e+03
4.703030609452563112e+03
4.902768576708780529e+03
5.104186845561666814e+03
5.303968322701755824e+03
5.504031475407153266e+03
4.750600558256836848e+03
4.952794551882784617e+03
5.153266942094242040e+03
5.353869097185345709e+03
5.554568687450137077e+03
5.000759747673634593e+03
5.202490392100547979e+03
5.405886754834993553e+03
5.602314936052734993e+03
5.254749797200579451e+03
5.452272984833606642e+03
5.655401424740424773e+03
5.504547914674109961e+03
5.703707578673871467e+03
5.755067593851778838e+03
