1.924235444268870879e+03
2.037020596941292524e+03
2.151997872606682449e+03
2.268159705471626239e+03
2.387574059763008790e+03
2.629508869473126651e+03
2.883195019052803673e+03
3.300993391100014833e+03
3.834158321179711493e+03
4.361539654564680859e+03
4.911575271894676916e+03
5.556335348061692457e+03
6.345999076852065627e+03
7.556169119614663941e+03
9.264963070006422640e+03
1.193802481692432957e+04
1.565801475237091654e+04
1.950271539961013696e+04
2.327238769230769321e+04
2.564208922558922495e+04
4.121773164218958846e+04
7.678271604938271048e+04
1.081348581314878829e+05
1.781203068181818235e+05
4.298614657534246799e+05
9.513486060606060782e+05
9.808435937500000000e+05
9.810404062500000000e+05
1.012740677419354790e+06
9.813998750000000000e+05
2.102052177177177327e+03
2.215714521452145163e+03
2.332782328696548120e+03
2.448610182767623883e+03
2.692694011815252452e+03
2.945380742171334077e+03
3.316463589743589637e+03
3.859332739059967480e+03
4.401247038019451793e+03
4.962783467587265477e+03
5.610502513615417229e+03
6.416845492565055793e+03
7.524005838641189257e+03
9.434143927059589259e+03
1.208208080393765340e+04
1.583597346072186883e+04
1.961298632812500000e+04
2.379109952978056390e+04
2.648463171577122921e+04
4.910400793650793639e+04
8.026802319587628881e+04
1.167168358208955178e+05
2.255297338129496493e+05
4.756951060606060782e+05
9.513351515151514905e+05
9.511282121212121565e+05
1.012514483870967757e+06
9.811663750000000000e+05
9.810242187500000000e+05
2.276149851823218796e+03
2.388278292651089942e+03
2.507586809694080330e+03
2.750664170977402591e+03
3.004031748251748468e+03
3.304324567775679043e+03
3.867838480194017848e+03
4.423100867103167730e+03
4.990394544756050891e+03
5.676305889803673381e+03
6.460391699696899195e+03
7.486573684210526153e+03
9.602321440370003984e+03
1.223524761904761908e+04
1.566946910994764403e+04
1.962081363636363676e+04
2.424343073248407745e+04
2.783393642143506077e+04
5.069991653027823486e+04
9.169160882352941553e+04
1.282405450819672114e+05
2.549985691056910437e+05
5.811895555555555038e+05
9.809555937500000000e+05
9.512009393939394504e+05
9.510581818181817653e+05
9.512416060606060782e+05
9.808160937500000000e+05
2.442506158124751892e+03
2.560610663443459543e+03
2.803110252518283232e+03
3.053934721042197452e+03
3.311339187227866660e+03
3.877593376413570240e+03
4.448455642299502870e+03
5.016040623796688124e+03
5.708209824264238705e+03
6.517715391834819457e+03
7.522006858348720925e+03
9.668163901791638636e+03
1.222681097812629014e+04
1.547200464156781891e+04
1.970838126219908736e+04
2.321714676806083662e+04
3.047440079365079509e+04
5.257035084745763015e+04
9.632747839506172750e+04
1.463161355140186788e+05
3.136992899999999790e+05
9.509908484848485095e+05
9.804372187500000000e+05
9.510603333333333721e+05
8.962523142857142957e+05
9.507273939393939218e+05
9.511715151515151374e+05
2.607098068552774748e+03
2.850631726065688326e+03
3.103416415554599098e+03
3.357111176384197279e+03
3.858533932295844807e+03
4.457611426543648122e+03
5.039111754487550570e+03
5.715160634920634948e+03
6.546022117647058622e+03
7.544935270805812252e+03
9.421405422853453274e+03
1.217329409351927825e+04
1.539826895491803225e+04
1.917305116866708704e+04
2.319214556482183616e+04
3.434809040178571740e+04
5.399851652173913317e+04
1.027045263157894806e+05
1.730091546961326094e+05
3.524462471910112072e+05
8.962553428571429104e+05
8.715698611111111240e+05
9.510855151515151374e+05
9.228681470588234952e+05
9.508204545454545878e+05
9.510566060606060782e+05
2.937097690431789033e+03
3.187420735294117549e+03
3.443604997741983880e+03
3.781810152443815696e+03
4.465406887981537693e+03
5.057551770853493508e+03
5.768768459240290213e+03
6.572474504249291385e+03
7.635462052378406952e+03
9.094209461562402794e+03
1.184945896414342678e+04
1.513959396984924570e+04
1.891523492852703566e+04
2.588722194092826976e+04
3.577593503480278741e+04
6.027768023255813750e+04
1.131882427536231844e+05
1.851512130177514919e+05
3.561987613636363531e+05
8.472687567567568040e+05
8.958402857142856810e+05
9.504169696969697252e+05
9.809335312500000000e+05
1.012824870967741939e+06
9.813125312500000000e+05
3.264160180995475002e+03
3.524213778189681761e+03
3.800751149152004928e+03
4.367768802228411914e+03
5.041681422772086080e+03
5.779807412167951952e+03
6.604159695817490501e+03
7.650712791633145571e+03
8.857517147192716948e+03
1.095012039764359361e+04
1.499669070114370879e+04
1.926079772439949375e+04
2.604297964376590244e+04
3.742493696969696612e+04
6.300725303643725056e+04
1.182625984848484804e+05
1.968964905660377408e+05
4.018302692307692487e+05
9.502781818181817653e+05
9.507624242424241966e+05
9.226799705882353010e+05
1.012707193548387149e+06
9.813127500000000000e+05
9.811095312500000000e+05
3.574476145488899419e+03
3.850739053158830302e+03
4.172119565217391028e+03
4.952778180431050714e+03
5.687798941798941996e+03
6.576518993352327016e+03
7.555642136025504442e+03
8.629975088967970805e+03
1.043518066783831273e+04
1.446033669064748210e+04
1.979169070825211020e+04
2.610852380952380918e+04
3.644057733175915200e+04
6.608934182590233104e+04
1.073843058419244044e+05
2.161086620689655247e+05
4.238941621621621889e+05
9.809095312500000000e+05
9.807749687500000000e+05
9.809740312500000000e+05
8.720646388888888760e+05
8.720805833333333721e+05
8.047551282051282469e+05
3.914218103590931605e+03
4.202394803871625300e+03
4.809170768083519761e+03
5.596413944723618442e+03
6.528976308931532913e+03
7.461343527550751787e+03
8.635342967818831312e+03
1.021144252675181269e+04
1.335523046181172322e+04
2.002638117182356655e+04
2.572046979865771937e+04
3.400253803748622158e+04
6.386824640657084092e+04
1.035167052980132430e+05
2.287792481751824962e+05
4.128423157894737087e+05
9.510378484848485095e+05
8.480551891891892301e+05
8.258025263157894369e+05
8.043220000000000000e+05
7.844326999999999534e+05
7.655767317073170561e+05
4.265356595892794758e+03
4.555560762651461118e+03
5.476445912469033829e+03
6.430308505639097348e+03
7.425311427817366166e+03
8.644370725854829288e+03
1.021652534722222299e+04
1.245871838602329444e+04
1.879911895910780731e+04
2.477699838056680164e+04
3.267625690021231276e+04
5.560289624329159415e+04
1.002042916666666715e+05
2.339804776119402959e+05
4.184408533333333326e+05
7.844639749999999767e+05
7.650997073170731310e+05
7.653306097560975468e+05
7.128680227272727061e+05
6.972967555555555737e+05
6.821258478260869160e+05
4.613341908410873657e+03
5.260516116116115882e+03
6.307188850174215986e+03
7.397738807947020177e+03
8.642882814859558493e+03
1.006170578114246382e+04
1.194954775280898866e+04
1.554893415637860016e+04
2.360244702242845960e+04
3.190839460020768456e+04
4.961886581469648809e+04
9.561914678899082355e+04
2.103667718120805512e+05
3.645737906976744416e+05
7.466883333333333721e+05
6.819355869565217290e+05
6.971900222222221782e+05
6.819909347826086450e+05
6.261507600000000093e+05
6.131456078431372298e+05
4.961156930126002408e+03
6.222954892435808688e+03
7.330898305084745516e+03
8.500971856287425908e+03
9.874820006805035518e+03
1.152837100545596331e+04
1.394985197215777225e+04
2.234073201174743008e+04
3.024939585389931017e+04
4.548497507331378438e+04
8.261170634920634620e+04
1.779664318181818235e+05
3.445699890109890257e+05
6.816536304347825935e+05
6.138518431372549385e+05
5.582646785714285215e+05
5.575982678571428405e+05
5.113093278688524733e+05
4.572763382352940971e+05
6.009213914614862915e+03
7.194413802151666459e+03
8.305063459268005317e+03
9.614233466933867021e+03
1.112574763167866695e+04
1.311506628621597883e+04
1.714203169213355795e+04
2.754882596934174944e+04
4.116291888297872356e+04
6.871158590308370185e+04
1.423370409090909234e+05
3.064191568627451197e+05
5.575204285714285215e+05
5.202057833333333256e+05
4.576338676470587961e+05
4.191976081081081065e+05
4.137917466666666442e+05
4.194288108108108281e+05
6.967297713845363432e+03
8.083657383231795393e+03
9.345361611529642687e+03
1.079492738051130073e+04
1.251441392405063380e+04
1.510907074761665899e+04
2.488001633986928209e+04
3.894293820933165262e+04
6.082055468750000000e+04
1.238922500000000000e+05
2.709325130434782477e+05
3.490177865168539574e+05
3.973861025641025626e+05
4.025727402597402688e+05
3.975209871794871869e+05
4.025993506493506720e+05
4.077540789473684272e+05
7.855195385929934673e+03
9.065137864700223872e+03
1.042787220216606511e+04
1.200733904528763742e+04
1.408570527306967961e+04
1.843472384428223813e+04
3.720859420289855188e+04
5.474857394366196968e+04
9.894820317460317165e+04
2.036829605263157864e+05
2.787860810810810653e+05
3.728574698795180884e+05
3.731558433734939899e+05
3.819732962962962920e+05
3.821986543209876399e+05
3.727714578313253005e+05
8.761636932707355299e+03
1.008257273687918314e+04
1.160100635677393802e+04
1.338771641118124353e+04
1.618704511278195423e+04
3.593281520467836526e+04
4.937028184713375958e+04
7.869109113924051053e+04
1.687395519125683059e+05
2.554873553719008341e+05
3.593353023255813750e+05
3.509829318181818235e+05
3.549371379310344928e+05
3.504433295454545296e+05
3.507005227272727061e+05
9.737815310676278386e+03
1.117089733693554626e+04
1.283380104484109688e+04
1.498572458688032020e+04
3.521116206896551739e+04
4.592224665676076984e+04
7.139206896551724640e+04
1.458608490566037653e+05
2.336290151515151374e+05
3.276811702127659810e+05
3.240625999999999767e+05
3.349446956521738903e+05
3.076754600000000210e+05
3.040958712871287134e+05
1.077739241457003300e+04
1.235917632135306485e+04
1.420874760994263852e+04
3.400207349665924266e+04
4.391188051209104015e+04
6.416835950413223327e+04
1.150647026022304781e+05
2.180628510638297885e+05
3.106473939393939218e+05
2.869628224299065187e+05
2.810668165137614706e+05
2.811035596330275293e+05
2.784665999999999767e+05
1.190416050903119867e+04
1.362089515011547337e+04
2.865745386064030026e+04
4.266550138504154893e+04
5.959394433781190310e+04
9.577779566563467961e+04
1.821456331360946642e+05
2.397921953125000000e+05
2.588197542372881435e+05
2.613997264957264997e+05
2.680081228070175275e+05
2.677607105263157864e+05
1.312658789237668134e+04
2.077099040438656448e+04
4.133438037634408829e+04
5.501476950354610017e+04
8.523893388429752667e+04
1.618914684210526175e+05
2.112134206896551768e+05
2.498920737704918138e+05
2.518372314049586712e+05
2.559307478991596727e+05
2.628404655172413914e+05
1.677547723440135087e+04
3.958856476683937944e+04
4.951357532051282033e+04
6.880919512195122661e+04
1.034033879598662170e+05
1.720559382022471982e+05
2.204187391304347839e+05
2.428368800000000047e+05
2.468889918699187110e+05
2.671970000000000000e+05
2.298757251328777420e+04
4.712790337423313031e+04
5.902135687022900674e+04
8.537955801104972488e+04
1.239876184738955781e+05
2.031665866666666698e+05
2.427615840000000026e+05
2.508488016528925509e+05
2.573918813559322152e+05
4.603552941176470631e+04
5.557183423423423665e+04
7.319780141843971796e+04
1.022387689768976852e+05
1.477466875000000000e+05
2.177627571428571537e+05
2.547709915966386616e+05
2.640690173913043691e+05
5.420433745583039126e+04
6.683912958963282290e+04
8.931762824207493395e+04
1.188593716475095716e+05
1.726185505617977469e+05
2.324749847328244359e+05
2.657656140350876958e+05
6.434865762004175485e+04
8.106338481675392541e+04
1.063946472602739668e+05
1.392169549549549411e+05
2.099567397260273865e+05
2.532090333333333256e+05
7.693743142144638114e+04
9.606886996904024272e+04
1.227774664031620487e+05
1.558764848484848626e+05
2.299457744360902288e+05
9.134905309734513867e+04
1.121328339350180468e+05
1.390862017937219643e+05
1.790623604651162750e+05
1.041217919463087310e+05
1.290103195020746934e+05
1.566596142131979577e+05
1.199141235521235503e+05
1.416917077625570819e+05
1.363037236842105340e+05
