1.322368884334365248e+03
1.357548315238226223e+03
1.391528246338140889e+03
1.427319350209197864e+03
1.463873203436681933e+03
1.535672882583530054e+03
1.607811877078012458e+03
1.681198786874197367e+03
1.753488807070106759e+03
1.828622029540279755e+03
1.901722531375564586e+03
1.973912838918572561e+03
2.053369588148917046e+03
2.119402912581424971e+03
2.192668793215304049e+03
2.263804040657620590e+03
2.327606717764638233e+03
2.392393015507517248e+03
2.463926448086570417e+03
2.515275194353668212e+03
2.658203872932273498e+03
2.777844305996959065e+03
2.876640518627775236e+03
2.959885723890577083e+03
3.037899934156919244e+03
3.103068037568830732e+03
3.165207284317510130e+03
3.218542213743652610e+03
3.270641376474683966e+03
3.314299954612544752e+03
3.400632240759923661e+03
3.469881891843236644e+03
3.536503705898599492e+03
3.587958109521830011e+03
3.641973599427758018e+03
3.678109583383030895e+03
3.715488390914556931e+03
3.748002799038220019e+03
3.778100911048331454e+03
3.802725697944529202e+03
1.362459904185227060e+03
1.397528619735931215e+03
1.434527445265933011e+03
1.470380219919679348e+03
1.542324014136282813e+03
1.616303335618941219e+03
1.688932726005552922e+03
1.765713552206093254e+03
1.838360941835767790e+03
1.915929173937538735e+03
1.987987197059327627e+03
2.062373501124618087e+03
2.132160721368097711e+03
2.204609007306703461e+03
2.277297002867582250e+03
2.347546569114566410e+03
2.411971083214762530e+03
2.479649816723786898e+03
2.537963755087729169e+03
2.681791442679189458e+03
2.811172380245010118e+03
2.908875316142889915e+03
2.998056090534467330e+03
3.076718381893622791e+03
3.145295151144335250e+03
3.207276848526727917e+03
3.263644585594032378e+03
3.313178330333390932e+03
3.360232457637111111e+03
3.450053854838627558e+03
3.519719116795354239e+03
3.583719212149291252e+03
3.638129428331300915e+03
3.690715694628665460e+03
3.734659473410750707e+03
3.769051992074454120e+03
3.810921500235399435e+03
3.833795501032530410e+03
3.861762131005112224e+03
1.404421548202572694e+03
1.439946790298435872e+03
1.476527356909046603e+03
1.549496709031505816e+03
1.624060586140107034e+03
1.697223046008681422e+03
1.770715595193629269e+03
1.846472251493717295e+03
1.922398700313649442e+03
1.999365765630995156e+03
2.071925245547966369e+03
2.148644981255419225e+03
2.223358656819246335e+03
2.291338657825623159e+03
2.358922546484599479e+03
2.433778858176237463e+03
2.491499437381527514e+03
2.559235581812929922e+03
2.712654635230506301e+03
2.836845791616061433e+03
2.939727907739580132e+03
3.034168330463342045e+03
3.113797605508455490e+03
3.186183871192186416e+03
3.246679926565909682e+03
3.307600987582818561e+03
3.360459956387625880e+03
3.403093975086050705e+03
3.497272581917588468e+03
3.566590345761459503e+03
3.628426611481228520e+03
3.691380474076468545e+03
3.736021848219394997e+03
3.784931731126634986e+03
3.826317145167379294e+03
3.843215847094142191e+03
3.880260319073850951e+03
3.914759999410088767e+03
1.446064827409074496e+03
1.482018417095761379e+03
1.556846354177157764e+03
1.630916168604343511e+03
1.705833383610071678e+03
1.779184733699520621e+03
1.857447389072630131e+03
1.932295837127575624e+03
2.010078834727162075e+03
2.083380810837801164e+03
2.157745138027868052e+03
2.234661812397513131e+03
2.306577884854709282e+03
2.375431496177579902e+03
2.448475513884583506e+03
2.510719463672260645e+03
2.580686464786650049e+03
2.732210935209280251e+03
2.861346968198060495e+03
2.976591084597449026e+03
3.067819284934537336e+03
3.150652230457720179e+03
3.223846450431092762e+03
3.287941907121901295e+03
3.344573788610536667e+03
3.400329091781098214e+03
3.451389253587752137e+03
3.541330735444350921e+03
3.614212849367862418e+03
3.679637934998012042e+03
3.742881516294846733e+03
3.789462377677327368e+03
3.835198757588827903e+03
3.872915685147339445e+03
3.908586122585764770e+03
3.937022474747327578e+03
3.974586874813620852e+03
1.489297977734508549e+03
1.562256785032485595e+03
1.637905021626350845e+03
1.710530547959387604e+03
1.786321639720039911e+03
1.863307947804828473e+03
1.942514228331911227e+03
2.019135337471728690e+03
2.097076267052953881e+03
2.173492113812169464e+03
2.245530805976345164e+03
2.316272231255449697e+03
2.393693161047372996e+03
2.457663419335059643e+03
2.528616570433355719e+03
2.594262539258479137e+03
2.747501902810508000e+03
2.889799880031710472e+03
3.005872764242475114e+03
3.103919361847244090e+03
3.188190691478174358e+03
3.262925217727254221e+03
3.330993913387408156e+03
3.390102404993925575e+03
3.444158056900566862e+03
3.494574096572935105e+03
3.587365399122702911e+03
3.666263246952652025e+03
3.727863404521911889e+03
3.785638047616105268e+03
3.841287625321388077e+03
3.887438476755382453e+03
3.921401111276019492e+03
3.962135087989805470e+03
3.997589607364654967e+03
4.017851239729679946e+03
1.574771142914271422e+03
1.649983242508582180e+03
1.726355680634323789e+03
1.801851146773284881e+03
1.882134485837500733e+03
1.960746222368011559e+03
2.040464495598127542e+03
2.117234302926462988e+03
2.192016805628285056e+03
2.265980855830222936e+03
2.345524166165269889e+03
2.413714609465247122e+03
2.488102022772898181e+03
2.557979709836011807e+03
2.626092792280544472e+03
2.793607420858177647e+03
2.937707478921851816e+03
3.064840965236871398e+03
3.169849760403527853e+03
3.259603965695152056e+03
3.338713852142259839e+03
3.409277338158683506e+03
3.471067469787113623e+03
3.528027321201489030e+03
3.582335283506321048e+03
3.674930698059903534e+03
3.754668491924883710e+03
3.825094919214564925e+03
3.889419078791388984e+03
3.943510774210659747e+03
3.977615327648927178e+03
4.021236573506710101e+03
4.044869604516747586e+03
4.078588043514978835e+03
4.123869480302915690e+03
1.663814969143743383e+03
1.739163833835088781e+03
1.816882933491854601e+03
1.896406796009469417e+03
1.977035266772884142e+03
2.055777381036912175e+03
2.132792608726263097e+03
2.209871819953794784e+03
2.290958303538671771e+03
2.363531552914719668e+03
2.439610090173235676e+03
2.512535222317121679e+03
2.584879496421851400e+03
2.662018496815846902e+03
2.827566925799584169e+03
2.984464890791243761e+03
3.118094686638582061e+03
3.231413700862465703e+03
3.327570770044474557e+03
3.410017494536653885e+03
3.482405361822810846e+03
3.550106713371351361e+03
3.613606388951365716e+03
3.667996295283141535e+03
3.773061017901924970e+03
3.854613001279372384e+03
3.917457350995317938e+03
3.990510540090716859e+03
4.021834921726785979e+03
4.061606283011485630e+03
4.108078470864450537e+03
4.147319293678314352e+03
4.181412005646864600e+03
4.233574955092187338e+03
1.750752372466238739e+03
1.828122710304754946e+03
1.908841018712159666e+03
1.989727246316283981e+03
2.068780809752599907e+03
2.147909207217464882e+03
2.229744350656228562e+03
2.305705204587908156e+03
2.384453736155026036e+03
2.460955841306428283e+03
2.535976287393771599e+03
2.615487939856768662e+03
2.685498853074775980e+03
2.860282525400675240e+03
3.021850356384443330e+03
3.168266971819127320e+03
3.289195822825270625e+03
3.392902012814955924e+03
3.478778207818482770e+03
3.560499751954163457e+03
3.631525788244048272e+03
3.700942698147920964e+03
3.762764276173928010e+03
3.863377602972955629e+03
3.933303907289673589e+03
4.014752285920145823e+03
4.077755829032898873e+03
4.114686732523377941e+03
4.171825305032656615e+03
4.207035614313839687e+03
4.255121768455755046e+03
4.324139069137174374e+03
4.331413070823475209e+03
1.839815731683309423e+03
1.920728062960215539e+03
2.001579503968562676e+03
2.082397389950293018e+03
2.164836442927872213e+03
2.243388830812693868e+03
2.323401488556397908e+03
2.401932427708311934e+03
2.479865189573988573e+03
2.561272772418192744e+03
2.634968472972133441e+03
2.712588963647441687e+03
2.890470273875433577e+03
3.061421672993057655e+03
3.212928906711659693e+03
3.346802036288272575e+03
3.455790091802113238e+03
3.559645360900600735e+03
3.647966758884351748e+03
3.718269968706158124e+03
3.790920411369095291e+03
3.844228248653790160e+03
3.945648300305505472e+03
4.039534981697940111e+03
4.103165273352264194e+03
4.164956704523317967e+03
4.207608699148928281e+03
4.261448100086309751e+03
4.342246496500160902e+03
4.379411216867780240e+03
4.463751590239618963e+03
4.500126512711418400e+03
1.931213827717595450e+03
2.013669224820071804e+03
2.095334651253237553e+03
2.176309205058527823e+03
2.257206964580330350e+03
2.337868899712492293e+03
2.417742282695554877e+03
2.500166220565552067e+03
2.577098126107741791e+03
2.658372254256250471e+03
2.732320084789049815e+03
2.917940417013447131e+03
3.094157589745295354e+03
3.253472937072178865e+03
3.396725467457174545e+03
3.527099113027202748e+03
3.629395359046136491e+03
3.717635316859553768e+03
3.796775848538440187e+03
3.868942825245264885e+03
3.920134148813517641e+03
4.030556197069159680e+03
4.115922225745621290e+03
4.181873842513230557e+03
4.249092250458970739e+03
4.331281875315688922e+03
4.410412469127963050e+03
4.472979530127253383e+03
4.518293458040894620e+03
4.511460321585190286e+03
4.572732086172220079e+03
2.022525540260721073e+03
2.104697245058154749e+03
2.187215524833835843e+03
2.268937593722119345e+03
2.350557794199596628e+03
2.434301854445347999e+03
2.513705340791956132e+03
2.596402816161704322e+03
2.673027247297545273e+03
2.751726110939227055e+03
2.943503378893617992e+03
3.124112921999722857e+03
3.293506502185962745e+03
3.450418438088215680e+03
3.585379796985706889e+03
3.693661378865704137e+03
3.788596422022929346e+03
3.867559416753801543e+03
3.938087875686432653e+03
4.001138412337274076e+03
4.101246101981469110e+03
4.188956242213543192e+03
4.297692454926714163e+03
4.386783929168767827e+03
4.463344179339854236e+03
4.514706404710741481e+03
4.542582510760099467e+03
4.573510531661328969e+03
4.602899247248631582e+03
4.654513817388148709e+03
2.114065317624794716e+03
2.196843833721880401e+03
2.279624535753883720e+03
2.364042459060375222e+03
2.445582063616291634e+03
2.529485806569782198e+03
2.608976012442163665e+03
2.689234911051834388e+03
2.770069406519640324e+03
2.964937392045284014e+03
3.151855171549624629e+03
3.330095146392980041e+03
3.493865444419772757e+03
3.634838577705132593e+03
3.756430172517219944e+03
3.848794848240252122e+03
3.938970706936360784e+03
3.995140063843744429e+03
4.053878214011827367e+03
4.200488342135335188e+03
4.309127485741055352e+03
4.401414714172668937e+03
4.484962459988895716e+03
4.552734956650498134e+03
4.589866897060279371e+03
4.628872173533880414e+03
4.672746528893537288e+03
4.729625348924919308e+03
4.759867122890485916e+03
2.205797662570187185e+03
2.290843496676676295e+03
2.373921781447016656e+03
2.458873476917735388e+03
2.540438082987809139e+03
2.622680332795812774e+03
2.705284038627212340e+03
2.785672872271808501e+03
2.985527875094766387e+03
3.179850625379080157e+03
3.365154789758955758e+03
3.534195256594703096e+03
3.681527336478148300e+03
3.806662739245001376e+03
3.900034418097035996e+03
3.986744115227581460e+03
4.073133308374733133e+03
4.149558947192625055e+03
4.301756575799824532e+03
4.404652135623158756e+03
4.496876387002372212e+03
4.562620947981185054e+03
4.625341221316923111e+03
4.671347821784105690e+03
4.730053608349459864e+03
4.795974009523059976e+03
4.851958775112786498e+03
4.902742122311768981e+03
2.299115647287017509e+03
2.384846428419687527e+03
2.468267129599849341e+03
2.552091635449990918e+03
2.636018181961410846e+03
2.718627834180412719e+03
2.802605623409947384e+03
3.007381729068544701e+03
3.206137898888839572e+03
3.395266485331554577e+03
3.564310819364538020e+03
3.708530356640112132e+03
3.844591190498052129e+03
3.965617071665939875e+03
4.078286709298674396e+03
4.164780010564155418e+03
4.237842130486619681e+03
4.369310552974990060e+03
4.482351195227111930e+03
4.569295824255635125e+03
4.640812714253202103e+03
4.710186849998970501e+03
4.794266957552378699e+03
4.844265885082290879e+03
4.889266656022943607e+03
4.948914109021443437e+03
4.991247508136706529e+03
2.393199783306316021e+03
2.477999831625582374e+03
2.563043713398921227e+03
2.647091805377988294e+03
2.731847636940031407e+03
2.816472365085648107e+03
3.027018261738620822e+03
3.227940631110496270e+03
3.408896187771901168e+03
3.584367365613487436e+03
3.749567282634921412e+03
3.901859519089489368e+03
4.037735436352478246e+03
4.149846863223566288e+03
4.241797588395373168e+03
4.320175157054908595e+03
4.448261551555964616e+03
4.551251065187371751e+03
4.638832187382275151e+03
4.738395201743631333e+03
4.817421861940047165e+03
4.894643677266285522e+03
4.944263237713193121e+03
4.982758382625268496e+03
5.042804588548830907e+03
5.091343267142415243e+03
2.487942287566239429e+03
2.573456959033204384e+03
2.658997653421582072e+03
2.747260630084434979e+03
2.832513250221948510e+03
3.040061665306320720e+03
3.235800137362252826e+03
3.433271222781007964e+03
3.621403461423683439e+03
3.796522786841687775e+03
3.955261468587990294e+03
4.098259780935713025e+03
4.210246549628796856e+03
4.307312269025776004e+03
4.386068004643340828e+03
4.511942313248684513e+03
4.640134934539239111e+03
4.752899709888590223e+03
4.842496099913910257e+03
4.915140480920684240e+03
4.975596725654770125e+03
5.029550103548041989e+03
5.061937805852816382e+03
5.144886880842132996e+03
5.165028559441178913e+03
2.583343062667324375e+03
2.673352068523726757e+03
2.758240835530579716e+03
2.841804510485180344e+03
3.048527085971244105e+03
3.254172786472522603e+03
3.456173815707007179e+03
3.647753771995538500e+03
3.833008836850110129e+03
3.999426847109231403e+03
4.141406743632201142e+03
4.260407791417884255e+03
4.351366467813756572e+03
4.444264220820089577e+03
4.603631736829638612e+03
4.724825151900549827e+03
4.836767908926220116e+03
4.920053062050384142e+03
4.998705095787605387e+03
5.063530542662831976e+03
5.125577405069303495e+03
5.166527410256855546e+03
5.225620299712662927e+03
5.272863234579698656e+03
2.679488836298304705e+03
2.764453758956522961e+03
2.850078636422952968e+03
3.062443945254907248e+03
3.273798154579937545e+03
3.479329836934178275e+03
3.677334014414587273e+03
3.863136047794283058e+03
4.029703365588394718e+03
4.177036998387929998e+03
4.307840223637277631e+03
4.416758179791658222e+03
4.524368615578624485e+03
4.678830380393693304e+03
4.816080363801837848e+03
4.917496119492270736e+03
5.008062164338631192e+03
5.087180576764275429e+03
5.147923874001088734e+03
5.193885411982263577e+03
5.271206857028863851e+03
5.326981664696044390e+03
5.352650548757344950e+03
2.769775418036322208e+03
2.859051296227641160e+03
3.076746095357182185e+03
3.291363879373104282e+03
3.498744280754361625e+03
3.698708374964292943e+03
3.884057464679694476e+03
4.059845039984620598e+03
4.222710067738687030e+03
4.366883183993001694e+03
4.494607778102467819e+03
4.592547665060110376e+03
4.759799634730714388e+03
4.892449254479070078e+03
5.000812818496211548e+03
5.096583070844802023e+03
5.160395497422563494e+03
5.241296361249661459e+03
5.289611688431662515e+03
5.358129486411844482e+03
5.414683486572794209e+03
5.451868785717973878e+03
2.868940351645164355e+03
3.089653661788444424e+03
3.303406251801386134e+03
3.511637717084027372e+03
3.714268284182091520e+03
3.909038032818470128e+03
4.097380729229759709e+03
4.270685861055038004e+03
4.420337812383564597e+03
4.549639782889566959e+03
4.654413723448353267e+03
4.826448454894451061e+03
4.964430328287554403e+03
5.079070471101033945e+03
5.169582235116719858e+03
5.253535293452971018e+03
5.326095977559719358e+03
5.381357855434064732e+03
5.464071505288977278e+03
5.502228814722344396e+03
5.552073401411655141e+03
3.106775839712679954e+03
3.328537018052395524e+03
3.549503252778189108e+03
3.763180667652809916e+03
3.967312501850670287e+03
4.161654784786656819e+03
4.348494979743433760e+03
4.517451717481098058e+03
4.664961604234818878e+03
4.798692396200887742e+03
4.990835216041969943e+03
5.148372539458246138e+03
5.273109021591941200e+03
5.383695812785743328e+03
5.462260555332044532e+03
5.545691989827641919e+03
5.626765104301541214e+03
5.687076103351801066e+03
5.749647491117348181e+03
5.797009800448190617e+03
3.357406907271127693e+03
3.575731651084930036e+03
3.794261742754172701e+03
4.000109027804289781e+03
4.209858812787084389e+03
4.406830111410540667e+03
4.585187271662349303e+03
4.760653438383234061e+03
4.910745624570654400e+03
5.152811134252311604e+03
5.319623092253219511e+03
5.459975883883485039e+03
5.580546785782626102e+03
5.677454691641237332e+03
5.759855416206157315e+03
5.843346634329838707e+03
5.902257079117004650e+03
5.970980764569343592e+03
6.029720325042323566e+03
3.596327705786858587e+03
3.816311530036674867e+03
4.036674906389939224e+03
4.248687789342670840e+03
4.450217632282952763e+03
4.648794213564993697e+03
4.830977312812267883e+03
5.001148306336370297e+03
5.288735334355787927e+03
5.492651609599768562e+03
5.652771523166023144e+03
5.775787155556008656e+03
5.889578528353694310e+03
5.988359890181958690e+03
6.064664408073811501e+03
6.141380788650479190e+03
6.211492278725747383e+03
6.270440055178092734e+03
3.838966231765019984e+03
4.061285381821560350e+03
4.277963491979039645e+03
4.491010076549128826e+03
4.697095041310876695e+03
4.894314217533644296e+03
5.080425715871505417e+03
5.405734230517570722e+03
5.649628760675315789e+03
5.828898247024891134e+03
5.970289201425846841e+03
6.088807899786645066e+03
6.192000408773963500e+03
6.281698464046306981e+03
6.362755257083343167e+03
6.432154253408439217e+03
6.505292637630368517e+03
4.081814884671336131e+03
4.306164154488423264e+03
4.521822640410060558e+03
4.736236132215994076e+03
4.942639166561796628e+03
5.141750192931430320e+03
5.498728273066992188e+03
5.793039913728603096e+03
5.999011241574128690e+03
6.157567894061307925e+03
6.286721480838788921e+03
6.398641141038760907e+03
6.492408259691062995e+03
6.581697296159230973e+03
6.658594284205680196e+03
6.730106857436529936e+03
4.326911859016682683e+03
4.550486648251780025e+03
4.768385504244204640e+03
4.982658310805857582e+03
5.191349269829612240e+03
5.573420352630384514e+03
5.911832953772287510e+03
6.150118412078589245e+03
6.335692973447475197e+03
6.476300590569485394e+03
6.596903705535328299e+03
6.700928731801716822e+03
6.796082311280872091e+03
6.878684471989006852e+03
6.952631950782829335e+03
4.571166947947477638e+03
4.795006965779528400e+03
5.018672423852883185e+03
5.227264242131609535e+03
5.638321310229967821e+03
5.999247889382880203e+03
6.289566193183658470e+03
6.496770725243892230e+03
6.659548210332965027e+03
6.791918221484382229e+03
6.912281217058925904e+03
6.999982083998345843e+03
7.092541718529725586e+03
7.168582466509089500e+03
4.822049752593785342e+03
5.040134860383835985e+03
5.264286165280112073e+03
5.686935524653817993e+03
6.069838927826766849e+03
6.402839097704102642e+03
6.649975519992027330e+03
6.833739361823741092e+03
6.981682501375308675e+03
7.096569809985925531e+03
7.213871952653673361e+03
7.307979948873313333e+03
7.390301398354167759e+03
5.066599920977660986e+03
5.288320205271170380e+03
5.721964748828436313e+03
6.128690695235532985e+03
6.490634329856145996e+03
6.789860578021716719e+03
7.003578441021573781e+03
7.171559873888832044e+03
7.298590685220303385e+03
7.414958088578507159e+03
7.516577016662713504e+03
7.609749034951824797e+03
5.312873649600194767e+03
5.751907535056381676e+03
6.178397966999292294e+03
6.563875040618389903e+03
6.903739679530477588e+03
7.157725402583257164e+03
7.332817655133173503e+03
7.488813559337163497e+03
7.613963429899361472e+03
7.720049239673577176e+03
7.815460032971780493e+03
5.804849440855368812e+03
6.248438232571857952e+03
6.678073849199513461e+03
7.067111449059664665e+03
7.401524827451420606e+03
7.658667645008124055e+03
7.844643382441377071e+03
7.991799564888842724e+03
8.121317059633803183e+03
8.232944743472240589e+03
6.303708679132845646e+03
6.746340329136167384e+03
7.176920940250246531e+03
7.564549390744463381e+03
7.904880265644108476e+03
8.158416198966620868e+03
8.348215066981034397e+03
8.502667526208842901e+03
8.629110097568589481e+03
6.801376642474915570e+03
7.244388236791418421e+03
7.671087707613923158e+03
8.060743665395217249e+03
8.401505522131465113e+03
8.664289239660509338e+03
8.855856391097706364e+03
8.998817258716342621e+03
7.294498641001681790e+03
7.739754495460370890e+03
8.167209483396772157e+03
8.560302981525152063e+03
8.895643817967107680e+03
9.165517312180829322e+03
9.354686308633888984e+03
7.789943764707664741e+03
8.238417120650034121e+03
8.658357324473465269e+03
9.062799862327774463e+03
9.402278051504777977e+03
9.670880270517680401e+03
8.282573482614881868e+03
8.738940847079913510e+03
9.160647058570237277e+03
9.560896073846948639e+03
9.895146716828050558e+03
8.783034281893493244e+03
9.235204878887518134e+03
9.657111703765436687e+03
1.005173110593499769e+04
9.279465158970788252e+03
9.727128542357764672e+03
1.015375523994363903e+04
9.775618113096923480e+03
1.022997415310121505e+04
1.027697427572389824e+04
