1.322082719412560891e+03
1.357152333428710790e+03
1.392490402515454662e+03
1.427462020754194555e+03
1.463632285139492751e+03
1.536152216306077435e+03
1.607709327163423495e+03
1.681766836923701931e+03
1.753360299309034872e+03
1.828968519707093265e+03
1.903871565192992648e+03
1.978311978581701624e+03
2.051240372331307753e+03
2.121217310096360052e+03
2.191438332839592931e+03
2.262281549679748423e+03
2.327619511458889065e+03
2.394481159704489983e+03
2.460971460251566896e+03
2.519347725439368787e+03
2.657690884836876648e+03
2.777347116938943145e+03
2.876858504493157398e+03
2.961514580686797672e+03
3.037029776708640838e+03
3.105160305489674101e+03
3.165548245029965983e+03
3.220167037102121412e+03
3.272160403832218435e+03
3.317588474453782055e+03
1.363090129139457758e+03
1.398409356721939503e+03
1.434168920821808570e+03
1.470383946030591915e+03
1.542877039865269353e+03
1.616900348986475592e+03
1.689955110557661101e+03
1.763743514333967823e+03
1.839334304973208873e+03
1.914785985573488460e+03
1.988725922462913786e+03
2.060547681900596217e+03
2.133559757414092019e+03
2.204937615932920380e+03
2.275300740421369937e+03
2.347159100086100352e+03
2.415961278004966061e+03
2.479358016763462729e+03
2.539026898761648226e+03
2.682817879786608501e+03
2.807707721727001626e+03
2.912510233550721750e+03
2.998407085542560253e+03
3.075996059374205743e+03
3.144971529451408514e+03
3.208098240981445542e+03
3.263295436613136644e+03
3.315059280645959916e+03
3.361378971327153977e+03
1.404083283658098708e+03
1.440381409924970967e+03
1.476459520515610848e+03
1.549350513093950212e+03
1.624637095421939875e+03
1.697513742792488983e+03
1.771707736340494193e+03
1.847903060808919463e+03
1.924578742693109689e+03
1.999147656440995888e+03
2.074095423302596828e+03
2.147116415418602173e+03
2.221160656175937675e+03
2.290618038735299251e+03
2.361362091909707488e+03
2.431747924125472764e+03
2.494970951940813393e+03
2.559282681818075162e+03
2.708981144193334330e+03
2.835309537139770782e+03
2.941820455057793424e+03
3.034133557231996292e+03
3.113475782717087895e+03
3.185415993132542098e+03
3.247735807911906704e+03
3.307114694354047060e+03
3.359472232641428036e+03
3.405055959414971767e+03
1.445804405722407637e+03
1.481762678531549000e+03
1.556600590064544122e+03
1.631338561136291219e+03
1.704565123731159474e+03
1.779920833280093120e+03
1.856493174908689525e+03
1.933296140021554265e+03
2.008109823089968813e+03
2.084563743858152520e+03
2.159005571816867359e+03
2.232834901668522434e+03
2.306259867513234894e+03
2.378731399113986754e+03
2.447513060716963537e+03
2.512301685974750853e+03
2.578441947688145319e+03
2.731854989218334595e+03
2.864220601344523402e+03
2.975832637066516781e+03
3.068712882542704392e+03
3.151714988618206917e+03
3.224601007817399022e+03
3.288471143083070274e+03
3.348796457982378342e+03
3.402656656791417390e+03
3.452683173959358101e+03
1.488768259775102479e+03
1.562514330616433426e+03
1.637866971385523584e+03
1.710811607306085534e+03
1.787374556657776566e+03
1.865237179334226312e+03
1.941681876972639429e+03
2.020395496465198903e+03
2.096137470316121835e+03
2.171529138207005872e+03
2.244670512427748690e+03
2.318300322509890066e+03
2.392018522346296777e+03
2.461046123233978051e+03
2.528642676495014712e+03
2.597222307419338904e+03
2.749710677082456186e+03
2.889768096464084010e+03
3.004662552858359504e+03
3.103817223651682070e+03
3.187871899416403721e+03
3.262699292202216839e+03
3.330031167432416169e+03
3.390341755566474603e+03
3.445912460362662841e+03
3.494135645355652741e+03
1.574200055680986679e+03
1.650080329195915056e+03
1.726104944922940604e+03
1.803499103865823599e+03
1.881587487344740566e+03
1.961070316898066721e+03
2.039017396695977595e+03
2.115367641266406281e+03
2.191348055403432227e+03
2.267923524057835948e+03
2.344554765716712154e+03
2.416546901045844152e+03
2.488567414763826491e+03
2.561074513925377232e+03
2.628190040880278048e+03
2.791567747362590580e+03
2.941076892108028915e+03
3.064388380173004862e+03
3.169436439779879947e+03
3.259281543432960007e+03
3.339363245360430938e+03
3.408917986863499209e+03
3.472795502834539093e+03
3.529018805317077295e+03
3.584757541444528670e+03
1.663242142480826942e+03
1.739880961911762370e+03
1.816995660777355397e+03
1.896590505665163619e+03
1.975920320614683078e+03
2.054167851100008193e+03
2.132304284457486119e+03
2.210977409732030537e+03
2.289748501273023066e+03
2.365003938537014619e+03
2.439584335966972958e+03
2.515333753579948734e+03
2.586722873062729377e+03
2.660852270335984485e+03
2.829105734378168563e+03
2.984554210847946251e+03
3.119650819887675880e+03
3.232762472734114453e+03
3.328021524495052745e+03
3.410820572340703620e+03
3.485992816423316071e+03
3.553040499742368866e+03
3.612111970292939532e+03
3.666048550979202901e+03
1.751181327188387286e+03
1.828519043173897217e+03
1.908351311494312540e+03
1.988664316895539059e+03
2.068617533005299265e+03
2.148445953145869680e+03
2.228942600425648834e+03
2.306869383406787165e+03
2.384416784225421452e+03
2.463155313576083245e+03
2.537775669209924217e+03
2.614723887309891325e+03
2.685473342354519446e+03
2.860811869374484559e+03
3.023959963191562565e+03
3.168171362311897155e+03
3.290819933609260261e+03
3.392129267992871974e+03
3.480959162979803750e+03
3.561421091921383777e+03
3.634828860205053388e+03
3.703531024026074192e+03
3.763368667018160977e+03
1.839792324536999786e+03
1.920122249618445267e+03
2.001636226950989794e+03
2.082572176832345576e+03
2.164272575126723041e+03
2.244074414031914785e+03
2.323506704076055485e+03
2.403761124211366223e+03
2.481593818645564625e+03
2.560437972452240501e+03
2.634913420878405304e+03
2.710873589966995041e+03
2.891563389415556230e+03
3.060774610099139409e+03
3.212712095615675025e+03
3.345667974067022442e+03
3.456892756011869096e+03
3.557889924275524208e+03
3.645802773764331505e+03
3.719610273466498256e+03
3.788475155940854620e+03
3.846964793297014239e+03
1.931081981940686774e+03
2.013072659021591789e+03
2.095087707655588019e+03
2.176609080474866005e+03
2.257117211473459065e+03
2.339133097489789634e+03
2.419036137170570328e+03
2.499564023353041193e+03
2.577178042077972805e+03
2.656335798636082927e+03
2.732444011645345654e+03
2.917137119878294925e+03
3.094765098045162631e+03
3.254043808494014229e+03
3.396770585838396073e+03
3.525778293267811023e+03
3.628988673028445646e+03
3.718604854878172318e+03
3.796809930294137757e+03
3.866811672321076912e+03
3.925411298150150287e+03
2.022570177866352196e+03
2.105025859346011657e+03
2.187135313499462427e+03
2.269839690610505386e+03
2.351457944002652766e+03
2.433686620281918749e+03
2.513584781519080025e+03
2.594740485080262260e+03
2.673259192213113238e+03
2.753346525194399419e+03
2.943103258497324532e+03
3.123399346316217816e+03
3.292686187643316771e+03
3.450006965061879782e+03
3.584638316920847046e+03
3.695224735544853957e+03
3.789404964261239911e+03
3.866547882413652587e+03
3.939032740109411861e+03
4.001176440015399749e+03
2.113800126431464378e+03
2.197223837495968837e+03
2.280055396219341219e+03
2.363540796834258799e+03
2.445467706296346933e+03
2.528022613781535711e+03
2.609121287226887489e+03
2.690858947893251298e+03
2.770463255589804703e+03
2.965868321452514010e+03
3.151906762191583766e+03
3.331913321259589793e+03
3.494680043808049959e+03
3.637649124686830874e+03
3.755175633071516131e+03
3.851482283472263589e+03
3.938601312158885776e+03
4.000185091242374710e+03
4.060586310235480141e+03
2.205819535635988359e+03
2.290296538524261450e+03
2.373971212674493017e+03
2.457812476049440193e+03
2.540502149036904939e+03
2.623864384692430576e+03
2.705693532500086803e+03
2.786710574622372405e+03
2.985421538706155843e+03
3.179782097431216698e+03
3.364144082675677964e+03
3.534036259878036617e+03
3.681878743669807136e+03
3.808095220645677728e+03
3.897424798907165496e+03
3.988046341749234671e+03
4.069571124940589016e+03
4.151568042503611650e+03
2.299522858621964588e+03
2.384166788664915202e+03
2.468250487333488763e+03
2.552841541493983186e+03
2.636444728931232021e+03
2.719448029123623201e+03
2.802621299543619443e+03
3.007599474540912524e+03
3.206663276088252132e+03
3.394540798075744533e+03
3.565858518744744288e+03
3.707881623887273236e+03
3.847601987509673108e+03
3.963806749521928850e+03
4.069895600115830348e+03
4.156511153191131598e+03
4.241300682137340118e+03
2.393172612115391075e+03
2.478076099695938410e+03
2.563559728856944275e+03
2.647657396169706317e+03
2.732382744637625819e+03
2.816336811465802839e+03
3.026772701188024257e+03
3.227625705333674887e+03
3.412608887532247991e+03
3.584321349046590058e+03
3.752600831294364070e+03
3.902517581112996595e+03
4.031028239641728760e+03
4.142328343852866965e+03
4.237491648910281583e+03
4.319607351781508441e+03
2.488491663828318451e+03
2.573926820171464442e+03
2.659886108284408238e+03
2.746439052272305616e+03
2.832800675133405548e+03
3.041217377929422128e+03
3.237622263926762116e+03
3.431962761284013595e+03
3.621638943813226888e+03
3.795808902551221763e+03
3.956557377329051633e+03
4.099030538108063411e+03
4.211020063756310265e+03
4.306318948653147345e+03
4.382730023056933533e+03
2.584423222107433958e+03
2.672041498177060021e+03
2.758677960906139106e+03
2.843122401090510721e+03
3.048722973086282309e+03
3.255527290509260638e+03
3.457706572193038028e+03
3.649631965770733586e+03
3.831017846589438705e+03
3.999939992235189038e+03
4.143329025382223335e+03
4.262445765641485195e+03
4.351244326935927347e+03
4.440461738329639957e+03
2.679988415781112053e+03
2.764729089121816742e+03
2.849761304841843867e+03
3.061575743150155631e+03
3.274333804056705503e+03
3.479532633479828746e+03
3.678446614545098782e+03
3.862742756936267142e+03
4.032463932751410994e+03
4.176074074231856684e+03
4.307716525208010353e+03
4.418903196732282595e+03
4.519547849861371105e+03
2.771023345216957296e+03
2.858618977754298157e+03
3.078115184704909552e+03
3.291527885673280707e+03
3.498273543383862489e+03
3.698410697282374258e+03
3.884659510740670157e+03
4.057213256267544239e+03
4.221518924396829789e+03
4.366790109215240591e+03
4.489741691569590330e+03
4.592921866479773598e+03
2.870305832474266481e+03
3.089675538130999030e+03
3.303251877057575257e+03
3.511758219545670727e+03
3.712893833285101209e+03
3.906422866427521967e+03
4.094716203318393127e+03
4.268654085811182995e+03
4.418579859319752359e+03
4.550897062650658881e+03
4.656298172878244259e+03
3.107060489810065519e+03
3.328957062713884625e+03
3.548175005106150365e+03
3.761684051226262454e+03
3.967049577734990180e+03
4.163450932851998914e+03
4.347531588465650202e+03
4.516098338866265294e+03
4.667304728474762669e+03
4.797466205647156130e+03
3.357342633878878132e+03
3.576978306772451560e+03
3.794277350195082818e+03
4.003511829243802367e+03
4.209169829903574282e+03
4.405855624827225256e+03
4.589529871778757297e+03
4.759774069700948530e+03
4.912652070118492702e+03
3.595706175340490063e+03
3.817967477376634179e+03
4.036507731596743724e+03
4.247423863385646655e+03
4.452537400990879178e+03
4.647849663679588048e+03
4.833587751924123040e+03
5.003735021667761430e+03
3.839186544554108877e+03
4.060913862184741447e+03
4.278733449063645821e+03
4.490681932304958536e+03
4.697734792383505010e+03
4.894240069128535652e+03
5.079874876424723880e+03
4.083209864738536908e+03
4.305902056344942139e+03
4.524003168896929310e+03
4.737526121688209059e+03
4.943131895620821524e+03
5.141457651921299657e+03
4.327840562452408449e+03
4.551166896590759279e+03
4.769333166372159212e+03
4.982980705926887822e+03
5.190545116977911675e+03
4.572812809634782752e+03
4.795519181823849976e+03
5.016877721357077462e+03
5.229340120234163805e+03
4.819928122325392906e+03
5.041950554688259217e+03
5.263557125980715682e+03
5.065563927186688488e+03
5.288457316373050162e+03
5.311585541979158734e+03
