1.532609929093392793e+03
1.573390184800351562e+03
1.614305855293410787e+03
1.655303012813805026e+03
1.696429890978806952e+03
1.778752282895549115e+03
1.861515417941145870e+03
1.943307679084121901e+03
2.025310406782626842e+03
2.107966244389961957e+03
2.190383235738996063e+03
2.271798627848430442e+03
2.354464626212665280e+03
2.435676974405901547e+03
2.516443808847249329e+03
2.599276208661233341e+03
2.680820633327452924e+03
2.762940119808422878e+03
2.844014494433684376e+03
2.922457007741727466e+03
3.125257679999308493e+03
3.323904596532085634e+03
3.524456070528064629e+03
3.723452300534378992e+03
3.921858029689043633e+03
4.119349639546301660e+03
4.316906055820243637e+03
4.514156789474815923e+03
4.709695222845244643e+03
4.906715074806497796e+03
5.296945846278180397e+03
5.685488869271398471e+03
6.072915248389319459e+03
6.457309720814951106e+03
6.841668376449207244e+03
7.223222615141423375e+03
7.604277001901116819e+03
7.983184783423770568e+03
8.361933641512006943e+03
8.740418211959189648e+03
1.583239234921651359e+03
1.623727213639999718e+03
1.664902495439121822e+03
1.705937775033076150e+03
1.788652493247702068e+03
1.871194555994982466e+03
1.952743807616110644e+03
2.034792242326966061e+03
2.117829074030179981e+03
2.200726192928726050e+03
2.282214550632594182e+03
2.364515059820737861e+03
2.446604054352440016e+03
2.528013920899377808e+03
2.609355372227161297e+03
2.690932850055151903e+03
2.772104138691471235e+03
2.853715018588810835e+03
2.934082871289357627e+03
3.133960244458727175e+03
3.335897356015896548e+03
3.535294292126167420e+03
3.733437422782312751e+03
3.931524277360457290e+03
4.129645662326175625e+03
4.327177435079906900e+03
4.524043278241891130e+03
4.721009188290313432e+03
4.916043328169126653e+03
5.306963670868452937e+03
5.696059929201786872e+03
6.083121146354781558e+03
6.468847767780450340e+03
6.851946938407321795e+03
7.234162001878933552e+03
7.615143390379714219e+03
7.994406651305107516e+03
8.373509379855337102e+03
8.751677637543663877e+03
1.632816506344646996e+03
1.674356113439977435e+03
1.715331451351922169e+03
1.798070949822252487e+03
1.880688400697079715e+03
1.962594923382399656e+03
2.044187881526592037e+03
2.126396428453233966e+03
2.209401432971897520e+03
2.291895311491765369e+03
2.373685251685177263e+03
2.454986948960759491e+03
2.538103755886848830e+03
2.619782497181293820e+03
2.701503046862269002e+03
2.782661023526866302e+03
2.862052008706490597e+03
2.943802460189739577e+03
3.144781966475056379e+03
3.345300579194937654e+03
3.544125175492753897e+03
3.743698370246599097e+03
3.941874675492868391e+03
4.140039171753479422e+03
4.337635206641409241e+03
4.534115352395717309e+03
4.730697034660468489e+03
4.926354713189773065e+03
5.317612313284816082e+03
5.707317945189194688e+03
6.094257522413087827e+03
6.479742224749820707e+03
6.862392928106282852e+03
7.245404426102936668e+03
7.626084928117789786e+03
8.005353019540107198e+03
8.385038675551448250e+03
8.763167669622116591e+03
1.683648848235288597e+03
1.724792309971369377e+03
1.807477122958688824e+03
1.889794925394175607e+03
1.971395257753672695e+03
2.053278813968352097e+03
2.135997642502952658e+03
2.218350764732960670e+03
2.301728711246350485e+03
2.384428483983074784e+03
2.465999120215661151e+03
2.548068876721442848e+03
2.629650926471148068e+03
2.710942253564530802e+03
2.792442407295705834e+03
2.873337956316901000e+03
2.953653129773749242e+03
3.155469002517357239e+03
3.354781609413805199e+03
3.554708035923314583e+03
3.754381011023515839e+03
3.951836604853607241e+03
4.150358944515083749e+03
4.347651219272011986e+03
4.544454963238487835e+03
4.741391063150376795e+03
4.936469460975464244e+03
5.327751575650584527e+03
5.717086023666079200e+03
6.104110397422689857e+03
6.489117790296584644e+03
6.873436668553379604e+03
7.255609926787977201e+03
7.637093097533019318e+03
8.017159549477808469e+03
8.395847613326359351e+03
8.774769116168858091e+03
1.734404835179934480e+03
1.816442262263989960e+03
1.899100338526032601e+03
1.980349311832268313e+03
2.062519926410525841e+03
2.145365096573928440e+03
2.228560406451810195e+03
2.311397654194568986e+03
2.392848449584520495e+03
2.475970465790981507e+03
2.557543103261207762e+03
2.639800807269736197e+03
2.720779524709129873e+03
2.800817823524258529e+03
2.882729904893584262e+03
2.963072673018706610e+03
3.164031157733102646e+03
3.364672858085230473e+03
3.564090755233490199e+03
3.763214077700338748e+03
3.962512403261342115e+03
4.160246321637545407e+03
4.357552959191297305e+03
4.554576498261196321e+03
4.750873422092367036e+03
4.946516687460628418e+03
5.337956554994999351e+03
5.726995354880555169e+03
6.114015386453905194e+03
6.500019945363357692e+03
6.883874471730867299e+03
7.266798049475799417e+03
7.647892515124235615e+03
8.028442284776102497e+03
8.407610535796180557e+03
8.785935765082143917e+03
1.834893337140274298e+03
1.917397585264351619e+03
1.999467752804705469e+03
2.082051535945187425e+03
2.165208099467228749e+03
2.248459402542043335e+03
2.330319078900927707e+03
2.412959204928273721e+03
2.494798565533374585e+03
2.577199167369321458e+03
2.658463246423701548e+03
2.739242445317332567e+03
2.821098458767361080e+03
2.901567839520113921e+03
2.982255793993387670e+03
3.184564119932060294e+03
3.385056711282368269e+03
3.584285853505689374e+03
3.783180375225828811e+03
3.981953498521090296e+03
4.180177286210760940e+03
4.377564625789004822e+03
4.574914809325262468e+03
4.770641487201104610e+03
4.967261797781407950e+03
5.358865027474270391e+03
5.747389871181814669e+03
6.134535389530907196e+03
6.521863637290262886e+03
6.905660421258947281e+03
7.287430496902533378e+03
7.666997496882657288e+03
8.046637946449865012e+03
8.426835619963823774e+03
8.806152590260247962e+03
1.936468060999849968e+03
2.018547341658652158e+03
2.100897054764642235e+03
2.184131793008609293e+03
2.266559803812912378e+03
2.349590609619821862e+03
2.431599034213270897e+03
2.514052680375530599e+03
2.595787401183747079e+03
2.677122175376582618e+03
2.758591508964138029e+03
2.839559603623949897e+03
2.920325455829388829e+03
3.002622476945479320e+03
3.203365881041223929e+03
3.404247276475036870e+03
3.604617780741690240e+03
3.803240787975328658e+03
4.002412342009645727e+03
4.200123537616096655e+03
4.397541975111327702e+03
4.595032867513953533e+03
4.791137647968911551e+03
4.987377447785885124e+03
5.380900475549679868e+03
5.770800588277455972e+03
6.156848337535590872e+03
6.540126902600887661e+03
6.921658329606635562e+03
7.304093724339771143e+03
7.686042870532041889e+03
8.067103415195604612e+03
8.447948809948285998e+03
8.830527732037788155e+03
2.036660939443658890e+03
2.118895976096834602e+03
2.201606024372466436e+03
2.285055327765681795e+03
2.367723048485617255e+03
2.450327984383655803e+03
2.532402458259138257e+03
2.614224507682150943e+03
2.696154163473896915e+03
2.777608924868401573e+03
2.858747331931384906e+03
2.940928234313546000e+03
3.020663443099069355e+03
3.222643375228681180e+03
3.423606707418846781e+03
3.623810179288252584e+03
3.822701945107479787e+03
4.021488666124696010e+03
4.219538407298473430e+03
4.417005999333922773e+03
4.616504544149816866e+03
4.815830803082294551e+03
5.013348107747599897e+03
5.404456640996285387e+03
5.789864138504985931e+03
6.175870027018166184e+03
6.561724091198982933e+03
6.942382500634425014e+03
7.326593595547907171e+03
7.707122717772344004e+03
8.089868144179876253e+03
8.473954702977909619e+03
8.852283193682131241e+03
2.136757948822143589e+03
2.220016669295584961e+03
2.303317230866689897e+03
2.386388102401087053e+03
2.468831742051273977e+03
2.551036115004790190e+03
2.633173671535734684e+03
2.715115092795305372e+03
2.796592831079434291e+03
2.878630655387160914e+03
2.958887692384298589e+03
3.040716910224801723e+03
3.241937887615459658e+03
3.443614334694822901e+03
3.643110640301680178e+03
3.842450365185049122e+03
4.041746740927134397e+03
4.242178894369406407e+03
4.442740361400206893e+03
4.640524025785986851e+03
4.838938640658175245e+03
5.033716853856612943e+03
5.422873840029126768e+03
5.808070221916982518e+03
6.195421827384194330e+03
6.578932928557290325e+03
6.962297834491984759e+03
7.345930760967840797e+03
7.733535666848070832e+03
8.121939930732081848e+03
8.506159282317539692e+03
8.888752099456105498e+03
2.237641406043610459e+03
2.321565542118889880e+03
2.404109753012996862e+03
2.486895466917145768e+03
2.569288140051954088e+03
2.651571629931867392e+03
2.733244526514869904e+03
2.815433021122211358e+03
2.896299931998849388e+03
2.978452711865651963e+03
3.058696852896157907e+03
3.260626941578915648e+03
3.461884459187693210e+03
3.662242472704829652e+03
3.862252567111281678e+03
4.065479677329936294e+03
4.265885502794718377e+03
4.464333684835039094e+03
4.661759224370015545e+03
4.858932782258342741e+03
5.053210155116168607e+03
5.443686008215546281e+03
5.829494045992979409e+03
6.212290918315560702e+03
6.598747635026390526e+03
6.992482586411824741e+03
7.381741458536326718e+03
7.768740239201571057e+03
8.149319087485528144e+03
8.525030738232988369e+03
8.904117897877402356e+03
2.338353917150999678e+03
2.421633050791978803e+03
2.504405225348134536e+03
2.587088146754203535e+03
2.669188105601549069e+03
2.751618605539197688e+03
2.832917495216983752e+03
2.915199189206798110e+03
2.995942466902708929e+03
3.077557139315011682e+03
3.280038254512077856e+03
3.481168870260906715e+03
3.682269962290483818e+03
3.886043010414613036e+03
4.086926812918509768e+03
4.286932238308761953e+03
4.484346599444669664e+03
4.681546341932286850e+03
4.877289325129911958e+03
5.072080785447372364e+03
5.457860811939081941e+03
5.847085495424400506e+03
6.242200763783638649e+03
6.633733699311525925e+03
7.021714810573530485e+03
7.406574082170587644e+03
7.786405296332216494e+03
8.164992624744661953e+03
8.544029416923336612e+03
8.922945030184349889e+03
2.438608034221056187e+03
2.521856422181389462e+03
2.604387286285587379e+03
2.687186406839756728e+03
2.768913649884803363e+03
2.851496730398352611e+03
2.932768460680332282e+03
3.014669115997349309e+03
3.095838267043915039e+03
3.298857291310494475e+03
3.500301710420254494e+03
3.703993063999601873e+03
3.906776399917346680e+03
4.106853863569871464e+03
4.306090719572500348e+03
4.503427214277468011e+03
4.699363072794366417e+03
4.891459877818267159e+03
5.083352367227510513e+03
5.481083616215174516e+03
5.875678020830177047e+03
6.270211063820849631e+03
6.657838868500685749e+03
7.042616138709327060e+03
7.423039863946024525e+03
7.801077540360887724e+03
8.181613163033841374e+03
8.564765333344592364e+03
8.947052594934342778e+03
2.538820385883705967e+03
2.622142594109251149e+03
2.704476272203457029e+03
2.787421637187171655e+03
2.869135760368325464e+03
2.951366023380869592e+03
3.032875031723391658e+03
3.114387085367360669e+03
3.317675077054152098e+03
3.521513506422083992e+03
3.725145199919065362e+03
3.927439043991233575e+03
4.126816108956340940e+03
4.323138672912128641e+03
4.514156535398468804e+03
4.711702878172222881e+03
4.911295230253230329e+03
5.108244637380350468e+03
5.510246445182025127e+03
5.902728343219863746e+03
6.292156787078850357e+03
6.674138924766702075e+03
7.055662735883204732e+03
7.436394752713132220e+03
7.821546016875571695e+03
8.206575960982738252e+03
8.591564235100706355e+03
8.974279519804022129e+03
2.639334190097159080e+03
2.722622317562707849e+03
2.804877590477936337e+03
2.887518770488359223e+03
2.969367099700555627e+03
3.051292896801151073e+03
3.133309942657595911e+03
3.338520862571263933e+03
3.543086760015471555e+03
3.745756974464122777e+03
3.944948093871095807e+03
4.137093078413156945e+03
4.336504960563122950e+03
4.536449948419415705e+03
4.736680072304166970e+03
4.936335265345472180e+03
5.137294172847418849e+03
5.532893944641567032e+03
5.919731974737683231e+03
6.303952339884902358e+03
6.688396301308568582e+03
7.075236717683928873e+03
7.461899726244039812e+03
7.849986413000128778e+03
8.233913967036851318e+03
8.617045986719487701e+03
8.995574341988454762e+03
2.740033118932676189e+03
2.822850188812162287e+03
2.905321739401423656e+03
2.987617550019658211e+03
3.069937012268650051e+03
3.151862392643348812e+03
3.358945998757885718e+03
3.562393022938301783e+03
3.759562290560794281e+03
3.957248544477254654e+03
4.159237142159144241e+03
4.359704783293605033e+03
4.562131246155284316e+03
4.762866121122211553e+03
4.961279601727251247e+03
5.160429194707538954e+03
5.548838551612933770e+03
5.932229578965770088e+03
6.320298737171861831e+03
6.713746712255722741e+03
7.101546760987115704e+03
7.489906545192306112e+03
7.874310102107018793e+03
8.255916812442001174e+03
8.636952334512088783e+03
9.017351199236331013e+03
2.841130739911592627e+03
2.923902223268388298e+03
3.006525464003737852e+03
3.089895708445425953e+03
3.172795736520842638e+03
3.376720946824429575e+03
3.575177406004605473e+03
3.777050331607475982e+03
3.981659866951186814e+03
4.181733862985133783e+03
4.383381376439416272e+03
4.586348536526134012e+03
4.785363886805541370e+03
4.981414906045005409e+03
5.175693638233006823e+03
5.563770178288797069e+03
5.955475162442847250e+03
6.351298734204172433e+03
6.738419532514489219e+03
7.125848858934248710e+03
7.510573797942406600e+03
7.890857255277672266e+03
8.274418359652694562e+03
8.657117843205141980e+03
9.037297455704429012e+03
2.942216111656845897e+03
3.026139721956623816e+03
3.108991439413909120e+03
3.190195781367071049e+03
3.391900413719329663e+03
3.595280752732786823e+03
3.799816295410029397e+03
4.002254876576128936e+03
4.204717174801195142e+03
4.406606845356528538e+03
4.604329377459235729e+03
4.800749393104519186e+03
4.991421225805142967e+03
5.188507640554409591e+03
5.587724555890656120e+03
5.982017343859628454e+03
6.373954172297795594e+03
6.759783262259071307e+03
7.147026729264865025e+03
7.530691569994852216e+03
7.911868700836173957e+03
8.294656164866908512e+03
8.675429379187115046e+03
9.058054581808408329e+03
3.043565424239114236e+03
3.124911060522243588e+03
3.206760366078289735e+03
3.410799191094291018e+03
3.616094450916099959e+03
3.820490606670140096e+03
4.023360185062187156e+03
4.224969620435401339e+03
4.423569011528275041e+03
4.616258341200449649e+03
4.814498260069230128e+03
5.013697976675693099e+03
5.216589642982788973e+03
5.611890876051797932e+03
6.004450167864883952e+03
6.393273262538092240e+03
6.780643301210418031e+03
7.165680853307852885e+03
7.549390876039383329e+03
7.933135432312235935e+03
8.316474222982184074e+03
8.699059922548052782e+03
9.078179737172678870e+03
3.141466814590497506e+03
3.224782671174476945e+03
3.431079455133984538e+03
3.636465238635358673e+03
3.839789221312660175e+03
4.042007477818592633e+03
4.240241998158827300e+03
4.437879860085171458e+03
4.638507184225478341e+03
4.840309085870250783e+03
5.042116789239474201e+03
5.240007994860243343e+03
5.633571199016832907e+03
6.023991095531952851e+03
6.412976889012735228e+03
6.798194922186676195e+03
7.184256966866998482e+03
7.572029333541293454e+03
7.953230571094733932e+03
8.336753916564524843e+03
8.718189273782047167e+03
9.099804166813361007e+03
3.244562076854273073e+03
3.450998652541782576e+03
3.654458771042449371e+03
3.857460670293820385e+03
4.057544700073132390e+03
4.258915124125231159e+03
4.461102678120115343e+03
4.663770829362400036e+03
4.863889601215953917e+03
5.062789637477972974e+03
5.260704616971914220e+03
5.652690312941970660e+03
6.043606124054444990e+03
6.433139701469965985e+03
6.819380906421059080e+03
7.206046214414665883e+03
7.589523242999688591e+03
7.974937680755016117e+03
8.358789131328861913e+03
8.740336461745404449e+03
9.122331185814313358e+03
3.493087204172558359e+03
3.700340907024790340e+03
3.906099247879988070e+03
4.110425121853190831e+03
4.312343964515398511e+03
4.513749841905445464e+03
4.713641101482629892e+03
4.911332550443195032e+03
5.110032556905121965e+03
5.308300858043948210e+03
5.700554868177816388e+03
6.091633080321464149e+03
6.480566112385146880e+03
6.869678749918326503e+03
7.255220721907128791e+03
7.642325183620195276e+03
8.027984060079882511e+03
8.412000528865031811e+03
8.796405974265791883e+03
9.178126194955902974e+03
3.749661908632927407e+03
3.953591894765283541e+03
4.157156690375865765e+03
4.358120427080999434e+03
4.560240232298238880e+03
4.759702219998037435e+03
4.958833488509546441e+03
5.157234464459571427e+03
5.354915995993966135e+03
5.749368209306327117e+03
6.141668859269294444e+03
6.530943157990188411e+03
6.920551519178656235e+03
7.308384610836977117e+03
7.694985689073237154e+03
8.081974113133876926e+03
8.465696983423431448e+03
8.850617160214053001e+03
9.234258927964217946e+03
3.998136857051995776e+03
4.202239800552202723e+03
4.405716969762023837e+03
4.605904549268895607e+03
4.806966262738937075e+03
5.007080087601351806e+03
5.205496336289137616e+03
5.404174615499280662e+03
5.798635242363856378e+03
6.191403832956957558e+03
6.582862541916467308e+03
6.972315971968654594e+03
7.361679839540548528e+03
7.748553539719443506e+03
8.134405326686798617e+03
8.521235428658250385e+03
8.904640135365803872e+03
9.289915119256540493e+03
4.249175563996672281e+03
4.451987895622859469e+03
4.654305698389179270e+03
4.855843079505532842e+03
5.055642503597538052e+03
5.255186073961517650e+03
5.453675780535214471e+03
5.848961788957435601e+03
6.242505450016381474e+03
6.634421838205701533e+03
7.025810196214036296e+03
7.413604972945128793e+03
7.802725973027161672e+03
8.188671084206117484e+03
8.574940928882786466e+03
8.959677079808703638e+03
9.343581264589311104e+03
4.499790480313404260e+03
4.702825288465454832e+03
4.904007282135614332e+03
5.104474098264185159e+03
5.304496933920308948e+03
5.503737562904128936e+03
5.899837639961984678e+03
6.294234136731442959e+03
6.686632412881232085e+03
7.077082671992849100e+03
7.464641178837791813e+03
7.854079387772312657e+03
8.242778603051168830e+03
8.628091088647204742e+03
9.014461073153301186e+03
9.399514664909251223e+03
4.751044429887778278e+03
4.952749510951491175e+03
5.154075972219543473e+03
5.354209360268924684e+03
5.553939453350827534e+03
5.950689785367083459e+03
6.346817572894941804e+03
6.738070117113701599e+03
7.128600569540661127e+03
7.519450137034610634e+03
7.908719629718744727e+03
8.295124293842904081e+03
8.683501297037524637e+03
9.068887575997121530e+03
9.452949023983910593e+03
5.001545521580248533e+03
5.203269933452635087e+03
5.404402973398693575e+03
5.603591278227060684e+03
6.001982764967977346e+03
6.396778049282580469e+03
6.788537765073083392e+03
7.180999962850661177e+03
7.571837332923769281e+03
7.960950043834777716e+03
8.349491240012235721e+03
8.737092149871999936e+03
9.123396861975097636e+03
9.509525512921274640e+03
5.252884760268330865e+03
5.453607185778540043e+03
5.654284408876838825e+03
6.053238194123658104e+03
6.447665495806722902e+03
6.840899268759681945e+03
7.233632974386040587e+03
7.624900570461991265e+03
8.014389818572552940e+03
8.402746502909081755e+03
8.792402906781249840e+03
9.177626838770744143e+03
9.564984340045459248e+03
5.503451088008151601e+03
5.703961084883528201e+03
6.102738410377761284e+03
6.498461045551032839e+03
6.893295473396860871e+03
7.286983060355136331e+03
7.677520805092039154e+03
8.069509708169530313e+03
8.457116787914656015e+03
8.846892330164251689e+03
9.235014618508566855e+03
9.621073094734896586e+03
5.754233322545719602e+03
6.152676865722399270e+03
6.549907025360228545e+03
6.946105552776629338e+03
7.338986822604045301e+03
7.732287678181820411e+03
8.122068565841625059e+03
8.512130243191599220e+03
8.900568896682285413e+03
9.289110533567041784e+03
9.675824952046485123e+03
6.254597951760910291e+03
6.654348369605042535e+03
7.050458188022292234e+03
7.445417277066392671e+03
7.839649800963429698e+03
8.229911630519040045e+03
8.619934855529352717e+03
9.009837120574917208e+03
9.398096520312619759e+03
9.785066680553554761e+03
6.756820748425735474e+03
7.154908951189519939e+03
7.552871598920035467e+03
7.945462577187287025e+03
8.336819994596788092e+03
8.728192434678128848e+03
9.117446656565203739e+03
9.506336903258948951e+03
9.893923633024960509e+03
7.260713334194921117e+03
7.656836665999809156e+03
8.050682038542952796e+03
8.443703976361590321e+03
8.834577795434430300e+03
9.225044284561965469e+03
9.615043284573952405e+03
1.000115796320409208e+04
7.760731415658785409e+03
8.155878252306638387e+03
8.550015574809884129e+03
8.943187807123149469e+03
9.332560469049818494e+03
9.724341399176610139e+03
1.011095057098703728e+04
8.261365469569032939e+03
8.657308749730178533e+03
9.048767099174301620e+03
9.442964661528711076e+03
9.832003334529092172e+03
1.022127566141121133e+04
8.761371221976482047e+03
9.157554432112687209e+03
9.548471628916695408e+03
9.940027955734973148e+03
1.032921781198912686e+04
9.262021414479622763e+03
9.656996989654757272e+03
1.004784764380904562e+04
1.043971580089894269e+04
9.762751099733841329e+03
1.015607869525470596e+04
1.054789619223087175e+04
1.026341039751984499e+04
1.065695139325859236e+04
1.076323205764603154e+04
