1.532223949379104624e+03
1.573261522391876269e+03
1.614325032309673361e+03
1.655206367282403107e+03
1.696470044993629699e+03
1.779182241775735747e+03
1.860798769385095966e+03
1.943607026772813697e+03
2.024578408369803810e+03
2.107909911261725483e+03
2.190939913515583612e+03
2.273724653482459416e+03
2.355843860327421226e+03
2.436436598392480391e+03
2.517693252189597843e+03
2.600138514533530270e+03
2.679731399872435759e+03
2.761500419522345510e+03
2.844319031930523579e+03
2.923143880083529439e+03
3.123031912686831220e+03
3.324214964535332001e+03
3.524273365824039047e+03
3.722632435862216425e+03
3.920857924207453379e+03
4.119325507641776312e+03
4.316652901128587473e+03
4.513697288514204956e+03
4.710752305522591996e+03
4.906417475447732613e+03
1.583115910316552345e+03
1.623793455067843752e+03
1.664936654752105596e+03
1.706100929770059111e+03
1.788450762408109085e+03
1.871196318541109349e+03
1.953029186693957399e+03
2.035026300379309760e+03
2.118002788959333429e+03
2.200867648251636638e+03
2.282873303000930719e+03
2.363707898035885592e+03
2.445677791204108416e+03
2.527050703158118722e+03
2.608601058013994589e+03
2.691803524073125573e+03
2.774031710546060367e+03
2.853981607292008448e+03
2.932733498834246802e+03
3.133514730382057678e+03
3.334853290457423100e+03
3.535674785536459694e+03
3.733434243566902751e+03
3.931452727382416469e+03
4.129603230053640800e+03
4.327452954633811714e+03
4.523758514275414200e+03
4.720353208436111345e+03
4.915933030083337144e+03
1.632923050256241822e+03
1.674481984963445484e+03
1.715454928418076861e+03
1.797681732714511099e+03
1.880843199872375862e+03
1.962255105116447567e+03
2.044133992792146955e+03
2.127059753405915217e+03
2.210351846573372768e+03
2.292254081073559064e+03
2.374635164456458369e+03
2.456114603135590642e+03
2.538744703449258850e+03
2.618962171834347828e+03
2.700734615447277974e+03
2.783250229261073855e+03
2.862212502362568557e+03
2.943312810584379804e+03
3.145175704470151231e+03
3.344472541165187977e+03
3.543871547421837931e+03
3.743598443141432199e+03
3.941853705378524864e+03
4.140061329985414886e+03
4.336923179218833866e+03
4.534298035445661299e+03
4.730904108149518834e+03
4.925808071166236914e+03
1.683644802527088586e+03
1.724394014472641629e+03
1.807503284380913783e+03
1.890005570872165890e+03
1.971313131161706451e+03
2.053618069188048139e+03
2.136413360593921880e+03
2.219331494205987838e+03
2.301009916131051341e+03
2.383911031622006703e+03
2.465778553060067679e+03
2.547693100670734566e+03
2.629887711889129605e+03
2.712168347608944714e+03
2.793025673403078599e+03
2.872233105684896600e+03
2.953428494132841024e+03
3.155456049337904915e+03
3.355303581726228458e+03
3.555171750038016398e+03
3.753424883420753758e+03
3.952295709339416135e+03
4.150160164722557056e+03
4.347045672901085709e+03
4.544793889435228266e+03
4.740888782640755380e+03
4.937358010907909375e+03
1.734479094201884436e+03
1.816533432187927929e+03
1.899196682867209347e+03
1.980019299824536802e+03
2.062750536149173968e+03
2.146087083443761912e+03
2.228399063027140073e+03
2.312184155922447189e+03
2.394190978106354123e+03
2.476226520793602504e+03
2.557106835119940570e+03
2.638882497012124077e+03
2.721393339835405641e+03
2.801586121514825209e+03
2.881958720600446668e+03
2.964069306015128859e+03
3.162916513957899951e+03
3.365049507669481955e+03
3.563905751946914734e+03
3.764099954460413301e+03
3.961983245203645311e+03
4.159941263025598346e+03
4.357721492556358498e+03
4.554460134597141405e+03
4.751245921764882041e+03
4.946030913281051653e+03
1.834872288699362798e+03
1.917358421391427100e+03
1.999634453684802111e+03
2.082340461712789875e+03
2.165201622862393833e+03
2.248810138249570173e+03
2.331397640984991995e+03
2.412991689371407574e+03
2.494499888565489073e+03
2.576701671800320582e+03
2.659377077546870623e+03
2.739583868533942677e+03
2.820557630864255771e+03
2.902670446773743606e+03
2.982240687626034287e+03
3.183796456272127216e+03
3.385976679500655337e+03
3.584217457746979107e+03
3.783382941104403471e+03
3.982158525949371779e+03
4.180444711798441858e+03
4.377374709455990342e+03
4.574578677106345822e+03
4.770670836262918783e+03
4.968126112957124860e+03
1.936535147333187524e+03
2.018781691211325096e+03
2.100849084735187262e+03
2.184157137429565864e+03
2.267106806718174084e+03
2.349272900496088823e+03
2.431310951663677315e+03
2.513806528808056555e+03
2.596535170070645108e+03
2.677351914235605364e+03
2.758168052234815150e+03
2.840306059154763716e+03
2.920383266102173366e+03
3.003057119860998228e+03
3.203559175334535666e+03
3.404662144500235172e+03
3.604536294446727425e+03
3.803819264611483504e+03
4.002081459291268402e+03
4.199784812444064301e+03
4.397752372506202846e+03
4.594822580252062835e+03
4.790800240075197507e+03
4.986616133381136024e+03
2.036780325826795661e+03
2.118661227766896445e+03
2.201740502532728897e+03
2.284827727152082844e+03
2.367483891973294703e+03
2.449971737134800151e+03
2.532922976368539821e+03
2.614397530473849201e+03
2.695792217248474572e+03
2.778411504137256088e+03
2.858811086484418865e+03
2.941351678490478662e+03
3.020644586808258282e+03
3.222203880375803692e+03
3.423777235359755196e+03
3.623498718155500683e+03
3.822868896860893983e+03
4.020897134269693197e+03
4.219011832412164040e+03
4.417467088468053589e+03
4.616310317418724480e+03
4.815864163784693119e+03
5.013356523192701388e+03
2.136924315103731260e+03
2.219801010478458011e+03
2.303215829704503449e+03
2.386098520459593146e+03
2.469291493423293559e+03
2.551209893475141143e+03
2.632959229575010340e+03
2.715429954981420451e+03
2.796582139622665181e+03
2.878821256453310070e+03
2.958767270841090522e+03
3.040335320819618573e+03
3.241980725541279753e+03
3.443326061869627210e+03
3.642941705753847145e+03
3.842371019751061795e+03
4.041350061158718290e+03
4.242657394153059613e+03
4.443123213751981893e+03
4.640509147198581559e+03
4.838586819762777850e+03
5.034375645532806629e+03
2.237819883605341602e+03
2.321217321789565176e+03
2.404365431602502213e+03
2.487018675295131743e+03
2.568892859723558558e+03
2.651712843771872485e+03
2.733317838240298897e+03
2.815527583275081270e+03
2.896111322935465978e+03
2.978222282921465649e+03
3.058897504626665068e+03
3.260139537994927196e+03
3.462876865392137461e+03
3.662447510730805789e+03
3.862343200691346738e+03
4.065529254309991302e+03
4.265178791523708242e+03
4.464177465937128545e+03
4.661682324272489495e+03
4.858832302229949164e+03
5.053309169794863010e+03
2.338283293930403488e+03
2.421587411089490161e+03
2.504188343314200665e+03
2.587058000713629554e+03
2.669142408730188436e+03
2.751635733926631929e+03
2.832799737128494144e+03
2.914999633154229286e+03
2.995884759229665633e+03
3.078158947300616546e+03
3.279954435819078299e+03
3.480976599087899103e+03
3.682429861119726866e+03
3.885184588754346805e+03
4.086741214303984179e+03
4.286429326785866579e+03
4.484923751887264189e+03
4.680431370279737166e+03
4.877378133102369247e+03
5.072293742874923737e+03
2.438440789034468708e+03
2.521704581299632082e+03
2.604249118399638519e+03
2.687077950749165211e+03
2.768909317213816394e+03
2.851201936983888118e+03
2.932754858173566390e+03
3.014930871135945381e+03
3.096124267588919793e+03
3.299093248261227018e+03
3.500652018139256597e+03
3.704462653107009373e+03
3.906316446176655973e+03
4.106970774207975410e+03
4.306086170183961258e+03
4.503315565529695959e+03
4.701210309560038695e+03
4.890928460750958948e+03
5.083642081800619053e+03
2.538560065454119922e+03
2.622033622337805355e+03
2.704553351583526819e+03
2.787172270345090510e+03
2.869053400622874960e+03
2.951510142942240236e+03
3.033116329573215353e+03
3.114503922379136384e+03
3.317411833665504219e+03
3.521262576937142057e+03
3.724504458583495307e+03
3.926900105559444455e+03
4.125905223643444515e+03
4.324167840808283472e+03
4.514507200216110505e+03
4.711770461886018893e+03
4.909185773057270126e+03
5.110859698144487993e+03
2.639478040922749642e+03
2.722450674115331367e+03
2.804851317488959012e+03
2.887519513722173087e+03
2.969585897884554925e+03
3.051402757942456901e+03
3.133555707532229462e+03
3.338428979839263320e+03
3.542993298057870106e+03
3.745592521939407106e+03
3.944980929558820662e+03
4.136922014422462780e+03
4.337471132804853369e+03
4.536391137331617756e+03
4.738739178645075299e+03
4.936905524204089488e+03
5.137945984049131766e+03
2.740114293310210087e+03
2.822604658805434156e+03
2.905510055172114335e+03
2.987499145957451219e+03
3.069934595531874947e+03
3.152011915079940081e+03
3.358690932135518779e+03
3.562276121497622626e+03
3.760581604724449335e+03
3.957319203395111344e+03
4.159366686300906622e+03
4.360301182915713071e+03
4.560847164023806727e+03
4.762487025757851370e+03
4.962289568122338096e+03
5.159733220393685770e+03
2.841234247384533319e+03
2.923774969105821128e+03
3.006554474835413657e+03
3.089740982920305669e+03
3.172852485006049847e+03
3.376917270456924143e+03
3.575887692623443854e+03
3.777541230453529806e+03
3.981322336868342973e+03
4.182881673736642369e+03
4.385075569626276774e+03
4.587222744669404165e+03
4.785066436206229810e+03
4.982463671456661359e+03
5.175280082718911217e+03
2.942292781094812199e+03
3.026032485832661223e+03
3.108939194546932868e+03
3.190451596836314366e+03
3.391513418377351627e+03
3.595285963311638170e+03
3.799288169579987425e+03
4.001665725413692599e+03
4.203705845576935644e+03
4.405983345610325159e+03
4.604182341996709511e+03
4.801087448354400294e+03
4.991493050194239913e+03
5.188829226314021980e+03
3.043413315091555432e+03
3.124846550204713822e+03
3.206394766633305608e+03
3.410103610246261269e+03
3.616032853062217328e+03
3.819872749318552451e+03
4.023745529110324696e+03
4.224195523476504604e+03
4.423430400444304723e+03
4.617232654207571613e+03
4.815204546026397111e+03
5.014268906415556557e+03
5.215384382316220581e+03
3.141362139269875570e+03
3.224114153166965480e+03
3.431679793337271349e+03
3.636595034836725517e+03
3.839580109019072097e+03
4.041916952872089951e+03
4.240733231091159723e+03
4.437881872840032884e+03
4.639138320370995643e+03
4.839906084539208678e+03
5.040262512235563008e+03
5.239681777274751767e+03
3.243980496069411402e+03
3.450676220554782049e+03
3.654539164557975255e+03
3.857030499682216032e+03
4.057884475329944507e+03
4.258491131346525435e+03
4.462004467860027944e+03
4.664432022614423659e+03
4.862779437657322887e+03
5.063064241192345435e+03
5.260100775934178273e+03
3.493023493788719861e+03
3.699858650383768691e+03
3.905752904638173277e+03
4.110080472489185922e+03
4.312428003390312369e+03
4.513706708122824239e+03
4.713535913042294851e+03
4.911954783516860516e+03
5.110028625304985326e+03
5.308108377635993747e+03
3.749716308044955895e+03
3.953645263144304863e+03
4.157189923289157377e+03
4.357840759939314921e+03
4.559480424121973556e+03
4.760108632447479977e+03
4.959009482087228207e+03
5.157582355669383105e+03
5.355798353510459492e+03
3.998240488198810453e+03
4.202600384109750848e+03
4.405881548829817802e+03
4.606623748607217749e+03
4.807112297390126514e+03
5.006267761655593858e+03
5.205659791764804140e+03
5.403588269440540898e+03
4.249362747427485374e+03
4.452281477424582590e+03
4.654200014503100647e+03
4.854757729441567790e+03
5.055715734450914169e+03
5.254824860428341708e+03
5.453403236747944902e+03
4.500230073321907184e+03
4.702840093711318332e+03
4.904119826715071213e+03
5.104976836918933259e+03
5.304313141185105451e+03
5.503830215280192533e+03
4.751162795126514538e+03
4.953240294265355260e+03
5.153852919793482215e+03
5.354063458031218033e+03
5.554046028553276301e+03
5.001764621516944317e+03
5.202818497060228765e+03
5.404749934607255454e+03
5.603619608166390208e+03
5.253452069102248061e+03
5.453403795718802030e+03
5.654929415085965957e+03
5.503899917843014009e+03
5.703812002993636270e+03
5.754283606797420362e+03
