1.848731511327976250e+03
1.912595465466735732e+03
1.975938000070540511e+03
2.038648765540996465e+03
2.100620237679911043e+03
2.222199705571223149e+03
2.340579317237878058e+03
2.456029715912106894e+03
2.568229884270809634e+03
2.678295699872529440e+03
2.785701121787333705e+03
2.890724981296521946e+03
2.994398273960147890e+03
3.094576944630335220e+03
3.193256709429083912e+03
3.289965882683029122e+03
3.384385623987229337e+03
3.477294050426331978e+03
3.568102813121906365e+03
3.657814129881667668e+03
3.873946795055419443e+03
4.082214488082991011e+03
4.288160537695530365e+03
4.495366469950367900e+03
4.701314290221899682e+03
4.910731625958649602e+03
5.121572546072674413e+03
5.337785247411526143e+03
5.556668700918822651e+03
5.780733717488458751e+03
6.239154911191119027e+03
6.708112572893832294e+03
7.184818331394021698e+03
7.664949967466952330e+03
8.150046606763364252e+03
8.640163626333171123e+03
9.128553407792021972e+03
9.620625035617549656e+03
1.011366303433918074e+04
1.060743922713816028e+04
1.916770175416349275e+03
1.980021133388778253e+03
2.042665505017639134e+03
2.104615435716477805e+03
2.226212776745977862e+03
2.344783067729250433e+03
2.460302402958807306e+03
2.573288065912347520e+03
2.683276056648451231e+03
2.791609757931374588e+03
2.896988143044244680e+03
3.000367640947394648e+03
3.100945383742463946e+03
3.200201179228349702e+03
3.297378407421560496e+03
3.392185364336583007e+03
3.485329371794228791e+03
3.577149468488002640e+03
3.666960389210174981e+03
3.884808531222253350e+03
4.092615198018941555e+03
4.298500532127754923e+03
4.504973848141548842e+03
4.710860258343162059e+03
4.919211438788193846e+03
5.129592889464149266e+03
5.343634855001742835e+03
5.562758070091826994e+03
5.785436737183787045e+03
6.241172857040864073e+03
6.710361580780425356e+03
7.185554720462087971e+03
7.666572551059499347e+03
8.151763112323777023e+03
8.639094797453530191e+03
9.129745773619639294e+03
9.620086062868123918e+03
1.011328740590167217e+04
1.060717700265712483e+04
1.983735809709581190e+03
2.046349941671646320e+03
2.108288373200753995e+03
2.229969417609771881e+03
2.348802173526727529e+03
2.464441408059460173e+03
2.577457957696577068e+03
2.688094607945648022e+03
2.796392873682565096e+03
2.902516292788512601e+03
3.006069128965884374e+03
3.107716506131998813e+03
3.207132128116512831e+03
3.304422384685437464e+03
3.399815622992935914e+03
3.493389276174795214e+03
3.585486455635789298e+03
3.675625053182110605e+03
3.893906001001090317e+03
4.103994668351648215e+03
4.309841840714278078e+03
4.515030435049525295e+03
4.720791748361258215e+03
4.927742277874938736e+03
5.138004251281978213e+03
5.350004521681764345e+03
5.568081779482842649e+03
5.790694215825384163e+03
6.244544313276513094e+03
6.711945595400718958e+03
7.187453130357208465e+03
7.668259771399872079e+03
8.152682953178134085e+03
8.641178017849271782e+03
9.130480682286775846e+03
9.623454507746491799e+03
1.011513882212868521e+04
1.060780130996287880e+04
2.049733589396741536e+03
2.111697516121345416e+03
2.233536661649739017e+03
2.352468956147755762e+03
2.468508588167788730e+03
2.581763335764301246e+03
2.692956094422422211e+03
2.801480675873613109e+03
2.908039474575437453e+03
3.011744465274402501e+03
3.113648864521388532e+03
3.213559712912277064e+03
3.311149752871447618e+03
3.406933557730052144e+03
3.501328253725080231e+03
3.593679457381413613e+03
3.683940066572689375e+03
3.904173663099989881e+03
4.114969021668252026e+03
4.319060748629783120e+03
4.524483166085485209e+03
4.730134428426593331e+03
4.937027681582597324e+03
5.146750084001932009e+03
5.359041093049547271e+03
5.574520864021878879e+03
5.795000516695703482e+03
6.248523027038556393e+03
6.715276579570602735e+03
7.189650530704020639e+03
7.669660557827533921e+03
8.154023158028390753e+03
8.642261864552463521e+03
9.131102290566268493e+03
9.623072442379349013e+03
1.011503121262171044e+04
1.060788346762164474e+04
2.114854141349222573e+03
2.236810301000386062e+03
2.355943911864635083e+03
2.472131968686520395e+03
2.585831095389636630e+03
2.697180305522756498e+03
2.806318700041748798e+03
2.913019396996917749e+03
3.017464666540236067e+03
3.119630233040923031e+03
3.219778571310697771e+03
3.317782872075376872e+03
3.414110373717445327e+03
3.508685827487317965e+03
3.601421999212201172e+03
3.692761307475502690e+03
3.914167481086523821e+03
4.125350845836777808e+03
4.329855519484400247e+03
4.533456633966826303e+03
4.739620412428973395e+03
4.946212039992680729e+03
5.154419114076675214e+03
5.365259854697916126e+03
5.580910160236361662e+03
5.799916705142227329e+03
6.252077051006465808e+03
6.717249257537489939e+03
7.191937096277306409e+03
7.671719323022432036e+03
8.155362186003506395e+03
8.642665550658233769e+03
9.132219923904831376e+03
9.622258746002438784e+03
1.011486444368096818e+04
1.060923652845190009e+04
2.242767840043447450e+03
2.362330955084438756e+03
2.479223676474877720e+03
2.593525268921937823e+03
2.705642558253885909e+03
2.815320727260161220e+03
2.922676106554601120e+03
3.027641516884097655e+03
3.130579745525429189e+03
3.231324015811500885e+03
3.330381380580626683e+03
3.427485796850067345e+03
3.522827613779768399e+03
3.616646678447079921e+03
3.708767068818177904e+03
3.931720677117910327e+03
4.145165612664992295e+03
4.350773993842060008e+03
4.553709142204885211e+03
4.758754438129677510e+03
4.964643615635277456e+03
5.171830864981551713e+03
5.381827194638007313e+03
5.594814138896638724e+03
5.812241443386874380e+03
6.260097918075696725e+03
6.723728867054491275e+03
7.195908229877105441e+03
7.674990439709936254e+03
8.157944399832473209e+03
8.646048648578826032e+03
9.134753189755914718e+03
9.626229791618259696e+03
1.011822263642989310e+04
1.061085836320974340e+04
2.367996598102231928e+03
2.485445797528087041e+03
2.600440167986540018e+03
2.713078438066795115e+03
2.823361857795411197e+03
2.931278988152674174e+03
3.037034191118043509e+03
3.140606763552511438e+03
3.242391781739980161e+03
3.341966848147579185e+03
3.439705814230305350e+03
3.535725281022819217e+03
3.630227409962883485e+03
3.722693243426480876e+03
3.948139205031302936e+03
4.164225459459153171e+03
4.372207860228077152e+03
4.575130795935388960e+03
4.779022983217374531e+03
4.984833985225463948e+03
5.191767779139526283e+03
5.399144319321916555e+03
5.609298539348993472e+03
5.824163928805774958e+03
6.267422752605099959e+03
6.729103365234610465e+03
7.202622752264631345e+03
7.677704292391647868e+03
8.163598436384945671e+03
8.650316746220481946e+03
9.138227669782434532e+03
9.628458411277526466e+03
1.011962300166874957e+04
1.061137434528859376e+04
2.490945152081397737e+03
2.606433793039484499e+03
2.719540125903854005e+03
2.830319437558079699e+03
2.938827493312109254e+03
3.045107935354974416e+03
3.149559361792137224e+03
3.251797470963404976e+03
3.352338716971295526e+03
3.451073919653130815e+03
3.547983067417508209e+03
3.643401411103653572e+03
3.737019664128598379e+03
3.964692972071319673e+03
4.183386106775343251e+03
4.393186468373643947e+03
4.597285565366650189e+03
4.799146304637220965e+03
5.004590212006491129e+03
5.208720588582553319e+03
5.415280000907475369e+03
5.623022315845306366e+03
5.835661471072797212e+03
6.276970220621386943e+03
6.738949106484026743e+03
7.206092401838312981e+03
7.683082472631648670e+03
8.168104436623024412e+03
8.652293437487911433e+03
9.141339608346643217e+03
9.630260620474291500e+03
1.011904301785035568e+04
1.061299847518068964e+04
2.611935610041700784e+03
2.725649494589789356e+03
2.837094307612417197e+03
2.946232123960860918e+03
3.053491336765079723e+03
3.158433448528759982e+03
3.261567761656843231e+03
3.362954913070935163e+03
3.462414655297829540e+03
3.560116881690720220e+03
3.656203982623238062e+03
3.750755395100260102e+03
3.980706957468664768e+03
4.201432254309286691e+03
4.413625884585726453e+03
4.618410515370557732e+03
4.820203609514673190e+03
5.018699630215664911e+03
5.221824300484448941e+03
5.429184222865672382e+03
5.636342968859880784e+03
5.850831956593760879e+03
6.288160248139594842e+03
6.742038958549385825e+03
7.212569016061110233e+03
7.689699291773886216e+03
8.173105277443202795e+03
8.656932296473314636e+03
9.139221056630116436e+03
9.630179334154718163e+03
1.011842217252751288e+04
1.061093927559711665e+04
2.731228214911341183e+03
2.843317118084296453e+03
2.953302001517609824e+03
3.061079507383756663e+03
3.166767048354688995e+03
3.270756459078793341e+03
3.372752615712586248e+03
3.473082452991932314e+03
3.571607992020221445e+03
3.668502227334605777e+03
3.763881890274473790e+03
3.995827257358569113e+03
4.217800278464025723e+03
4.432830374764424050e+03
4.640046766355905675e+03
4.836543122529194989e+03
5.037357303234525716e+03
5.240835959143669243e+03
5.445921165236301931e+03
5.653163317740110870e+03
5.868252030659305092e+03
6.300667414140537403e+03
6.755278079684867407e+03
7.223817360259672569e+03
7.696770149114878222e+03
8.173611443144030090e+03
8.654977818602550542e+03
9.140508499041212417e+03
9.629360442160497769e+03
1.012120537340026385e+04
1.061254669464186009e+04
2.849036242790717552e+03
2.959652730076457829e+03
3.068110302916451928e+03
3.174685245231118188e+03
3.279311370809698019e+03
3.382135829929845386e+03
3.483026729240096756e+03
3.582370195396474628e+03
3.680164148156455667e+03
3.776001802878048693e+03
4.009755256583730898e+03
4.234179433242982668e+03
4.450431886736642809e+03
4.657094350916778239e+03
4.857448011871024391e+03
5.057760350298322010e+03
5.259361966093249066e+03
5.465759885314140774e+03
5.674306849203794627e+03
5.884936968300946319e+03
6.319560748649135348e+03
6.768548111385988705e+03
7.225311424934960996e+03
7.695181935882067592e+03
8.172812038827641118e+03
8.656341168417193330e+03
9.143711561281439572e+03
9.632676758061119472e+03
1.012372923483905106e+04
1.061490608777187299e+04
2.965536632564409047e+03
3.074730432656947414e+03
3.181950338234106312e+03
3.287305057210732684e+03
3.390746206810315925e+03
3.492489968789449904e+03
3.592537272567603850e+03
3.690945947974671071e+03
3.787770405406435657e+03
4.023083713076347522e+03
4.249793156697904124e+03
4.467157246058328383e+03
4.676801044833062406e+03
4.880059602690188512e+03
5.078082224816537746e+03
5.282935621292544056e+03
5.485158795686746089e+03
5.701114615281813712e+03
5.912664445897272344e+03
6.328198666118444635e+03
6.769888384089774263e+03
7.230001781248355655e+03
7.698506751555659321e+03
8.176532970140452562e+03
8.659853708961294615e+03
9.146417037881605211e+03
9.634868172433598374e+03
1.012414354431992979e+04
1.061604340359442904e+04
3.080877731540055720e+03
3.188770570757376390e+03
3.294754754281658279e+03
3.398937960986645976e+03
3.501345535495240711e+03
3.602085137232675606e+03
3.701227953579894347e+03
3.798759567116662765e+03
4.036064272395891294e+03
4.263664313203259553e+03
4.482920133533474655e+03
4.695967751242081249e+03
4.902687544612762395e+03
5.103551443365845444e+03
5.309382448631054103e+03
5.514864733968937799e+03
5.717630804366800476e+03
5.923139845738348413e+03
6.335913049528813644e+03
6.777832031456407094e+03
7.235313075943344302e+03
7.704496826313216843e+03
8.181349299138072638e+03
8.663882636433701919e+03
9.148502823325967256e+03
9.635884570123962476e+03
1.012527215254131443e+04
1.061688690476086049e+04
3.195185089329776929e+03
3.301841012053693703e+03
3.406667359537693301e+03
3.509763026773636739e+03
3.611223335266494360e+03
3.711022089013427376e+03
3.809424266470160092e+03
4.047814453555788077e+03
4.278007818162303010e+03
4.500117707933763086e+03
4.716001368653553982e+03
4.929361661598430146e+03
5.132072902586317468e+03
5.328258680915677360e+03
5.523402579189168137e+03
5.727192266445784298e+03
5.934678139893873777e+03
6.354946323991387544e+03
6.788334674229725351e+03
7.243692305564272829e+03
7.710800407656231073e+03
8.186347068237104395e+03
8.666273386469727484e+03
9.151064573608258797e+03
9.639028512675895399e+03
1.012742244458692403e+04
1.061817819000762029e+04
3.308565818054529700e+03
3.414030268546405750e+03
3.517723973330433637e+03
3.619765986368893664e+03
3.720315386311966904e+03
3.819028948526910881e+03
4.059907588861149179e+03
4.292122392711771681e+03
4.518727597505646372e+03
4.737695144060694474e+03
4.948282035860307587e+03
5.150323368384559217e+03
5.344273308041682867e+03
5.539721298554988607e+03
5.741758098927089122e+03
5.947519491487859341e+03
6.368452364176278024e+03
6.802777415512281550e+03
7.254141956704809672e+03
7.716137683146908785e+03
8.189601775859274312e+03
8.668628253283732192e+03
9.153420123511054044e+03
9.642070767087237982e+03
1.013059670750511214e+04
1.062096103022822354e+04
3.421112094493718814e+03
3.525428379303065867e+03
3.628146606764387798e+03
3.729178736728285003e+03
3.828933198265581268e+03
4.071811391275139613e+03
4.307649555610901189e+03
4.534282798218220705e+03
4.752291602393612266e+03
4.963862141825407889e+03
5.168053665240465307e+03
5.363357352936548523e+03
5.560473547729559868e+03
5.761673807762628712e+03
5.967589038569984041e+03
6.389081170401930649e+03
6.813743135368395087e+03
7.258077857790920461e+03
7.719955303127530897e+03
8.193478895169706448e+03
8.673843014797730575e+03
9.158033285173103650e+03
9.646058764061270267e+03
1.013248436970769762e+04
1.062484462058544887e+04
3.532903634225521273e+03
3.636227966698257660e+03
3.738100096893400860e+03
3.838513835276061400e+03
4.083476201693499661e+03
4.320367119058105345e+03
4.548153024271699906e+03
4.768825515208400248e+03
4.980114843764947182e+03
5.186360847931455282e+03
5.387806410613990920e+03
5.585866558107561104e+03
5.788974211813490911e+03
5.990105370232301539e+03
6.399652059772660323e+03
6.826042267571062439e+03
7.267953265872428346e+03
7.729029530802679801e+03
8.200104501844705737e+03
8.679022725642847945e+03
9.160849850762413553e+03
9.648493012371180157e+03
1.013568410528860841e+04
1.062559248760226546e+04
3.644009935667266291e+03
3.746515604591574174e+03
3.847522586909608435e+03
4.094211281844178757e+03
4.331829287132301033e+03
4.561399881398165235e+03
4.782744123714550369e+03
4.997337483254475046e+03
5.207566680821001682e+03
5.412622101020047921e+03
5.609143849284537282e+03
5.808159164267385677e+03
6.003906150056092883e+03
6.417175047330818416e+03
6.836977253892617227e+03
7.279156847808549173e+03
7.737099875171452368e+03
8.206301936476598712e+03
8.684614707890719728e+03
9.167394726270131287e+03
9.649978293619964461e+03
1.013787873974231297e+04
1.062909591028091563e+04
3.754491765358395241e+03
3.856198281987273276e+03
4.104189172308751949e+03
4.343138154530459360e+03
4.573870242220813452e+03
4.798068343266866577e+03
5.015961353850301748e+03
5.225949799568536946e+03
5.431113031373695776e+03
5.629397129895201942e+03
5.822100022137830820e+03
6.022261354815020240e+03
6.431496296308875571e+03
6.853113070720549331e+03
7.290845226393858866e+03
7.743873441027515582e+03
8.215070462103320097e+03
8.688523617594726602e+03
9.170665334947252632e+03
9.653472724911980549e+03
1.014032832122456421e+04
1.063128134027031410e+04
3.864402717882201159e+03
4.113801619362612655e+03
4.354606519940700309e+03
4.587769895412686310e+03
4.813604030972243891e+03
5.032063875215794724e+03
5.244290138479222151e+03
5.448636366678840204e+03
5.649398702680344286e+03
5.845061331396847891e+03
6.043510773895603052e+03
6.451623014334980326e+03
6.870792585233644786e+03
7.303618827904420868e+03
7.755535736273711336e+03
8.219968253399745663e+03
8.693737162176888887e+03
9.174916220612247344e+03
9.655971477684484853e+03
1.014430354244356204e+04
1.063282777298508881e+04
4.136980587133594781e+03
4.381594654230401829e+03
4.618325587431365420e+03
4.848024906788847147e+03
5.070817390197285931e+03
5.287748001467810354e+03
5.498052208872531082e+03
5.703500329463752678e+03
5.904882315097658648e+03
6.098439393678673696e+03
6.501934800643858580e+03
6.913927477598098449e+03
7.339673478124805115e+03
7.779050632883486287e+03
8.239575588735260681e+03
8.707829339356379933e+03
9.183225749146580711e+03
9.665327742632463924e+03
1.014989450208342532e+04
1.063841921877749883e+04
4.406881931887462088e+03
4.647680458290580646e+03
4.881250312398085953e+03
5.109504360865739727e+03
5.329765487528986341e+03
5.544555900451970047e+03
5.756743639939982131e+03
5.958946969464128415e+03
6.159642084576898924e+03
6.550073463580243697e+03
6.961988822968839486e+03
7.380441047956491275e+03
7.811075004542625720e+03
8.259698227805100032e+03
8.724375054752130382e+03
9.195758683290643603e+03
9.675881698717905238e+03
1.015837101616939253e+04
1.064466387428726739e+04
4.674570402607818323e+03
4.912255750586590693e+03
5.143119503583143342e+03
5.368355310003577870e+03
5.588674417399435697e+03
5.801733005771584430e+03
6.011797984926077334e+03
6.216301559108877882e+03
6.609113481043475986e+03
7.006841267729263564e+03
7.419177956730084588e+03
7.846688319680565655e+03
8.283392041846458596e+03
8.739687540848226490e+03
9.209296647006556668e+03
9.685205215572104862e+03
1.016645732852184301e+04
1.065143634545952409e+04
4.940405669669879899e+03
5.175200107931368620e+03
5.404131244529256946e+03
5.627273918170726574e+03
5.844816984317703827e+03
6.057411334958102998e+03
6.264758371876285310e+03
6.667434673140372979e+03
7.058043841131202498e+03
7.464052774681274968e+03
7.883913868887038007e+03
8.314928328577483626e+03
8.762026268724710462e+03
9.225151688218205891e+03
9.697104137528413048e+03
1.017611660189142458e+04
1.065831527048133285e+04
5.204671700704349860e+03
5.436793845840208633e+03
5.663836959669843054e+03
5.885144220487514758e+03
6.100899838420560627e+03
6.312300951742071447e+03
6.721119619534611957e+03
7.112150207670793861e+03
7.509706750570322583e+03
7.923388795208363263e+03
8.348614889050550119e+03
8.787610631505769561e+03
9.243307060520859523e+03
9.710681130175013095e+03
1.018635811696384917e+04
1.066689712921391219e+04
5.467596118343411945e+03
5.697539511903851235e+03
5.922140579456888190e+03
6.141965926044647858e+03
6.356237761551295080e+03
6.773099868488609900e+03
7.168911658149426330e+03
7.562428257944829966e+03
7.966856132026003252e+03
8.387304567875253269e+03
8.818563895740166117e+03
9.265282664481035681e+03
9.726605337518041779e+03
1.019829676795104206e+04
1.067685478996094935e+04
5.729363660192611860e+03
5.957242072681453465e+03
6.179454305196288260e+03
6.398438395232557014e+03
6.820138922290178016e+03
7.225637821707031435e+03
7.618314554909898106e+03
8.015716121405874219e+03
8.427597807376376295e+03
8.852613962839746819e+03
9.289247928002794652e+03
9.745379965519083271e+03
1.021171788475967878e+04
1.068760267976169234e+04
5.990125827615426715e+03
6.216160628841092148e+03
6.436855969348890540e+03
6.865568757284139792e+03
7.279830606289641764e+03
7.676959633632191071e+03
8.066801443250686134e+03
8.472639202191121512e+03
8.890120676647309665e+03
9.322927884491116856e+03
9.765798255523957778e+03
1.022802933419192050e+04
1.069885134534398640e+04
6.250008645870257169e+03
6.474230207894509476e+03
6.909781648944082008e+03
7.329020141935941865e+03
7.733542391915342705e+03
8.122095686451870279e+03
8.516039709238086289e+03
8.927515156171961280e+03
9.354695658535880284e+03
9.791714985525277370e+03
1.024568115622267032e+04
1.071178553694254151e+04
6.509117250483861426e+03
6.950747230449923336e+03
7.375332676725396595e+03
7.786400294267846220e+03
8.179281159288749222e+03
8.567500282221097223e+03
8.976331193111624088e+03
9.391771486619101779e+03
9.823589600400087875e+03
1.026808794164035862e+04
1.072984353802342230e+04
7.025354633163022299e+03
7.461698500602665263e+03
7.880975211467467489e+03
8.288297078789501029e+03
8.682848681111365295e+03
9.069664351022933261e+03
9.475466134088675972e+03
9.894746794649736330e+03
1.032524854741614399e+04
1.076896688574288964e+04
7.539403670097352006e+03
7.970741994537558639e+03
8.386664890562620712e+03
8.792685572552518352e+03
9.184175422696625901e+03
9.573024433646420221e+03
9.976141909574456804e+03
1.039434203556309330e+04
1.082553716325535788e+04
8.051683515086738225e+03
8.478986421754003459e+03
8.893347406395272628e+03
9.297466604433486282e+03
9.688077907774848427e+03
1.007324571966999974e+04
1.047578477879065940e+04
1.089920043717702174e+04
8.562511773925460147e+03
8.986800611491929885e+03
9.398666488654576824e+03
9.799650632101820520e+03
1.019279543741267298e+04
1.057560136292622519e+04
1.098084843774052752e+04
9.072133576755479226e+03
9.493041845010171528e+03
9.904762914285503939e+03
1.030160793790756725e+04
1.069227641657346794e+04
1.107559647122770002e+04
9.580741515294719647e+03
9.998649728902735660e+03
1.040731278403387842e+04
1.080410836328914593e+04
1.119661493729115136e+04
1.008848887473664217e+04
1.050430814909037508e+04
1.091190472849538855e+04
1.130880700971893384e+04
1.059549939017238466e+04
1.100985375626441964e+04
1.141501450457144347e+04
1.110187406098068095e+04
1.151427264375085724e+04
1.160769606836850835e+04
