8.281513389745728091e+02
8.454604302330934615e+02
8.511653919723686386e+02
8.586600534088152017e+02
8.639980620985928681e+02
8.761660150949008994e+02
8.895742482690002362e+02
9.073262293428275598e+02
9.201470806101898461e+02
9.415733660961617488e+02
9.658998135198135060e+02
9.933772628563550597e+02
1.016222604917729768e+03
1.032552411883865034e+03
1.046490386330601723e+03
1.063776490189353126e+03
1.083867936350309719e+03
1.106884097610846084e+03
1.121039437541750203e+03
1.135092700296587964e+03
1.170718717828048966e+03
1.203264883611881487e+03
1.221072284935203925e+03
1.235545433172939738e+03
1.254357938254834153e+03
1.268151188133477262e+03
1.284474495137900931e+03
1.298200766986456756e+03
1.312966878245013277e+03
1.319701601053443710e+03
8.595333599061400491e+02
8.669595266507395763e+02
8.728855351938633476e+02
8.796367128224034104e+02
8.920752437670120116e+02
9.090561065592074783e+02
9.258503516453944258e+02
9.498671604549784888e+02
9.721660676643379020e+02
9.928134171907755672e+02
1.015922630321356678e+03
1.037522768053135223e+03
1.054613297916151851e+03
1.071763796941285364e+03
1.090731347239709294e+03
1.115450956603616532e+03
1.131708173874473459e+03
1.147041797985268886e+03
1.162741301740691824e+03
1.199549864536621726e+03
1.222606520489319109e+03
1.242447650997012033e+03
1.265884310303620623e+03
1.274577491356873225e+03
1.286427590542173903e+03
1.303944278606965099e+03
1.327305024895178349e+03
1.341229710953022732e+03
1.357134074226525627e+03
8.840136220948079426e+02
8.910250936121614131e+02
8.978791208596572915e+02
9.158155268432983576e+02
9.369966109257153448e+02
9.531226837274469972e+02
9.732860659773510861e+02
9.915173545836752282e+02
1.012711073346236731e+03
1.035606006429417221e+03
1.061502271414316283e+03
1.078239384060609154e+03
1.098268840346662728e+03
1.122692718770741749e+03
1.145844551825700364e+03
1.160128183313131331e+03
1.184633493998668882e+03
1.196651553839973758e+03
1.222957840781351251e+03
1.240848392132022809e+03
1.263236745229657799e+03
1.285687684356367299e+03
1.303563004091828361e+03
1.313903348133255122e+03
1.338982681731942648e+03
1.353670160972549411e+03
1.373955540691192937e+03
1.388060936895083387e+03
9.168868775820925521e+02
9.235909618665267544e+02
9.371145765701786559e+02
9.523318259750485595e+02
9.728956229439768322e+02
9.926746286393345144e+02
1.010032700421941058e+03
1.031726311081534732e+03
1.056746489039526750e+03
1.084581560948535071e+03
1.104630079803560648e+03
1.128509228713169705e+03
1.151445043839422397e+03
1.179904362970856937e+03
1.191592362560890933e+03
1.202394082061636027e+03
1.212888136298483914e+03
1.240213446655584448e+03
1.262614940531356069e+03
1.285012082362579122e+03
1.301975013523682946e+03
1.327631222321330824e+03
1.352973190155827751e+03
1.372873166054677540e+03
1.385781317046734102e+03
1.402569245551327867e+03
1.419810680513340230e+03
9.393750548967940404e+02
9.547216819397984864e+02
9.701040489642185776e+02
9.915836780646174020e+02
1.011049062111206808e+03
1.030324663300101975e+03
1.050515408570379805e+03
1.081189347613903237e+03
1.107518076419251202e+03
1.134286079030824794e+03
1.165722553922406178e+03
1.186684342809034433e+03
1.197948388136200037e+03
1.212907525356597944e+03
1.222464410730817690e+03
1.229483188741083495e+03
1.260608796296296305e+03
1.285734022712197657e+03
1.310157853683831263e+03
1.331329797880189062e+03
1.354141601716272135e+03
1.375796554513222645e+03
1.396079437912245567e+03
1.421620169838500033e+03
1.443482602845059773e+03
1.452141047099079515e+03
9.868575111125359172e+02
1.008625230752248740e+03
1.029105258427118088e+03
1.048622879759862371e+03
1.073891702816882798e+03
1.102146270971669082e+03
1.135802161080811857e+03
1.173291061799732461e+03
1.196888443150620105e+03
1.210849749527798167e+03
1.222535826682588322e+03
1.240370357875418222e+03
1.250519509655556703e+03
1.261264208728357744e+03
1.276602603942940050e+03
1.307409603073531116e+03
1.337521325623150005e+03
1.366545424030920685e+03
1.386678055939538581e+03
1.407181537393718600e+03
1.437635593145477515e+03
1.463667752442996743e+03
1.479802936009131599e+03
1.503139759435706992e+03
1.525766847187408302e+03
1.047105006752538657e+03
1.069366389571460786e+03
1.094989424759387248e+03
1.129159637442635585e+03
1.152462596199969312e+03
1.193844499720275962e+03
1.220229137724550810e+03
1.236276520543654669e+03
1.250608287255818368e+03
1.268995483953622397e+03
1.280368112583794755e+03
1.295501341287636023e+03
1.311710288553262217e+03
1.326968974559138587e+03
1.353490703237446496e+03
1.387410944677477119e+03
1.416886833045296271e+03
1.445548409706514803e+03
1.473584337275190819e+03
1.501552125385823274e+03
1.528703128199294724e+03
1.559231813576494460e+03
1.575914421402596645e+03
1.602678565168837622e+03
1.122176159181498178e+03
1.147282244584146156e+03
1.172820545643491869e+03
1.205610614052594656e+03
1.246380566801619352e+03
1.265372868736504870e+03
1.278396232725361415e+03
1.297325915684076790e+03
1.311863095543530335e+03
1.325016647256228453e+03
1.340191921135916573e+03
1.361173931575243159e+03
1.372357185746647929e+03
1.406683761645233744e+03
1.440548607367475370e+03
1.471615175366587891e+03
1.504374494379982025e+03
1.532404052050445216e+03
1.576360995801921263e+03
1.589675814121005487e+03
1.614101319829512022e+03
1.627369428287700430e+03
1.640557168846684363e+03
1.185347923138214583e+03
1.217011977873108890e+03
1.253325471993892961e+03
1.286054507337526275e+03
1.304767006840870863e+03
1.325916829285190715e+03
1.340432744783306589e+03
1.354635875688423084e+03
1.370879180928361166e+03
1.390606087552798272e+03
1.406123541279638857e+03
1.420826911806880162e+03
1.460444531562464135e+03
1.497656538381957262e+03
1.533578083491461030e+03
1.575839432804397120e+03
1.603905960489022618e+03
1.621450483930187374e+03
1.643159749720147374e+03
1.662694132752710402e+03
1.683859361933025866e+03
1.694331341237967763e+03
1.268421642299731730e+03
1.297247899159663802e+03
1.327803938697063813e+03
1.350105869483808647e+03
1.362668045596617048e+03
1.383871620172278426e+03
1.402173855967493182e+03
1.421787298345926274e+03
1.437670306370046774e+03
1.453655657007003583e+03
1.469439180734658066e+03
1.517053826682549015e+03
1.566788608510401900e+03
1.592482059263327983e+03
1.621289607535416508e+03
1.643134824304273934e+03
1.674614627139178310e+03
1.688067498534399192e+03
1.718473186818363729e+03
1.731006270424836657e+03
1.741893585321294950e+03
1.340959844876508441e+03
1.374541012496530357e+03
1.390270860887759909e+03
1.411499502396062098e+03
1.431876435501859305e+03
1.453684282484457981e+03
1.469958209067164944e+03
1.487415392106209538e+03
1.503897002492141610e+03
1.527786617021276470e+03
1.579940337717007424e+03
1.610301734043707256e+03
1.639607255660927649e+03
1.673702929037736112e+03
1.698530050693361773e+03
1.714502314528816214e+03
1.733842061801325372e+03
1.756357506361323203e+03
1.786908408602150530e+03
1.798216292070078225e+03
1.418155780376980147e+03
1.438290683497628379e+03
1.460712463380090412e+03
1.483734890249815408e+03
1.505814908885429759e+03
1.524854508132055571e+03
1.549196635142829336e+03
1.566681899641577047e+03
1.584518721461187170e+03
1.619078629232039702e+03
1.656599342626208454e+03
1.686643625585720656e+03
1.717703303607567022e+03
1.738867360542075403e+03
1.764735961768219795e+03
1.790450426743522257e+03
1.814091642221192842e+03
1.825224489795918316e+03
1.857854749764621147e+03
1.490095217317129254e+03
1.522128833481876427e+03
1.539688924806563818e+03
1.556156788931436495e+03
1.573562403395420006e+03
1.590771770917745698e+03
1.611051083847659129e+03
1.624578725529208896e+03
1.663303019513453137e+03
1.699558895366139041e+03
1.725077601353648788e+03
1.766632046794057032e+03
1.787047355083940602e+03
1.809692777658508703e+03
1.834811078488941121e+03
1.851157290194062398e+03
1.869391818394024313e+03
1.893359835587275256e+03
1.558376185716016380e+03
1.579860359329789389e+03
1.597422831930383609e+03
1.611891142244900038e+03
1.631316829800436381e+03
1.652136343338734150e+03
1.667970256023766524e+03
1.706227908122591771e+03
1.739340522119341585e+03
1.774476944441448950e+03
1.805981416029784896e+03
1.821780673758865305e+03
1.847107425972338206e+03
1.879538541424474943e+03
1.900319726362826941e+03
1.908004629230448927e+03
1.943012929745889551e+03
1.617901515447420707e+03
1.637605097075685308e+03
1.653799480080515423e+03
1.675060183195192394e+03
1.693893257747991584e+03
1.710583515328861495e+03
1.744025577216809552e+03
1.782343589385909581e+03
1.810215940447865478e+03
1.837700219270341222e+03
1.862668039215686576e+03
1.893168536877157749e+03
1.920792901477401756e+03
1.933394496889079392e+03
1.949119309506379750e+03
1.982241375331717791e+03
1.672580628570992531e+03
1.698623733738119881e+03
1.713052019920632802e+03
1.730417646049381801e+03
1.749534677060649983e+03
1.791133887664720532e+03
1.820340674699208876e+03
1.850958990378126146e+03
1.878153209979042686e+03
1.905384569915354405e+03
1.928366577258477264e+03
1.958660642208294803e+03
1.972573913043478342e+03
1.997968866749688459e+03
2.024194473841623449e+03
1.730848160746846361e+03
1.750826744186046426e+03
1.768887322053284151e+03
1.781881402486824300e+03
1.816655836238399615e+03
1.850436818126819389e+03
1.885789759557290154e+03
1.907314933647050566e+03
1.939889194613332393e+03
1.965989510018536748e+03
1.991422088864642092e+03
2.015215588054422142e+03
2.035690755743536783e+03
2.060407864444980987e+03
1.784778687180167026e+03
1.798348112462916106e+03
1.817332323500921120e+03
1.850382976583176287e+03
1.887068557669911343e+03
1.922052278545826994e+03
1.949595143519175281e+03
1.977975876436779799e+03
1.996292438271604851e+03
2.015293614827842248e+03
2.041662454470535749e+03
2.077852138300507704e+03
2.070706867671691725e+03
1.833434026988393498e+03
1.851984756177707823e+03
1.883714416507440319e+03
1.923258672210611849e+03
1.937850449015704498e+03
1.980088476388476238e+03
2.004087033562643455e+03
2.032684506560042792e+03
2.047370869096172328e+03
2.080633455897486328e+03
2.076980550471213519e+03
2.106606874280368629e+03
1.886096442277771757e+03
1.919164195287266239e+03
1.943445373184734990e+03
1.981299212179372489e+03
1.999813604234137301e+03
2.034898871845768781e+03
2.053411697931698200e+03
2.072398084728564299e+03
2.099102609642890911e+03
2.126915553820122568e+03
2.146282753034434791e+03
1.977991175968595371e+03
2.012808482903795493e+03
2.025722992959213343e+03
2.067391924743800246e+03
2.094758863185898008e+03
2.116386249061896251e+03
2.140141190476190332e+03
2.169825298138452581e+03
2.191698314516774644e+03
2.202779782589325350e+03
2.050421286192489333e+03
2.091512616104763310e+03
2.120151343193843331e+03
2.145113391982038138e+03
2.177649083871654511e+03
2.204497807003021535e+03
2.234294819313314292e+03
2.242192819583191977e+03
2.273390985162180641e+03
2.139675929932490817e+03
2.172799097481040462e+03
2.197820761057227628e+03
2.225716759626626754e+03
2.262143504475750433e+03
2.281522815527865987e+03
2.316791622994436693e+03
2.325409109928003545e+03
2.209979355565069909e+03
2.241642458587619785e+03
2.279126523867813376e+03
2.295437439728293157e+03
2.345984427304768360e+03
2.361382550335570613e+03
2.399893223443223178e+03
2.276547885007712466e+03
2.314414166050751646e+03
2.379768244658567255e+03
2.377502840939680482e+03
2.420773798097454801e+03
2.434082089552238813e+03
2.385673045536233531e+03
2.389460735336958351e+03
2.438644551936090920e+03
2.470333333333333485e+03
2.480951288882488370e+03
2.442761525044822974e+03
2.473201346530795945e+03
2.495013412262872862e+03
2.545364042000981499e+03
2.511143122068757748e+03
2.553872284424393456e+03
2.573862965942611936e+03
2.593592453036260395e+03
2.643679365079364743e+03
2.680259764309764705e+03
