1.896711505716370766e+03
1.839743830207305109e+03
1.781498935770627213e+03
1.723110052103189673e+03
1.660866237113402121e+03
1.532626855779427387e+03
1.396009543285616928e+03
1.316801500882872233e+03
1.261142764333279274e+03
1.181123275557127727e+03
1.089074726959187501e+03
9.979376046901172685e+02
9.118461002785514893e+02
8.590792239288601877e+02
8.339332685455134424e+02
8.567004115226337717e+02
9.111238654564868966e+02
9.349025844930417861e+02
9.179804075235109622e+02
8.298663793103448825e+02
7.664349030470914386e+02
8.689074074074073906e+02
6.710499999999999545e+02
5.188639455782313235e+02
1.035454545454545496e+03
6.188600000000000364e+03
9.613000000000000000e+03
1.071800000000000000e+04
1.016200000000000000e+04
6.883666666666666970e+03
1.830977215823735605e+03
1.774875873459535114e+03
1.715465146244040625e+03
1.656740290309925513e+03
1.528671954826566207e+03
1.391681447713772513e+03
1.291782953710506945e+03
1.236939723801787068e+03
1.159140805107288543e+03
1.067415656857087924e+03
9.762111905763567847e+02
8.885283547257876080e+02
8.213122329059829099e+02
8.059103153745072632e+02
8.168121111571962274e+02
8.560134553283099876e+02
8.614314115308151258e+02
8.550872698158526646e+02
7.650239574090505812e+02
8.151780366056572120e+02
7.818166666666667197e+02
6.055625000000000000e+02
6.858392857142856656e+02
8.213888888888889142e+02
7.846750000000000000e+03
9.554000000000000000e+03
1.249933333333333394e+04
9.374333333333333940e+03
8.168000000000000000e+03
1.773456373243974667e+03
1.717086973580957419e+03
1.655927217287551457e+03
1.529733842377965630e+03
1.393279170752206255e+03
1.263539659438218678e+03
1.217009894566098865e+03
1.142388346065020414e+03
1.050434606481481524e+03
9.624068731438269424e+02
8.714717467760843874e+02
7.882592690677965948e+02
7.866688896298766167e+02
7.848344481605350893e+02
7.957262094630515321e+02
7.977532981530342795e+02
7.945423452768729931e+02
7.278759328358208904e+02
7.654666666666666970e+02
7.996805111821086030e+02
6.209861751152074021e+02
6.381368421052632129e+02
1.648440000000000055e+03
1.162266666666666606e+04
8.954000000000000000e+03
1.013175000000000000e+04
8.618500000000000000e+03
9.833000000000000000e+03
1.721076892483096799e+03
1.661621403603119006e+03
1.534922917530045652e+03
1.399767144682663684e+03
1.252045950269012565e+03
1.202907794522767745e+03
1.129993064200604749e+03
1.038293776575183529e+03
9.497175669927689796e+02
8.599254892713983054e+02
7.725754115772703017e+02
7.649267068273092036e+02
7.512036727879799400e+02
7.458032443746729996e+02
7.507715231788079109e+02
6.947973602484471485e+02
7.209490316004076931e+02
7.263587921847247344e+02
7.299796610169491942e+02
6.085240641711229728e+02
7.710833333333333712e+02
8.549799999999999272e+03
1.029120000000000073e+04
8.091199999999999818e+03
9.436000000000000000e+03
1.028860000000000036e+04
9.196750000000000000e+03
1.669580768183056307e+03
1.543189729956625115e+03
1.407720977011494142e+03
1.261318757361601911e+03
1.187060196362465831e+03
1.121813634745461059e+03
1.030183843471522778e+03
9.401048267063576986e+02
8.534216382575757507e+02
7.625277851635203206e+02
7.280198438516590613e+02
7.245773537951057506e+02
7.091892172109901367e+02
6.910012861736333889e+02
6.462902476780185452e+02
7.483387096774193878e+02
6.879341864716635655e+02
7.364891304347826235e+02
7.194155844155843624e+02
9.311451612903225623e+02
8.072857142857143117e+03
6.990285714285714675e+03
7.925000000000000000e+03
7.988333333333333030e+03
9.674399999999999636e+03
1.014475000000000000e+04
1.573184743571325953e+03
1.437138688282977228e+03
1.289918376584188309e+03
1.159884827477548470e+03
1.116775284900284987e+03
1.028181235431235336e+03
9.425011800042909726e+02
8.506039392501186285e+02
7.674954276492737790e+02
6.925437990580848009e+02
6.776590177133655288e+02
6.613939857288480653e+02
6.267134724857685342e+02
6.468816925734024608e+02
7.033465227817745244e+02
6.588220858895705305e+02
7.479516129032258505e+02
9.499436619718310340e+02
1.378551724137930933e+03
9.562875000000000000e+03
1.183950000000000000e+04
1.028116666666666606e+04
8.893500000000000000e+03
9.292000000000000000e+03
7.815333333333333030e+03
1.478402085222121514e+03
1.332975228363523684e+03
1.182924225575853825e+03
1.106123756327456704e+03
1.037427989130434753e+03
9.561854162185416044e+02
8.686124253285543091e+02
7.826862162162161667e+02
6.847838581473555450e+02
6.270636397469296526e+02
6.383385390428211394e+02
6.140610932475884738e+02
6.262154648132059265e+02
6.882027534418022015e+02
6.448688172043010809e+02
8.612700421940928663e+02
9.146538461538461888e+02
1.590115384615384528e+03
1.104450000000000000e+04
1.005739999999999964e+04
1.086560000000000036e+04
1.050800000000000000e+04
7.813000000000000000e+03
9.980666666666666060e+03
1.376017192429022089e+03
1.229273595596567930e+03
1.086241529688024229e+03
1.044599234449760843e+03
9.665669073916737943e+02
8.903319789674952744e+02
7.983983957219251124e+02
6.947030176277263536e+02
6.158660049627791295e+02
6.201482741857073506e+02
6.393348775645267779e+02
6.282184508268059062e+02
6.832658536585365709e+02
6.743015873015873467e+02
6.740992366412214096e+02
7.731982758620689538e+02
1.218702127659574444e+03
9.085500000000000000e+03
1.016200000000000000e+04
8.569500000000000000e+03
4.445714285714285325e+03
4.363714285714285325e+03
3.999699999999999818e+03
1.289073975783712058e+03
1.137183923705722009e+03
1.052947063224841031e+03
9.886284992633129605e+02
9.204089502499405171e+02
8.287986737400530046e+02
7.343051051051050990e+02
6.423485535029626590e+02
6.073213321332133319e+02
6.742951039570757530e+02
6.586314432989690886e+02
6.641827468785470501e+02
6.976377440347071115e+02
5.941890909090909645e+02
7.656481481481481524e+02
1.051723404255319110e+03
1.029950000000000000e+04
5.925625000000000000e+03
4.495100000000000364e+03
4.740750000000000000e+03
4.011583333333333485e+03
2.830846153846153811e+03
1.206472701901273240e+03
1.047861230329041518e+03
1.015034818652849708e+03
9.588974480151229045e+02
8.736241040615874454e+02
7.870438066465256952e+02
7.016663161584297086e+02
6.201379310344827900e+02
6.828412098298676938e+02
6.836539735099337349e+02
7.042765027322404876e+02
6.443302063789868726e+02
5.654125874125874134e+02
6.798396226415094361e+02
9.017659574468085566e+02
3.907333333333333485e+03
4.335307692307692378e+03
3.607076923076922867e+03
3.950266666666666879e+03
2.770176470588235134e+03
2.803411764705882433e+03
1.123873329672341242e+03
1.035216928025733750e+03
9.974320728291316982e+02
9.323162803090860962e+02
8.547967133292756898e+02
7.588094411662617631e+02
6.684959415584415865e+02
6.247752867570385433e+02
7.168112164296998117e+02
7.469625267665952606e+02
6.067283333333333530e+02
5.301543624161073467e+02
6.677520661157025188e+02
1.264929824561403620e+03
4.302466666666666242e+03
3.318235294117646845e+03
3.052705882352940989e+03
2.834947368421052488e+03
5.359500000000000000e+03
7.046409090909090992e+03
1.042135849779651380e+03
1.052003023255814014e+03
9.986596425713523786e+02
9.149671092335546518e+02
8.244771869639794204e+02
7.255596221959858667e+02
6.407500000000000000e+02
7.470936329588015496e+02
7.947299492385786834e+02
6.187981651376146601e+02
5.631306818181818699e+02
6.936577181208053844e+02
1.104412698412698319e+03
4.081176470588235134e+03
5.174043478260869961e+03
5.808035714285714675e+03
7.405333333333333030e+03
7.138727272727272975e+03
8.701473684210526699e+03
1.095311605723370349e+03
1.058235014523369500e+03
9.776663693131132504e+02
8.884360699865410425e+02
7.901259089169536765e+02
6.882834295868502750e+02
6.525729885057471620e+02
8.090731481481481069e+02
6.504585635359115940e+02
5.395480093676815159e+02
5.796770833333333712e+02
2.245960526315789593e+03
7.044931034482759060e+03
6.659375000000000000e+03
7.854974358974359347e+03
8.613276595744680890e+03
8.501434782608695969e+03
8.428586956521739921e+03
1.111565116279069798e+03
1.039731386861313922e+03
9.560812685827552286e+02
8.566921062476618545e+02
7.535349829351536073e+02
6.685687372708757721e+02
8.129657190635451798e+02
7.097872062663185488e+02
5.895103305785123666e+02
9.133928571428571104e+02
3.118697674418604493e+03
5.948590163934426528e+03
8.418254901960784991e+03
8.546920000000000073e+03
8.376200000000000728e+03
8.860354166666666060e+03
9.086187500000000000e+03
1.103228915662650707e+03
1.018184814216478230e+03
9.254065573770491255e+02
8.225305028854080547e+02
7.184980934223069653e+02
6.918744588744589237e+02
7.709137500000000500e+02
6.090111317254173855e+02
8.977727272727272521e+02
3.755137096774193651e+03
5.785445783132529868e+03
8.695945454545453686e+03
8.245672727272727570e+03
9.162452830188678490e+03
8.987615384615384755e+03
8.825745454545454777e+03
1.082313781141595655e+03
9.953884150675195315e+02
8.931436597110754292e+02
7.895540355677154594e+02
7.011287506819421651e+02
8.499274486094317353e+02
6.991860465116278647e+02
9.280921409214091682e+02
3.546162337662337450e+03
5.499752688172043236e+03
8.857813559322034052e+03
8.982483333333333576e+03
9.252813559322034052e+03
9.773899999999999636e+03
9.555949152542372758e+03
1.058910003461405267e+03
9.671286048324240028e+02
8.566047535211267814e+02
7.605048198883815758e+02
9.391886120996441605e+02
8.058527131782946071e+02
9.066102941176470722e+02
2.704016129032258050e+03
5.584923809523809723e+03
9.445712121212121929e+03
9.544776119402984477e+03
9.847338709677418592e+03
9.137513888888888687e+03
9.618432432432431597e+03
1.033074677786201619e+03
9.376579846285226267e+02
8.232076476282671820e+02
1.025989643268124382e+03
8.191666666666666288e+02
8.051663019693654633e+02
1.971008333333333439e+03
6.058794642857143117e+03
9.324375000000000000e+03
9.119303797468353878e+03
9.742765432098765814e+03
9.693320987654320561e+03
9.803962962962963502e+03
1.007017427385892120e+03
9.051935483870968255e+02
9.567866795366795714e+02
8.921767241379310462e+02
7.662642276422764098e+02
1.652766891891891873e+03
4.527007042253520922e+03
7.320460000000000036e+03
9.940629213483145577e+03
9.457067415730336506e+03
1.026495294117647063e+04
1.059677647058823459e+04
9.769310344827586050e+02
7.836167832167832330e+02
9.394804469273742598e+02
7.395102420856610479e+02
1.439625000000000000e+03
4.111530864197530718e+03
6.833341880341879914e+03
1.009262365591397793e+04
1.024883870967741859e+04
1.065591208791208737e+04
1.075808045977011534e+04
9.034111936036550787e+02
1.158489932885906001e+03
8.860569514237855628e+02
9.278959810874704317e+02
1.867036764705882433e+03
5.365704697986577230e+03
9.160554545454546314e+03
1.103955670103092780e+04
1.125639361702127644e+04
1.122080232558139505e+04
8.927959658650116808e+02
1.116886400000000094e+03
1.002527162977867192e+03
1.555696696696696790e+03
2.500135746606335033e+03
7.664991935483871202e+03
1.113658762886598015e+04
1.153486021505376266e+04
1.170227777777777737e+04
1.421212264150943383e+03
1.106411764705882433e+03
1.168628787878787989e+03
1.614079422382671510e+03
3.877854748603352164e+03
8.306734513274335768e+03
1.217251648351648328e+04
1.215528735632183998e+04
1.383658627087198511e+03
1.095949656750572103e+03
1.354952978056426446e+03
1.722867521367521476e+03
4.693590604026845540e+03
9.429359223300971280e+03
1.282007954545454595e+04
1.335787139689578680e+03
1.293616901408450758e+03
1.356856060606060510e+03
2.676716494845361012e+03
6.431358333333333576e+03
1.118669892473118307e+04
1.537632707774798973e+03
1.339667796610169489e+03
1.598008810572687253e+03
3.285982456140350678e+03
8.025323809523809359e+03
1.458974522292993697e+03
1.458607999999999947e+03
2.098584615384615518e+03
4.322213793103448552e+03
1.470937037037037044e+03
1.560560747663551410e+03
3.314723529411764503e+03
1.584866379310344882e+03
2.067869109947644120e+03
1.740990000000000009e+03
