9.473557246376811236e+03
9.515267352185090203e+03
9.555885044642856883e+03
9.633276096822995896e+03
9.679947449175297152e+03
9.779781940063090588e+03
9.885534902597402834e+03
9.960498751040799107e+03
1.003880641025640944e+04
1.011829969284774052e+04
1.019067326732673246e+04
1.024292208390963606e+04
1.034594789199431580e+04
1.039533139534883776e+04
1.045296279761904771e+04
1.052224199288256204e+04
1.060461646690984890e+04
1.065853226666666706e+04
1.069129869423286254e+04
1.078934542410714312e+04
1.090219411764705910e+04
1.104372580645161361e+04
1.115493411611219744e+04
1.126526488706365490e+04
1.138443103448275906e+04
1.150894281414597390e+04
1.161873858267716605e+04
1.167861311475409821e+04
1.177532506415739954e+04
1.187207747105966155e+04
9.601510970621047818e+03
9.684950075642966112e+03
9.730583588957055326e+03
9.794975875486381483e+03
9.904156124899920542e+03
9.985083812654067515e+03
1.006322386172006736e+04
1.015391298701298729e+04
1.025089452603471364e+04
1.033035114155251176e+04
1.038836728971962657e+04
1.045368103448275906e+04
1.054579488440727982e+04
1.060661600402616932e+04
1.067295105615662033e+04
1.073366596417281289e+04
1.081113452188006522e+04
1.087440994475138177e+04
1.091159785673998886e+04
1.102217992874109223e+04
1.118241666666666606e+04
1.132013993399339961e+04
1.143643252595155718e+04
1.155317851959361360e+04
1.166013677811550224e+04
1.175593973037272008e+04
1.185461327800829895e+04
1.194101893287435450e+04
1.201319658886894103e+04
9.791429996164173645e+03
9.858391592059166214e+03
9.901610410094637700e+03
1.001793790584415547e+04
1.011959674728940809e+04
1.018560273387441339e+04
1.025853000438020172e+04
1.035098290598290623e+04
1.041319271553711405e+04
1.050653027436140110e+04
1.056724491771539215e+04
1.063982440476190459e+04
1.071971159715157592e+04
1.080273423658155298e+04
1.086222559999999976e+04
1.089979107725788890e+04
1.099755103179029538e+04
1.107881257142857066e+04
1.119123978365384573e+04
1.134288101265822843e+04
1.145364029255319110e+04
1.154226722338204672e+04
1.171102124542124511e+04
1.177516717557251832e+04
1.189589545091779655e+04
1.200207005838198529e+04
1.212496953872933045e+04
1.217347743682310465e+04
9.966110015772870611e+03
1.003195398159263641e+04
1.013126469379366972e+04
1.023200548986486501e+04
1.030442906574394510e+04
1.040826545131169405e+04
1.047414253187613758e+04
1.055132291180587890e+04
1.063711781609195350e+04
1.072965781710914416e+04
1.079050527903469083e+04
1.086793202883625054e+04
1.093901106427818740e+04
1.102248244192328457e+04
1.107219139547710984e+04
1.112644363021420577e+04
1.115611774842044724e+04
1.132846783980582586e+04
1.148030966090850961e+04
1.160854869039623918e+04
1.173495271700776357e+04
1.189017307692307622e+04
1.198657683397683468e+04
1.205055510860820505e+04
1.217640588235294126e+04
1.226041644794400781e+04
1.240936538461538476e+04
1.015069059205190570e+04
1.026145666666666693e+04
1.034932478632478706e+04
1.041162073490813600e+04
1.049173363228699600e+04
1.057326645190980162e+04
1.068640803782505827e+04
1.075736544046466588e+04
1.083575694444444525e+04
1.091550127097102268e+04
1.101007191245440299e+04
1.107527253333333283e+04
1.111751904243743229e+04
1.122710602678571377e+04
1.130004968589377495e+04
1.129939802440441599e+04
1.144472827417380722e+04
1.161961136216914201e+04
1.176225559322033951e+04
1.188232122507122585e+04
1.199434944237918171e+04
1.210070674941815378e+04
1.224251626016260161e+04
1.232828958509737458e+04
1.244305996472663173e+04
1.254806611570247878e+04
1.051354615384615317e+04
1.059809417433201997e+04
1.067160807174887850e+04
1.074494439338235316e+04
1.086857675956542334e+04
1.096061646489104169e+04
1.103882440476190459e+04
1.110747157360406163e+04
1.122476810838978599e+04
1.127160564129856357e+04
1.134036289445048897e+04
1.145629017857142935e+04
1.153377612792689979e+04
1.153626147588611275e+04
1.160032918149466241e+04
1.179141640576080135e+04
1.192486315789473701e+04
1.206535817805382976e+04
1.220195586107091185e+04
1.233589082638362379e+04
1.247024088748018949e+04
1.253629975227085015e+04
1.268817110920034429e+04
1.280097124887690916e+04
1.292709990662931887e+04
1.087068926807364187e+04
1.093157142857142935e+04
1.105084905660377444e+04
1.115362312530237068e+04
1.124259246405552767e+04
1.132128680203045769e+04
1.144433663366336623e+04
1.149657104843001616e+04
1.156863710554951103e+04
1.167686677814938594e+04
1.175149543899657874e+04
1.173634973943254226e+04
1.181051744529863936e+04
1.190013119709794410e+04
1.206564458598726196e+04
1.223565974547890073e+04
1.239277535211267605e+04
1.256659704797047925e+04
1.269822376543209793e+04
1.280027616747182037e+04
1.292384214945423992e+04
1.303717935258092803e+04
1.320673901098901115e+04
1.332914624881291638e+04
1.117265667447306805e+04
1.128916105769230853e+04
1.138690241498275100e+04
1.147979090909090883e+04
1.159962849740932688e+04
1.166109105346744400e+04
1.174201624255549541e+04
1.185971087680355231e+04
1.195724957362137502e+04
1.196539676113360292e+04
1.204360897814530472e+04
1.214413776435045293e+04
1.223680655129789920e+04
1.239966254876462881e+04
1.256932991803278674e+04
1.271122619899785241e+04
1.289328303303303255e+04
1.305229874213836410e+04
1.314100163532297665e+04
1.326024893435635204e+04
1.341348799999999937e+04
1.346943462246777199e+04
1.361585153256705053e+04
1.157707673389080264e+04
1.168613017154389490e+04
1.182262383419689104e+04
1.189513135593220250e+04
1.197437574445046084e+04
1.210385619100499753e+04
1.219954235361000610e+04
1.221816493055555475e+04
1.230829627439384967e+04
1.239848580060423046e+04
1.249549690976514285e+04
1.258769696969696997e+04
1.274561803713527843e+04
1.287880972222222226e+04
1.311020058565153704e+04
1.318929398324447902e+04
1.337124481658692275e+04
1.347276578073089695e+04
1.360237543252595242e+04
1.365693017009847790e+04
1.379402420856610843e+04
1.385191023166023115e+04
1.205459616381544765e+04
1.213829268292682900e+04
1.221554333694474553e+04
1.235734074485825477e+04
1.244287606594656063e+04
1.246649074074074088e+04
1.256851005917159819e+04
1.267054930429522028e+04
1.277238180693069262e+04
1.286819658659924062e+04
1.288613376205787790e+04
1.310540893703453003e+04
1.325197230113636397e+04
1.343692862453531598e+04
1.359885780885780878e+04
1.368412045270816452e+04
1.378436333052985719e+04
1.389434847161571997e+04
1.403830300272975364e+04
1.412382264150943411e+04
1.430658488714425948e+04
1.246542787418655098e+04
1.261303617139677226e+04
1.268879249573621382e+04
1.273132213209733527e+04
1.283835841232227540e+04
1.294500847970926770e+04
1.304375417956656383e+04
1.314279822896900623e+04
1.316490604890604845e+04
1.327662105263157900e+04
1.348243845089903152e+04
1.364584503982621209e+04
1.379784242424242439e+04
1.388295515342250110e+04
1.395757119476268417e+04
1.414223870417732360e+04
1.420632683790965530e+04
1.433058585858585866e+04
1.445362846227316186e+04
1.452912031558185481e+04
1.295126180990324428e+04
1.298294322132097295e+04
1.310229045643153586e+04
1.321335212121212135e+04
1.330051980198019737e+04
1.341925253164557034e+04
1.343701415701415681e+04
1.355321513157894697e+04
1.362857947686116677e+04
1.384509950599858894e+04
1.400618128224023530e+04
1.407539250191277824e+04
1.418503187250996052e+04
1.433098006644518318e+04
1.440649956933677822e+04
1.448772743521000848e+04
1.466536431226765853e+04
1.467680902111324394e+04
1.471825962487660399e+04
1.335939537640782510e+04
1.346668322228952093e+04
1.355788991960420572e+04
1.367991271347248585e+04
1.371006177606177516e+04
1.383042236842105194e+04
1.389932774798927676e+04
1.395561527967257825e+04
1.415462992125984238e+04
1.427892692020879986e+04
1.441509175738724662e+04
1.442273354735152498e+04
1.453223789649415630e+04
1.464653206239168139e+04
1.468410564010743110e+04
1.476826388888888869e+04
1.492177093358999082e+04
1.497443992055610761e+04
1.382377551020408100e+04
1.393165129500947478e+04
1.398323552123552145e+04
1.409876068376068361e+04
1.417000401875418538e+04
1.423883219645293320e+04
1.430127013888888905e+04
1.445147314949201791e+04
1.448788429752066077e+04
1.460312890625000000e+04
1.473714808787632137e+04
1.475050461796809395e+04
1.476438181818181874e+04
1.491875517551755183e+04
1.497749953401677521e+04
1.522067475728155296e+04
1.529394176706827238e+04
1.425623423423423446e+04
1.434831561679789957e+04
1.439203602401600983e+04
1.445261167684996690e+04
1.451595162404975781e+04
1.459580112834978900e+04
1.464852262773722578e+04
1.480154490106544836e+04
1.484513947990543784e+04
1.486368241042345289e+04
1.493552064026958760e+04
1.511763093145869971e+04
1.519039818181818191e+04
1.542889194312796280e+04
1.548747058823529369e+04
1.560770719351570369e+04
1.463094943446440448e+04
1.469337643872714943e+04
1.474818595041322260e+04
1.477871568627451052e+04
1.487319814682822471e+04
1.493441715976331398e+04
1.499181470137825454e+04
1.496560426540284425e+04
1.514473212818405955e+04
1.519874872231686459e+04
1.537217699115044161e+04
1.554410239852398445e+04
1.564472354623450883e+04
1.584643564356435672e+04
1.589656996935648567e+04
1.499874295532646101e+04
1.501091416608513646e+04
1.509547480482611718e+04
1.512358459323254101e+04
1.513193828996282537e+04
1.518913944530046138e+04
1.525842218675179538e+04
1.544252289758534607e+04
1.554928089887640454e+04
1.574977607913669090e+04
1.578007799442896976e+04
1.591772046109510120e+04
1.594107707509881402e+04
1.610754358974358911e+04
1.531492438162544204e+04
1.536550897343862198e+04
1.537688355167394548e+04
1.540408502633559146e+04
1.544395723172628277e+04
1.556665561843168871e+04
1.568852013422818709e+04
1.580927154046997384e+04
1.597834538878842613e+04
1.607288213283442383e+04
1.602037452107279751e+04
1.616942047713717693e+04
1.628113846153846134e+04
1.554937789017341129e+04
1.551573484295105845e+04
1.563289681335356545e+04
1.573286141732283431e+04
1.585742763695829854e+04
1.597747667514843124e+04
1.610794635004397605e+04
1.601772702702702736e+04
1.626578142589118215e+04
1.624151734104046227e+04
1.642336436436436270e+04
1.640016529774127412e+04
1.589597026022304817e+04
1.594698230769230759e+04
1.597718918918919007e+04
1.614213305785123885e+04
1.623605051369863031e+04
1.624036211453744545e+04
1.637309662716499588e+04
1.641047507055503229e+04
1.663220332355816208e+04
1.671687399193548481e+04
1.685905949895615777e+04
1.649748194662480455e+04
1.664874327628361789e+04
1.669799915824915661e+04
1.678582419495213253e+04
1.696656407942238366e+04
1.702053774464119124e+04
1.724372797676669870e+04
1.745103417085427282e+04
1.756635617860851562e+04
1.772294522019334181e+04
1.731400000000000000e+04
1.739013471502590619e+04
1.760487354260089705e+04
1.764796762257169394e+04
1.794401735776277565e+04
1.815999699699699704e+04
1.824750567595459142e+04
1.846890792291220714e+04
1.860311381215469737e+04
1.828176318141197407e+04
1.834839022140221277e+04
1.868957129094412448e+04
1.886062512462611994e+04
1.901521546391752418e+04
1.918763859275053255e+04
1.930421758241758289e+04
1.949738566552901102e+04
1.935726749760306848e+04
1.957393936381709864e+04
1.973866906474820280e+04
1.989482590233545488e+04
2.008383863885839673e+04
2.033333940774487564e+04
2.044410760233917972e+04
2.045552868852459142e+04
2.063701588983050897e+04
2.085726754385964887e+04
2.104926757369614643e+04
2.123458878504672975e+04
2.139434096385542216e+04
2.157978797814207792e+04
2.178061129943502965e+04
2.204662967289719745e+04
2.224546924004825269e+04
2.240791055900620995e+04
2.277712572759022078e+04
2.303981807228915568e+04
2.321225806451612880e+04
2.337914540816326553e+04
2.398332920792079312e+04
2.415200381679389466e+04
2.431743717277486940e+04
2.512719084967320305e+04
2.538673180592991775e+04
2.656482033426183989e+04
