1.925028811086797987e+03
2.037448836350203237e+03
2.155173864063086967e+03
2.269460746951219335e+03
2.388049382716049422e+03
2.629583167923779456e+03
2.882336460032626292e+03
3.143474015088013402e+03
3.409815212720240652e+03
3.691898499558693857e+03
3.975450882752376856e+03
4.271126623376623684e+03
4.573068225190839257e+03
4.865535871156661415e+03
5.170966033966034047e+03
5.493188428059395847e+03
5.789434396236278189e+03
6.124571199143469130e+03
6.459045529347229603e+03
6.758490776970374100e+03
7.610222550177095400e+03
8.471990671641791778e+03
9.356585891574133711e+03
1.025832419465387284e+04
1.117526470588235316e+04
1.210057164291072695e+04
1.308449686028257383e+04
1.407995000000000073e+04
1.508120580700256141e+04
1.609706761565836314e+04
1.810837260536398389e+04
2.024713195876288592e+04
2.238448842337376118e+04
2.476459881656804646e+04
2.704718411097099670e+04
2.914369189907038526e+04
3.174960906515580791e+04
3.403598360655737633e+04
3.642290423861852469e+04
3.863843513957307005e+04
2.104723723723723651e+03
2.217392911585365709e+03
2.333366126543209703e+03
2.448065387627251312e+03
2.691169484702093541e+03
2.945307278742762719e+03
3.201474576271186379e+03
3.477272251308900650e+03
3.747962036623492622e+03
4.043168580615526025e+03
4.326748705882352624e+03
4.627850048216007963e+03
4.926416378885051927e+03
5.232609201213346751e+03
5.548833678756476729e+03
5.857418653948066094e+03
6.176426948051947875e+03
6.509293237250554739e+03
6.832117647058823422e+03
7.670898032200358102e+03
8.545191944619256901e+03
9.385558842866535997e+03
1.031842243767313084e+04
1.122749239681390281e+04
1.219158984078847607e+04
1.314426524148851968e+04
1.418926986754966856e+04
1.510325559380378581e+04
1.615286123545210467e+04
1.821230048309178892e+04
2.025433402489626678e+04
2.249248387096774240e+04
2.485007040572792539e+04
2.705138022813688076e+04
2.940546837146702455e+04
3.169296164772727207e+04
3.422668222891566256e+04
3.670468730158729886e+04
3.908659833333333518e+04
2.276800077190273896e+03
2.389047786917351914e+03
2.507928117553613902e+03
2.749285481239804085e+03
3.004051195971464495e+03
3.257821658788139302e+03
3.528084178052005427e+03
3.804345388788426590e+03
4.097928604543347319e+03
4.390015245354930812e+03
4.682049292337726001e+03
4.985287856071963688e+03
5.302507172131147854e+03
5.596546310832025483e+03
5.916947030497592095e+03
6.248837630279758741e+03
6.543788708775852683e+03
6.882518582046884148e+03
7.736087009063444384e+03
8.584675778766688381e+03
9.459808127914722718e+03
1.039160294117647027e+04
1.130300366032210877e+04
1.225113169984686101e+04
1.322649319455564364e+04
1.419580416666666679e+04
1.515932149046793711e+04
1.624749456521739194e+04
1.824323226433430682e+04
2.039185340314136192e+04
2.270455630630630549e+04
2.485497365269461079e+04
2.724029923273657187e+04
2.942909189189189055e+04
3.172989714285714217e+04
3.359600447093889670e+04
3.663212082670906238e+04
3.916264991624790855e+04
2.442967434471803244e+03
2.559643173580346229e+03
2.804668874172185497e+03
3.053058124734832290e+03
3.313690932868352320e+03
3.575940231935771408e+03
3.862553874369555160e+03
4.143846732487070767e+03
4.443175024108003527e+03
4.739053800592299922e+03
5.039520485584218477e+03
5.349882322446863327e+03
5.650876523582405753e+03
5.964735930735931106e+03
6.295931225734886539e+03
6.610371040723982333e+03
6.945975694444444343e+03
7.792383628588881948e+03
8.631064660691421523e+03
9.534941335131490632e+03
1.039846732255797542e+04
1.131166764922623406e+04
1.226124132613724032e+04
1.326339274193548408e+04
1.425549158249158245e+04
1.524675218914185643e+04
1.627907103825136619e+04
1.828193737769080326e+04
2.044068143459915518e+04
2.264698305084745880e+04
2.484365903614457784e+04
2.718859358974358838e+04
2.932726792963464322e+04
3.190355475504322749e+04
3.408280664652567793e+04
3.658118181818181620e+04
3.935956756756756658e+04
2.605478402607986936e+03
2.850293920335429902e+03
3.101560671256454498e+03
3.355845950704225288e+03
3.623141245487364813e+03
3.911916203703703559e+03
4.201759047619048033e+03
4.492543945312500000e+03
4.790280499999999847e+03
5.099721311475409493e+03
5.391161780104712307e+03
5.703216158373461440e+03
6.029318156884256496e+03
6.323530760626398660e+03
6.654694110920526327e+03
6.997186331775700637e+03
7.830622153846154106e+03
8.707308041504538778e+03
9.575591836734693061e+03
1.047808670931058987e+04
1.135341276911655586e+04
1.233642712392829344e+04
1.324203236245954758e+04
1.430512044105173845e+04
1.525552158590308318e+04
1.629413119266055037e+04
1.828771203155818512e+04
2.042768114406779569e+04
2.264895000000000073e+04
2.498524330900243149e+04
2.725899482535575589e+04
2.952628454172366764e+04
3.192191606367583154e+04
3.438737308868501714e+04
3.682713848631239671e+04
3.903486868686868547e+04
2.936208691910499056e+03
3.186424856765094773e+03
3.445239837398373766e+03
3.719116042533518339e+03
4.007938095238095229e+03
4.294955544699560051e+03
4.590178678678678807e+03
4.889204918032786736e+03
5.175453926701570708e+03
5.482129481005885282e+03
5.804640702139330642e+03
6.093833892617449237e+03
6.420700400228702165e+03
6.759077686915888080e+03
7.076500894454382433e+03
7.926088735053493110e+03
8.744020381328073199e+03
9.648957093425606217e+03
1.052192485549133016e+04
1.147192051476154484e+04
1.241139477848101342e+04
1.342478347107438094e+04
1.434518416523235828e+04
1.542007719928186634e+04
1.636920204841713166e+04
1.847519095477386873e+04
2.052965913978494791e+04
2.282150173010380604e+04
2.495637377450980421e+04
2.724359843546284173e+04
2.950908965517241450e+04
3.187495189504373047e+04
3.413035375191424100e+04
3.655477616747182037e+04
3.885078583473861363e+04
3.265349321266968218e+03
3.526313453536754423e+03
3.804779733587060036e+03
4.087357421875000000e+03
4.376757378689344478e+03
4.673418032786885306e+03
4.954850785340314360e+03
5.258774089935760458e+03
5.577547749725576068e+03
5.862981533296027010e+03
6.179042285714285754e+03
6.497828188701222643e+03
6.809668252080856291e+03
7.160140243902438669e+03
7.975964856230031728e+03
8.848424344317418218e+03
9.696848527349227879e+03
1.061777876106194708e+04
1.156765765069551708e+04
1.253228732849071821e+04
1.353008523206751124e+04
1.449469385964912362e+04
1.548605464480874252e+04
1.646766666666666788e+04
1.845353245436105499e+04
2.050327735644637141e+04
2.257535294117647209e+04
2.502151920693927968e+04
2.705234986945169658e+04
2.934122683264176885e+04
3.170140789473684345e+04
3.418655023183926096e+04
3.664257166123778734e+04
3.873452203389830538e+04
3.576676901275389810e+03
3.854435710819990163e+03
4.137952262555942070e+03
4.431937308868501532e+03
4.709830119854090299e+03
5.004071352502662194e+03
5.318374112506827259e+03
5.604374581939799100e+03
5.925111174458380447e+03
6.249869615832362797e+03
6.553216745843230456e+03
6.906645731707317282e+03
7.207869807811531246e+03
8.064468668407310361e+03
8.926626456477039028e+03
9.811819095477387236e+03
1.072354702784048095e+04
1.163494740973312400e+04
1.261627115858668913e+04
1.356510683760683787e+04
1.453316103202846898e+04
1.551028716528162477e+04
1.642223091603053399e+04
1.846642051282051398e+04
2.043924017467248996e+04
2.271931381733021044e+04
2.501420275344180118e+04
2.707568469656992238e+04
2.948121568627451052e+04
3.149855197657393728e+04
3.382310802469135524e+04
3.600567366720517020e+04
3.886829965753424767e+04
3.917204568023832962e+03
4.207503564154786545e+03
4.487895203336809573e+03
4.777538092701119240e+03
5.089543466375068419e+03
5.371876116071428442e+03
5.685369081574443953e+03
6.009590909090909008e+03
6.312979179060082970e+03
6.649971341463414319e+03
6.952687965260545752e+03
7.297671537484116925e+03
8.136703333333332921e+03
9.032230715287518251e+03
9.888012435991222446e+03
1.081894478527607316e+04
1.174511698717948639e+04
1.262810382059800577e+04
1.354711044003451207e+04
1.458129486023444588e+04
1.543742100371747256e+04
1.643394417709335903e+04
1.846469565217391209e+04
2.074786383928571377e+04
2.281929418742586131e+04
2.499025062972292289e+04
2.694166931216931334e+04
2.924244880785413625e+04
3.088340465793304247e+04
3.380617546583851072e+04
3.595736850649350527e+04
3.841547781569966173e+04
4.265204070981210862e+03
4.553162753468516712e+03
4.857993431855500603e+03
5.139514253773057135e+03
5.441202509982886113e+03
5.766249124854142792e+03
6.062300595238095411e+03
6.398674603174603362e+03
6.698930434782608245e+03
7.049656050955413775e+03
7.380109526895657837e+03
8.221224795640326192e+03
9.086597864768682484e+03
9.949909090909090082e+03
1.088640891321344861e+04
1.171097738287560605e+04
1.266709267059814738e+04
1.357516885389326308e+04
1.455628025477706979e+04
1.553748347497639224e+04
1.640412560856864729e+04
1.849848742138364832e+04
2.052212849162011116e+04
2.260306650831353909e+04
2.467909811320754670e+04
2.684370212765957331e+04
2.904307012622720868e+04
3.124986283185840875e+04
3.360925038880248758e+04
3.565576136363636033e+04
3.803555195911414194e+04
4.624218082191780923e+03
4.904715005599104188e+03
5.200377498572244804e+03
5.520551985981308462e+03
5.816516398330351876e+03
6.148769418960244366e+03
6.438647607209446505e+03
6.785648820905034881e+03
7.116926022063595155e+03
7.417534960422163749e+03
8.284611805555556202e+03
9.122940536620739294e+03
1.000931439393939399e+04
1.086767429022082069e+04
1.178777276456111576e+04
1.265921587030716728e+04
1.367689244444444375e+04
1.453992555147058738e+04
1.550190104662226440e+04
1.647869595261599170e+04
1.831310377358490587e+04
2.041822172452407540e+04
2.235523222748815169e+04
2.447626289308176274e+04
2.668009600000000137e+04
2.887449789029535896e+04
3.106456804733727768e+04
3.341988317757009645e+04
3.573169885433715535e+04
3.824303103448275942e+04
4.957164093767867598e+03
5.269951490356516842e+03
5.561982696897374808e+03
5.889483476132190845e+03
6.180340385812071872e+03
6.519788265306122412e+03
6.842522388059701370e+03
7.149643328929986637e+03
7.493410931174089455e+03
8.314747183098592359e+03
9.165357195571956254e+03
1.004541942945258234e+04
1.090731144915932782e+04
1.185853305439330506e+04
1.271583131487889295e+04
1.357152542372881362e+04
1.454044144981412683e+04
1.539333206106870239e+04
1.632000988142292408e+04
1.814875262054507402e+04
2.018983314669652827e+04
2.243440407673861046e+04
2.442649620253164539e+04
2.666967338709677279e+04
2.884299575070821447e+04
3.110529552238805991e+04
3.332893730407523253e+04
3.561919407894736651e+04
3.831510763888889051e+04
5.312699940227136722e+03
5.625430232558139323e+03
5.916773972602739377e+03
6.252396298659859895e+03
6.567171317326411554e+03
6.871337516512549882e+03
7.211639676113360110e+03
7.537123711340205773e+03
8.382323021582733418e+03
9.203452773613193131e+03
1.006846796874999927e+04
1.091218248175182453e+04
1.174838725901089674e+04
1.266203051438535294e+04
1.351016276978417227e+04
1.434265245597775720e+04
1.529464649375600311e+04
1.626486169154228810e+04
1.816338282078472912e+04
2.025952267573696008e+04
2.245664363636363487e+04
2.437170918367346894e+04
2.657461403508771764e+04
2.872829587482218994e+04
3.090766616766466905e+04
3.290782499999999709e+04
3.539213322368421359e+04
3.771589482758620579e+04
5.652586915887850409e+03
5.980627313337588021e+03
6.291693056456846534e+03
6.592623513870541501e+03
6.929575573549257570e+03
7.256753094910591244e+03
7.617171589310829404e+03
8.365782703488372135e+03
9.205514025777103598e+03
1.003423325453112739e+04
1.085929200652528561e+04
1.163526112510495295e+04
1.254152356020942352e+04
1.337901801801801776e+04
1.432331156716417900e+04
1.527463821532492693e+04
1.629042354124748454e+04
1.833433728448275724e+04
2.021161801596351143e+04
2.234831834750911366e+04
2.438451928020565538e+04
2.643171815718157086e+04
2.800022644163150471e+04
3.075975112443778198e+04
3.270907343749999927e+04
3.521304950495049707e+04
3.788464347826087032e+04
6.016391304347826008e+03
6.305154353562004871e+03
6.620823252688172033e+03
6.942979452054794820e+03
7.292417774667599588e+03
7.608936879432623755e+03
8.350713970588234588e+03
9.191264006139677804e+03
9.942310426540283515e+03
1.079741393442622939e+04
1.160761355932203332e+04
1.251899911971830988e+04
1.341477575205104768e+04
1.427706503298774805e+04
1.529180724070450015e+04
1.616613521695257259e+04
1.813791477885652785e+04
2.018257422324510844e+04
2.217095487804878212e+04
2.414111938382541848e+04
2.628916824966078639e+04
2.831069559032717007e+04
3.071833936651583645e+04
3.268897007874015617e+04
3.491663366336633771e+04
3.741472743055555475e+04
6.323813672922252408e+03
6.641618852459016125e+03
6.981228033472802963e+03
7.284009174311926472e+03
7.552467811158798213e+03
8.333913204747774216e+03
9.105408916218293598e+03
9.911828435266084853e+03
1.072137623762376279e+04
1.164846998284734218e+04
1.250434786476868248e+04
1.343376958525345617e+04
1.436759043062200908e+04
1.529816170634920672e+04
1.620296731358529178e+04
1.810948481561821973e+04
1.989205148741418816e+04
2.183807869249394571e+04
2.399313513513513681e+04
2.613445578231292529e+04
2.822271530758226072e+04
3.050569984917043621e+04
3.260812322274881444e+04
3.516549163879598927e+04
3.734044425087107811e+04
6.682168406402226537e+03
6.972438115330520304e+03
7.243882310984307878e+03
7.533469269703543432e+03
8.319301277235161251e+03
9.091571428571429351e+03
9.932723163841807036e+03
1.080451090604026831e+04
1.163197316017316007e+04
1.254436068530207376e+04
1.338618089053803305e+04
1.432507232401157125e+04
1.515666699702675942e+04
1.600874949083503088e+04
1.788136186348862248e+04
1.998218192352259575e+04
2.184487667887668067e+04
2.394668782383419602e+04
2.614499725651577683e+04
2.833054124457308353e+04
3.050837290715372728e+04
3.265044338118022279e+04
3.516893613445378287e+04
3.782241238938052993e+04
6.928145596590909008e+03
7.225157173756309021e+03
7.549566715542521706e+03
8.291762301286904403e+03
9.091602201257861452e+03
9.910011400651465010e+03
1.076542385786801970e+04
1.165254305799648500e+04
1.245778713768115995e+04
1.332416838166510752e+04
1.413478461538461488e+04
1.509861553784860553e+04
1.593374692622950897e+04
1.792905482456140453e+04
1.995404556074766515e+04
2.189286032138442533e+04
2.401605366492146641e+04
2.609735773480662829e+04
2.814202031930333760e+04
3.025540701219512266e+04
3.292803559870550089e+04
3.522016468590831937e+04
3.737834098939929390e+04
7.219466472303207411e+03
7.521717872968980373e+03
8.311281874039937975e+03
9.075902458366375868e+03
9.870232157506152362e+03
1.076817964071856295e+04
1.157167872903795251e+04
1.237150498640072510e+04
1.322640751173708850e+04
1.414247766990291348e+04
1.501850599999999940e+04
1.604536448598130846e+04
1.791585761589404137e+04
1.997591166077738671e+04
2.192926558603491139e+04
2.410969761273209588e+04
2.571207734806629742e+04
2.838563181148748117e+04
3.039913405238829000e+04
3.286229804560260527e+04
3.537829794520547875e+04
3.737420996441281022e+04
7.541566816816816754e+03
8.270974477958236093e+03
9.090002407704654615e+03
9.902969192339716756e+03
1.072438898450946726e+04
1.148774182139699406e+04
1.226244080145719454e+04
1.318972830188679291e+04
1.404551949317738763e+04
1.496200403225806440e+04
1.591090416666666715e+04
1.786217908787541819e+04
1.999660978520286517e+04
2.202318813131313073e+04
2.403878828229027931e+04
2.616141853932584127e+04
2.847483630952380918e+04
3.042413374805598869e+04
3.279230819672131474e+04
3.510729209621992777e+04
3.727637030411449086e+04
8.246953248811410958e+03
9.029096059113300726e+03
9.812213378492802804e+03
1.060134061135371121e+04
1.140604697380307152e+04
1.233590440487347769e+04
1.319057751937984540e+04
1.413232964824120609e+04
1.506650674974039430e+04
1.606607642626480083e+04
1.801186712485681710e+04
2.005140415140415280e+04
2.216590519480519652e+04
2.426193827160493674e+04
2.618244236311239365e+04
2.843406818181818016e+04
3.078134768740031723e+04
3.300919565217391209e+04
3.542752288732394663e+04
3.783918634686346923e+04
9.021803872053871601e+03
9.789827406764961779e+03
1.061747344734473518e+04
1.150791612301957139e+04
1.240803581800580832e+04
1.335036180904522553e+04
1.419794834710743817e+04
1.524245913978494536e+04
1.617475498891352618e+04
1.829012395709177508e+04
2.015721553884711830e+04
2.222994555112881790e+04
2.420990934449093402e+04
2.658014688427299552e+04
2.849152868217054129e+04
3.070508794788273735e+04
3.302727521367521695e+04
3.521116399286987871e+04
3.757838733705772756e+04
9.845739676840215907e+03
1.074096089385474806e+04
1.164150242013552815e+04
1.252076076076076060e+04
1.339596284829721299e+04
1.439168488745980721e+04
1.529647792494481291e+04
1.627248861047835999e+04
1.825651820388349370e+04
2.038520854922279614e+04
2.237897407912687413e+04
2.435902446043165401e+04
2.665530045523520312e+04
2.888496019108280234e+04
3.102249000000000160e+04
3.339094210526315874e+04
3.581827255985266675e+04
3.826682884615384683e+04
1.082448651252408490e+04
1.173406400000000031e+04
1.257173045267489761e+04
1.356633262032085622e+04
1.450725966850828809e+04
1.552949084668192154e+04
1.650382840236686388e+04
1.844124405506883704e+04
2.049650863213811317e+04
2.235845000000000073e+04
2.470585946745562251e+04
2.658359814528593415e+04
2.903479344262295126e+04
3.113536581196581028e+04
3.347329928315411962e+04
3.591102063789868407e+04
3.835305294117647281e+04
1.175471897435897517e+04
1.280182636655948590e+04
1.370565635359116095e+04
1.464691685649202736e+04
1.569743957345971648e+04
1.656744727272727323e+04
1.874182964889466894e+04
2.057931836734693934e+04
2.252168149210903721e+04
2.481164393939393995e+04
2.704531687898089149e+04
2.916104833333333227e+04
3.154171880492091441e+04
3.400219408502772421e+04
3.637171098265895853e+04
3.857442685370741674e+04
1.286337114537444904e+04
1.380637045454545478e+04
1.487385308056872054e+04
1.577637059538274661e+04
1.669211845386533605e+04
1.879996409574467907e+04
2.067377994428969396e+04
2.298902225519287822e+04
2.493188180404354716e+04
2.704287275693311676e+04
2.935680960548885196e+04
3.161401077199282008e+04
3.390588389513108268e+04
3.637687843137254822e+04
3.871506748466257704e+04
1.401878959810874767e+04
1.500292439024390296e+04
1.583607347447073516e+04
1.694204010349288365e+04
1.884811564625850224e+04
2.076444906743185129e+04
2.301808181818181765e+04
2.517145786963434148e+04
2.749548489932885786e+04
2.969797359154929654e+04
3.200582841328413269e+04
3.468594563106795977e+04
3.680661491935484082e+04
3.906606708595388045e+04
1.498372761194029772e+04
1.607489922480620226e+04
1.699328703703703650e+04
1.893568523676880068e+04
2.117567851851851810e+04
2.323642499999999927e+04
2.528885761047463166e+04
2.738670769230769292e+04
2.970278276481149078e+04
3.234358522727272793e+04
3.447907662082514435e+04
3.694524691358024575e+04
3.958316344086021854e+04
1.614172751322751355e+04
1.719739344262294981e+04
1.915888728323699252e+04
2.126492564491654048e+04
2.346390095846645272e+04
2.568604201680672122e+04
2.781061619718309885e+04
3.013064510166358741e+04
3.265877713178294653e+04
3.467387951807228819e+04
3.736277801268499024e+04
4.001014790286975767e+04
1.727539300699300657e+04
1.945988410104011928e+04
2.143147343750000073e+04
2.365091914191418982e+04
2.583931833910034766e+04
2.785081294964028712e+04
3.052191064638783428e+04
3.277927722772277048e+04
3.473078527607362048e+04
3.755655698924731405e+04
3.965834666666666453e+04
1.960353978159126200e+04
2.180939438943894493e+04
2.405640104166666788e+04
2.604803429602887991e+04
2.863849333333333198e+04
3.093524254473160909e+04
3.302584948453608376e+04
3.592868913043478096e+04
3.795682286995515460e+04
4.042600000000000000e+04
2.231064048865619407e+04
2.424149094202898414e+04
2.691401343570057725e+04
2.897008548707753653e+04
3.110663842975206717e+04
3.405025327510917123e+04
3.599264719101123774e+04
3.853902570093458053e+04
4.108403155339806108e+04
2.507480154142581887e+04
2.701346719681908507e+04
2.925056431535269803e+04
3.202070524017467324e+04
3.410878781038375018e+04
3.646461915887850773e+04
3.897830582524272177e+04
4.213187179487179674e+04
2.732855301455301378e+04
2.999336899563318730e+04
3.207163656884875672e+04
3.447160889929742552e+04
3.724556372549019579e+04
4.008519023136246687e+04
4.229136052631578787e+04
3.030690432801822317e+04
3.231912616822429845e+04
3.530319211822660145e+04
3.813260465116279374e+04
4.011251315789474029e+04
4.318923268698061293e+04
3.318182266009852174e+04
3.606826424870466144e+04
3.813753174603174557e+04
4.109679722222222335e+04
4.348149572649572656e+04
3.596647354497354536e+04
3.899604178272980789e+04
4.138064857142857363e+04
4.391372271386430657e+04
3.915650857142857421e+04
4.167900294985251094e+04
4.427333333333333576e+04
4.199796024464831862e+04
4.406845625000000291e+04
4.552556393442623084e+04
