8.286448325016033323e+02
8.450966542088634696e+02
8.513316046641655248e+02
8.589830455969370178e+02
8.632357022605990551e+02
8.740204189014352778e+02
8.872337048832271194e+02
9.060503881061273432e+02
9.196410491931214892e+02
9.414313868613138538e+02
9.650075989960959078e+02
9.951856913183280540e+02
1.014201179350060556e+03
1.030644021499691689e+03
1.048693746901066334e+03
1.066582974152310499e+03
1.085338679245282947e+03
1.104464139406676395e+03
1.124552977181727556e+03
1.138198347107438167e+03
1.167809311077913208e+03
1.199919248197285469e+03
1.222092490052255698e+03
1.242409758750247192e+03
1.250725193846064940e+03
1.272220752765178531e+03
1.275711777719937572e+03
1.289621913580246883e+03
1.308352772227772221e+03
1.322664647602147625e+03
1.355167944512778377e+03
1.382531504065040735e+03
1.398200873362445463e+03
1.423561032863849732e+03
1.459909155001794716e+03
1.467713460037230561e+03
1.505907446446786707e+03
1.517234851927592217e+03
1.545746753246753087e+03
1.516081688859086171e+03
8.602053990610328356e+02
8.667289668687091080e+02
8.719544695750125811e+02
8.794750272250272474e+02
8.904080903373355795e+02
9.080861294383939821e+02
9.259397194685456043e+02
9.481889285004472185e+02
9.678026249140707478e+02
9.914334915518227263e+02
1.016366803190574501e+03
1.036835004447907068e+03
1.053822691842825861e+03
1.071930016899445036e+03
1.094877383529577401e+03
1.113577046440442246e+03
1.131390953153454120e+03
1.149744650624827045e+03
1.166759156827287825e+03
1.199411119674887914e+03
1.220166201612189070e+03
1.236320334059549623e+03
1.259225132898189941e+03
1.270308727490818683e+03
1.297730317460317565e+03
1.304371184257284995e+03
1.314619018321028307e+03
1.338943423202614213e+03
1.364137457044673511e+03
1.374365168539325850e+03
1.407449409305103927e+03
1.447079265785609550e+03
1.452222508414039567e+03
1.506127163461538657e+03
1.521061502033877787e+03
1.531414422684618557e+03
1.547924219624184843e+03
1.544801608522196602e+03
1.553559027777777828e+03
8.840051550756068082e+02
8.897619725983079206e+02
8.958800987118464718e+02
9.136329410173160568e+02
9.358748901340363773e+02
9.545026808149677890e+02
9.717284738185346669e+02
9.907478366659092899e+02
1.012228535845449755e+03
1.036033557046979922e+03
1.058054998822456582e+03
1.079372886528322397e+03
1.100313019203610793e+03
1.122165139277208254e+03
1.144142580471763722e+03
1.160904276985743309e+03
1.184661563402176398e+03
1.198338307270182213e+03
1.218733995998358296e+03
1.248610502327110680e+03
1.261204753740648357e+03
1.286048695550335196e+03
1.304208685918111769e+03
1.320162825668090818e+03
1.334986092617930353e+03
1.340892304659063257e+03
1.359603311036789364e+03
1.379758058641413299e+03
1.414339694656488518e+03
1.455560739191073935e+03
1.482693151243375496e+03
1.522965602582496558e+03
1.548380497685185219e+03
1.543697602676652878e+03
1.556535294117647027e+03
1.588821875000000091e+03
1.561688961988304072e+03
1.591674939290917791e+03
9.166144448679855259e+02
9.225077519379844944e+02
9.380947930574097882e+02
9.529819734454102900e+02
9.706145033399409385e+02
9.901956188389923454e+02
1.011471887854460192e+03
1.032904464825857758e+03
1.057571382732698112e+03
1.082720894907327420e+03
1.106563591635916509e+03
1.129140267175572490e+03
1.155203762767581111e+03
1.181023490297758599e+03
1.195376869769874475e+03
1.203875191829750293e+03
1.215414884969470222e+03
1.240852731442868844e+03
1.262178420412418745e+03
1.278137623951790374e+03
1.305550602460635446e+03
1.327356727188082004e+03
1.348152978535112425e+03
1.374239987806271984e+03
1.384829834405077236e+03
1.404593497059840956e+03
1.421913229646697346e+03
1.447859891780155522e+03
1.490252306372023213e+03
1.521784160571597567e+03
1.549239294249622162e+03
1.560153416919261417e+03
1.567125103154954559e+03
1.573780388471177957e+03
1.598871526948491464e+03
1.600302149122806895e+03
1.643620081608860346e+03
9.378338799837308670e+02
9.527531058530694281e+02
9.716485148514851744e+02
9.907252572926909124e+02
1.010515035001616980e+03
1.030713250704019629e+03
1.052243475018642812e+03
1.082391827695272923e+03
1.110528388278388320e+03
1.135087952649986619e+03
1.165584128089105434e+03
1.184976045688019440e+03
1.198017889331020797e+03
1.213831923890063536e+03
1.224532069950533014e+03
1.230357219452817162e+03
1.258702743642259748e+03
1.284698109607013066e+03
1.308877592883582565e+03
1.335406986172287588e+03
1.351945251623376635e+03
1.380366348437990382e+03
1.383445716679810630e+03
1.419937707641196084e+03
1.443302768166090118e+03
1.461202038369304546e+03
1.490908214598175164e+03
1.550724663982306083e+03
1.551423037167836810e+03
1.575264626865671744e+03
1.584579365079365061e+03
1.601720338983050851e+03
1.616964071856287319e+03
1.638685735150924984e+03
1.657886801801801766e+03
1.664575212022020423e+03
9.872760143411171612e+02
1.009247823185075731e+03
1.028269520417853755e+03
1.048553990500052350e+03
1.074712560634594411e+03
1.101125785577663464e+03
1.134592087403143069e+03
1.173873708180066615e+03
1.196745929186783997e+03
1.210112595042954581e+03
1.219273225758254966e+03
1.237419191421507094e+03
1.249971308282601967e+03
1.260838153704897650e+03
1.276437478933229841e+03
1.306422434367541882e+03
1.332881909547738815e+03
1.361800370370370274e+03
1.378079608938547608e+03
1.414641050668054731e+03
1.430666757443718325e+03
1.448831725751873819e+03
1.479452218430034009e+03
1.505571884840881921e+03
1.529782081608515455e+03
1.566391193522591038e+03
1.593074889867841421e+03
1.595518757714688945e+03
1.642846408244885424e+03
1.659787897381954281e+03
1.668568405315614655e+03
1.674184049079754686e+03
1.675782467532467535e+03
1.694550878684807230e+03
1.694382155145448905e+03
1.047000790627556171e+03
1.071040518638573758e+03
1.097145301085060964e+03
1.129383149391284633e+03
1.154773465259093427e+03
1.191904255319148888e+03
1.219783433133732615e+03
1.237817635471269568e+03
1.245810090177496477e+03
1.265579957356076648e+03
1.282636439696228535e+03
1.292750000000000000e+03
1.311890160183066200e+03
1.327619066725624180e+03
1.352091506658173330e+03
1.379902109065328204e+03
1.418315934065934016e+03
1.449460907697689436e+03
1.473087264327397861e+03
1.508096144332446784e+03
1.522369671685107733e+03
1.563145706686930225e+03
1.580863604838262290e+03
1.609003861003860948e+03
1.632950242047026222e+03
1.649419069455998851e+03
1.666400366300366386e+03
1.704061090928518070e+03
1.712747649572649607e+03
1.730175318383167223e+03
1.760734247431540098e+03
1.734321126699198430e+03
1.756524209770114794e+03
1.788720149253731506e+03
1.124334908118044495e+03
1.145784647752205956e+03
1.176110214485114284e+03
1.202243351480933825e+03
1.248094519631110870e+03
1.268915981573657973e+03
1.280732274910935985e+03
1.296635281385281360e+03
1.315244827925270329e+03
1.321296839729119711e+03
1.340723272709776666e+03
1.359756438343914851e+03
1.368036319612590887e+03
1.405971084085808343e+03
1.441882160380971754e+03
1.469594017094017090e+03
1.501745564967952987e+03
1.535996602317368342e+03
1.564543762376237737e+03
1.585984506622121444e+03
1.618828787997697873e+03
1.618779149578491797e+03
1.654314960629921188e+03
1.665598917533114900e+03
1.696540338314653354e+03
1.711096030607364810e+03
1.746835300146818554e+03
1.761747351524879605e+03
1.789905334784975366e+03
1.805201408738260398e+03
1.857294520547945240e+03
1.815087608174329944e+03
1.855507633587786131e+03
1.185872997604740704e+03
1.213896721895265728e+03
1.257372481978868336e+03
1.289904224582915049e+03
1.303638338495188918e+03
1.322890197320434709e+03
1.343459545523252928e+03
1.351421384387114358e+03
1.374555079108530890e+03
1.392331339712918634e+03
1.397722022780129919e+03
1.424712798788014879e+03
1.457867117588753445e+03
1.498098970906839895e+03
1.530563384267119318e+03
1.576152839589783298e+03
1.597889851277754587e+03
1.615292206590151864e+03
1.622551535360573325e+03
1.668307244970478905e+03
1.692899668435013155e+03
1.691680329317269070e+03
1.743721070958027440e+03
1.746803846486673592e+03
1.775959611490287216e+03
1.807295698924731141e+03
1.822748462977813233e+03
1.844543209876543187e+03
1.874380275288923485e+03
1.877268393578252699e+03
1.883773869622476013e+03
1.924750922849760173e+03
1.271461183415296546e+03
1.298430042457234549e+03
1.323893704652554334e+03
1.350934246703588997e+03
1.361841070662499078e+03
1.377555871585019304e+03
1.402813549684604368e+03
1.425726392251815923e+03
1.429771538040503401e+03
1.456823426395939123e+03
1.472360344619833768e+03
1.510457880434782510e+03
1.568812668665667161e+03
1.595804430321451491e+03
1.630449367088607687e+03
1.633938991423298148e+03
1.660491961854480905e+03
1.697932717780894563e+03
1.726313968335035725e+03
1.730102395666437587e+03
1.744107394424146605e+03
1.794153675966715582e+03
1.802270334928229659e+03
1.831778650192639816e+03
1.851906077348066219e+03
1.878565476190476147e+03
1.902248407643312021e+03
1.915282014157014146e+03
1.939387629399585876e+03
1.964916030534351194e+03
1.958189516129032199e+03
1.340366304347826144e+03
1.374992152466367770e+03
1.389624654392358934e+03
1.407190526762956779e+03
1.431478528850875136e+03
1.458191518049762635e+03
1.462508114043250089e+03
1.489672532937225469e+03
1.507781856729930269e+03
1.524884749778956575e+03
1.579538437972467364e+03
1.605537643578141342e+03
1.642491984805318225e+03
1.666908313301907583e+03
1.692716979639798410e+03
1.718071653611406191e+03
1.739034926470588289e+03
1.764582849479796096e+03
1.762255317460317428e+03
1.800055356863834504e+03
1.850245588053807296e+03
1.841207174994080106e+03
1.891107138857782729e+03
1.925051428571428460e+03
1.905578621581670404e+03
1.942259502923976470e+03
1.951436869443612068e+03
1.976187220808594702e+03
1.985595779527559216e+03
2.004589089873237299e+03
1.420835664298018855e+03
1.438923879996423238e+03
1.463963048741972671e+03
1.484015445748779030e+03
1.499842807800931269e+03
1.527553020089875645e+03
1.548824957071658901e+03
1.562461014317750596e+03
1.582323046816197575e+03
1.622934212034384018e+03
1.668471589058938434e+03
1.685514457640695127e+03
1.719703366873065079e+03
1.732188788629669489e+03
1.767944444444444343e+03
1.795716418856129167e+03
1.821062413154238129e+03
1.817358957845433224e+03
1.882565052908095367e+03
1.873236294142980114e+03
1.917829261101425345e+03
1.947116756272401290e+03
1.965568047337278131e+03
1.983201678484156673e+03
2.020656094870380457e+03
1.999649165797705791e+03
2.025948473282442592e+03
2.051114313778620726e+03
2.059031781454405518e+03
1.493607358816864462e+03
1.523622275764223559e+03
1.534938957262294252e+03
1.558786781539944513e+03
1.573968757654864476e+03
1.588850674575147423e+03
1.607680686436850920e+03
1.633291876750700339e+03
1.659099145006839990e+03
1.699024192791880068e+03
1.727981858326041220e+03
1.756755908398982228e+03
1.779902729215229101e+03
1.807208029197080123e+03
1.820590365174334693e+03
1.854923603971211833e+03
1.865549868143459889e+03
1.886499410696344512e+03
1.934199702380952431e+03
1.943489797553549579e+03
1.975275063131313345e+03
2.002318588322246796e+03
2.022435064935064929e+03
2.068032584436839898e+03
2.088157142857142844e+03
2.079346129032257977e+03
2.091139759887005766e+03
2.141651767676767577e+03
1.553798138339305297e+03
1.580260362694300511e+03
1.597336140232691832e+03
1.611811597336331488e+03
1.631212742175856874e+03
1.659755615895383244e+03
1.662443042684976263e+03
1.706810256817860591e+03
1.740226630434782692e+03
1.775774149053560905e+03
1.803000596114734435e+03
1.817360857208695052e+03
1.846790189092133232e+03
1.886013949790019751e+03
1.878111123392966419e+03
1.916952586206896740e+03
1.960477272727272748e+03
1.960508290877631453e+03
1.989280577995221392e+03
2.024370431893687737e+03
2.040613064541334552e+03
2.065604026845637691e+03
2.096198550724637698e+03
2.132646706952328714e+03
2.118492568648360248e+03
2.177921440770066511e+03
2.160721786281079403e+03
1.616501771855220113e+03
1.640475472246439949e+03
1.652492898432913307e+03
1.680552772641089859e+03
1.694647881054131176e+03
1.711215338862360795e+03
1.750992549484765277e+03
1.780941830654448950e+03
1.806947803252086032e+03
1.834726480836236988e+03
1.872007352941176578e+03
1.902066949910554740e+03
1.910213709677419502e+03
1.932525316455696156e+03
1.933707410670582476e+03
1.983191588785046861e+03
1.993950757575757507e+03
2.033680280830280935e+03
2.046812930734423844e+03
2.091527042312526191e+03
2.127458041958042031e+03
2.138610437710437509e+03
2.201927419354839003e+03
2.218948717948717785e+03
2.205182902418682261e+03
2.211179611650485640e+03
1.672154424418078179e+03
1.698300769146505672e+03
1.713741740319865357e+03
1.730795216553573027e+03
1.745609542078555933e+03
1.786297456099992360e+03
1.819965004124627285e+03
1.837934413650939177e+03
1.884281864830716131e+03
1.900468221327114861e+03
1.936937847037048869e+03
1.939598816872427960e+03
1.970836956521739012e+03
1.998812785388127850e+03
2.019864123903036443e+03
2.047609413998914988e+03
2.091840730519480530e+03
2.139695962732919270e+03
2.105257175026492405e+03
2.168115942028985501e+03
2.158699218750000000e+03
2.217300641025641198e+03
2.204482223257258283e+03
2.262119829462989401e+03
2.263322343574563547e+03
1.732357167207792145e+03
1.747543063583814956e+03
1.763428559513985419e+03
1.790884036144578204e+03
1.811468231057674984e+03
1.855154503529823160e+03
1.886805834409492945e+03
1.913676737953510838e+03
1.949308947651970811e+03
1.965314599862866089e+03
1.975748909123692783e+03
2.043838817517068492e+03
2.025948005791759897e+03
2.053207071442438064e+03
2.096153401122019659e+03
2.123482816155222281e+03
2.159613719613719695e+03
2.180625608873884630e+03
2.217798162071846491e+03
2.208943999999999960e+03
2.238333333333333485e+03
2.277200178389398388e+03
2.250730015082956015e+03
2.314088541666666515e+03
1.777790086388537702e+03
1.808298015324136486e+03
1.807788343558282122e+03
1.853049430545182986e+03
1.879230923671937262e+03
1.914333394763599472e+03
1.939539065360029326e+03
1.967694732879505636e+03
2.003489030082987483e+03
2.023938152648566529e+03
2.037708715596330194e+03
2.068549641148325463e+03
2.083891414141414316e+03
2.141793296089385422e+03
2.138905808015870207e+03
2.190405921052631584e+03
2.222629008221993899e+03
2.252071466905187663e+03
2.279332855191256385e+03
2.273504424778760949e+03
2.283355520614954457e+03
2.333515306122449147e+03
2.357378975062914833e+03
1.822455087305332654e+03
1.848788267753132459e+03
1.886470964695153725e+03
1.919885970430952966e+03
1.954350662341173347e+03
1.965580490311215499e+03
2.010383343168109150e+03
2.011666463592056516e+03
2.050962163677129865e+03
2.098945151122238713e+03
2.113752599631822704e+03
2.117337316550470860e+03
2.141888949096880424e+03
2.185421506211179803e+03
2.208928160919540460e+03
2.220572570332480609e+03
2.259357054263566170e+03
2.304055591771693798e+03
2.324204750204750326e+03
2.351882635746606411e+03
2.357490296052631493e+03
2.408603479853480167e+03
1.882914979903122912e+03
1.909369373135677506e+03
1.942964747230004377e+03
1.982657451379466238e+03
2.013988236032249006e+03
2.018869697541236519e+03
2.040791773001380079e+03
2.051523053018771861e+03
2.106212072535161042e+03
2.106298971755824823e+03
2.119183465818759942e+03
2.150367528051683166e+03
2.212706677624820259e+03
2.232681386932707483e+03
2.280159013947081348e+03
2.296309624537281707e+03
2.363131619458127716e+03
2.404219181130396009e+03
2.371180000000000291e+03
2.394432932469935167e+03
2.419647348484848408e+03
1.980404621095750144e+03
2.015413033534406395e+03
2.046934332568368518e+03
2.058674369747899163e+03
2.086274092627967548e+03
2.102661832128372225e+03
2.144903928571428878e+03
2.153533758726003725e+03
2.172580110497237456e+03
2.225824410163339053e+03
2.249329113924050944e+03
2.255101705726705859e+03
2.322140281417340702e+03
2.365659443660551915e+03
2.353849557522124087e+03
2.453954395604395813e+03
2.431902959183673374e+03
2.425027405180388087e+03
2.499620689655172100e+03
2.487913354411321961e+03
2.072801204819276791e+03
2.081161472859901551e+03
2.114400378674638887e+03
2.136884396471575201e+03
2.181651017869834504e+03
2.194244680851064004e+03
2.211238764044943764e+03
2.262890365448504781e+03
2.246394308943089527e+03
2.331428571428571558e+03
2.363793681966109489e+03
2.415662601626016112e+03
2.419121170864533724e+03
2.498949252136751966e+03
2.552491617202957059e+03
2.523125487415809857e+03
2.580281862745097897e+03
2.629628317901234368e+03
2.610440000000000055e+03
2.138892336099669592e+03
2.156990430622009626e+03
2.200508194820255085e+03
2.218231182795699169e+03
2.245247662337662405e+03
2.309555794606999370e+03
2.282714213158305938e+03
2.317997770852270150e+03
2.363260504201680305e+03
2.412675307086614339e+03
2.449172413793103260e+03
2.489611994609164412e+03
2.603128865979381771e+03
2.564024754815077358e+03
2.563607031778228702e+03
2.667771526801062464e+03
2.637638142679238626e+03
2.655675422705314304e+03
2.215914245548266081e+03
2.233683783783783838e+03
2.262866575801366253e+03
2.329119431054630695e+03
2.321233446932813877e+03
2.339933041468510055e+03
2.392272627372627539e+03
2.434384463961235724e+03
2.495796610169491487e+03
2.480539372336938868e+03
2.669605789473684126e+03
2.646290565817161678e+03
2.642255813953488541e+03
2.694075158227848078e+03
2.756519999999999982e+03
2.747396894409937886e+03
2.777373776223776076e+03
2.276519025598679036e+03
2.356178662277420699e+03
2.339671685002895174e+03
2.357918782876836758e+03
2.406241843145202438e+03
2.425223880597014613e+03
2.468747334044254785e+03
2.522936525974026154e+03
2.565447097650941487e+03
2.705461956521739012e+03
2.655838231452455602e+03
2.709046064814814599e+03
2.774148771929824761e+03
2.764954072259644818e+03
2.748303030303030027e+03
2.785457958751982915e+03
2.346590867465867632e+03
2.355731384908398468e+03
2.425596428571428532e+03
2.452439479380268494e+03
2.501694700460829154e+03
2.578193448222325969e+03
2.578527757619738622e+03
2.725116847826086996e+03
2.711387739463601520e+03
2.745544414333032364e+03
2.793498595998596102e+03
2.839210317460317583e+03
2.845681553171642008e+03
2.880434294024325936e+03
2.875655172413793025e+03
2.435241149068323011e+03
2.464043304826952863e+03
2.514827612903225599e+03
2.552304885057471438e+03
2.616346698113207822e+03
2.675661564625850588e+03
2.766719101123595465e+03
2.734734663865546281e+03
2.806313090418353568e+03
2.890302816901408733e+03
2.833402985074626940e+03
2.830104838709677097e+03
2.886956896551723730e+03
2.981209932659932747e+03
2.519869354838710024e+03
2.537821138500997222e+03
2.606360161046001849e+03
2.604810679611650812e+03
2.749385866351271488e+03
2.765349521203830591e+03
2.795002564102564065e+03
2.871651065449010730e+03
2.877782821824382154e+03
2.946433645589383559e+03
2.957615789473684345e+03
2.971135389610389211e+03
2.966441083916083699e+03
2.630921185064934889e+03
2.654907547169811551e+03
2.739157894736842081e+03
2.777582170542635595e+03
2.809412526347485709e+03
2.860021159317211641e+03
2.929217391304347984e+03
2.912640903540903309e+03
2.874808366308649056e+03
2.948794642857143117e+03
3.061263965963743885e+03
3.069858333333333576e+03
2.621745098039215918e+03
2.735214108472172938e+03
2.812254936120789807e+03
2.853532467532467308e+03
2.947727393345580822e+03
2.874516488413547449e+03
2.995206307307585575e+03
3.007050000000000182e+03
3.024154720279720095e+03
3.050590000000000146e+03
3.108423611111111313e+03
2.794834785133565674e+03
2.847805194805194787e+03
2.996390984654731255e+03
2.907001657196969973e+03
3.027093965517241486e+03
3.096242710120068296e+03
3.152310784313725435e+03
3.157156887755101707e+03
3.215795454545454504e+03
3.087263471355643560e+03
3.015279411764705856e+03
2.920950915750915556e+03
3.072664882545346245e+03
3.071141509433962256e+03
3.143889999999999873e+03
3.225541628122109159e+03
3.233608225108225270e+03
3.197127564102564065e+03
3.270124110953058334e+03
3.061630415690866357e+03
3.121863603988604154e+03
3.146043469387755067e+03
3.203804347826086996e+03
3.307048546511628047e+03
3.184394736842104976e+03
3.275747076023391855e+03
3.405777777777777828e+03
3.196951530612244824e+03
3.157793478260869506e+03
3.286047965116279101e+03
3.190319709953856545e+03
3.334583333333333030e+03
3.415583982683982867e+03
3.461354838709677551e+03
3.317398809523809632e+03
3.157970720720720692e+03
3.413557142857142935e+03
3.492863636363636033e+03
3.478822580645161452e+03
3.604376190476190459e+03
3.411771428571428260e+03
3.483121212121212011e+03
3.529516129032258050e+03
3.539133908045976568e+03
3.323467980295566576e+03
3.522274193548387302e+03
3.619275862068965580e+03
3.362133597883597758e+03
3.536250000000000000e+03
3.359796296296296532e+03
3.477596153846153811e+03
3.757094782608695823e+03
3.826547101449275488e+03
3.588681818181818016e+03
3.634460869565217763e+03
