1.700000000000000000e+01
8.000000000000000000e+00
7.000000000000000000e+00
2.100000000000000000e+01
2.000000000000000000e+00
1.100000000000000000e+01
3.300000000000000000e+01
2.300000000000000000e+01
9.200000000000000000e+01
2.870000000000000000e+02
1.680000000000000000e+02
4.000000000000000000e+00
2.000000000000000000e+01
1.420000000000000000e+02
1.710000000000000000e+02
2.000000000000000000e+01
4.600000000000000000e+01
9.020000000000000000e+02
2.870000000000000000e+02
3.890000000000000000e+02
1.260000000000000000e+02
1.500000000000000000e+01
5.770000000000000000e+02
1.375000000000000000e+03
7.760000000000000000e+02
2.070000000000000000e+02
1.732000000000000000e+03
6.390000000000000000e+02
1.732000000000000000e+03
8.120000000000000000e+02
1.653000000000000000e+03
2.700000000000000000e+02
1.440000000000000000e+03
1.732000000000000000e+03
1.370000000000000000e+02
1.732000000000000000e+03
6.180000000000000000e+02
2.040000000000000000e+02
4.700000000000000000e+01
1.732000000000000000e+03
3.000000000000000000e+00
6.000000000000000000e+00
1.300000000000000000e+01
1.500000000000000000e+01
2.100000000000000000e+01
2.700000000000000000e+01
1.290000000000000000e+02
2.400000000000000000e+01
2.260000000000000000e+02
1.600000000000000000e+01
6.500000000000000000e+01
2.350000000000000000e+02
8.700000000000000000e+01
1.400000000000000000e+01
2.730000000000000000e+02
8.000000000000000000e+00
3.310000000000000000e+02
6.490000000000000000e+02
2.440000000000000000e+02
7.290000000000000000e+02
2.360000000000000000e+02
9.000000000000000000e+00
1.732000000000000000e+03
1.311000000000000000e+03
2.450000000000000000e+02
1.652000000000000000e+03
5.190000000000000000e+02
2.930000000000000000e+02
1.732000000000000000e+03
1.732000000000000000e+03
1.732000000000000000e+03
1.732000000000000000e+03
1.732000000000000000e+03
1.732000000000000000e+03
4.920000000000000000e+02
6.380000000000000000e+02
4.210000000000000000e+02
1.732000000000000000e+03
5.620000000000000000e+02
3.200000000000000000e+01
2.000000000000000000e+00
1.510000000000000000e+02
2.500000000000000000e+01
5.300000000000000000e+01
4.000000000000000000e+00
1.000000000000000000e+01
1.100000000000000000e+01
2.000000000000000000e+00
3.300000000000000000e+01
1.720000000000000000e+02
8.700000000000000000e+01
1.800000000000000000e+01
5.530000000000000000e+02
8.440000000000000000e+02
1.220000000000000000e+02
2.700000000000000000e+02
1.670000000000000000e+02
4.760000000000000000e+02
1.732000000000000000e+03
3.330000000000000000e+02
1.091000000000000000e+03
6.330000000000000000e+02
7.850000000000000000e+02
1.732000000000000000e+03
1.565000000000000000e+03
2.490000000000000000e+02
1.732000000000000000e+03
1.732000000000000000e+03
9.410000000000000000e+02
1.070000000000000000e+03
1.820000000000000000e+02
1.732000000000000000e+03
1.732000000000000000e+03
1.732000000000000000e+03
2.150000000000000000e+02
3.240000000000000000e+02
7.600000000000000000e+02
7.700000000000000000e+01
7.000000000000000000e+00
2.900000000000000000e+01
1.800000000000000000e+01
2.000000000000000000e+00
3.000000000000000000e+00
1.100000000000000000e+01
3.000000000000000000e+00
3.100000000000000000e+01
3.300000000000000000e+01
5.500000000000000000e+01
6.500000000000000000e+01
3.490000000000000000e+02
7.100000000000000000e+01
5.280000000000000000e+02
3.000000000000000000e+01
4.490000000000000000e+02
5.600000000000000000e+01
3.690000000000000000e+02
7.110000000000000000e+02
1.092000000000000000e+03
1.474000000000000000e+03
1.008000000000000000e+03
1.732000000000000000e+03
1.732000000000000000e+03
1.732000000000000000e+03
1.075000000000000000e+03
2.200000000000000000e+02
1.181000000000000000e+03
1.732000000000000000e+03
8.770000000000000000e+02
1.732000000000000000e+03
1.316000000000000000e+03
1.732000000000000000e+03
1.732000000000000000e+03
1.504000000000000000e+03
1.732000000000000000e+03
4.000000000000000000e+00
1.000000000000000000e+00
1.300000000000000000e+01
6.000000000000000000e+00
5.000000000000000000e+00
1.200000000000000000e+01
9.000000000000000000e+00
2.600000000000000000e+01
3.800000000000000000e+01
3.100000000000000000e+01
5.000000000000000000e+00
6.940000000000000000e+02
1.100000000000000000e+03
1.530000000000000000e+02
6.470000000000000000e+02
1.570000000000000000e+03
2.940000000000000000e+02
4.790000000000000000e+02
5.480000000000000000e+02
1.666000000000000000e+03
1.520000000000000000e+02
2.680000000000000000e+02
1.732000000000000000e+03
1.732000000000000000e+03
1.732000000000000000e+03
8.840000000000000000e+02
1.487000000000000000e+03
8.350000000000000000e+02
1.001000000000000000e+03
1.215000000000000000e+03
1.652000000000000000e+03
1.455000000000000000e+03
1.160000000000000000e+03
1.175000000000000000e+03
1.732000000000000000e+03
1.123000000000000000e+03
4.000000000000000000e+00
7.000000000000000000e+00
3.000000000000000000e+00
1.500000000000000000e+01
3.000000000000000000e+01
3.000000000000000000e+00
1.070000000000000000e+02
2.200000000000000000e+01
1.300000000000000000e+01
9.300000000000000000e+01
2.800000000000000000e+01
3.600000000000000000e+01
3.600000000000000000e+01
1.449000000000000000e+03
5.420000000000000000e+02
1.732000000000000000e+03
1.478000000000000000e+03
1.732000000000000000e+03
1.400000000000000000e+02
1.030000000000000000e+02
1.225000000000000000e+03
9.850000000000000000e+02
1.721000000000000000e+03
1.732000000000000000e+03
1.076000000000000000e+03
1.732000000000000000e+03
1.732000000000000000e+03
9.360000000000000000e+02
1.203000000000000000e+03
1.400000000000000000e+01
1.000000000000000000e+00
8.000000000000000000e+00
1.732000000000000000e+03
4.690000000000000000e+02
1.732000000000000000e+03
6.000000000000000000e+00
6.000000000000000000e+00
1.200000000000000000e+01
2.000000000000000000e+00
2.600000000000000000e+01
6.300000000000000000e+01
5.000000000000000000e+00
7.600000000000000000e+01
8.000000000000000000e+00
1.000000000000000000e+00
4.000000000000000000e+00
1.000000000000000000e+00
3.270000000000000000e+02
8.560000000000000000e+02
2.860000000000000000e+02
1.693000000000000000e+03
7.700000000000000000e+01
1.294000000000000000e+03
1.732000000000000000e+03
1.732000000000000000e+03
1.376000000000000000e+03
1.564000000000000000e+03
1.358000000000000000e+03
1.666000000000000000e+03
1.094000000000000000e+03
2.900000000000000000e+01
1.030000000000000000e+02
1.096000000000000000e+03
1.460000000000000000e+02
1.640000000000000000e+02
1.732000000000000000e+03
3.590000000000000000e+02
1.732000000000000000e+03
1.732000000000000000e+03
2.000000000000000000e+00
7.000000000000000000e+00
6.000000000000000000e+00
9.000000000000000000e+00
1.000000000000000000e+00
5.000000000000000000e+00
7.000000000000000000e+00
1.200000000000000000e+01
1.100000000000000000e+01
1.000000000000000000e+01
4.500000000000000000e+01
6.750000000000000000e+02
6.300000000000000000e+01
2.100000000000000000e+02
1.047000000000000000e+03
6.100000000000000000e+01
1.732000000000000000e+03
1.732000000000000000e+03
6.790000000000000000e+02
1.732000000000000000e+03
3.230000000000000000e+02
1.732000000000000000e+03
6.470000000000000000e+02
1.732000000000000000e+03
1.732000000000000000e+03
1.083000000000000000e+03
1.732000000000000000e+03
1.732000000000000000e+03
1.732000000000000000e+03
5.340000000000000000e+02
5.620000000000000000e+02
1.051000000000000000e+03
6.180000000000000000e+02
5.000000000000000000e+00
7.000000000000000000e+00
5.000000000000000000e+00
1.000000000000000000e+01
1.100000000000000000e+01
1.700000000000000000e+01
1.800000000000000000e+01
1.900000000000000000e+01
6.000000000000000000e+00
4.960000000000000000e+02
7.780000000000000000e+02
1.214000000000000000e+03
7.180000000000000000e+02
1.732000000000000000e+03
2.710000000000000000e+02
4.040000000000000000e+02
1.091000000000000000e+03
9.610000000000000000e+02
1.560000000000000000e+03
1.732000000000000000e+03
7.440000000000000000e+02
1.732000000000000000e+03
1.732000000000000000e+03
1.732000000000000000e+03
1.732000000000000000e+03
1.732000000000000000e+03
1.732000000000000000e+03
7.320000000000000000e+02
1.732000000000000000e+03
1.610000000000000000e+03
1.732000000000000000e+03
6.670000000000000000e+02
1.000000000000000000e+01
9.000000000000000000e+00
2.500000000000000000e+01
2.000000000000000000e+00
8.000000000000000000e+00
2.900000000000000000e+01
3.400000000000000000e+01
1.020000000000000000e+02
6.140000000000000000e+02
1.034000000000000000e+03
1.732000000000000000e+03
5.300000000000000000e+01
1.561000000000000000e+03
8.810000000000000000e+02
1.034000000000000000e+03
1.420000000000000000e+03
1.732000000000000000e+03
1.732000000000000000e+03
1.569000000000000000e+03
1.732000000000000000e+03
4.510000000000000000e+02
1.732000000000000000e+03
1.643000000000000000e+03
1.615000000000000000e+03
1.450000000000000000e+02
1.357000000000000000e+03
1.460000000000000000e+02
7.450000000000000000e+02
1.212000000000000000e+03
5.980000000000000000e+02
1.435000000000000000e+03
1.000000000000000000e+01
3.100000000000000000e+01
3.000000000000000000e+00
2.000000000000000000e+01
1.700000000000000000e+01
9.000000000000000000e+00
1.100000000000000000e+01
1.640000000000000000e+02
4.990000000000000000e+02
5.510000000000000000e+02
1.732000000000000000e+03
1.385000000000000000e+03
9.850000000000000000e+02
5.200000000000000000e+01
1.380000000000000000e+02
9.300000000000000000e+01
1.164000000000000000e+03
1.732000000000000000e+03
1.732000000000000000e+03
7.430000000000000000e+02
1.732000000000000000e+03
1.732000000000000000e+03
1.732000000000000000e+03
1.732000000000000000e+03
1.732000000000000000e+03
1.732000000000000000e+03
9.360000000000000000e+02
8.520000000000000000e+02
1.732000000000000000e+03
1.181000000000000000e+03
3.000000000000000000e+00
4.000000000000000000e+00
1.300000000000000000e+01
4.000000000000000000e+00
2.800000000000000000e+01
4.410000000000000000e+02
1.040000000000000000e+02
3.700000000000000000e+02
1.001000000000000000e+03
1.629000000000000000e+03
8.120000000000000000e+02
1.732000000000000000e+03
1.732000000000000000e+03
3.990000000000000000e+02
6.830000000000000000e+02
4.730000000000000000e+02
7.210000000000000000e+02
1.732000000000000000e+03
1.020000000000000000e+02
6.870000000000000000e+02
1.732000000000000000e+03
3.740000000000000000e+02
1.732000000000000000e+03
1.365000000000000000e+03
1.732000000000000000e+03
5.640000000000000000e+02
1.732000000000000000e+03
1.284000000000000000e+03
1.187000000000000000e+03
2.900000000000000000e+01
1.180000000000000000e+02
3.630000000000000000e+02
2.560000000000000000e+02
3.150000000000000000e+02
4.300000000000000000e+01
1.660000000000000000e+02
2.280000000000000000e+02
5.600000000000000000e+01
1.732000000000000000e+03
1.732000000000000000e+03
8.100000000000000000e+01
1.732000000000000000e+03
1.732000000000000000e+03
1.732000000000000000e+03
1.660000000000000000e+03
1.454000000000000000e+03
1.732000000000000000e+03
1.650000000000000000e+03
1.732000000000000000e+03
1.002000000000000000e+03
1.732000000000000000e+03
1.732000000000000000e+03
1.732000000000000000e+03
9.110000000000000000e+02
1.354000000000000000e+03
1.732000000000000000e+03
1.732000000000000000e+03
2.000000000000000000e+01
7.100000000000000000e+01
2.150000000000000000e+02
1.400000000000000000e+01
1.410000000000000000e+02
2.000000000000000000e+01
1.076000000000000000e+03
1.732000000000000000e+03
2.620000000000000000e+02
1.280000000000000000e+02
1.470000000000000000e+02
6.870000000000000000e+02
1.732000000000000000e+03
1.732000000000000000e+03
1.732000000000000000e+03
1.732000000000000000e+03
1.714000000000000000e+03
1.732000000000000000e+03
1.732000000000000000e+03
1.732000000000000000e+03
1.732000000000000000e+03
1.732000000000000000e+03
1.732000000000000000e+03
1.549000000000000000e+03
1.732000000000000000e+03
1.732000000000000000e+03
1.732000000000000000e+03
1.110000000000000000e+02
4.990000000000000000e+02
5.300000000000000000e+01
3.390000000000000000e+02
4.300000000000000000e+01
1.670000000000000000e+02
4.120000000000000000e+02
2.860000000000000000e+02
7.860000000000000000e+02
1.732000000000000000e+03
8.050000000000000000e+02
1.175000000000000000e+03
1.303000000000000000e+03
1.732000000000000000e+03
1.732000000000000000e+03
1.732000000000000000e+03
1.041000000000000000e+03
6.750000000000000000e+02
1.732000000000000000e+03
1.732000000000000000e+03
6.300000000000000000e+02
1.732000000000000000e+03
4.280000000000000000e+02
1.270000000000000000e+02
1.732000000000000000e+03
1.600000000000000000e+03
8.300000000000000000e+01
1.570000000000000000e+02
3.690000000000000000e+02
1.800000000000000000e+02
4.100000000000000000e+01
1.030000000000000000e+02
1.187000000000000000e+03
1.725000000000000000e+03
1.600000000000000000e+02
3.180000000000000000e+02
1.732000000000000000e+03
1.106000000000000000e+03
1.732000000000000000e+03
1.530000000000000000e+03
1.732000000000000000e+03
1.732000000000000000e+03
1.732000000000000000e+03
1.732000000000000000e+03
1.732000000000000000e+03
1.461000000000000000e+03
1.732000000000000000e+03
4.600000000000000000e+01
1.732000000000000000e+03
1.337000000000000000e+03
3.640000000000000000e+02
1.820000000000000000e+02
5.800000000000000000e+01
2.250000000000000000e+02
4.100000000000000000e+01
1.732000000000000000e+03
1.732000000000000000e+03
4.940000000000000000e+02
1.732000000000000000e+03
1.732000000000000000e+03
2.410000000000000000e+02
1.108000000000000000e+03
2.110000000000000000e+02
3.400000000000000000e+02
1.084000000000000000e+03
1.732000000000000000e+03
1.732000000000000000e+03
1.029000000000000000e+03
2.920000000000000000e+02
1.732000000000000000e+03
1.732000000000000000e+03
1.732000000000000000e+03
3.050000000000000000e+02
1.732000000000000000e+03
1.378000000000000000e+03
5.500000000000000000e+01
1.930000000000000000e+02
3.120000000000000000e+02
1.732000000000000000e+03
8.930000000000000000e+02
9.970000000000000000e+02
9.030000000000000000e+02
1.732000000000000000e+03
8.970000000000000000e+02
1.158000000000000000e+03
2.840000000000000000e+02
1.732000000000000000e+03
7.680000000000000000e+02
1.732000000000000000e+03
3.800000000000000000e+01
8.610000000000000000e+02
1.732000000000000000e+03
1.732000000000000000e+03
1.446000000000000000e+03
1.732000000000000000e+03
1.732000000000000000e+03
1.732000000000000000e+03
1.732000000000000000e+03
1.170000000000000000e+02
5.650000000000000000e+02
9.400000000000000000e+01
3.500000000000000000e+01
7.580000000000000000e+02
7.020000000000000000e+02
1.732000000000000000e+03
1.732000000000000000e+03
2.330000000000000000e+02
7.780000000000000000e+02
1.282000000000000000e+03
1.732000000000000000e+03
1.732000000000000000e+03
1.732000000000000000e+03
1.732000000000000000e+03
1.732000000000000000e+03
1.732000000000000000e+03
1.732000000000000000e+03
1.732000000000000000e+03
1.860000000000000000e+02
1.732000000000000000e+03
1.732000000000000000e+03
1.970000000000000000e+02
7.300000000000000000e+01
1.732000000000000000e+03
3.480000000000000000e+02
1.006000000000000000e+03
5.500000000000000000e+02
1.266000000000000000e+03
1.732000000000000000e+03
1.732000000000000000e+03
6.860000000000000000e+02
4.490000000000000000e+02
1.732000000000000000e+03
1.513000000000000000e+03
1.732000000000000000e+03
1.732000000000000000e+03
1.732000000000000000e+03
1.067000000000000000e+03
1.732000000000000000e+03
1.732000000000000000e+03
1.732000000000000000e+03
1.572000000000000000e+03
1.000000000000000000e+00
1.340000000000000000e+02
1.133000000000000000e+03
5.100000000000000000e+01
1.000000000000000000e+03
1.708000000000000000e+03
1.384000000000000000e+03
1.760000000000000000e+02
1.340000000000000000e+02
1.732000000000000000e+03
1.732000000000000000e+03
9.380000000000000000e+02
7.870000000000000000e+02
1.732000000000000000e+03
1.732000000000000000e+03
6.050000000000000000e+02
1.732000000000000000e+03
1.732000000000000000e+03
1.732000000000000000e+03
1.732000000000000000e+03
1.580000000000000000e+02
1.732000000000000000e+03
6.970000000000000000e+02
1.301000000000000000e+03
9.610000000000000000e+02
1.732000000000000000e+03
1.732000000000000000e+03
1.732000000000000000e+03
1.732000000000000000e+03
4.770000000000000000e+02
1.732000000000000000e+03
1.732000000000000000e+03
1.732000000000000000e+03
1.732000000000000000e+03
1.732000000000000000e+03
1.732000000000000000e+03
1.732000000000000000e+03
1.732000000000000000e+03
1.732000000000000000e+03
5.120000000000000000e+02
9.000000000000000000e+02
5.560000000000000000e+02
1.380000000000000000e+03
1.732000000000000000e+03
1.732000000000000000e+03
1.732000000000000000e+03
1.732000000000000000e+03
1.732000000000000000e+03
1.431000000000000000e+03
1.732000000000000000e+03
1.732000000000000000e+03
1.732000000000000000e+03
1.732000000000000000e+03
1.732000000000000000e+03
1.732000000000000000e+03
1.732000000000000000e+03
1.732000000000000000e+03
1.680000000000000000e+02
9.770000000000000000e+02
1.732000000000000000e+03
1.732000000000000000e+03
4.600000000000000000e+01
1.732000000000000000e+03
1.732000000000000000e+03
1.732000000000000000e+03
1.732000000000000000e+03
1.732000000000000000e+03
1.732000000000000000e+03
1.732000000000000000e+03
1.207000000000000000e+03
1.732000000000000000e+03
1.732000000000000000e+03
1.732000000000000000e+03
1.732000000000000000e+03
1.620000000000000000e+03
1.732000000000000000e+03
1.732000000000000000e+03
1.732000000000000000e+03
1.732000000000000000e+03
1.732000000000000000e+03
3.440000000000000000e+02
1.228000000000000000e+03
1.732000000000000000e+03
1.732000000000000000e+03
1.732000000000000000e+03
1.732000000000000000e+03
1.732000000000000000e+03
1.732000000000000000e+03
1.732000000000000000e+03
1.732000000000000000e+03
1.732000000000000000e+03
1.732000000000000000e+03
1.732000000000000000e+03
1.732000000000000000e+03
1.732000000000000000e+03
1.732000000000000000e+03
1.053000000000000000e+03
1.732000000000000000e+03
1.732000000000000000e+03
1.180000000000000000e+02
1.732000000000000000e+03
1.732000000000000000e+03
1.732000000000000000e+03
1.732000000000000000e+03
1.732000000000000000e+03
1.732000000000000000e+03
1.732000000000000000e+03
1.732000000000000000e+03
1.134000000000000000e+03
1.060000000000000000e+02
1.732000000000000000e+03
1.732000000000000000e+03
1.732000000000000000e+03
1.662000000000000000e+03
1.732000000000000000e+03
1.732000000000000000e+03
1.732000000000000000e+03
1.732000000000000000e+03
1.732000000000000000e+03
1.732000000000000000e+03
6.840000000000000000e+02
1.732000000000000000e+03
5.500000000000000000e+01
1.732000000000000000e+03
1.732000000000000000e+03
1.732000000000000000e+03
1.732000000000000000e+03
1.732000000000000000e+03
1.732000000000000000e+03
1.732000000000000000e+03
1.732000000000000000e+03
1.732000000000000000e+03
1.732000000000000000e+03
1.050000000000000000e+02
1.732000000000000000e+03
1.732000000000000000e+03
1.204000000000000000e+03
4.650000000000000000e+02
1.732000000000000000e+03
1.295000000000000000e+03
1.732000000000000000e+03
1.732000000000000000e+03
1.732000000000000000e+03
1.732000000000000000e+03
1.732000000000000000e+03
1.732000000000000000e+03
1.732000000000000000e+03
1.732000000000000000e+03
1.732000000000000000e+03
1.732000000000000000e+03
1.732000000000000000e+03
1.732000000000000000e+03
1.732000000000000000e+03
1.083000000000000000e+03
1.732000000000000000e+03
1.732000000000000000e+03
1.732000000000000000e+03
1.732000000000000000e+03
7.880000000000000000e+02
1.732000000000000000e+03
1.732000000000000000e+03
8.030000000000000000e+02
1.732000000000000000e+03
1.732000000000000000e+03
1.732000000000000000e+03
1.732000000000000000e+03
1.732000000000000000e+03
1.732000000000000000e+03
1.732000000000000000e+03
1.732000000000000000e+03
1.732000000000000000e+03
1.732000000000000000e+03
1.732000000000000000e+03
1.732000000000000000e+03
1.732000000000000000e+03
1.732000000000000000e+03
1.732000000000000000e+03
1.732000000000000000e+03
1.732000000000000000e+03
1.732000000000000000e+03
1.732000000000000000e+03
1.732000000000000000e+03
1.732000000000000000e+03
1.732000000000000000e+03
1.732000000000000000e+03
1.732000000000000000e+03
7.840000000000000000e+02
7.170000000000000000e+02
1.732000000000000000e+03
1.732000000000000000e+03
1.420000000000000000e+02
1.732000000000000000e+03
1.732000000000000000e+03
1.732000000000000000e+03
1.732000000000000000e+03
1.732000000000000000e+03
1.732000000000000000e+03
1.732000000000000000e+03
1.732000000000000000e+03
1.732000000000000000e+03
3.760000000000000000e+02
1.732000000000000000e+03
1.732000000000000000e+03
1.732000000000000000e+03
1.732000000000000000e+03
1.732000000000000000e+03
1.732000000000000000e+03
1.732000000000000000e+03
1.732000000000000000e+03
1.732000000000000000e+03
