1.700000000000000000e+01
8.000000000000000000e+00
7.000000000000000000e+00
2.100000000000000000e+01
6.600000000000000000e+01
1.100000000000000000e+01
3.300000000000000000e+01
2.300000000000000000e+01
3.100000000000000000e+01
1.400000000000000000e+01
5.600000000000000000e+01
5.800000000000000000e+01
3.270000000000000000e+02
1.000000000000000000e+00
4.100000000000000000e+01
2.000000000000000000e+01
9.300000000000000000e+01
9.020000000000000000e+02
2.470000000000000000e+02
1.480000000000000000e+02
9.200000000000000000e+01
8.310000000000000000e+02
7.300000000000000000e+01
3.080000000000000000e+02
1.960000000000000000e+02
2.460000000000000000e+02
1.670000000000000000e+02
2.880000000000000000e+02
6.130000000000000000e+02
1.760000000000000000e+02
1.300000000000000000e+02
2.590000000000000000e+02
1.400000000000000000e+01
3.200000000000000000e+01
4.480000000000000000e+02
1.720000000000000000e+02
3.570000000000000000e+02
2.650000000000000000e+02
7.800000000000000000e+02
8.500000000000000000e+01
1.400000000000000000e+01
6.000000000000000000e+00
1.300000000000000000e+01
5.700000000000000000e+01
2.100000000000000000e+01
2.700000000000000000e+01
1.000000000000000000e+01
2.400000000000000000e+01
1.600000000000000000e+01
1.600000000000000000e+01
1.300000000000000000e+01
1.700000000000000000e+01
3.500000000000000000e+01
1.400000000000000000e+01
3.500000000000000000e+01
1.730000000000000000e+02
3.600000000000000000e+02
1.000000000000000000e+00
3.870000000000000000e+02
3.930000000000000000e+02
7.840000000000000000e+02
2.850000000000000000e+02
4.450000000000000000e+02
5.830000000000000000e+02
1.290000000000000000e+03
6.500000000000000000e+02
1.732000000000000000e+03
1.070000000000000000e+02
1.100000000000000000e+01
3.780000000000000000e+02
7.800000000000000000e+01
7.000000000000000000e+00
7.860000000000000000e+02
4.100000000000000000e+02
5.430000000000000000e+02
3.300000000000000000e+01
3.890000000000000000e+02
1.751000000000000000e+03
1.270000000000000000e+02
5.750000000000000000e+02
3.540000000000000000e+02
1.510000000000000000e+02
2.700000000000000000e+01
2.160000000000000000e+02
4.000000000000000000e+00
1.300000000000000000e+01
4.200000000000000000e+01
1.100000000000000000e+01
1.400000000000000000e+01
1.000000000000000000e+00
6.000000000000000000e+00
7.790000000000000000e+02
5.000000000000000000e+01
2.740000000000000000e+02
1.270000000000000000e+02
1.160000000000000000e+02
4.320000000000000000e+02
5.280000000000000000e+02
5.060000000000000000e+02
1.000000000000000000e+01
3.300000000000000000e+01
1.333000000000000000e+03
7.300000000000000000e+01
2.410000000000000000e+02
7.730000000000000000e+02
3.600000000000000000e+01
6.400000000000000000e+01
6.000000000000000000e+01
8.930000000000000000e+02
1.590000000000000000e+02
3.530000000000000000e+02
5.960000000000000000e+02
1.046000000000000000e+03
2.040000000000000000e+02
3.580000000000000000e+02
1.026000000000000000e+03
3.820000000000000000e+02
7.700000000000000000e+01
1.690000000000000000e+02
4.300000000000000000e+01
3.000000000000000000e+01
2.000000000000000000e+00
1.100000000000000000e+01
3.600000000000000000e+01
3.000000000000000000e+00
1.170000000000000000e+02
3.700000000000000000e+01
5.500000000000000000e+01
2.990000000000000000e+02
4.900000000000000000e+01
3.030000000000000000e+02
9.920000000000000000e+02
2.620000000000000000e+02
3.660000000000000000e+02
5.600000000000000000e+01
2.600000000000000000e+02
2.530000000000000000e+02
6.320000000000000000e+02
6.400000000000000000e+01
4.000000000000000000e+00
2.500000000000000000e+01
4.800000000000000000e+01
5.000000000000000000e+01
2.394000000000000000e+03
1.900000000000000000e+01
1.156000000000000000e+03
4.050000000000000000e+02
6.180000000000000000e+02
2.170000000000000000e+02
3.450000000000000000e+02
2.400000000000000000e+01
1.732000000000000000e+03
5.440000000000000000e+02
1.732000000000000000e+03
1.200000000000000000e+01
2.000000000000000000e+01
1.300000000000000000e+01
6.000000000000000000e+00
1.200000000000000000e+01
2.600000000000000000e+01
7.000000000000000000e+00
2.600000000000000000e+01
7.000000000000000000e+00
9.460000000000000000e+02
4.370000000000000000e+02
5.170000000000000000e+02
2.000000000000000000e+00
7.400000000000000000e+01
2.600000000000000000e+02
4.790000000000000000e+02
2.940000000000000000e+02
4.790000000000000000e+02
2.870000000000000000e+02
2.690000000000000000e+02
1.200000000000000000e+01
2.600000000000000000e+01
2.100000000000000000e+01
3.400000000000000000e+01
7.700000000000000000e+01
1.430000000000000000e+02
8.880000000000000000e+02
1.560000000000000000e+02
7.330000000000000000e+02
2.529000000000000000e+03
8.800000000000000000e+01
2.940000000000000000e+02
7.170000000000000000e+02
1.732000000000000000e+03
6.160000000000000000e+02
1.420000000000000000e+02
1.000000000000000000e+01
7.000000000000000000e+00
3.000000000000000000e+00
1.700000000000000000e+01
4.400000000000000000e+01
3.000000000000000000e+00
3.050000000000000000e+02
8.540000000000000000e+02
3.320000000000000000e+02
7.020000000000000000e+02
6.200000000000000000e+01
2.300000000000000000e+01
3.600000000000000000e+01
3.540000000000000000e+02
3.160000000000000000e+02
1.950000000000000000e+02
6.000000000000000000e+00
8.000000000000000000e+00
6.000000000000000000e+00
7.300000000000000000e+01
7.800000000000000000e+01
9.500000000000000000e+01
1.050000000000000000e+02
3.620000000000000000e+02
1.535000000000000000e+03
8.250000000000000000e+02
1.178000000000000000e+03
8.600000000000000000e+01
3.700000000000000000e+01
1.000000000000000000e+00
5.000000000000000000e+00
2.900000000000000000e+01
4.000000000000000000e+00
2.000000000000000000e+01
1.900000000000000000e+01
6.000000000000000000e+00
3.000000000000000000e+01
1.200000000000000000e+01
2.000000000000000000e+00
6.500000000000000000e+01
6.700000000000000000e+02
1.670000000000000000e+02
4.980000000000000000e+02
2.440000000000000000e+02
2.400000000000000000e+01
1.400000000000000000e+01
1.200000000000000000e+01
2.400000000000000000e+01
1.400000000000000000e+01
3.900000000000000000e+01
4.100000000000000000e+01
5.000000000000000000e+00
1.030000000000000000e+02
7.200000000000000000e+01
7.410000000000000000e+02
4.840000000000000000e+02
3.490000000000000000e+02
2.031000000000000000e+03
4.130000000000000000e+02
2.000000000000000000e+00
1.400000000000000000e+01
1.800000000000000000e+01
8.000000000000000000e+00
2.500000000000000000e+01
2.900000000000000000e+01
7.400000000000000000e+01
7.300000000000000000e+01
7.200000000000000000e+01
2.000000000000000000e+00
2.000000000000000000e+00
9.000000000000000000e+00
1.100000000000000000e+01
1.700000000000000000e+01
1.000000000000000000e+00
5.000000000000000000e+00
7.000000000000000000e+00
1.000000000000000000e+01
2.500000000000000000e+01
1.000000000000000000e+01
1.400000000000000000e+01
5.100000000000000000e+01
1.200000000000000000e+01
8.200000000000000000e+01
5.500000000000000000e+01
1.000000000000000000e+01
1.700000000000000000e+01
2.440000000000000000e+02
4.410000000000000000e+02
3.430000000000000000e+02
6.000000000000000000e+00
1.000000000000000000e+01
2.800000000000000000e+01
3.400000000000000000e+01
2.100000000000000000e+01
1.000000000000000000e+00
5.400000000000000000e+01
9.000000000000000000e+01
1.400000000000000000e+01
1.000000000000000000e+00
4.900000000000000000e+01
4.000000000000000000e+00
1.400000000000000000e+01
5.000000000000000000e+00
2.300000000000000000e+01
2.200000000000000000e+01
1.000000000000000000e+01
4.900000000000000000e+01
2.200000000000000000e+01
3.900000000000000000e+01
6.600000000000000000e+01
5.800000000000000000e+01
1.300000000000000000e+01
2.600000000000000000e+01
2.100000000000000000e+01
7.300000000000000000e+01
9.100000000000000000e+01
1.800000000000000000e+01
4.040000000000000000e+02
7.110000000000000000e+02
4.000000000000000000e+00
1.200000000000000000e+01
2.500000000000000000e+01
1.100000000000000000e+01
9.000000000000000000e+00
2.000000000000000000e+01
6.100000000000000000e+01
9.800000000000000000e+01
2.000000000000000000e+01
3.200000000000000000e+01
1.100000000000000000e+01
8.000000000000000000e+00
6.000000000000000000e+00
1.400000000000000000e+01
1.400000000000000000e+01
2.300000000000000000e+01
3.500000000000000000e+01
7.800000000000000000e+01
2.000000000000000000e+00
3.800000000000000000e+01
6.100000000000000000e+01
3.400000000000000000e+01
7.300000000000000000e+01
8.500000000000000000e+01
7.500000000000000000e+01
5.300000000000000000e+01
1.730000000000000000e+02
9.000000000000000000e+01
1.790000000000000000e+02
9.200000000000000000e+01
2.200000000000000000e+01
1.700000000000000000e+01
9.000000000000000000e+00
4.100000000000000000e+01
1.800000000000000000e+01
6.300000000000000000e+01
4.000000000000000000e+00
2.900000000000000000e+01
6.000000000000000000e+00
1.000000000000000000e+00
1.200000000000000000e+01
5.000000000000000000e+00
2.600000000000000000e+01
4.000000000000000000e+00
1.800000000000000000e+01
2.600000000000000000e+01
4.600000000000000000e+01
1.060000000000000000e+02
8.300000000000000000e+01
1.080000000000000000e+02
6.500000000000000000e+01
1.180000000000000000e+02
1.410000000000000000e+02
1.720000000000000000e+02
5.650000000000000000e+02
4.500000000000000000e+01
2.010000000000000000e+02
4.760000000000000000e+02
7.000000000000000000e+00
2.900000000000000000e+01
1.800000000000000000e+01
5.300000000000000000e+01
5.000000000000000000e+00
6.900000000000000000e+01
2.000000000000000000e+00
1.700000000000000000e+01
2.000000000000000000e+00
1.900000000000000000e+01
5.000000000000000000e+00
1.400000000000000000e+01
7.000000000000000000e+00
2.600000000000000000e+01
1.200000000000000000e+01
2.900000000000000000e+01
2.700000000000000000e+01
1.300000000000000000e+01
1.150000000000000000e+02
1.510000000000000000e+02
6.600000000000000000e+01
1.484000000000000000e+03
2.800000000000000000e+01
9.200000000000000000e+01
4.150000000000000000e+02
3.890000000000000000e+02
8.430000000000000000e+02
1.433000000000000000e+03
2.000000000000000000e+00
2.200000000000000000e+01
1.700000000000000000e+01
4.500000000000000000e+01
4.000000000000000000e+00
1.000000000000000000e+01
3.000000000000000000e+00
4.000000000000000000e+00
1.200000000000000000e+01
4.000000000000000000e+00
9.000000000000000000e+00
7.000000000000000000e+00
3.000000000000000000e+00
4.000000000000000000e+00
9.000000000000000000e+00
1.200000000000000000e+01
8.000000000000000000e+00
2.000000000000000000e+00
1.900000000000000000e+01
2.900000000000000000e+01
1.315000000000000000e+03
2.300000000000000000e+01
2.560000000000000000e+02
2.730000000000000000e+02
2.810000000000000000e+02
6.840000000000000000e+02
9.900000000000000000e+01
5.600000000000000000e+01
2.800000000000000000e+01
1.100000000000000000e+01
2.000000000000000000e+00
1.400000000000000000e+01
6.000000000000000000e+00
5.000000000000000000e+00
2.000000000000000000e+01
1.200000000000000000e+01
2.000000000000000000e+01
1.900000000000000000e+01
4.000000000000000000e+00
3.800000000000000000e+01
6.000000000000000000e+00
3.000000000000000000e+00
2.500000000000000000e+01
2.800000000000000000e+01
6.000000000000000000e+00
2.000000000000000000e+00
3.000000000000000000e+00
6.200000000000000000e+01
7.100000000000000000e+01
1.380000000000000000e+02
1.780000000000000000e+02
5.200000000000000000e+02
2.000000000000000000e+01
7.320000000000000000e+02
4.000000000000000000e+00
3.000000000000000000e+00
6.000000000000000000e+00
1.000000000000000000e+00
1.300000000000000000e+01
1.300000000000000000e+01
7.000000000000000000e+00
1.700000000000000000e+01
1.300000000000000000e+01
3.600000000000000000e+01
4.300000000000000000e+01
1.200000000000000000e+01
7.000000000000000000e+00
3.600000000000000000e+01
2.000000000000000000e+01
1.000000000000000000e+00
4.000000000000000000e+00
2.000000000000000000e+00
1.300000000000000000e+01
3.100000000000000000e+01
1.000000000000000000e+01
5.000000000000000000e+00
2.000000000000000000e+00
9.000000000000000000e+00
2.700000000000000000e+01
3.000000000000000000e+01
6.000000000000000000e+00
1.100000000000000000e+01
2.000000000000000000e+00
3.000000000000000000e+00
1.000000000000000000e+00
1.000000000000000000e+01
1.400000000000000000e+01
8.000000000000000000e+00
3.000000000000000000e+00
1.300000000000000000e+01
2.700000000000000000e+01
5.000000000000000000e+00
8.000000000000000000e+00
3.000000000000000000e+00
2.600000000000000000e+01
1.600000000000000000e+01
2.400000000000000000e+01
2.200000000000000000e+01
2.200000000000000000e+01
1.100000000000000000e+01
3.800000000000000000e+01
3.100000000000000000e+01
7.000000000000000000e+00
1.000000000000000000e+00
5.000000000000000000e+00
1.000000000000000000e+00
1.000000000000000000e+00
5.000000000000000000e+00
2.000000000000000000e+01
1.700000000000000000e+01
2.800000000000000000e+01
1.200000000000000000e+01
8.000000000000000000e+00
3.000000000000000000e+00
2.000000000000000000e+01
1.000000000000000000e+00
1.000000000000000000e+01
1.000000000000000000e+00
2.000000000000000000e+00
7.000000000000000000e+00
1.400000000000000000e+01
2.600000000000000000e+01
3.800000000000000000e+01
2.300000000000000000e+01
2.000000000000000000e+00
2.400000000000000000e+01
4.000000000000000000e+00
3.000000000000000000e+00
5.000000000000000000e+00
2.000000000000000000e+00
5.000000000000000000e+00
4.000000000000000000e+00
3.400000000000000000e+01
4.000000000000000000e+00
1.600000000000000000e+01
8.000000000000000000e+00
3.000000000000000000e+00
1.300000000000000000e+01
2.000000000000000000e+00
1.100000000000000000e+01
5.000000000000000000e+01
8.000000000000000000e+00
9.000000000000000000e+00
1.000000000000000000e+01
3.000000000000000000e+00
7.200000000000000000e+01
2.800000000000000000e+01
2.200000000000000000e+01
1.600000000000000000e+01
8.000000000000000000e+00
2.200000000000000000e+01
8.000000000000000000e+00
1.000000000000000000e+01
7.000000000000000000e+00
6.000000000000000000e+00
1.600000000000000000e+01
7.000000000000000000e+00
2.000000000000000000e+00
3.000000000000000000e+00
6.000000000000000000e+00
9.000000000000000000e+00
7.000000000000000000e+00
1.200000000000000000e+01
7.000000000000000000e+00
3.000000000000000000e+01
2.200000000000000000e+01
1.800000000000000000e+01
2.900000000000000000e+01
3.800000000000000000e+01
7.000000000000000000e+00
3.000000000000000000e+00
3.000000000000000000e+00
1.000000000000000000e+00
1.000000000000000000e+00
1.000000000000000000e+00
8.000000000000000000e+00
1.500000000000000000e+01
5.000000000000000000e+00
7.000000000000000000e+00
6.000000000000000000e+00
2.800000000000000000e+01
1.000000000000000000e+00
4.000000000000000000e+00
3.000000000000000000e+00
1.100000000000000000e+01
2.300000000000000000e+01
7.700000000000000000e+01
2.100000000000000000e+01
1.800000000000000000e+01
4.000000000000000000e+01
2.000000000000000000e+00
1.600000000000000000e+01
1.000000000000000000e+00
1.600000000000000000e+01
2.000000000000000000e+01
1.000000000000000000e+00
2.800000000000000000e+01
1.100000000000000000e+01
4.000000000000000000e+00
1.000000000000000000e+00
1.200000000000000000e+01
3.000000000000000000e+00
9.000000000000000000e+00
2.000000000000000000e+00
1.200000000000000000e+01
6.000000000000000000e+00
4.000000000000000000e+00
5.700000000000000000e+01
1.700000000000000000e+01
7.200000000000000000e+01
1.300000000000000000e+01
3.000000000000000000e+00
3.000000000000000000e+00
3.000000000000000000e+00
4.000000000000000000e+00
3.000000000000000000e+00
4.000000000000000000e+00
1.000000000000000000e+00
1.000000000000000000e+00
3.000000000000000000e+00
8.000000000000000000e+00
2.000000000000000000e+00
2.300000000000000000e+01
2.400000000000000000e+01
2.300000000000000000e+01
2.400000000000000000e+01
4.000000000000000000e+01
4.100000000000000000e+01
1.800000000000000000e+01
4.000000000000000000e+01
4.100000000000000000e+01
1.300000000000000000e+01
2.200000000000000000e+01
1.600000000000000000e+01
1.030000000000000000e+02
8.000000000000000000e+00
5.000000000000000000e+00
4.000000000000000000e+00
2.000000000000000000e+00
1.000000000000000000e+01
2.800000000000000000e+01
3.400000000000000000e+01
7.400000000000000000e+01
3.800000000000000000e+01
3.900000000000000000e+01
1.400000000000000000e+01
1.400000000000000000e+01
8.500000000000000000e+01
5.000000000000000000e+01
2.200000000000000000e+01
5.500000000000000000e+01
7.000000000000000000e+00
7.000000000000000000e+00
5.700000000000000000e+01
5.000000000000000000e+00
1.300000000000000000e+01
1.300000000000000000e+01
9.000000000000000000e+00
1.800000000000000000e+01
3.000000000000000000e+00
9.000000000000000000e+00
7.900000000000000000e+01
1.000000000000000000e+00
2.100000000000000000e+01
1.200000000000000000e+01
9.100000000000000000e+01
4.000000000000000000e+00
3.000000000000000000e+01
1.470000000000000000e+02
7.900000000000000000e+01
2.900000000000000000e+01
5.500000000000000000e+01
2.400000000000000000e+01
5.700000000000000000e+01
4.400000000000000000e+01
3.800000000000000000e+01
1.000000000000000000e+01
6.700000000000000000e+01
7.000000000000000000e+00
5.200000000000000000e+01
6.900000000000000000e+01
1.000000000000000000e+00
9.000000000000000000e+00
4.900000000000000000e+01
1.000000000000000000e+00
3.000000000000000000e+00
1.950000000000000000e+02
7.100000000000000000e+01
4.600000000000000000e+01
4.000000000000000000e+00
5.900000000000000000e+01
1.700000000000000000e+01
7.000000000000000000e+00
2.800000000000000000e+01
1.000000000000000000e+01
1.600000000000000000e+01
2.700000000000000000e+01
9.100000000000000000e+01
3.600000000000000000e+01
1.000000000000000000e+00
3.600000000000000000e+01
1.700000000000000000e+01
1.370000000000000000e+02
8.500000000000000000e+01
1.960000000000000000e+02
1.700000000000000000e+01
2.700000000000000000e+01
1.000000000000000000e+01
7.400000000000000000e+01
1.200000000000000000e+01
2.000000000000000000e+01
8.400000000000000000e+01
5.200000000000000000e+01
8.600000000000000000e+01
1.300000000000000000e+01
2.930000000000000000e+02
1.200000000000000000e+01
1.220000000000000000e+02
1.800000000000000000e+01
2.120000000000000000e+02
2.900000000000000000e+01
4.000000000000000000e+01
3.400000000000000000e+01
4.800000000000000000e+01
9.000000000000000000e+00
4.000000000000000000e+00
5.000000000000000000e+01
8.000000000000000000e+00
1.210000000000000000e+02
4.400000000000000000e+01
6.700000000000000000e+01
3.570000000000000000e+02
5.640000000000000000e+02
9.000000000000000000e+00
6.000000000000000000e+00
2.000000000000000000e+00
4.500000000000000000e+01
8.400000000000000000e+01
8.500000000000000000e+01
7.400000000000000000e+01
2.540000000000000000e+02
2.400000000000000000e+01
5.000000000000000000e+00
4.500000000000000000e+01
2.400000000000000000e+01
5.190000000000000000e+02
1.610000000000000000e+02
1.110000000000000000e+02
7.500000000000000000e+01
2.500000000000000000e+01
7.400000000000000000e+01
5.000000000000000000e+00
1.690000000000000000e+02
8.000000000000000000e+01
2.600000000000000000e+01
7.700000000000000000e+01
6.000000000000000000e+01
1.010000000000000000e+02
5.930000000000000000e+02
1.130000000000000000e+02
8.000000000000000000e+00
1.130000000000000000e+02
1.700000000000000000e+01
2.300000000000000000e+01
3.100000000000000000e+01
1.610000000000000000e+02
3.420000000000000000e+02
8.000000000000000000e+00
1.520000000000000000e+02
5.500000000000000000e+01
6.500000000000000000e+01
1.180000000000000000e+02
1.330000000000000000e+02
3.270000000000000000e+02
1.000000000000000000e+01
6.100000000000000000e+01
7.300000000000000000e+01
3.780000000000000000e+02
1.230000000000000000e+02
8.970000000000000000e+02
2.580000000000000000e+02
4.930000000000000000e+02
1.660000000000000000e+02
1.100000000000000000e+01
2.230000000000000000e+02
5.860000000000000000e+02
1.000000000000000000e+00
5.300000000000000000e+01
2.490000000000000000e+02
6.400000000000000000e+01
5.800000000000000000e+01
4.040000000000000000e+02
7.700000000000000000e+02
5.200000000000000000e+01
2.000000000000000000e+00
1.080000000000000000e+02
7.620000000000000000e+02
2.200000000000000000e+02
3.940000000000000000e+02
1.930000000000000000e+02
9.700000000000000000e+01
5.200000000000000000e+02
3.400000000000000000e+01
6.100000000000000000e+02
1.460000000000000000e+02
2.400000000000000000e+01
6.090000000000000000e+02
1.040000000000000000e+02
7.100000000000000000e+01
2.470000000000000000e+02
7.100000000000000000e+01
1.450000000000000000e+02
9.630000000000000000e+02
8.190000000000000000e+02
1.700000000000000000e+01
3.110000000000000000e+02
4.870000000000000000e+02
7.300000000000000000e+02
8.590000000000000000e+02
8.540000000000000000e+02
1.007000000000000000e+03
1.800000000000000000e+01
1.310000000000000000e+02
5.300000000000000000e+01
2.200000000000000000e+02
