1.700000000000000000e+01
8.000000000000000000e+00
7.000000000000000000e+00
2.100000000000000000e+01
1.400000000000000000e+01
1.100000000000000000e+01
9.000000000000000000e+00
4.000000000000000000e+00
1.600000000000000000e+01
1.400000000000000000e+01
2.000000000000000000e+00
3.100000000000000000e+01
5.100000000000000000e+01
1.000000000000000000e+00
4.600000000000000000e+01
2.000000000000000000e+01
9.300000000000000000e+01
2.000000000000000000e+00
1.000000000000000000e+00
1.480000000000000000e+02
9.200000000000000000e+01
5.960000000000000000e+02
5.180000000000000000e+02
5.900000000000000000e+02
7.760000000000000000e+02
5.400000000000000000e+02
1.670000000000000000e+02
1.533000000000000000e+03
2.620000000000000000e+02
8.660000000000000000e+02
1.653000000000000000e+03
1.732000000000000000e+03
1.255000000000000000e+03
3.790000000000000000e+02
1.732000000000000000e+03
5.000000000000000000e+02
1.732000000000000000e+03
1.732000000000000000e+03
1.732000000000000000e+03
1.732000000000000000e+03
1.400000000000000000e+01
6.000000000000000000e+00
1.300000000000000000e+01
1.900000000000000000e+01
2.100000000000000000e+01
2.700000000000000000e+01
1.000000000000000000e+01
2.400000000000000000e+01
1.600000000000000000e+01
1.500000000000000000e+01
7.000000000000000000e+00
1.700000000000000000e+01
7.000000000000000000e+00
6.000000000000000000e+00
3.500000000000000000e+01
1.730000000000000000e+02
3.460000000000000000e+02
1.000000000000000000e+00
1.000000000000000000e+01
3.740000000000000000e+02
4.300000000000000000e+01
1.700000000000000000e+01
6.770000000000000000e+02
6.730000000000000000e+02
3.620000000000000000e+02
1.549000000000000000e+03
1.732000000000000000e+03
1.732000000000000000e+03
1.100000000000000000e+01
1.732000000000000000e+03
1.732000000000000000e+03
1.732000000000000000e+03
1.099000000000000000e+03
1.732000000000000000e+03
1.732000000000000000e+03
1.732000000000000000e+03
1.732000000000000000e+03
1.732000000000000000e+03
1.732000000000000000e+03
1.000000000000000000e+00
3.410000000000000000e+02
1.510000000000000000e+02
3.000000000000000000e+00
1.640000000000000000e+02
4.000000000000000000e+00
1.300000000000000000e+01
1.200000000000000000e+01
1.100000000000000000e+01
1.400000000000000000e+01
1.000000000000000000e+00
6.000000000000000000e+00
4.340000000000000000e+02
5.000000000000000000e+01
1.040000000000000000e+02
1.270000000000000000e+02
2.000000000000000000e+01
2.470000000000000000e+02
2.720000000000000000e+02
5.060000000000000000e+02
1.190000000000000000e+02
7.600000000000000000e+01
7.000000000000000000e+01
7.850000000000000000e+02
4.600000000000000000e+02
1.565000000000000000e+03
3.600000000000000000e+01
6.400000000000000000e+01
2.760000000000000000e+02
1.358000000000000000e+03
1.732000000000000000e+03
1.243000000000000000e+03
1.732000000000000000e+03
1.732000000000000000e+03
1.732000000000000000e+03
1.732000000000000000e+03
1.026000000000000000e+03
1.732000000000000000e+03
7.700000000000000000e+01
1.690000000000000000e+02
4.300000000000000000e+01
8.000000000000000000e+00
2.000000000000000000e+00
1.100000000000000000e+01
1.000000000000000000e+00
3.000000000000000000e+00
1.000000000000000000e+00
3.700000000000000000e+01
5.500000000000000000e+01
6.000000000000000000e+00
4.900000000000000000e+01
3.030000000000000000e+02
1.400000000000000000e+01
2.620000000000000000e+02
1.410000000000000000e+02
4.100000000000000000e+01
2.600000000000000000e+02
2.530000000000000000e+02
4.700000000000000000e+01
6.400000000000000000e+01
4.000000000000000000e+00
2.500000000000000000e+01
3.000000000000000000e+00
5.000000000000000000e+01
6.000000000000000000e+01
2.200000000000000000e+02
1.732000000000000000e+03
1.732000000000000000e+03
1.732000000000000000e+03
1.732000000000000000e+03
1.732000000000000000e+03
1.732000000000000000e+03
1.732000000000000000e+03
1.732000000000000000e+03
1.732000000000000000e+03
1.100000000000000000e+01
7.000000000000000000e+00
1.300000000000000000e+01
2.000000000000000000e+00
1.200000000000000000e+01
1.200000000000000000e+01
7.000000000000000000e+00
1.200000000000000000e+01
7.000000000000000000e+00
1.850000000000000000e+02
4.110000000000000000e+02
1.660000000000000000e+02
2.000000000000000000e+00
7.400000000000000000e+01
1.250000000000000000e+02
2.500000000000000000e+01
1.800000000000000000e+01
3.240000000000000000e+02
1.740000000000000000e+02
5.200000000000000000e+01
7.000000000000000000e+00
2.600000000000000000e+01
2.100000000000000000e+01
3.400000000000000000e+01
1.000000000000000000e+00
4.000000000000000000e+00
1.487000000000000000e+03
1.732000000000000000e+03
1.732000000000000000e+03
1.732000000000000000e+03
1.669000000000000000e+03
1.732000000000000000e+03
7.170000000000000000e+02
1.732000000000000000e+03
1.529000000000000000e+03
1.732000000000000000e+03
6.000000000000000000e+00
5.000000000000000000e+00
3.000000000000000000e+00
6.000000000000000000e+00
5.000000000000000000e+00
3.000000000000000000e+00
5.600000000000000000e+01
3.200000000000000000e+01
2.150000000000000000e+02
3.730000000000000000e+02
6.200000000000000000e+01
2.300000000000000000e+01
3.600000000000000000e+01
4.300000000000000000e+01
1.560000000000000000e+02
1.950000000000000000e+02
6.000000000000000000e+00
8.000000000000000000e+00
6.000000000000000000e+00
2.100000000000000000e+01
2.000000000000000000e+01
1.300000000000000000e+01
1.050000000000000000e+02
1.732000000000000000e+03
1.732000000000000000e+03
8.510000000000000000e+02
1.732000000000000000e+03
9.360000000000000000e+02
1.349000000000000000e+03
1.732000000000000000e+03
1.732000000000000000e+03
1.732000000000000000e+03
1.732000000000000000e+03
1.732000000000000000e+03
1.732000000000000000e+03
6.000000000000000000e+00
1.200000000000000000e+01
1.200000000000000000e+01
2.000000000000000000e+00
6.500000000000000000e+01
1.020000000000000000e+02
2.200000000000000000e+01
2.050000000000000000e+02
4.000000000000000000e+01
5.000000000000000000e+00
7.000000000000000000e+00
4.000000000000000000e+00
1.200000000000000000e+01
1.400000000000000000e+01
1.700000000000000000e+01
2.100000000000000000e+01
5.000000000000000000e+00
4.400000000000000000e+01
7.200000000000000000e+01
6.400000000000000000e+01
5.000000000000000000e+01
1.830000000000000000e+02
7.680000000000000000e+02
4.130000000000000000e+02
1.094000000000000000e+03
1.732000000000000000e+03
1.732000000000000000e+03
1.732000000000000000e+03
1.732000000000000000e+03
3.220000000000000000e+02
1.732000000000000000e+03
1.732000000000000000e+03
1.732000000000000000e+03
1.732000000000000000e+03
2.000000000000000000e+00
2.000000000000000000e+00
1.000000000000000000e+01
5.000000000000000000e+00
1.000000000000000000e+00
5.000000000000000000e+00
3.000000000000000000e+00
1.000000000000000000e+01
4.000000000000000000e+00
1.000000000000000000e+01
1.400000000000000000e+01
2.200000000000000000e+01
1.200000000000000000e+01
4.100000000000000000e+01
1.000000000000000000e+00
1.000000000000000000e+01
1.700000000000000000e+01
2.440000000000000000e+02
6.640000000000000000e+02
1.790000000000000000e+02
4.450000000000000000e+02
1.640000000000000000e+02
6.470000000000000000e+02
1.287000000000000000e+03
2.490000000000000000e+02
1.732000000000000000e+03
1.732000000000000000e+03
1.042000000000000000e+03
8.680000000000000000e+02
1.732000000000000000e+03
1.732000000000000000e+03
2.110000000000000000e+02
1.732000000000000000e+03
5.000000000000000000e+00
2.300000000000000000e+01
2.200000000000000000e+01
1.000000000000000000e+01
2.100000000000000000e+01
8.000000000000000000e+00
6.000000000000000000e+00
3.100000000000000000e+01
2.000000000000000000e+01
1.300000000000000000e+01
2.600000000000000000e+01
2.100000000000000000e+01
1.600000000000000000e+01
9.100000000000000000e+01
1.800000000000000000e+01
1.260000000000000000e+02
7.110000000000000000e+02
9.020000000000000000e+02
4.510000000000000000e+02
1.732000000000000000e+03
7.440000000000000000e+02
1.732000000000000000e+03
3.570000000000000000e+02
9.000000000000000000e+02
1.378000000000000000e+03
1.732000000000000000e+03
1.732000000000000000e+03
1.732000000000000000e+03
1.732000000000000000e+03
1.717000000000000000e+03
1.732000000000000000e+03
1.732000000000000000e+03
2.300000000000000000e+01
3.500000000000000000e+01
3.800000000000000000e+01
2.000000000000000000e+00
3.800000000000000000e+01
1.200000000000000000e+01
1.100000000000000000e+01
1.600000000000000000e+01
2.100000000000000000e+01
5.000000000000000000e+00
5.300000000000000000e+01
1.160000000000000000e+02
9.000000000000000000e+01
3.600000000000000000e+01
9.200000000000000000e+01
5.000000000000000000e+01
4.900000000000000000e+02
3.610000000000000000e+02
7.380000000000000000e+02
3.820000000000000000e+02
4.510000000000000000e+02
1.090000000000000000e+02
1.732000000000000000e+03
1.732000000000000000e+03
1.450000000000000000e+02
1.732000000000000000e+03
1.718000000000000000e+03
1.732000000000000000e+03
1.732000000000000000e+03
1.732000000000000000e+03
1.732000000000000000e+03
4.600000000000000000e+01
4.900000000000000000e+01
2.300000000000000000e+01
4.200000000000000000e+01
6.500000000000000000e+01
3.500000000000000000e+01
4.200000000000000000e+01
1.900000000000000000e+01
1.920000000000000000e+02
4.500000000000000000e+01
2.010000000000000000e+02
2.880000000000000000e+02
4.000000000000000000e+00
1.200000000000000000e+01
2.270000000000000000e+02
5.230000000000000000e+02
1.450000000000000000e+02
9.870000000000000000e+02
9.000000000000000000e+00
1.700000000000000000e+01
1.207000000000000000e+03
1.732000000000000000e+03
4.540000000000000000e+02
1.732000000000000000e+03
1.732000000000000000e+03
9.500000000000000000e+02
1.732000000000000000e+03
1.732000000000000000e+03
1.544000000000000000e+03
1.732000000000000000e+03
5.000000000000000000e+00
5.000000000000000000e+01
6.600000000000000000e+01
5.000000000000000000e+01
2.800000000000000000e+01
9.200000000000000000e+01
1.350000000000000000e+02
3.530000000000000000e+02
5.970000000000000000e+02
4.400000000000000000e+02
2.000000000000000000e+00
3.000000000000000000e+00
3.000000000000000000e+00
1.100000000000000000e+01
4.000000000000000000e+00
6.000000000000000000e+00
3.000000000000000000e+00
2.200000000000000000e+01
2.400000000000000000e+01
1.732000000000000000e+03
1.052000000000000000e+03
1.732000000000000000e+03
1.732000000000000000e+03
1.365000000000000000e+03
1.732000000000000000e+03
1.732000000000000000e+03
1.732000000000000000e+03
1.732000000000000000e+03
1.732000000000000000e+03
2.900000000000000000e+01
1.670000000000000000e+02
2.300000000000000000e+01
8.900000000000000000e+01
7.800000000000000000e+01
2.020000000000000000e+02
4.210000000000000000e+02
9.900000000000000000e+01
5.600000000000000000e+01
1.200000000000000000e+01
1.100000000000000000e+01
2.000000000000000000e+00
5.000000000000000000e+00
6.000000000000000000e+00
5.000000000000000000e+00
2.000000000000000000e+00
1.400000000000000000e+01
5.100000000000000000e+01
1.650000000000000000e+03
1.732000000000000000e+03
1.732000000000000000e+03
1.732000000000000000e+03
3.730000000000000000e+02
1.732000000000000000e+03
1.732000000000000000e+03
2.740000000000000000e+02
1.732000000000000000e+03
1.732000000000000000e+03
6.200000000000000000e+01
7.100000000000000000e+01
2.000000000000000000e+01
4.200000000000000000e+01
2.400000000000000000e+02
2.000000000000000000e+01
4.100000000000000000e+01
2.000000000000000000e+00
3.000000000000000000e+00
2.000000000000000000e+00
1.000000000000000000e+00
1.000000000000000000e+00
6.000000000000000000e+00
7.000000000000000000e+00
9.000000000000000000e+00
1.700000000000000000e+01
5.600000000000000000e+01
1.732000000000000000e+03
1.335000000000000000e+03
1.732000000000000000e+03
1.674000000000000000e+03
1.732000000000000000e+03
1.732000000000000000e+03
7.270000000000000000e+02
1.732000000000000000e+03
1.732000000000000000e+03
1.732000000000000000e+03
1.000000000000000000e+01
4.000000000000000000e+00
2.000000000000000000e+00
9.000000000000000000e+00
1.300000000000000000e+01
1.400000000000000000e+01
4.000000000000000000e+00
1.000000000000000000e+00
2.000000000000000000e+00
3.000000000000000000e+00
1.000000000000000000e+00
9.000000000000000000e+00
1.400000000000000000e+01
1.400000000000000000e+01
3.000000000000000000e+00
3.800000000000000000e+01
1.732000000000000000e+03
1.604000000000000000e+03
4.560000000000000000e+02
1.732000000000000000e+03
6.300000000000000000e+02
1.629000000000000000e+03
1.732000000000000000e+03
2.380000000000000000e+02
1.732000000000000000e+03
1.732000000000000000e+03
1.600000000000000000e+01
9.000000000000000000e+00
7.000000000000000000e+00
1.000000000000000000e+00
4.000000000000000000e+00
1.000000000000000000e+00
1.000000000000000000e+00
5.000000000000000000e+00
9.000000000000000000e+00
4.000000000000000000e+00
5.000000000000000000e+00
5.000000000000000000e+00
6.000000000000000000e+00
1.800000000000000000e+01
8.600000000000000000e+01
1.732000000000000000e+03
1.196000000000000000e+03
1.732000000000000000e+03
1.732000000000000000e+03
1.461000000000000000e+03
1.732000000000000000e+03
1.732000000000000000e+03
3.150000000000000000e+02
8.050000000000000000e+02
1.732000000000000000e+03
1.000000000000000000e+01
4.000000000000000000e+00
3.000000000000000000e+00
5.000000000000000000e+00
1.000000000000000000e+00
4.000000000000000000e+00
4.000000000000000000e+00
1.500000000000000000e+01
4.000000000000000000e+00
1.600000000000000000e+01
1.000000000000000000e+00
3.000000000000000000e+00
7.000000000000000000e+00
2.000000000000000000e+00
3.740000000000000000e+02
1.732000000000000000e+03
1.732000000000000000e+03
2.920000000000000000e+02
1.732000000000000000e+03
1.732000000000000000e+03
1.732000000000000000e+03
1.732000000000000000e+03
1.732000000000000000e+03
1.732000000000000000e+03
8.000000000000000000e+00
3.000000000000000000e+00
8.000000000000000000e+00
1.000000000000000000e+01
5.000000000000000000e+00
4.000000000000000000e+00
1.000000000000000000e+01
7.000000000000000000e+00
2.000000000000000000e+00
1.000000000000000000e+00
6.000000000000000000e+00
8.000000000000000000e+00
1.000000000000000000e+00
1.732000000000000000e+03
1.732000000000000000e+03
8.610000000000000000e+02
1.732000000000000000e+03
1.732000000000000000e+03
1.732000000000000000e+03
1.732000000000000000e+03
1.732000000000000000e+03
1.732000000000000000e+03
1.732000000000000000e+03
1.000000000000000000e+00
1.000000000000000000e+00
1.000000000000000000e+00
2.000000000000000000e+00
1.500000000000000000e+01
5.000000000000000000e+00
2.000000000000000000e+00
1.000000000000000000e+00
9.000000000000000000e+00
1.000000000000000000e+00
4.000000000000000000e+00
3.000000000000000000e+00
1.198000000000000000e+03
9.660000000000000000e+02
9.260000000000000000e+02
1.732000000000000000e+03
1.732000000000000000e+03
1.732000000000000000e+03
1.732000000000000000e+03
1.732000000000000000e+03
1.732000000000000000e+03
1.732000000000000000e+03
1.300000000000000000e+01
1.000000000000000000e+00
5.000000000000000000e+00
1.000000000000000000e+00
3.000000000000000000e+00
1.000000000000000000e+00
2.000000000000000000e+00
3.000000000000000000e+00
1.000000000000000000e+00
2.000000000000000000e+00
2.000000000000000000e+00
1.174000000000000000e+03
1.732000000000000000e+03
1.418000000000000000e+03
1.732000000000000000e+03
3.420000000000000000e+02
1.732000000000000000e+03
1.732000000000000000e+03
1.732000000000000000e+03
1.732000000000000000e+03
1.732000000000000000e+03
1.000000000000000000e+00
4.000000000000000000e+00
1.000000000000000000e+00
1.000000000000000000e+00
3.000000000000000000e+00
8.000000000000000000e+00
2.000000000000000000e+00
1.400000000000000000e+01
5.000000000000000000e+00
2.300000000000000000e+01
2.400000000000000000e+01
1.732000000000000000e+03
7.870000000000000000e+02
1.732000000000000000e+03
1.732000000000000000e+03
1.732000000000000000e+03
1.732000000000000000e+03
1.732000000000000000e+03
1.732000000000000000e+03
1.732000000000000000e+03
8.000000000000000000e+00
5.000000000000000000e+00
4.000000000000000000e+00
2.000000000000000000e+00
3.000000000000000000e+00
5.000000000000000000e+00
1.300000000000000000e+01
1.000000000000000000e+00
3.000000000000000000e+00
3.000000000000000000e+00
3.270000000000000000e+02
6.420000000000000000e+02
1.732000000000000000e+03
1.651000000000000000e+03
1.732000000000000000e+03
1.732000000000000000e+03
1.732000000000000000e+03
1.185000000000000000e+03
9.350000000000000000e+02
1.000000000000000000e+00
1.000000000000000000e+00
1.000000000000000000e+01
6.000000000000000000e+00
1.800000000000000000e+01
3.000000000000000000e+00
9.000000000000000000e+00
1.000000000000000000e+01
1.000000000000000000e+00
4.180000000000000000e+02
1.732000000000000000e+03
1.732000000000000000e+03
1.732000000000000000e+03
1.732000000000000000e+03
1.732000000000000000e+03
7.500000000000000000e+02
4.570000000000000000e+02
1.732000000000000000e+03
1.200000000000000000e+01
1.900000000000000000e+01
9.000000000000000000e+00
1.300000000000000000e+01
1.000000000000000000e+01
5.100000000000000000e+01
7.000000000000000000e+00
2.000000000000000000e+00
4.700000000000000000e+01
1.732000000000000000e+03
6.820000000000000000e+02
1.732000000000000000e+03
1.207000000000000000e+03
1.728000000000000000e+03
1.732000000000000000e+03
1.732000000000000000e+03
1.732000000000000000e+03
1.000000000000000000e+00
1.000000000000000000e+00
1.700000000000000000e+01
7.000000000000000000e+00
2.800000000000000000e+01
5.000000000000000000e+00
1.500000000000000000e+01
1.800000000000000000e+01
1.012000000000000000e+03
9.060000000000000000e+02
1.732000000000000000e+03
1.732000000000000000e+03
6.460000000000000000e+02
1.732000000000000000e+03
1.732000000000000000e+03
1.732000000000000000e+03
1.700000000000000000e+01
5.000000000000000000e+00
1.000000000000000000e+01
2.000000000000000000e+00
1.100000000000000000e+01
2.000000000000000000e+01
3.500000000000000000e+01
1.590000000000000000e+02
1.732000000000000000e+03
1.180000000000000000e+02
6.140000000000000000e+02
1.732000000000000000e+03
1.732000000000000000e+03
1.176000000000000000e+03
1.732000000000000000e+03
1.300000000000000000e+01
1.200000000000000000e+01
2.400000000000000000e+01
2.000000000000000000e+01
9.000000000000000000e+00
4.000000000000000000e+00
3.700000000000000000e+01
1.732000000000000000e+03
1.504000000000000000e+03
6.460000000000000000e+02
1.732000000000000000e+03
1.732000000000000000e+03
1.732000000000000000e+03
2.900000000000000000e+02
6.000000000000000000e+00
2.000000000000000000e+00
4.500000000000000000e+01
1.000000000000000000e+01
8.000000000000000000e+00
6.600000000000000000e+01
2.000000000000000000e+01
1.732000000000000000e+03
1.732000000000000000e+03
1.732000000000000000e+03
2.400000000000000000e+01
1.732000000000000000e+03
1.732000000000000000e+03
3.300000000000000000e+01
7.500000000000000000e+01
2.500000000000000000e+01
6.500000000000000000e+01
5.000000000000000000e+00
2.900000000000000000e+01
1.732000000000000000e+03
1.732000000000000000e+03
1.732000000000000000e+03
1.732000000000000000e+03
1.732000000000000000e+03
1.732000000000000000e+03
9.500000000000000000e+01
8.000000000000000000e+00
6.800000000000000000e+01
1.300000000000000000e+01
2.300000000000000000e+01
2.300000000000000000e+02
1.732000000000000000e+03
1.732000000000000000e+03
1.732000000000000000e+03
6.870000000000000000e+02
1.732000000000000000e+03
6.500000000000000000e+01
3.600000000000000000e+01
1.330000000000000000e+02
1.400000000000000000e+01
1.000000000000000000e+01
1.230000000000000000e+02
8.030000000000000000e+02
1.732000000000000000e+03
1.732000000000000000e+03
1.732000000000000000e+03
2.000000000000000000e+01
4.100000000000000000e+01
1.660000000000000000e+02
1.100000000000000000e+01
2.230000000000000000e+02
2.570000000000000000e+02
1.732000000000000000e+03
1.732000000000000000e+03
1.732000000000000000e+03
6.400000000000000000e+01
5.800000000000000000e+01
4.040000000000000000e+02
2.100000000000000000e+01
5.200000000000000000e+01
1.200000000000000000e+01
1.732000000000000000e+03
1.732000000000000000e+03
4.400000000000000000e+01
4.200000000000000000e+01
1.930000000000000000e+02
2.400000000000000000e+01
5.200000000000000000e+02
3.400000000000000000e+01
1.732000000000000000e+03
1.450000000000000000e+02
2.400000000000000000e+01
4.270000000000000000e+02
1.040000000000000000e+02
7.100000000000000000e+01
1.070000000000000000e+02
7.100000000000000000e+01
1.100000000000000000e+02
1.470000000000000000e+02
2.640000000000000000e+02
1.700000000000000000e+01
1.710000000000000000e+02
3.040000000000000000e+02
7.190000000000000000e+02
3.430000000000000000e+02
8.490000000000000000e+02
3.530000000000000000e+02
1.800000000000000000e+01
1.310000000000000000e+02
5.300000000000000000e+01
1.930000000000000000e+02
