1.300000000000000000e+01
3.800000000000000000e+01
3.400000000000000000e+01
1.100000000000000000e+01
3.900000000000000000e+01
2.100000000000000000e+01
3.000000000000000000e+01
1.000000000000000000e+00
1.000000000000000000e+00
1.000000000000000000e+00
1.000000000000000000e+00
1.000000000000000000e+00
1.000000000000000000e+00
1.000000000000000000e+00
1.000000000000000000e+00
1.000000000000000000e+00
1.000000000000000000e+00
1.000000000000000000e+00
2.000000000000000000e+00
4.000000000000000000e+00
1.000000000000000000e+00
4.000000000000000000e+00
1.800000000000000000e+01
4.000000000000000000e+00
5.000000000000000000e+00
3.700000000000000000e+02
7.000000000000000000e+00
6.433000000000000000e+03
7.955000000000000000e+03
8.000000000000000000e+02
2.654000000000000000e+03
6.090000000000000000e+02
7.320000000000000000e+02
6.270000000000000000e+02
3.819000000000000000e+03
1.480000000000000000e+02
2.373000000000000000e+03
6.300000000000000000e+01
3.853000000000000000e+03
1.700000000000000000e+02
4.100000000000000000e+01
4.700000000000000000e+01
9.000000000000000000e+00
4.000000000000000000e+00
1.200000000000000000e+01
1.050000000000000000e+02
1.000000000000000000e+00
1.000000000000000000e+00
2.000000000000000000e+00
1.000000000000000000e+00
1.000000000000000000e+00
1.000000000000000000e+00
1.000000000000000000e+00
1.000000000000000000e+00
1.000000000000000000e+00
1.000000000000000000e+00
1.000000000000000000e+00
4.000000000000000000e+00
2.000000000000000000e+00
2.000000000000000000e+00
4.000000000000000000e+00
4.000000000000000000e+00
2.000000000000000000e+00
5.000000000000000000e+00
1.143000000000000000e+03
1.267000000000000000e+03
9.427000000000000000e+03
3.510000000000000000e+03
3.600000000000000000e+03
7.828000000000000000e+03
1.435000000000000000e+03
9.400000000000000000e+01
2.240000000000000000e+02
1.473000000000000000e+03
2.020000000000000000e+02
1.496000000000000000e+03
2.240000000000000000e+02
4.261000000000000000e+03
1.380000000000000000e+02
5.000000000000000000e+00
3.200000000000000000e+01
6.700000000000000000e+01
7.700000000000000000e+01
2.200000000000000000e+01
1.000000000000000000e+00
1.000000000000000000e+00
1.000000000000000000e+00
1.000000000000000000e+00
1.000000000000000000e+00
1.000000000000000000e+00
1.000000000000000000e+00
1.000000000000000000e+00
1.000000000000000000e+00
1.000000000000000000e+00
1.000000000000000000e+00
1.000000000000000000e+00
2.000000000000000000e+00
4.000000000000000000e+00
2.000000000000000000e+00
3.000000000000000000e+00
3.000000000000000000e+00
6.000000000000000000e+00
9.543000000000000000e+03
4.214000000000000000e+03
5.746000000000000000e+03
5.627000000000000000e+03
5.463000000000000000e+03
4.412000000000000000e+03
1.050000000000000000e+03
2.320000000000000000e+02
9.690000000000000000e+02
1.408000000000000000e+03
2.250000000000000000e+02
4.716000000000000000e+03
4.590000000000000000e+02
6.947000000000000000e+03
2.890000000000000000e+02
1.080000000000000000e+02
2.300000000000000000e+01
4.200000000000000000e+01
2.600000000000000000e+01
1.500000000000000000e+01
1.000000000000000000e+00
1.000000000000000000e+00
1.000000000000000000e+00
1.000000000000000000e+00
2.000000000000000000e+00
1.000000000000000000e+00
1.000000000000000000e+00
1.000000000000000000e+00
1.000000000000000000e+00
3.000000000000000000e+00
2.000000000000000000e+00
1.000000000000000000e+00
1.000000000000000000e+00
4.000000000000000000e+00
3.000000000000000000e+00
1.000000000000000000e+00
1.570000000000000000e+02
5.077000000000000000e+03
4.098000000000000000e+03
1.909000000000000000e+03
5.616000000000000000e+03
9.350000000000000000e+02
4.835000000000000000e+03
3.460000000000000000e+02
3.970000000000000000e+02
2.540000000000000000e+02
1.184000000000000000e+03
3.003000000000000000e+03
8.000000000000000000e+00
3.008000000000000000e+03
9.600000000000000000e+02
1.390000000000000000e+03
4.000000000000000000e+00
1.900000000000000000e+01
7.300000000000000000e+01
2.700000000000000000e+01
1.000000000000000000e+00
1.000000000000000000e+00
1.000000000000000000e+00
2.000000000000000000e+00
1.000000000000000000e+00
2.000000000000000000e+00
1.000000000000000000e+00
1.000000000000000000e+00
1.000000000000000000e+00
1.000000000000000000e+00
1.000000000000000000e+00
1.000000000000000000e+00
2.000000000000000000e+00
8.000000000000000000e+00
2.000000000000000000e+00
1.000000000000000000e+00
7.500000000000000000e+01
3.790000000000000000e+02
2.888000000000000000e+03
3.288000000000000000e+03
5.272000000000000000e+03
5.288000000000000000e+03
4.338000000000000000e+03
1.690000000000000000e+02
1.770000000000000000e+02
2.648000000000000000e+03
5.690000000000000000e+02
1.788000000000000000e+03
2.862000000000000000e+03
1.883000000000000000e+03
3.220000000000000000e+03
2.350000000000000000e+02
1.500000000000000000e+02
7.200000000000000000e+01
6.300000000000000000e+01
1.000000000000000000e+00
1.000000000000000000e+00
1.000000000000000000e+00
1.000000000000000000e+00
2.000000000000000000e+00
1.000000000000000000e+00
1.000000000000000000e+00
1.000000000000000000e+00
2.000000000000000000e+00
1.000000000000000000e+00
2.000000000000000000e+00
1.000000000000000000e+00
7.000000000000000000e+00
2.000000000000000000e+00
3.000000000000000000e+00
7.000000000000000000e+00
3.170000000000000000e+02
3.344000000000000000e+03
1.732000000000000000e+03
3.897000000000000000e+03
3.989000000000000000e+03
3.071000000000000000e+03
3.640000000000000000e+02
2.380000000000000000e+03
7.550000000000000000e+02
3.221000000000000000e+03
1.757000000000000000e+03
1.405000000000000000e+03
7.250000000000000000e+02
1.164000000000000000e+03
6.370000000000000000e+02
5.360000000000000000e+02
5.400000000000000000e+01
4.000000000000000000e+01
1.100000000000000000e+01
1.000000000000000000e+00
1.000000000000000000e+00
1.000000000000000000e+00
1.000000000000000000e+00
1.000000000000000000e+00
1.000000000000000000e+00
1.000000000000000000e+00
1.000000000000000000e+00
1.000000000000000000e+00
1.000000000000000000e+00
1.000000000000000000e+00
1.000000000000000000e+00
1.000000000000000000e+00
2.000000000000000000e+00
9.000000000000000000e+00
5.970000000000000000e+03
5.070000000000000000e+03
3.649000000000000000e+03
7.268000000000000000e+03
1.315000000000000000e+03
7.366000000000000000e+03
1.785000000000000000e+03
1.466000000000000000e+03
7.090000000000000000e+02
9.600000000000000000e+02
1.700000000000000000e+02
4.290000000000000000e+02
5.150000000000000000e+02
1.730000000000000000e+02
5.690000000000000000e+02
7.830000000000000000e+02
7.000000000000000000e+00
4.700000000000000000e+01
1.000000000000000000e+00
1.000000000000000000e+00
1.000000000000000000e+00
1.000000000000000000e+00
1.000000000000000000e+00
1.000000000000000000e+00
1.000000000000000000e+00
1.000000000000000000e+00
1.000000000000000000e+00
1.000000000000000000e+00
1.000000000000000000e+00
2.000000000000000000e+00
1.000000000000000000e+00
7.000000000000000000e+00
1.200000000000000000e+01
6.143000000000000000e+03
3.662000000000000000e+03
3.015000000000000000e+03
4.470000000000000000e+02
1.747000000000000000e+03
1.537000000000000000e+03
1.232000000000000000e+03
1.690000000000000000e+02
1.050000000000000000e+02
6.410000000000000000e+02
1.380000000000000000e+02
6.790000000000000000e+02
7.830000000000000000e+02
2.670000000000000000e+02
1.920000000000000000e+02
3.910000000000000000e+02
2.900000000000000000e+01
1.080000000000000000e+02
1.000000000000000000e+00
1.000000000000000000e+00
1.000000000000000000e+00
1.000000000000000000e+00
1.000000000000000000e+00
1.000000000000000000e+00
1.000000000000000000e+00
1.000000000000000000e+00
2.000000000000000000e+00
1.000000000000000000e+00
1.000000000000000000e+00
8.000000000000000000e+00
4.000000000000000000e+00
7.000000000000000000e+00
6.121000000000000000e+03
4.750000000000000000e+02
1.739000000000000000e+03
1.506000000000000000e+03
1.366000000000000000e+03
3.170000000000000000e+02
3.530000000000000000e+02
3.870000000000000000e+02
3.980000000000000000e+02
3.080000000000000000e+02
7.400000000000000000e+02
6.800000000000000000e+01
5.100000000000000000e+02
1.620000000000000000e+02
6.920000000000000000e+02
2.890000000000000000e+02
1.400000000000000000e+01
1.300000000000000000e+01
1.000000000000000000e+00
1.000000000000000000e+00
1.000000000000000000e+00
1.000000000000000000e+00
1.000000000000000000e+00
1.000000000000000000e+00
1.000000000000000000e+00
1.000000000000000000e+00
1.000000000000000000e+00
3.000000000000000000e+00
1.000000000000000000e+00
3.000000000000000000e+00
3.000000000000000000e+00
1.000000000000000000e+03
1.596000000000000000e+03
1.436000000000000000e+03
1.159000000000000000e+03
2.620000000000000000e+02
1.960000000000000000e+02
2.370000000000000000e+02
5.540000000000000000e+02
1.400000000000000000e+02
5.620000000000000000e+02
2.920000000000000000e+02
4.440000000000000000e+02
7.110000000000000000e+02
1.000000000000000000e+02
3.200000000000000000e+02
5.810000000000000000e+02
3.700000000000000000e+01
1.000000000000000000e+00
1.000000000000000000e+00
1.000000000000000000e+00
1.000000000000000000e+00
1.000000000000000000e+00
1.000000000000000000e+00
1.000000000000000000e+00
1.000000000000000000e+00
1.000000000000000000e+00
4.000000000000000000e+00
4.000000000000000000e+00
2.000000000000000000e+00
2.000000000000000000e+01
1.500000000000000000e+01
6.700000000000000000e+02
6.530000000000000000e+02
3.240000000000000000e+02
9.500000000000000000e+01
1.600000000000000000e+02
3.720000000000000000e+02
5.830000000000000000e+02
3.420000000000000000e+02
2.070000000000000000e+02
3.590000000000000000e+02
7.050000000000000000e+02
3.600000000000000000e+02
2.870000000000000000e+02
6.700000000000000000e+01
1.320000000000000000e+02
3.600000000000000000e+01
1.000000000000000000e+00
2.000000000000000000e+00
1.000000000000000000e+00
1.000000000000000000e+00
1.000000000000000000e+00
1.000000000000000000e+00
1.000000000000000000e+00
2.000000000000000000e+00
1.000000000000000000e+00
4.000000000000000000e+00
1.000000000000000000e+00
8.000000000000000000e+00
1.358000000000000000e+03
9.840000000000000000e+02
4.850000000000000000e+02
3.400000000000000000e+02
1.990000000000000000e+02
3.610000000000000000e+02
4.810000000000000000e+02
4.820000000000000000e+02
5.380000000000000000e+02
2.290000000000000000e+02
2.720000000000000000e+02
4.930000000000000000e+02
2.020000000000000000e+02
2.550000000000000000e+02
2.900000000000000000e+02
2.340000000000000000e+02
1.000000000000000000e+00
1.000000000000000000e+00
1.000000000000000000e+00
1.000000000000000000e+00
1.000000000000000000e+00
1.000000000000000000e+00
1.000000000000000000e+00
1.000000000000000000e+00
1.000000000000000000e+00
3.000000000000000000e+00
3.000000000000000000e+00
1.200000000000000000e+01
1.083000000000000000e+03
2.740000000000000000e+02
4.510000000000000000e+02
5.600000000000000000e+01
1.800000000000000000e+02
4.690000000000000000e+02
4.200000000000000000e+01
3.940000000000000000e+02
5.880000000000000000e+02
2.990000000000000000e+02
2.890000000000000000e+02
3.510000000000000000e+02
2.380000000000000000e+02
3.290000000000000000e+02
3.840000000000000000e+02
4.200000000000000000e+02
1.000000000000000000e+00
1.000000000000000000e+00
1.000000000000000000e+00
1.000000000000000000e+00
2.000000000000000000e+00
1.000000000000000000e+00
1.000000000000000000e+00
1.000000000000000000e+00
2.000000000000000000e+00
6.000000000000000000e+00
2.200000000000000000e+01
3.000000000000000000e+00
8.600000000000000000e+01
3.160000000000000000e+02
3.330000000000000000e+02
3.730000000000000000e+02
3.730000000000000000e+02
5.450000000000000000e+02
2.130000000000000000e+02
5.210000000000000000e+02
4.080000000000000000e+02
5.300000000000000000e+02
4.030000000000000000e+02
4.600000000000000000e+02
6.030000000000000000e+02
4.600000000000000000e+01
1.980000000000000000e+02
1.000000000000000000e+00
1.000000000000000000e+00
1.000000000000000000e+00
1.000000000000000000e+00
2.000000000000000000e+00
1.000000000000000000e+00
3.000000000000000000e+00
1.000000000000000000e+00
1.000000000000000000e+00
6.000000000000000000e+00
8.000000000000000000e+00
3.350000000000000000e+02
2.500000000000000000e+02
5.030000000000000000e+02
4.720000000000000000e+02
1.920000000000000000e+02
2.880000000000000000e+02
3.200000000000000000e+02
2.240000000000000000e+02
1.960000000000000000e+02
4.740000000000000000e+02
3.720000000000000000e+02
3.340000000000000000e+02
5.210000000000000000e+02
6.900000000000000000e+01
1.430000000000000000e+02
1.000000000000000000e+00
1.000000000000000000e+00
2.000000000000000000e+00
1.000000000000000000e+00
1.000000000000000000e+00
3.000000000000000000e+00
3.000000000000000000e+00
2.000000000000000000e+00
1.100000000000000000e+01
9.000000000000000000e+00
1.260000000000000000e+02
3.260000000000000000e+02
2.450000000000000000e+02
5.330000000000000000e+02
1.790000000000000000e+02
2.440000000000000000e+02
2.560000000000000000e+02
6.040000000000000000e+02
1.480000000000000000e+02
4.750000000000000000e+02
4.640000000000000000e+02
2.630000000000000000e+02
7.160000000000000000e+02
5.720000000000000000e+02
6.270000000000000000e+02
1.000000000000000000e+00
1.000000000000000000e+00
1.000000000000000000e+00
1.000000000000000000e+00
4.000000000000000000e+00
3.000000000000000000e+00
3.000000000000000000e+00
3.000000000000000000e+00
4.000000000000000000e+00
3.450000000000000000e+02
3.140000000000000000e+02
5.360000000000000000e+02
3.570000000000000000e+02
5.640000000000000000e+02
5.270000000000000000e+02
3.480000000000000000e+02
2.730000000000000000e+02
3.620000000000000000e+02
6.250000000000000000e+02
4.780000000000000000e+02
2.980000000000000000e+02
6.830000000000000000e+02
2.400000000000000000e+02
4.860000000000000000e+02
1.000000000000000000e+00
1.000000000000000000e+00
1.000000000000000000e+00
2.000000000000000000e+00
1.000000000000000000e+00
1.000000000000000000e+00
1.000000000000000000e+00
3.500000000000000000e+01
1.450000000000000000e+02
2.040000000000000000e+02
9.100000000000000000e+01
1.440000000000000000e+02
1.020000000000000000e+02
3.530000000000000000e+02
2.480000000000000000e+02
3.400000000000000000e+02
3.450000000000000000e+02
2.030000000000000000e+02
9.200000000000000000e+01
7.710000000000000000e+02
6.000000000000000000e+01
2.580000000000000000e+02
2.020000000000000000e+02
1.000000000000000000e+00
1.000000000000000000e+00
1.000000000000000000e+00
7.000000000000000000e+00
1.000000000000000000e+00
2.000000000000000000e+00
1.400000000000000000e+01
5.000000000000000000e+00
3.090000000000000000e+02
1.400000000000000000e+02
1.830000000000000000e+02
2.640000000000000000e+02
6.560000000000000000e+02
3.690000000000000000e+02
8.200000000000000000e+01
1.980000000000000000e+02
6.000000000000000000e+02
7.520000000000000000e+02
5.810000000000000000e+02
2.750000000000000000e+02
4.040000000000000000e+02
9.420000000000000000e+02
1.000000000000000000e+00
1.000000000000000000e+00
1.100000000000000000e+01
7.000000000000000000e+00
1.000000000000000000e+00
1.100000000000000000e+01
1.800000000000000000e+01
2.920000000000000000e+02
9.600000000000000000e+01
4.790000000000000000e+02
3.790000000000000000e+02
3.690000000000000000e+02
1.520000000000000000e+02
5.320000000000000000e+02
7.350000000000000000e+02
3.670000000000000000e+02
7.500000000000000000e+02
3.790000000000000000e+02
3.050000000000000000e+02
3.790000000000000000e+02
1.600000000000000000e+01
1.000000000000000000e+00
7.000000000000000000e+00
1.000000000000000000e+00
4.000000000000000000e+00
1.000000000000000000e+00
8.000000000000000000e+00
1.300000000000000000e+01
1.830000000000000000e+02
3.190000000000000000e+02
6.030000000000000000e+02
2.430000000000000000e+02
5.420000000000000000e+02
4.310000000000000000e+02
1.540000000000000000e+02
6.590000000000000000e+02
5.620000000000000000e+02
1.900000000000000000e+02
2.530000000000000000e+02
6.130000000000000000e+02
9.800000000000000000e+01
1.000000000000000000e+00
1.800000000000000000e+01
1.000000000000000000e+00
4.000000000000000000e+00
1.000000000000000000e+00
1.000000000000000000e+01
1.450000000000000000e+02
4.570000000000000000e+02
5.070000000000000000e+02
1.680000000000000000e+02
2.300000000000000000e+02
5.400000000000000000e+02
5.330000000000000000e+02
5.350000000000000000e+02
9.260000000000000000e+02
4.980000000000000000e+02
3.190000000000000000e+02
5.660000000000000000e+02
8.410000000000000000e+02
2.400000000000000000e+01
1.000000000000000000e+00
1.000000000000000000e+00
8.000000000000000000e+00
2.000000000000000000e+00
2.000000000000000000e+00
4.760000000000000000e+02
6.580000000000000000e+02
1.690000000000000000e+02
4.500000000000000000e+02
8.470000000000000000e+02
1.990000000000000000e+02
8.750000000000000000e+02
1.100000000000000000e+02
2.790000000000000000e+02
2.430000000000000000e+02
6.600000000000000000e+02
1.161000000000000000e+03
1.600000000000000000e+01
1.200000000000000000e+01
1.000000000000000000e+00
2.000000000000000000e+00
5.000000000000000000e+00
2.500000000000000000e+01
3.670000000000000000e+02
1.870000000000000000e+02
3.690000000000000000e+02
5.510000000000000000e+02
3.330000000000000000e+02
8.500000000000000000e+02
2.040000000000000000e+02
1.030000000000000000e+02
9.610000000000000000e+02
1.131000000000000000e+03
1.006000000000000000e+03
9.000000000000000000e+00
5.000000000000000000e+00
4.000000000000000000e+00
1.000000000000000000e+00
1.000000000000000000e+01
1.000000000000000000e+01
2.360000000000000000e+02
2.800000000000000000e+01
3.870000000000000000e+02
3.100000000000000000e+02
2.210000000000000000e+02
3.540000000000000000e+02
1.131000000000000000e+03
5.440000000000000000e+02
2.310000000000000000e+02
7.150000000000000000e+02
1.700000000000000000e+01
4.000000000000000000e+00
3.000000000000000000e+00
2.000000000000000000e+00
9.000000000000000000e+00
4.930000000000000000e+02
3.080000000000000000e+02
3.590000000000000000e+02
1.960000000000000000e+02
1.013000000000000000e+03
5.690000000000000000e+02
4.480000000000000000e+02
1.098000000000000000e+03
1.162000000000000000e+03
7.910000000000000000e+02
1.700000000000000000e+01
1.600000000000000000e+01
1.600000000000000000e+01
1.700000000000000000e+01
4.530000000000000000e+02
8.430000000000000000e+02
6.770000000000000000e+02
1.730000000000000000e+02
4.120000000000000000e+02
7.870000000000000000e+02
3.010000000000000000e+02
7.220000000000000000e+02
5.750000000000000000e+02
5.660000000000000000e+02
1.000000000000000000e+01
2.700000000000000000e+01
1.200000000000000000e+01
2.700000000000000000e+01
7.700000000000000000e+02
3.150000000000000000e+02
7.480000000000000000e+02
5.470000000000000000e+02
9.490000000000000000e+02
7.490000000000000000e+02
8.380000000000000000e+02
2.970000000000000000e+02
3.170000000000000000e+02
6.000000000000000000e+00
1.100000000000000000e+01
3.000000000000000000e+00
7.010000000000000000e+02
5.010000000000000000e+02
8.100000000000000000e+02
4.900000000000000000e+01
4.990000000000000000e+02
3.730000000000000000e+02
1.196000000000000000e+03
1.900000000000000000e+02
1.040000000000000000e+02
3.600000000000000000e+01
1.100000000000000000e+01
1.300000000000000000e+01
9.620000000000000000e+02
1.360000000000000000e+02
8.110000000000000000e+02
7.180000000000000000e+02
3.760000000000000000e+02
5.240000000000000000e+02
1.053000000000000000e+03
1.007000000000000000e+03
1.000000000000000000e+00
5.000000000000000000e+00
4.930000000000000000e+02
1.320000000000000000e+02
5.070000000000000000e+02
1.320000000000000000e+02
4.420000000000000000e+02
1.021000000000000000e+03
9.580000000000000000e+02
1.438000000000000000e+03
4.000000000000000000e+00
2.600000000000000000e+01
7.940000000000000000e+02
7.870000000000000000e+02
5.230000000000000000e+02
4.650000000000000000e+02
3.080000000000000000e+02
1.047000000000000000e+03
8.050000000000000000e+02
3.500000000000000000e+01
5.100000000000000000e+01
1.029000000000000000e+03
1.370000000000000000e+03
1.305000000000000000e+03
5.730000000000000000e+02
1.347000000000000000e+03
4.200000000000000000e+01
2.300000000000000000e+01
7.400000000000000000e+01
1.159000000000000000e+03
1.420000000000000000e+02
1.111000000000000000e+03
1.311000000000000000e+03
1.057000000000000000e+03
1.600000000000000000e+01
6.000000000000000000e+01
9.430000000000000000e+02
1.131000000000000000e+03
7.410000000000000000e+02
6.280000000000000000e+02
2.000000000000000000e+00
6.700000000000000000e+01
4.640000000000000000e+02
1.930000000000000000e+03
7.350000000000000000e+02
1.000000000000000000e+00
1.891000000000000000e+03
4.840000000000000000e+02
1.279000000000000000e+03
7.000000000000000000e+00
1.133000000000000000e+03
1.007000000000000000e+03
2.410000000000000000e+02
1.273000000000000000e+03
7.100000000000000000e+01
