1.000000000000000000e+00
3.800000000000000000e+01
3.400000000000000000e+01
1.100000000000000000e+01
4.200000000000000000e+01
1.050000000000000000e+02
1.030000000000000000e+02
6.700000000000000000e+01
8.900000000000000000e+01
3.400000000000000000e+01
4.700000000000000000e+01
5.400000000000000000e+01
4.500000000000000000e+01
4.800000000000000000e+01
6.700000000000000000e+01
1.260000000000000000e+02
3.290000000000000000e+02
1.050000000000000000e+02
1.390000000000000000e+02
1.300000000000000000e+02
2.000000000000000000e+00
1.000000000000000000e+00
1.000000000000000000e+00
2.000000000000000000e+00
2.000000000000000000e+00
1.000000000000000000e+00
1.100000000000000000e+01
2.000000000000000000e+00
2.300000000000000000e+01
5.000000000000000000e+00
3.900000000000000000e+01
8.000000000000000000e+00
5.240000000000000000e+02
1.558000000000000000e+03
1.281000000000000000e+03
1.480000000000000000e+02
1.266100000000000000e+04
8.162000000000000000e+03
6.704000000000000000e+03
7.757000000000000000e+03
3.600000000000000000e+01
4.700000000000000000e+01
7.000000000000000000e+00
4.000000000000000000e+00
1.210000000000000000e+02
8.200000000000000000e+01
1.500000000000000000e+01
1.760000000000000000e+02
4.100000000000000000e+01
4.700000000000000000e+01
3.000000000000000000e+00
1.350000000000000000e+02
3.100000000000000000e+01
8.100000000000000000e+01
1.850000000000000000e+02
1.200000000000000000e+01
1.120000000000000000e+02
1.380000000000000000e+02
2.160000000000000000e+02
2.000000000000000000e+00
1.000000000000000000e+00
2.000000000000000000e+00
1.000000000000000000e+00
1.000000000000000000e+00
1.000000000000000000e+00
3.000000000000000000e+00
4.000000000000000000e+00
1.200000000000000000e+01
8.000000000000000000e+00
1.100000000000000000e+01
5.000000000000000000e+00
3.381000000000000000e+03
1.572000000000000000e+03
1.049000000000000000e+03
2.980000000000000000e+02
1.032900000000000000e+04
9.303000000000000000e+03
7.766000000000000000e+03
6.326000000000000000e+03
5.000000000000000000e+00
3.200000000000000000e+01
6.700000000000000000e+01
1.170000000000000000e+02
2.530000000000000000e+02
2.200000000000000000e+01
5.000000000000000000e+00
1.320000000000000000e+02
6.200000000000000000e+01
9.900000000000000000e+01
5.400000000000000000e+01
3.400000000000000000e+01
7.800000000000000000e+01
1.830000000000000000e+02
2.170000000000000000e+02
6.200000000000000000e+01
9.200000000000000000e+01
2.300000000000000000e+01
1.000000000000000000e+00
3.000000000000000000e+00
1.000000000000000000e+00
2.000000000000000000e+00
2.000000000000000000e+00
1.000000000000000000e+00
3.000000000000000000e+00
2.000000000000000000e+00
1.000000000000000000e+00
3.000000000000000000e+00
2.500000000000000000e+01
2.000000000000000000e+00
5.100000000000000000e+03
1.314000000000000000e+03
4.000000000000000000e+02
9.686000000000000000e+03
8.452000000000000000e+03
7.697000000000000000e+03
1.076800000000000000e+04
6.066000000000000000e+03
2.600000000000000000e+01
2.300000000000000000e+01
2.950000000000000000e+02
1.000000000000000000e+00
6.400000000000000000e+01
1.440000000000000000e+02
6.000000000000000000e+01
1.500000000000000000e+01
1.330000000000000000e+02
5.700000000000000000e+01
5.300000000000000000e+01
9.500000000000000000e+01
1.850000000000000000e+02
2.540000000000000000e+02
8.000000000000000000e+01
3.900000000000000000e+01
6.500000000000000000e+01
3.000000000000000000e+00
4.000000000000000000e+00
1.000000000000000000e+00
1.000000000000000000e+00
1.000000000000000000e+00
1.000000000000000000e+00
1.000000000000000000e+00
7.000000000000000000e+00
2.000000000000000000e+00
5.000000000000000000e+00
1.200000000000000000e+01
2.900000000000000000e+01
2.616000000000000000e+03
2.071000000000000000e+03
1.278000000000000000e+04
3.353000000000000000e+03
9.565000000000000000e+03
1.212000000000000000e+04
6.492000000000000000e+03
6.093000000000000000e+03
3.400000000000000000e+01
5.300000000000000000e+01
7.300000000000000000e+01
5.100000000000000000e+01
1.800000000000000000e+01
1.050000000000000000e+02
4.500000000000000000e+01
1.430000000000000000e+02
7.900000000000000000e+01
4.600000000000000000e+01
1.700000000000000000e+02
1.350000000000000000e+02
2.910000000000000000e+02
2.070000000000000000e+02
6.600000000000000000e+01
4.410000000000000000e+02
7.200000000000000000e+01
1.000000000000000000e+00
1.000000000000000000e+00
1.000000000000000000e+00
1.000000000000000000e+00
2.000000000000000000e+00
1.000000000000000000e+00
3.000000000000000000e+00
6.000000000000000000e+00
4.000000000000000000e+00
2.000000000000000000e+00
3.000000000000000000e+00
3.419000000000000000e+03
2.358000000000000000e+03
1.134400000000000000e+04
1.144000000000000000e+03
6.649000000000000000e+03
8.117000000000000000e+03
8.266000000000000000e+03
6.601000000000000000e+03
1.630000000000000000e+02
1.320000000000000000e+02
1.130000000000000000e+02
5.500000000000000000e+01
5.000000000000000000e+00
9.300000000000000000e+01
1.940000000000000000e+02
9.000000000000000000e+00
6.900000000000000000e+01
5.500000000000000000e+01
1.420000000000000000e+02
3.150000000000000000e+02
6.700000000000000000e+01
5.810000000000000000e+02
9.800000000000000000e+01
3.400000000000000000e+01
1.000000000000000000e+00
2.000000000000000000e+00
1.000000000000000000e+00
3.000000000000000000e+00
2.000000000000000000e+00
1.000000000000000000e+00
2.000000000000000000e+00
3.000000000000000000e+00
2.000000000000000000e+00
1.000000000000000000e+01
1.300000000000000000e+01
1.483000000000000000e+03
2.494000000000000000e+03
1.644000000000000000e+03
1.436000000000000000e+03
2.950000000000000000e+02
1.076000000000000000e+03
4.390000000000000000e+02
2.470000000000000000e+02
5.400000000000000000e+01
4.000000000000000000e+01
1.100000000000000000e+01
1.340000000000000000e+02
4.100000000000000000e+01
9.200000000000000000e+01
2.900000000000000000e+01
2.800000000000000000e+01
5.400000000000000000e+01
4.000000000000000000e+00
7.400000000000000000e+01
9.700000000000000000e+01
6.300000000000000000e+01
1.810000000000000000e+02
3.600000000000000000e+01
6.300000000000000000e+01
1.000000000000000000e+00
1.000000000000000000e+00
2.000000000000000000e+00
1.000000000000000000e+00
1.000000000000000000e+00
2.000000000000000000e+00
3.000000000000000000e+00
1.000000000000000000e+00
1.900000000000000000e+01
7.000000000000000000e+00
1.300000000000000000e+01
1.300000000000000000e+02
3.440000000000000000e+02
5.270000000000000000e+02
2.510000000000000000e+02
3.710000000000000000e+02
4.990000000000000000e+02
1.130000000000000000e+02
4.200000000000000000e+01
6.100000000000000000e+01
1.570000000000000000e+02
1.120000000000000000e+02
3.000000000000000000e+00
8.200000000000000000e+01
2.150000000000000000e+02
1.300000000000000000e+02
4.200000000000000000e+01
1.460000000000000000e+02
4.000000000000000000e+01
1.330000000000000000e+02
6.100000000000000000e+01
1.080000000000000000e+02
5.600000000000000000e+01
1.000000000000000000e+00
4.000000000000000000e+00
2.000000000000000000e+00
1.000000000000000000e+00
2.000000000000000000e+00
1.000000000000000000e+00
2.000000000000000000e+00
3.000000000000000000e+00
1.200000000000000000e+01
5.000000000000000000e+00
1.200000000000000000e+01
3.830000000000000000e+02
3.620000000000000000e+02
5.110000000000000000e+02
2.840000000000000000e+02
4.870000000000000000e+02
5.200000000000000000e+02
5.570000000000000000e+02
7.800000000000000000e+01
1.140000000000000000e+02
5.700000000000000000e+01
2.170000000000000000e+02
8.500000000000000000e+01
1.060000000000000000e+02
1.110000000000000000e+02
7.400000000000000000e+01
2.800000000000000000e+01
9.800000000000000000e+01
9.500000000000000000e+01
6.400000000000000000e+01
1.870000000000000000e+02
7.100000000000000000e+01
7.000000000000000000e+01
2.000000000000000000e+00
1.000000000000000000e+00
5.000000000000000000e+00
3.000000000000000000e+00
2.000000000000000000e+00
2.000000000000000000e+00
2.000000000000000000e+00
7.000000000000000000e+00
5.000000000000000000e+00
2.600000000000000000e+01
4.320000000000000000e+02
2.350000000000000000e+02
4.060000000000000000e+02
1.820000000000000000e+02
2.180000000000000000e+02
4.960000000000000000e+02
4.450000000000000000e+02
1.400000000000000000e+01
2.130000000000000000e+02
1.100000000000000000e+01
9.500000000000000000e+01
2.140000000000000000e+02
3.500000000000000000e+01
2.600000000000000000e+01
3.000000000000000000e+01
1.740000000000000000e+02
8.400000000000000000e+01
2.100000000000000000e+01
1.300000000000000000e+01
9.400000000000000000e+01
2.710000000000000000e+02
2.000000000000000000e+00
1.000000000000000000e+00
1.000000000000000000e+00
4.000000000000000000e+00
2.000000000000000000e+00
4.000000000000000000e+00
7.000000000000000000e+00
5.000000000000000000e+00
1.000000000000000000e+01
1.000000000000000000e+01
3.510000000000000000e+02
4.350000000000000000e+02
5.550000000000000000e+02
5.170000000000000000e+02
3.070000000000000000e+02
4.050000000000000000e+02
1.580000000000000000e+02
1.410000000000000000e+02
2.100000000000000000e+02
2.000000000000000000e+01
2.060000000000000000e+02
3.200000000000000000e+01
3.500000000000000000e+01
1.520000000000000000e+02
6.000000000000000000e+01
6.200000000000000000e+01
1.150000000000000000e+02
2.000000000000000000e+01
1.910000000000000000e+02
2.470000000000000000e+02
6.800000000000000000e+01
1.000000000000000000e+00
3.000000000000000000e+00
2.000000000000000000e+00
5.000000000000000000e+00
3.000000000000000000e+00
1.000000000000000000e+00
5.000000000000000000e+00
5.000000000000000000e+00
6.200000000000000000e+01
1.520000000000000000e+02
4.870000000000000000e+02
1.660000000000000000e+02
2.710000000000000000e+02
2.800000000000000000e+02
1.160000000000000000e+02
4.870000000000000000e+02
1.850000000000000000e+02
5.000000000000000000e+01
4.500000000000000000e+01
5.900000000000000000e+01
1.530000000000000000e+02
1.240000000000000000e+02
6.300000000000000000e+01
2.670000000000000000e+02
2.000000000000000000e+00
2.460000000000000000e+02
2.700000000000000000e+02
9.700000000000000000e+01
7.900000000000000000e+01
1.000000000000000000e+00
3.000000000000000000e+00
1.000000000000000000e+00
2.000000000000000000e+00
1.000000000000000000e+00
5.000000000000000000e+00
7.000000000000000000e+00
1.300000000000000000e+01
7.800000000000000000e+01
2.100000000000000000e+02
4.340000000000000000e+02
6.050000000000000000e+02
4.160000000000000000e+02
5.690000000000000000e+02
4.850000000000000000e+02
5.830000000000000000e+02
6.200000000000000000e+01
4.300000000000000000e+01
2.000000000000000000e+01
1.030000000000000000e+02
1.640000000000000000e+02
4.050000000000000000e+02
8.100000000000000000e+01
4.200000000000000000e+01
3.900000000000000000e+01
4.900000000000000000e+01
3.380000000000000000e+02
1.400000000000000000e+01
8.900000000000000000e+01
1.000000000000000000e+00
3.000000000000000000e+00
1.000000000000000000e+00
3.000000000000000000e+00
1.000000000000000000e+00
1.000000000000000000e+00
2.100000000000000000e+01
5.000000000000000000e+00
8.000000000000000000e+00
1.600000000000000000e+02
4.800000000000000000e+02
4.430000000000000000e+02
3.670000000000000000e+02
6.410000000000000000e+02
2.160000000000000000e+02
3.800000000000000000e+01
4.200000000000000000e+01
2.610000000000000000e+02
3.830000000000000000e+02
6.600000000000000000e+01
2.300000000000000000e+02
2.080000000000000000e+02
3.300000000000000000e+02
5.020000000000000000e+02
1.100000000000000000e+02
5.380000000000000000e+02
2.030000000000000000e+02
1.000000000000000000e+00
2.000000000000000000e+00
1.000000000000000000e+00
1.000000000000000000e+00
2.000000000000000000e+00
1.500000000000000000e+01
1.000000000000000000e+00
3.300000000000000000e+01
3.500000000000000000e+01
3.370000000000000000e+02
1.590000000000000000e+02
3.590000000000000000e+02
3.100000000000000000e+01
1.650000000000000000e+02
3.200000000000000000e+02
3.530000000000000000e+02
7.100000000000000000e+01
2.130000000000000000e+02
3.080000000000000000e+02
2.460000000000000000e+02
3.060000000000000000e+02
1.020000000000000000e+02
2.110000000000000000e+02
9.500000000000000000e+01
2.990000000000000000e+02
3.750000000000000000e+02
8.900000000000000000e+01
2.000000000000000000e+00
1.000000000000000000e+00
1.000000000000000000e+00
7.000000000000000000e+00
1.500000000000000000e+01
2.000000000000000000e+00
3.000000000000000000e+00
5.000000000000000000e+00
3.040000000000000000e+02
3.130000000000000000e+02
3.300000000000000000e+01
6.800000000000000000e+01
2.280000000000000000e+02
3.030000000000000000e+02
3.600000000000000000e+02
3.630000000000000000e+02
2.550000000000000000e+02
1.100000000000000000e+01
4.630000000000000000e+02
2.200000000000000000e+01
1.030000000000000000e+02
1.590000000000000000e+02
1.800000000000000000e+01
1.780000000000000000e+02
1.140000000000000000e+02
1.000000000000000000e+00
1.000000000000000000e+00
1.000000000000000000e+00
3.000000000000000000e+00
2.000000000000000000e+00
5.000000000000000000e+00
4.000000000000000000e+01
9.100000000000000000e+01
6.030000000000000000e+02
1.240000000000000000e+02
3.900000000000000000e+02
4.800000000000000000e+01
3.950000000000000000e+02
5.100000000000000000e+01
2.720000000000000000e+02
1.330000000000000000e+02
5.270000000000000000e+02
1.530000000000000000e+02
5.020000000000000000e+02
2.120000000000000000e+02
3.100000000000000000e+01
2.430000000000000000e+02
1.680000000000000000e+02
1.510000000000000000e+02
8.100000000000000000e+01
1.000000000000000000e+00
2.000000000000000000e+00
3.000000000000000000e+00
2.000000000000000000e+00
4.000000000000000000e+00
9.000000000000000000e+00
3.400000000000000000e+01
3.170000000000000000e+02
6.210000000000000000e+02
1.400000000000000000e+01
3.430000000000000000e+02
6.490000000000000000e+02
1.520000000000000000e+02
5.930000000000000000e+02
2.980000000000000000e+02
2.870000000000000000e+02
3.500000000000000000e+01
1.680000000000000000e+02
2.210000000000000000e+02
2.400000000000000000e+01
3.610000000000000000e+02
1.430000000000000000e+02
2.730000000000000000e+02
1.000000000000000000e+00
2.000000000000000000e+00
1.000000000000000000e+00
1.000000000000000000e+01
4.000000000000000000e+00
1.200000000000000000e+01
2.000000000000000000e+00
3.900000000000000000e+01
2.230000000000000000e+02
5.130000000000000000e+02
5.980000000000000000e+02
4.330000000000000000e+02
4.340000000000000000e+02
3.900000000000000000e+02
1.010000000000000000e+02
1.830000000000000000e+02
3.000000000000000000e+00
1.040000000000000000e+02
5.400000000000000000e+01
1.570000000000000000e+02
1.120000000000000000e+02
1.250000000000000000e+02
6.400000000000000000e+01
1.000000000000000000e+00
1.000000000000000000e+00
3.000000000000000000e+01
3.200000000000000000e+01
4.000000000000000000e+01
2.500000000000000000e+01
9.500000000000000000e+01
4.750000000000000000e+02
3.910000000000000000e+02
2.190000000000000000e+02
6.840000000000000000e+02
2.080000000000000000e+02
1.350000000000000000e+02
7.500000000000000000e+01
1.640000000000000000e+02
8.000000000000000000e+00
5.600000000000000000e+01
2.200000000000000000e+01
8.400000000000000000e+01
7.500000000000000000e+01
7.500000000000000000e+01
3.000000000000000000e+00
1.000000000000000000e+00
1.000000000000000000e+00
1.100000000000000000e+01
2.100000000000000000e+01
1.200000000000000000e+01
1.000000000000000000e+00
4.560000000000000000e+02
7.000000000000000000e+02
5.330000000000000000e+02
6.000000000000000000e+01
1.620000000000000000e+02
6.700000000000000000e+01
1.600000000000000000e+02
2.410000000000000000e+02
1.930000000000000000e+02
2.570000000000000000e+02
1.630000000000000000e+02
8.300000000000000000e+01
2.060000000000000000e+02
5.900000000000000000e+01
1.000000000000000000e+00
1.000000000000000000e+00
2.000000000000000000e+01
3.000000000000000000e+00
4.000000000000000000e+00
2.800000000000000000e+01
5.100000000000000000e+01
4.000000000000000000e+02
5.430000000000000000e+02
8.000000000000000000e+01
7.510000000000000000e+02
3.800000000000000000e+02
7.500000000000000000e+01
2.000000000000000000e+02
4.600000000000000000e+01
3.090000000000000000e+02
7.700000000000000000e+01
8.000000000000000000e+01
3.120000000000000000e+02
2.070000000000000000e+02
1.000000000000000000e+00
6.000000000000000000e+00
2.500000000000000000e+01
2.200000000000000000e+01
1.000000000000000000e+00
5.000000000000000000e+01
3.900000000000000000e+01
8.500000000000000000e+02
2.140000000000000000e+02
6.130000000000000000e+02
1.320000000000000000e+02
1.690000000000000000e+02
6.600000000000000000e+01
3.900000000000000000e+01
7.400000000000000000e+01
2.370000000000000000e+02
1.060000000000000000e+02
1.780000000000000000e+02
1.700000000000000000e+01
1.000000000000000000e+00
4.200000000000000000e+01
5.200000000000000000e+01
8.000000000000000000e+00
9.000000000000000000e+01
1.400000000000000000e+01
2.280000000000000000e+02
3.880000000000000000e+02
1.283000000000000000e+03
2.200000000000000000e+01
5.600000000000000000e+01
1.020000000000000000e+02
2.220000000000000000e+02
9.400000000000000000e+01
2.000000000000000000e+02
4.800000000000000000e+01
2.770000000000000000e+02
1.000000000000000000e+00
1.000000000000000000e+00
4.900000000000000000e+01
6.000000000000000000e+01
3.100000000000000000e+01
4.800000000000000000e+01
1.930000000000000000e+02
9.840000000000000000e+02
8.300000000000000000e+02
1.140000000000000000e+02
1.170000000000000000e+02
2.590000000000000000e+02
4.700000000000000000e+02
3.270000000000000000e+02
2.420000000000000000e+02
2.260000000000000000e+02
5.300000000000000000e+01
1.100000000000000000e+01
9.000000000000000000e+01
1.100000000000000000e+01
2.100000000000000000e+01
3.500000000000000000e+01
5.000000000000000000e+01
1.380000000000000000e+02
1.170000000000000000e+02
4.440000000000000000e+02
4.000000000000000000e+00
7.700000000000000000e+01
3.570000000000000000e+02
4.060000000000000000e+02
8.000000000000000000e+00
4.910000000000000000e+02
1.000000000000000000e+00
5.900000000000000000e+01
4.500000000000000000e+01
6.300000000000000000e+01
4.000000000000000000e+00
6.000000000000000000e+00
1.900000000000000000e+01
9.650000000000000000e+02
8.300000000000000000e+01
2.170000000000000000e+02
6.200000000000000000e+01
3.710000000000000000e+02
3.370000000000000000e+02
5.130000000000000000e+02
3.900000000000000000e+01
2.200000000000000000e+01
3.200000000000000000e+01
8.200000000000000000e+01
8.900000000000000000e+01
1.050000000000000000e+02
5.300000000000000000e+01
9.700000000000000000e+01
1.410000000000000000e+02
6.000000000000000000e+00
8.800000000000000000e+01
3.140000000000000000e+02
2.730000000000000000e+02
3.910000000000000000e+02
1.000000000000000000e+00
1.130000000000000000e+02
1.090000000000000000e+02
5.300000000000000000e+01
6.100000000000000000e+01
3.500000000000000000e+01
1.600000000000000000e+01
4.110000000000000000e+02
1.570000000000000000e+02
4.240000000000000000e+02
7.700000000000000000e+01
4.130000000000000000e+02
4.300000000000000000e+01
1.710000000000000000e+02
1.000000000000000000e+01
1.040000000000000000e+02
5.000000000000000000e+01
9.800000000000000000e+01
6.800000000000000000e+01
2.520000000000000000e+02
2.230000000000000000e+02
1.660000000000000000e+02
1.330000000000000000e+02
3.100000000000000000e+01
1.000000000000000000e+00
1.080000000000000000e+02
1.500000000000000000e+02
6.800000000000000000e+01
5.900000000000000000e+01
8.200000000000000000e+01
4.770000000000000000e+02
3.470000000000000000e+02
3.190000000000000000e+02
4.380000000000000000e+02
2.030000000000000000e+02
1.000000000000000000e+00
3.700000000000000000e+01
1.430000000000000000e+02
2.070000000000000000e+02
1.950000000000000000e+02
1.550000000000000000e+02
1.430000000000000000e+02
3.760000000000000000e+02
3.970000000000000000e+02
6.210000000000000000e+02
1.000000000000000000e+00
1.280000000000000000e+02
3.020000000000000000e+02
8.600000000000000000e+01
1.500000000000000000e+02
4.000000000000000000e+00
1.000000000000000000e+00
8.460000000000000000e+02
6.180000000000000000e+02
1.000000000000000000e+00
2.770000000000000000e+02
4.770000000000000000e+02
7.460000000000000000e+02
3.360000000000000000e+02
2.140000000000000000e+02
4.530000000000000000e+02
1.930000000000000000e+02
1.000000000000000000e+00
4.510000000000000000e+02
5.570000000000000000e+02
6.200000000000000000e+01
1.530000000000000000e+02
3.730000000000000000e+02
8.730000000000000000e+02
2.000000000000000000e+00
5.350000000000000000e+02
3.230000000000000000e+02
5.520000000000000000e+02
3.380000000000000000e+02
3.890000000000000000e+02
2.450000000000000000e+02
6.040000000000000000e+02
6.820000000000000000e+02
3.100000000000000000e+01
1.470000000000000000e+02
3.470000000000000000e+02
1.256000000000000000e+03
4.860000000000000000e+02
1.094000000000000000e+03
6.460000000000000000e+02
