6.338456368477837941e+02
6.230308644135363920e+02
6.175205017947851047e+02
6.183895506024823590e+02
6.248348157205900861e+02
6.500734242867945341e+02
6.833662671122309575e+02
7.147541385822863049e+03
1.388875915549427009e+04
1.889315776148840450e+04
2.323776088150954820e+04
2.875120455249753650e+04
3.405223888399545831e+04
4.198936793086284888e+04
6.125125739400311431e+04
8.002767374173780263e+04
1.038877031580646581e+05
1.237183098422872426e+05
1.430680062612683105e+05
1.508125358175371948e+05
1.991653152471770591e+05
2.842975522135794745e+05
3.333302719332858687e+05
4.166789312423393130e+05
5.837571968799169408e+05
5.416030115227774950e+05
5.231026457632896490e+05
5.228336233513283660e+05
4.999964366773277288e+05
5.222303573635961511e+05
5.394357021253975108e+05
2.438742767919202743e+05
1.660695272809688468e+05
1.279015701970362861e+05
1.037374881811981613e+05
7.918465469837353157e+04
6.201403065310270904e+04
4.878667037644246011e+04
3.069070105046235039e+04
2.441977012781548910e+04
6.147447922226177752e+02
6.068650847962844637e+02
6.054105285296468537e+02
6.114959555517127683e+02
6.303097589863942858e+02
6.618240766621164539e+02
5.497102985642061867e+03
1.272648338529624925e+04
1.816404044319180684e+04
2.275154667251577848e+04
2.826035137815250710e+04
3.360456608437891555e+04
4.185545590790989081e+04
6.153115130670071085e+04
8.140224239132963703e+04
1.022251927961836482e+05
1.246004432646210626e+05
1.445536575040333846e+05
1.533843659610304167e+05
2.209995849687798764e+05
2.902573298003547825e+05
3.452617882569340873e+05
4.645854220901054214e+05
5.966241211606103461e+05
5.415691271941427840e+05
5.418716858043702086e+05
5.004340524195210892e+05
5.226338703766929102e+05
4.981762029878167668e+05
5.008290599519154639e+05
3.232038030106574297e+05
1.784047066428951512e+05
1.339512954690679035e+05
1.057890541973671643e+05
8.526699544541056093e+04
6.357558411574701313e+04
4.751767086783034756e+04
3.651920994564412831e+04
2.454532055419346580e+04
6.018936270184057094e+02
6.021014010978792612e+02
6.006977537813780827e+02
6.144337591135340517e+02
6.399153280739075171e+02
2.839322498827603340e+03
1.142273772251588889e+04
1.731468476125438974e+04
2.217505678317932325e+04
2.778825063532615968e+04
3.316124609455597238e+04
4.079297760434731026e+04
5.995877686469887703e+04
8.166633598205899762e+04
1.015486884918124415e+05
1.242539747225951724e+05
1.458353956396149879e+05
1.580073075873981870e+05
2.243990567193515599e+05
3.088728630252020084e+05
3.605573012909645331e+05
4.871891317296738271e+05
6.127693455446126172e+05
5.229167783970779274e+05
5.417723490977042820e+05
5.187304881206678692e+05
5.194218116644546390e+05
5.006938511189596611e+05
5.023531927458345308e+05
4.153925978657377418e+05
1.928095347979544604e+05
1.418105238625587954e+05
1.108121937505909154e+05
8.881868111477339698e+04
6.763468691076473624e+04
5.129677969850098452e+04
3.729531617550130613e+04
2.674432661054506389e+04
5.991639990385172041e+02
5.975138430885289154e+02
6.079015528058116615e+02
6.334093865677449458e+02
6.761399038419556291e+02
9.948768830752018403e+03
1.647838549729830265e+04
2.164576570088288645e+04
2.708257735398280056e+04
3.282594382252333889e+04
3.930644066054109862e+04
6.022697154413389217e+04
8.131728004581877030e+04
1.000874222152882285e+05
1.244431482187080255e+05
1.370476549626755586e+05
1.655882694463175721e+05
2.284323984273060341e+05
3.161020431385224219e+05
3.827703833216112689e+05
5.248290773646272719e+05
5.181263963982862188e+05
4.986855111808778020e+05
5.194565920685137971e+05
5.513328019161655102e+05
5.213822871084912331e+05
5.227506877781728981e+05
5.259672429339535302e+05
5.565937056594797177e+05
2.046809282708843239e+05
1.488581149987062381e+05
1.184255357271362591e+05
9.316772441454672662e+04
6.953082679578251555e+04
5.423533539855400886e+04
3.982185591048825154e+04
2.553904725449341640e+04
6.017293558300536915e+02
6.061810449058106087e+02
6.231976266804438183e+02
6.733322427495061220e+02
8.228450439024256411e+03
1.542913354778268149e+04
2.087985127307970470e+04
2.646463533491771523e+04
3.241338293557124780e+04
3.974938724264427583e+04
5.150947285733256285e+04
7.882500326383719221e+04
9.927067062107670063e+04
1.198864429910568288e+05
1.363714137339414156e+05
1.779823276120741502e+05
2.314492172199132619e+05
3.257938378743233625e+05
4.166237860704387422e+05
5.527438204966585618e+05
5.499695847613987280e+05
5.628174496670081280e+05
5.208990580821935437e+05
5.392105053567904979e+05
5.234309051289642230e+05
5.257918568147124024e+05
5.223470355525361374e+05
5.766771716380115831e+05
2.210462544226401078e+05
1.594029619087070168e+05
1.231046238875748968e+05
9.766275841510601458e+04
7.369970585580081388e+04
5.670420759658447787e+04
3.786234165060257510e+04
2.931714860140699238e+04
6.128210688146519942e+02
6.320585598889323364e+02
6.723448093079571208e+02
2.977750617075311766e+03
1.300055740931332366e+04
1.919049151243533197e+04
2.527630751935521039e+04
3.191925786655621414e+04
3.890068324063839827e+04
4.806757037058848073e+04
7.200411162112286547e+04
9.748966276564277359e+04
1.156885258354769758e+05
1.426397831116808811e+05
1.788334733666192915e+05
2.441227243095694284e+05
3.358070456390741165e+05
4.232020106800055946e+05
5.468835806498988532e+05
5.748583135684641311e+05
5.552157479535614839e+05
5.257698245011487743e+05
5.078844163192413980e+05
4.998787001289053005e+05
5.223657618796661263e+05
5.221224973285985179e+05
4.990963589976798394e+05
2.885390025808137725e+05
1.765355895057376474e+05
1.338592187622599013e+05
1.086841359120543057e+05
8.413964353449878399e+04
6.308343659885136731e+04
4.595189915547347482e+04
3.437057707600642607e+04
6.452356041789062147e+02
6.693892889048597681e+02
6.824503889758184414e+02
8.999616769995507639e+03
1.719807161743421966e+04
2.378641150641652712e+04
3.034147075307595151e+04
3.765308472179422097e+04
4.546491068955641822e+04
5.757246442420328094e+04
9.172449344085477060e+04
1.161282037772554904e+05
1.427298944521381636e+05
1.849014557985684369e+05
2.496615820937644166e+05
3.382635906008615275e+05
4.350585304318492999e+05
5.672150598293807125e+05
5.274171712325421395e+05
5.291128125384656014e+05
5.473768353049298748e+05
5.000730880108793499e+05
5.223870114889080287e+05
5.226929025732978480e+05
5.345205126711073099e+05
5.684315867135232547e+05
5.916853027608908014e+05
2.025640643464864697e+05
1.514434101719153114e+05
1.164512033109669428e+05
9.210995908114279155e+04
7.188072972790825588e+04
5.116313447101289057e+04
3.666710574305061891e+04
7.287859367505817545e+02
7.417343646890579976e+02
2.072966285863383746e+03
1.403041014639378773e+04
2.123085613009325607e+04
2.863744072104966472e+04
3.582720235304532980e+04
4.299896850564210763e+04
5.325193601142495754e+04
8.426864634176348045e+04
1.174307626545924722e+05
1.396917226783912629e+05
1.804571831139844144e+05
2.559668353708554932e+05
3.235627819996289909e+05
4.530780193223514943e+05
5.764309776247570990e+05
5.230680800594331231e+05
5.233172905793795362e+05
5.229266003403635114e+05
5.614206595073564677e+05
5.589024457493242808e+05
5.837402950398307294e+05
5.884325290008531883e+05
5.996986004794701003e+05
5.915773035200230079e+05
2.475579205140759877e+05
1.651693463367512159e+05
1.262515101403961016e+05
9.720923665858233289e+04
7.200491158360782720e+04
5.661179205381692736e+04
3.999089148205522361e+04
7.540870813452339689e+02
7.507969105309337010e+02
9.107912086920247020e+03
1.825004043386351259e+04
2.645960518332849097e+04
3.363714028141310700e+04
4.133238706626347994e+04
5.065179615029643173e+04
6.603942427826773201e+04
1.176499517808195524e+05
1.382415406121457927e+05
1.713254123244883376e+05
2.482799663601466455e+05
3.183546988334557391e+05
4.646185441121744225e+05
5.778281412760701496e+05
5.420494848265558248e+05
5.707705558742183493e+05
5.771369861773554003e+05
5.832526806271171663e+05
5.889744854308716021e+05
5.930671102954095695e+05
5.997001896497544367e+05
5.998489637303820346e+05
5.963095734340053750e+05
3.150867296544536948e+05
1.812575725442368130e+05
1.386729889224447252e+05
9.762388236051442800e+04
7.553279428162476688e+04
5.826179320111950801e+04
4.080614004035670223e+04
7.559045853411341795e+02
7.569967001051277293e+02
1.453729990036783602e+04
2.365402822595685575e+04
3.161623363235114448e+04
3.976623680082483042e+04
4.911295345777110924e+04
6.083631374287981453e+04
1.021978555419581389e+05
1.337175795097085356e+05
1.676817819847889768e+05
2.280960816606243025e+05
3.154776018602205440e+05
4.713933809100122307e+05
5.795261222177925520e+05
5.908868299081258010e+05
5.949235399263092550e+05
5.939278971034289571e+05
6.039367125499645481e+05
6.048483392698684474e+05
6.066521673120713094e+05
5.894418650905927643e+05
5.950961008799284464e+05
5.816236717945198761e+05
5.612558258630031487e+05
2.019488379962758918e+05
1.403993558743855974e+05
1.049177494117465103e+05
8.316672595957103476e+04
6.254191721565742046e+04
4.789561527673082310e+04
7.628768770820792042e+02
9.094612654622964328e+03
2.059684563728503417e+04
2.953641272167777424e+04
3.815984647577643773e+04
4.703892625357511861e+04
5.741961011642169615e+04
7.381313072254533472e+04
1.298485207407329290e+05
1.667754333382560581e+05
2.130649857458211482e+05
3.083649600300877937e+05
4.391410457764252205e+05
5.486091747064955998e+05
5.991719678866218310e+05
6.086269940479920479e+05
6.058838492440422997e+05
6.067148706859361846e+05
5.958447301517253509e+05
5.959325017382777296e+05
5.816448534288995434e+05
5.617464194361234549e+05
5.596743146403016290e+05
5.622235565942991525e+05
2.397162734772646800e+05
1.567207886184648087e+05
1.198151757003160455e+05
9.184887343356582278e+04
6.846269299350965593e+04
4.945918324959693564e+04
7.736156973797933460e+02
1.712856587817093168e+04
2.712315432171121211e+04
3.585830641555764305e+04
4.478029954455830739e+04
5.425192536501992436e+04
6.626962250534772465e+04
1.236096226698843093e+05
1.594807626002088655e+05
2.007116934148831642e+05
2.793047610515330452e+05
4.086457606626733323e+05
5.385859901269451948e+05
6.085976148507805774e+05
5.972660975704499288e+05
5.948871384800082305e+05
5.943804949055449106e+05
5.769512159987048944e+05
5.546829103852835251e+05
5.524666732697840780e+05
5.560985034606781555e+05
5.543577165662213229e+05
5.548334299091644352e+05
3.205947979667193722e+05
1.813557873035525554e+05
1.291980171439974511e+05
9.428311948136397405e+04
7.304758439795064623e+04
5.487187194356118562e+04
1.239706039598935422e+04
2.441200220808431186e+04
3.318383724878015346e+04
4.201218300887189253e+04
5.123054277530780382e+04
6.142878054113078542e+04
7.909036572818970308e+04
1.445394652198961703e+05
1.898194951595604653e+05
2.501796931095928012e+05
3.647635402131248266e+05
5.099157421306407778e+05
5.952744429557517869e+05
5.902951656993612414e+05
5.559833837164746365e+05
5.452729562291100156e+05
5.430541144781574840e+05
5.441819156006333651e+05
5.453742169608991826e+05
5.480725677581899799e+05
5.514810668737866217e+05
5.364283302551010856e+05
5.376868703400158556e+05
2.088683593097006669e+05
1.461367346511521318e+05
9.825059578085747489e+04
7.379022154201449302e+04
4.359158538038023835e+04
2.076261335433983550e+04
3.014387492453997402e+04
3.917519561408922164e+04
4.822669882328189851e+04
5.755243938915700710e+04
6.992754224030546902e+04
1.336480505082898599e+05
1.841553566074186238e+05
2.315622213228099572e+05
3.417619793049448053e+05
4.882646056462019915e+05
5.118755107143623754e+05
5.388323919616780477e+05
5.400357136456234148e+05
5.379586820445554331e+05
5.394359151915686671e+05
5.406602745495490963e+05
5.387262719200171996e+05
5.242792928168632789e+05
5.276663407412252855e+05
5.224442683812758187e+05
5.049041557877334417e+05
2.217583845283131232e+05
1.490392698413795733e+05
1.008982090685422008e+05
7.155457930241513532e+04
4.664685508935470716e+04
2.704805894755708141e+04
3.599406668409880513e+04
4.489310247327630350e+04
5.406156445340283972e+04
6.434252683912888460e+04
8.268072034229220299e+04
1.797245640126463550e+05
2.187242269754107692e+05
2.940793193050106638e+05
4.164538128628412960e+05
4.753963823906430625e+05
5.296921520055069122e+05
5.294079636279437691e+05
5.326049457701744977e+05
5.321561972690265393e+05
5.183500667239797767e+05
5.197324621290341020e+05
4.974819872017330490e+05
4.941746847017459804e+05
4.849909974573357031e+05
4.843372119883723208e+05
3.337113011685969541e+05
1.699418616151348106e+05
1.162067491412139934e+05
8.138964346889688750e+04
5.422931654372187768e+04
3.261346732963214527e+04
4.169298103666974202e+04
5.069997963508439716e+04
6.003333138333524403e+04
7.296111800839187345e+04
1.764607884110221639e+05
2.071221448793723248e+05
2.613104459508066066e+05
3.842259565919388551e+05
4.605818744355086237e+05
5.239120195467997110e+05
5.108416544999713078e+05
5.117215843859243905e+05
5.102391926507855533e+05
5.096627298283100245e+05
4.842506564265249181e+05
4.677315322894211276e+05
4.733160744197898894e+05
4.725187125443383702e+05
4.770907846045321785e+05
4.796813387274683337e+05
1.925204376678094850e+05
1.375389896484096826e+05
9.401562184985275962e+04
6.208837581024780957e+04
3.812118994621530146e+04
4.705677459126077156e+04
5.629771519620149047e+04
6.677536677822002093e+04
1.746427443395537848e+05
1.992957185127597477e+05
2.483295801864003879e+05
3.598886303752894746e+05
4.377263236206203001e+05
5.006769143192095216e+05
4.986435399160912493e+05
5.038057331402162672e+05
4.729662371944623301e+05
4.610936715517815901e+05
4.605291065087313764e+05
4.596401973612429574e+05
4.625674598712426960e+05
4.685501058443515794e+05
4.778134343732981943e+05
4.803948311836829525e+05
2.259702090472226555e+05
1.624307975807384646e+05
1.106868797972025786e+05
7.201757333582256979e+04
4.358447346315032337e+04
5.275182451625190879e+04
6.213663035304801451e+04
1.712476166340842319e+05
1.946949738301932521e+05
2.351538406848188606e+05
3.130659701294263359e+05
4.261494151956753340e+05
4.922369962433985784e+05
4.538853130098121474e+05
4.502184256582630333e+05
4.493269853312919149e+05
4.474313992721362738e+05
4.510658784147105180e+05
4.524588013776469161e+05
4.629477960072584101e+05
4.674009801934739226e+05
4.718595759085016325e+05
4.766283622094905586e+05
4.174809183112799656e+05
1.826824878186146670e+05
1.307424036967702123e+05
8.568915423968432879e+04
4.900515481494656706e+04
5.822240701285882824e+04
1.326238260511922999e+05
1.918918481898472237e+05
2.265419015282796172e+05
2.862897015139216674e+05
3.895207519848711672e+05
4.262757131593730883e+05
4.371812176278370316e+05
4.382022755346407066e+05
4.419255367236188613e+05
4.418051118300983217e+05
4.503238493763628067e+05
4.527512409252902726e+05
4.558663244598358870e+05
4.651279686913610203e+05
4.726554155223876587e+05
4.797637875922473031e+05
4.834899413719714503e+05
2.045136540610985539e+05
1.521384878510796407e+05
1.030897716586311435e+05
5.457031768262106198e+04
8.734579289529906237e+04
1.888621018507711997e+05
2.177259342987881100e+05
2.701960701469798805e+05
3.640979109512144350e+05
4.054319811057501356e+05
4.316638272351694759e+05
4.322350965889614308e+05
4.348126151458271779e+05
4.391281182698245975e+05
4.443707557039480889e+05
4.535501925924450625e+05
4.595472066606114386e+05
4.691225712116271025e+05
4.706122931140632136e+05
4.811747184760321979e+05
4.823775536702849204e+05
2.470395536199129419e+05
1.705071538150428387e+05
1.257493305973332026e+05
6.901869355196398101e+04
1.854126501764318091e+05
2.068672408522927435e+05
2.430591336891548708e+05
2.967701481645157328e+05
3.727761777197998599e+05
4.117316036034391145e+05
4.273109748406394501e+05
4.302466967360711424e+05
4.426939020326514146e+05
4.454516611228179536e+05
4.564419122970617609e+05
4.620140421917642816e+05
4.684963459109184332e+05
4.781631179719512584e+05
4.821063095768208150e+05
4.851550436109783477e+05
4.928132157091497211e+05
2.401892663180495729e+05
1.739663505651093728e+05
9.065982626975527091e+04
2.023928368901809736e+05
2.259743006973598967e+05
2.710406396987802000e+05
3.236401299265195266e+05
3.995547213544461410e+05
4.283336257461033529e+05
4.336671133026363677e+05
4.382622909095544601e+05
4.472503436475989292e+05
4.587176081430178601e+05
4.673807050377166597e+05
4.708070604664203711e+05
4.827669176580478088e+05
4.889868605436010985e+05
4.944628337805968476e+05
4.956605276567965630e+05
4.979480641323485179e+05
2.356443934151796275e+05
2.010500141872703680e+05
2.202325830185633095e+05
2.523430559013174206e+05
2.961959922748047393e+05
3.511874251478330698e+05
4.122320807475855690e+05
4.379153717411445687e+05
4.442917017546405550e+05
4.547476967956558219e+05
4.642533595627555624e+05
4.686057194730649935e+05
4.784805683488180512e+05
4.897653655624325038e+05
4.911461328633301891e+05
4.948466391650114674e+05
5.037728621935208794e+05
5.053819891543352860e+05
5.161304258876140811e+05
2.185668917413083254e+05
2.419652920956238813e+05
2.788833096515026409e+05
3.193406998413581168e+05
3.764524470257042558e+05
4.242846284210777376e+05
4.463504661605168367e+05
4.537525058456464321e+05
4.608790459740925580e+05
4.706173757202266133e+05
4.820208776115258224e+05
4.936187512565290090e+05
4.947950896037040511e+05
4.961463364615051541e+05
5.111361572019876330e+05
5.123313072115781833e+05
5.142905080060793553e+05
2.385967373373073351e+05
2.674123447340225684e+05
3.040507111962196068e+05
3.444268349188331631e+05
4.092847785750906914e+05
4.412409524676952860e+05
4.618070279820757569e+05
4.713016453493182780e+05
4.770843753739927779e+05
4.897592271716188989e+05
4.895367829619644908e+05
5.000765720504064229e+05
5.076156863250919851e+05
5.085281827309711953e+05
5.114685144152301364e+05
5.197131150162774138e+05
2.617265432116069715e+05
2.911695637779567624e+05
3.262786835250773001e+05
3.639426867384496145e+05
4.265548179974836530e+05
4.670503138122183736e+05
4.729119679020457552e+05
4.846118899082530406e+05
4.933637455775947310e+05
4.994413685809385497e+05
5.022641487465573591e+05
5.116907615906892461e+05
5.169951562008172041e+05
5.196970860042263521e+05
5.251449469256561715e+05
2.853199320470452076e+05
3.140356527798749157e+05
3.471452141569194500e+05
3.881056132265136112e+05
4.651797553422760684e+05
4.808344852087987820e+05
4.845239205464948900e+05
4.945763472119364887e+05
5.006005798667222844e+05
5.093314989803779172e+05
5.150847227815583465e+05
5.196027469655256718e+05
5.244725170845678076e+05
5.257413498493520310e+05
3.047638050081252004e+05
3.378065832925122231e+05
3.685972527243832592e+05
4.554970330787689309e+05
4.867046612080477062e+05
4.915997482572688605e+05
5.047238593174940906e+05
5.063942612749552354e+05
5.127483807454478228e+05
5.150046930722226971e+05
5.253065045731136343e+05
5.261994799338211305e+05
5.303556826729759341e+05
3.275495198722605710e+05
3.534631671961775282e+05
4.337218620742214262e+05
4.908492676597046084e+05
4.928765481475261040e+05
5.023982197791284998e+05
5.121407275975540979e+05
5.170588706096542301e+05
5.260190797956956085e+05
5.315465956344504375e+05
5.307677876669577090e+05
5.372340445932006696e+05
3.480802340839616954e+05
4.036781059595168917e+05
4.853734286290183081e+05
5.024187414551944239e+05
5.090993209370887489e+05
5.160578518815669231e+05
5.191547201938165817e+05
5.239623340388531215e+05
5.324365956646358827e+05
5.353152883021520684e+05
5.385581996102143312e+05
3.856692150711211143e+05
4.384689140790986712e+05
5.076665601314235246e+05
5.100420989674389712e+05
5.217230105294054374e+05
5.237077937185009359e+05
5.337530863460975233e+05
5.425358429796416312e+05
5.438398896869883174e+05
5.463654400340133579e+05
4.117335080266186269e+05
4.845000238116841065e+05
5.257950754042455228e+05
5.310077295341225108e+05
5.390274881969905691e+05
5.432890387944155373e+05
5.463642671638757456e+05
5.486408262113818200e+05
5.554833194894148037e+05
4.429682169455069234e+05
5.130136207044321927e+05
5.384912972080730833e+05
5.445040526302191429e+05
5.489514478694122517e+05
5.532786262844258454e+05
5.568506230898083886e+05
5.602740673847456928e+05
4.669702617350101937e+05
5.319518867739503039e+05
5.494042879439205863e+05
5.540162452192533528e+05
5.590348472236800008e+05
5.596603071903852979e+05
5.630143735912265256e+05
4.976910643822389538e+05
5.460295858554008882e+05
5.603165517146049533e+05
5.611156266316111432e+05
5.634869214379080804e+05
5.641621396589289652e+05
5.356955321855642833e+05
5.578642317759463331e+05
5.643284228654850740e+05
5.675717862474173307e+05
5.654319394189623417e+05
5.496052549626710825e+05
5.680792464551220182e+05
5.658860533779221587e+05
5.674070367715733591e+05
5.601156813384376001e+05
5.682429511638350086e+05
5.669206253288789885e+05
5.647897911366294138e+05
5.706401403316345531e+05
5.694934834139235318e+05
