6.344273938744310044e+02
6.228174462205637383e+02
6.197828798673464235e+02
6.203114930730323522e+02
6.250928399810193241e+02
6.489767318229160082e+02
6.870074961656969208e+02
7.293456807134399469e+02
7.786656958988307906e+02
8.179599039997638101e+02
8.662949273069235687e+02
9.016687791354124784e+02
9.393012858991495477e+02
9.954317878265429727e+02
1.029832110435300820e+03
1.061587810693095435e+03
1.112524944546074948e+03
1.155304299359402876e+03
1.168310324104891151e+03
1.220248272633861916e+03
1.573736685772021519e+04
2.823408291603164616e+04
4.637316313798486226e+04
8.196833476033307670e+04
1.027577141542263562e+05
1.387990769203310774e+05
1.866799970109137648e+05
2.349691323778193619e+05
2.645772721506991074e+05
3.009818777886625030e+05
6.165582382659625864e+02
6.083326954449726145e+02
6.056318852413248806e+02
6.122083397395483644e+02
6.321580346962407475e+02
6.610181079833339481e+02
7.073859296578881413e+02
7.438350821952585648e+02
7.899121248640144586e+02
8.312330418495796494e+02
8.777571931581682065e+02
9.236895033093669554e+02
9.554642340248569781e+02
1.000579452751396502e+03
1.035013547021343129e+03
1.060292520733923084e+03
1.086793320925077751e+03
1.123209687118850525e+03
1.187238660081851322e+03
1.294620519316371974e+04
2.515158689111586864e+04
4.213164356316877820e+04
7.942177472824665892e+04
1.006914188737492805e+05
1.345884317848362261e+05
1.737865520406457072e+05
2.332231231137294671e+05
2.662884001603267970e+05
3.022148796025179909e+05
6.028166593091737013e+02
5.996074283716311584e+02
6.003455510978723169e+02
6.204349513340340536e+02
6.380900126468176268e+02
6.846918639450012734e+02
7.271754089066384950e+02
7.730920438121180496e+02
8.045428316656068546e+02
8.413076284175149340e+02
8.914458545070751825e+02
9.200786319842687817e+02
9.496874735921581987e+02
9.972629693072342434e+02
1.042300992233698253e+03
1.053695031208016644e+03
1.118110281351311414e+03
1.139488238146476533e+03
7.879838301766738368e+03
2.224105025084294903e+04
3.746257607619959163e+04
7.411499423302574723e+04
9.843570772721960384e+04
1.282694941644468345e+05
1.699898705665564921e+05
2.316078071175112855e+05
2.678068982435321668e+05
3.061839990562954335e+05
5.988092460573770950e+02
5.986480478233266922e+02
6.057657735584889451e+02
6.319199850258869446e+02
6.711025080331685331e+02
7.153844114730318324e+02
7.544566471474831815e+02
7.890013205700275876e+02
8.323856181157590299e+02
8.505076310977348157e+02
8.927031604711442014e+02
9.292954926520451409e+02
9.599411161137688850e+02
9.849839619458462039e+02
1.016850463774315699e+03
1.070745204706030108e+03
1.126710650354748850e+03
2.240348713907958427e+03
2.013938534730158426e+04
3.404590508058405248e+04
6.763622048767343222e+04
9.580153863847137836e+04
1.240115885674824967e+05
1.670525670253098069e+05
2.303191904124083230e+05
2.618027094010711589e+05
3.079402456456152722e+05
6.074360810297100670e+02
6.066074655609731963e+02
6.222611793658909392e+02
6.729256050661308564e+02
7.120992579723794051e+02
7.357412231996921719e+02
7.674788053649106132e+02
8.033513613505730291e+02
8.257260124829542747e+02
8.600764638207444932e+02
9.029492290277412394e+02
9.460171074447803221e+02
9.605411388182814107e+02
1.010619402425367753e+03
1.046857119923110304e+03
1.066637661944281717e+03
1.198313826144934183e+03
1.749372004300840126e+04
3.111662946541171914e+04
5.433147285337738140e+04
9.297464003916714864e+04
1.212256097518913157e+05
1.647628410208983114e+05
2.156630072572101490e+05
2.589221163339485356e+05
3.139083510402945103e+05
6.102003726739602598e+02
6.320266358336161829e+02
6.676675293475349235e+02
6.900255551056136483e+02
7.064605310065763888e+02
7.384564883718413739e+02
7.515051996850720570e+02
7.890862264892366511e+02
8.301078092682253100e+02
8.666656469722005340e+02
8.744327029878609210e+02
9.326662480763692429e+02
9.630003748230861902e+02
9.811658764007784157e+02
1.051695756700132961e+03
1.117082145245387210e+03
9.094954027376741578e+03
2.445501557406459324e+04
4.351734762463693187e+04
8.735783841379218211e+04
1.141452401984107564e+05
1.556256335980872100e+05
2.070306388526376686e+05
2.574567899338947609e+05
3.238160061739889788e+05
6.400924075920996756e+02
6.624602427681240897e+02
6.776092724897939661e+02
6.977136274349441010e+02
7.066081094289228304e+02
7.370760109170153100e+02
7.752140129241794284e+02
8.046968286455492034e+02
8.117032695106381652e+02
8.745345661620500550e+02
9.271033283871038293e+02
9.722773601654563436e+02
1.051020540533759458e+03
1.040544548184477662e+03
1.151036258159146882e+03
1.256953312322508054e+03
1.899786658404393165e+04
3.466746543463101989e+04
7.430861340134908096e+04
1.079023740181306348e+05
1.492293335010858718e+05
2.012910315805639257e+05
2.343047568601907114e+05
3.113005128668751568e+05
7.263701070151098520e+02
7.413288204057890880e+02
7.471708866679483663e+02
7.675313964046727051e+02
8.011484697354661648e+02
8.365862767213768620e+02
8.376613489716613685e+02
8.876421362480887183e+02
9.160471977486832884e+02
9.276106537974378625e+02
1.006077442049961292e+03
9.827064340163793759e+02
1.059671653183834451e+03
1.117319157847182851e+03
1.190906210885528253e+03
9.290530961374028266e+03
2.668048753694328843e+04
5.149116695866424561e+04
1.000773362731973175e+05
1.392865258203402918e+05
1.894282082941920089e+05
2.216207512554661080e+05
2.942178022373821586e+05
7.447135182573171051e+02
7.482983748714202648e+02
7.694433471648576415e+02
7.954065049864515231e+02
7.898811526544886874e+02
8.406615358586577713e+02
8.604287549404954234e+02
8.688360262269840177e+02
9.329503303645120695e+02
9.179345002674403986e+02
9.993327930021456496e+02
9.947714615353835370e+02
1.081800060507441913e+03
1.111186076960687615e+03
1.219473628528000518e+03
2.044078958172813509e+04
3.870896207995949226e+04
9.170825766444580222e+04
1.275139740441750473e+05
1.786824809352400480e+05
2.147166408699502063e+05
2.690623308655056753e+05
7.587389770624843095e+02
7.672334220306528323e+02
7.586768321697511510e+02
7.985982597998627170e+02
8.180584029059915565e+02
8.250627849893396615e+02
8.857337492978731461e+02
8.667858193013900063e+02
9.448917380309694636e+02
9.196840625339418693e+02
9.295847472173132928e+02
1.053943153708663658e+03
1.113111352768524512e+03
1.237432301480016122e+03
9.579951077005398474e+03
2.937752125643102409e+04
6.266780858413574606e+04
1.161861026104442863e+05
1.652404322384573461e+05
2.051383540636404650e+05
2.596283126467810071e+05
7.464183393859827902e+02
7.731483428857400213e+02
7.975991200117629205e+02
7.857847328095326702e+02
8.276421912777439047e+02
8.215183653965846133e+02
9.019125232698040691e+02
8.794351754416553604e+02
8.775488030113075411e+02
9.452310094419685811e+02
9.779074739238604934e+02
1.142947160238533797e+03
1.253245049836686121e+03
1.509493209721232461e+03
2.189501940213745911e+04
4.491163947887798713e+04
1.051702120744461572e+05
1.553589337606268236e+05
1.981303307133187191e+05
2.425973446236405289e+05
7.846264191855108265e+02
7.713271854478080058e+02
8.067344169603787805e+02
8.017161706550974714e+02
8.694874542979036960e+02
8.420774606002454448e+02
8.618995898272119121e+02
9.088590047630281106e+02
9.329367578451323197e+02
1.000388106111363300e+03
1.145361137518375244e+03
1.451340122132995248e+03
1.675218540048005934e+03
9.919783058357726986e+03
3.287275625543726346e+04
9.124011877860059030e+04
1.408114015966398001e+05
1.914480722259538597e+05
2.331608539844681509e+05
7.918901393100123869e+02
7.987793467999159702e+02
8.597239963862825789e+02
8.220359849466339028e+02
8.543659214832731550e+02
8.989543699471587388e+02
9.193239694523747403e+02
9.502016450529073381e+02
1.051220722304594346e+03
1.287309439532997430e+03
1.493617226365142869e+03
1.851328679983374514e+03
2.212947838569477881e+03
2.411945202261330633e+04
5.520784831711668812e+04
1.213556477618096251e+05
1.848654865438465786e+05
2.205359222667308641e+05
8.525506856364926307e+02
8.182471794856876386e+02
8.541570469949068638e+02
8.966743443717344917e+02
9.123309978874276567e+02
9.226878624550184895e+02
9.447784325757963870e+02
1.278473857076948889e+03
1.561299105978992657e+03
1.833165276238161141e+03
2.093335016573409575e+03
2.574156438962884295e+03
1.073261095915461556e+04
3.764372845819173381e+04
1.055537182486177189e+05
1.670218907328635396e+05
2.128581849591158098e+05
8.537545028307556549e+02
9.232535195608641061e+02
9.947248496123381756e+02
1.026770327635698322e+03
1.056279542405406346e+03
1.129407672797105306e+03
1.458342369752145487e+03
1.682876935854471185e+03
2.040842380338272960e+03
2.438605657147202237e+03
2.773965167618700434e+03
3.021591259965405243e+03
2.718499044798852265e+04
7.137690646040452702e+04
1.521175414487721282e+05
2.057065943077231641e+05
1.046652474785850700e+03
1.084412020065478828e+03
1.111495989797655056e+03
1.213627453221438373e+03
1.359163826303042924e+03
1.621406608639475508e+03
1.951141486259544763e+03
2.314896570464499291e+03
2.633729146074934306e+03
2.858773481945960611e+03
3.125772498596925288e+03
1.223272559668364920e+04
4.508261498785211006e+04
1.249271743415385281e+05
1.981184238870728295e+05
1.136747601441744791e+03
1.226303196113574359e+03
1.395522677634764023e+03
1.500782025536062747e+03
1.820785341015956647e+03
2.175412441639570261e+03
2.427191524694374948e+03
2.653524870671194549e+03
2.950860788569627857e+03
3.211035305334225086e+03
3.560792255590846707e+03
3.100081536579108433e+04
1.044430058508838556e+05
1.853677517139882548e+05
1.434081938073134552e+03
1.534991113411669630e+03
1.626223581377674009e+03
1.944348975420147099e+03
2.233335003173082896e+03
2.519760050898607915e+03
2.787752647177882864e+03
3.082401563214232283e+03
3.368911355606388042e+03
3.740954928875267797e+03
1.478942147343924262e+04
5.809244685415596177e+04
1.582017564513446996e+05
1.669874483510574919e+03
1.781687113490974980e+03
2.057211718305493832e+03
2.359515673590064580e+03
2.630677459012108102e+03
2.880204373438254152e+03
3.232309889663666581e+03
3.690090390749370272e+03
4.024271475435326920e+03
4.365963323578480413e+03
3.519930780817927007e+04
1.247315045759081841e+05
1.845022769077102339e+03
2.145968066624355743e+03
2.456410779718537924e+03
2.745399760477343079e+03
3.064546452133650291e+03
3.432313767211515824e+03
3.838084479351930440e+03
4.161704550301208656e+03
4.497233433789207993e+03
2.007230220278865818e+04
8.438742020148900338e+04
2.433032319163424745e+03
2.719706389595768542e+03
3.066798676579966013e+03
3.388081938176426320e+03
3.710936779202970683e+03
4.050615426051782833e+03
4.337523783303297023e+03
4.630449190938801621e+03
4.910288303911450384e+03
1.415860922198009575e+04
2.927141329184753886e+03
3.223067211845208476e+03
3.523344681854399369e+03
3.844470579187796830e+03
4.113940883328028576e+03
4.379441579288213688e+03
4.692554689443331881e+03
5.015722047248711533e+03
5.340081094997149194e+03
3.329536676538550637e+03
3.600882907571906799e+03
3.851583760293885462e+03
4.153521246055584015e+03
4.450346022436625390e+03
4.777354738238946084e+03
5.117252114760625773e+03
5.460322381607704301e+03
3.638238709034536896e+03
3.914068641245948129e+03
4.241964629493646498e+03
4.524165422726993711e+03
4.840968992799772423e+03
5.183081499551301022e+03
5.419803958291550771e+03
3.995623888857831389e+03
4.250782788771050036e+03
4.558388830081632477e+03
4.919172502634912234e+03
5.159989908881490919e+03
5.501755050193259194e+03
4.278910720189315725e+03
4.650428205139251986e+03
4.877045065557084854e+03
5.198466795474045284e+03
5.533055198829702022e+03
4.629100923926987889e+03
4.884901649687391000e+03
5.274420680956472097e+03
5.566317136367503736e+03
4.995092473900464938e+03
5.297923377975409494e+03
5.645913138190933751e+03
5.339494216205614066e+03
5.626599409673928676e+03
5.697158150799768919e+03
