6.333232877789608892e+02
6.232045417623577350e+02
6.156352517825009727e+02
6.175523324931538127e+02
6.238816969504254075e+02
6.501335906712274664e+02
6.842858977157069376e+02
7.297351190973198527e+02
7.782395813352070491e+02
8.200656768348192145e+02
8.714378560974597576e+02
9.020784216821060681e+02
9.357411856026801615e+02
9.971276482514670079e+02
1.038998848525789754e+03
1.053266411439043623e+03
1.127023764903822212e+03
1.133083251100402549e+03
1.152630979112767591e+03
1.246171418641209584e+03
1.308483830894921311e+03
1.407514670102863420e+03
1.485655843416822108e+03
1.579569572828314222e+03
1.716521377913677270e+03
1.853216254225962757e+03
1.888951927656707767e+03
1.995240736933684502e+03
2.067370500623747375e+03
2.208232148843533651e+03
2.614031746058718454e+03
2.891114356039948689e+03
3.405819186547288155e+03
3.444747737347845032e+03
3.982523571034564156e+03
5.005694424885136868e+03
4.761207360224571858e+03
5.672968337107974548e+03
6.372168899623993639e+03
7.691695487604546543e+03
6.137545271664928350e+02
6.054596161295803540e+02
6.044343058362295551e+02
6.141055002351426992e+02
6.336380800141496366e+02
6.636885856692742891e+02
7.126872660460143152e+02
7.442461686576547208e+02
7.963303827590573292e+02
8.284044587248107518e+02
8.857445633135446315e+02
9.160253915781532896e+02
9.520647151291202590e+02
9.952296189295260547e+02
1.026775493371370430e+03
1.072266838231338397e+03
1.103059787634520490e+03
1.119417642854473797e+03
1.163927452686998777e+03
1.269865379490881423e+03
1.316147578491138347e+03
1.514305721402440440e+03
1.537862498381660998e+03
1.679418342027422568e+03
1.709321230731238984e+03
1.833031001518790390e+03
1.778178775685204528e+03
2.131142151957275928e+03
2.159919820018587416e+03
2.465247579564878379e+03
3.077327286571308377e+03
3.253996445293098532e+03
3.272218986267328091e+03
3.956486942048489254e+03
4.228906229955769049e+03
5.138466449404345440e+03
5.293605463020258867e+03
5.812504404831703141e+03
6.925679874953112630e+03
6.007419927815565188e+02
6.025225664444548102e+02
6.006874946582387338e+02
6.176307319997733885e+02
6.397943174768414565e+02
6.871842533878138966e+02
7.319990574191876931e+02
7.829040678402188860e+02
8.025184867981575962e+02
8.445963534399118089e+02
8.951093790151651319e+02
9.262124757971521376e+02
9.354498950216957383e+02
1.004545191718030878e+03
1.031417020913707802e+03
1.042199086971135557e+03
1.141027479690371820e+03
1.142860252975317962e+03
1.210552189168780160e+03
1.341028542420899157e+03
1.448040620310257054e+03
1.481901056347445319e+03
1.559949828139237979e+03
1.721392745478655797e+03
1.794920321608304903e+03
1.868911629571956382e+03
2.096517809839250731e+03
2.016863588264242253e+03
2.510131122893655174e+03
2.845569848887353601e+03
2.828455868567371454e+03
3.338533587770398299e+03
3.469310300934208499e+03
4.392576040005631512e+03
5.162040090976529427e+03
6.943996020428272459e+03
6.216411401567693247e+03
6.762136963115071921e+03
5.991905704248946449e+02
6.000271727810592211e+02
6.058441011995868166e+02
6.352948827523316595e+02
6.710346582596283724e+02
7.224724503855132980e+02
7.533773654686215195e+02
8.020135198106070220e+02
8.203952153013912039e+02
8.492198966932253370e+02
8.898877968920161265e+02
9.203870988671654914e+02
9.706052903691752363e+02
1.002201066056218224e+03
1.007121400308576085e+03
1.063074008535106032e+03
1.112293357051421708e+03
1.163943903526564327e+03
1.295074354686736342e+03
1.338993234458610686e+03
1.488571477299347862e+03
1.685572099820064295e+03
1.812054277838450616e+03
1.765976624104295524e+03
1.871151859661764092e+03
1.989548897834253239e+03
1.964278700389586902e+03
2.477533271924975907e+03
2.792092896826258311e+03
3.055243184075045065e+03
3.540347087420426760e+03
3.645973089160421750e+03
4.759742877624376888e+03
4.887541628384568867e+03
5.940902915554202082e+03
6.238706254576944957e+03
6.306350011300452934e+03
6.060902367163862436e+02
6.070970686123881705e+02
6.236207985336513957e+02
6.756981275269765774e+02
7.238090650378314876e+02
7.355270854571867858e+02
7.649800813087180131e+02
8.041233945208189198e+02
8.315139829369978770e+02
8.436022027182402780e+02
9.060659456744676845e+02
9.385546418663483337e+02
9.486887874887427188e+02
1.042146380271430189e+03
1.050313608683732582e+03
1.052108279925128045e+03
1.159925340303606617e+03
1.194581386034500156e+03
1.358092689948364523e+03
1.435380825184015293e+03
1.695591926020095343e+03
1.695377085532348019e+03
1.959336069668531309e+03
1.817326316004984847e+03
2.108773935538861224e+03
2.106824299645671999e+03
2.629722628055310452e+03
2.847139949302745663e+03
3.125152139532933688e+03
3.225343531249348871e+03
3.818861555937104185e+03
4.379479311918599706e+03
4.869013087912471747e+03
5.189189558756451333e+03
5.921957861347747894e+03
7.192519910964831979e+03
6.117470157401371580e+02
6.346694556650725190e+02
6.717787070729295920e+02
6.936682640844474008e+02
7.036729143952570666e+02
7.336509524671583904e+02
7.491828017755962037e+02
7.708521863849783813e+02
8.330057910226381637e+02
8.635860390245270537e+02
8.638730389070299225e+02
9.656499919598693396e+02
9.724821804025643814e+02
9.726329944942037855e+02
1.044854886954870608e+03
1.089343043830465376e+03
1.308934334345809930e+03
1.346425899430523941e+03
1.550687703161022000e+03
1.566127429973211520e+03
1.677981306285885694e+03
1.649664040244924536e+03
1.946964398451353190e+03
1.811861883798341978e+03
2.176987857009657091e+03
2.331907896100976814e+03
2.948734898943006556e+03
2.848292625778045931e+03
3.626543045995632838e+03
4.060678690731230290e+03
4.739856995830936285e+03
5.307289145045187979e+03
6.058216579023166560e+03
6.740410774607620624e+03
8.007845067407989518e+03
6.449607432453495903e+02
6.678277354068846989e+02
6.772923021265005445e+02
6.958240591363888825e+02
7.070586323772179185e+02
7.179263666084008264e+02
7.779956340049710661e+02
7.981787206909154975e+02
7.898695112902871642e+02
8.926725222004838542e+02
9.189139368595817814e+02
9.700509945573684263e+02
1.043900489698507045e+03
1.015227771434875308e+03
1.158017409269250265e+03
1.229408714374372266e+03
1.373758533590542811e+03
1.482219266506539952e+03
1.544933768416582552e+03
1.558088406223147558e+03
1.566176341007652809e+03
1.724958148527906360e+03
1.799660058145092307e+03
2.075906253053024102e+03
2.693770798164550342e+03
3.170036318235916042e+03
3.869186625956690932e+03
3.865237298317876139e+03
4.901584449726459752e+03
5.500044904230051543e+03
5.889913339595869729e+03
6.478666575044501769e+03
6.962109587805774936e+03
8.613138003055797526e+03
7.279585437880421068e+02
7.380043630951274736e+02
7.475087387308381039e+02
7.505644404381613413e+02
8.041524289806459365e+02
8.339552341115227136e+02
8.271617698605306259e+02
9.097499179445283062e+02
9.081649394220975182e+02
9.258656965271959507e+02
1.010891392433813166e+03
9.569781788838398597e+02
1.079082852824926249e+03
1.101406147741167615e+03
1.198855362075293215e+03
1.298009589075681561e+03
1.368397024381506753e+03
1.527654728582914004e+03
1.531921804322425942e+03
1.670075009228320141e+03
1.893415769362373567e+03
2.095178623010246156e+03
2.503311644029924082e+03
2.894183759620494584e+03
3.709394378640524792e+03
3.923427030072164598e+03
4.258212252921534855e+03
5.182089099982899825e+03
5.432227981356692908e+03
6.778441034797939210e+03
7.470126604984919140e+03
8.638571348713785483e+03
8.621609662084125375e+03
7.489219851759115727e+02
7.429921120042494067e+02
7.724251977362930575e+02
7.961035098292674093e+02
7.750992866768114027e+02
8.538994922774580800e+02
8.579821191124044617e+02
8.612357011165576068e+02
9.311722433260075604e+02
9.123824928192552761e+02
1.018749742208411931e+03
1.007060956196217944e+03
1.089529205049389930e+03
1.088286925743946767e+03
1.243998476604428561e+03
1.314189355101373394e+03
1.436930267509803343e+03
1.722200778060496759e+03
1.990521534899961125e+03
1.993997459143332662e+03
2.535747399827089794e+03
2.727278118433488999e+03
3.231166580755284031e+03
3.189671651573734835e+03
3.761215182322873261e+03
4.435880460501022753e+03
5.672156428733363100e+03
6.242946889112751705e+03
8.090766741122283747e+03
7.825371307561023059e+03
9.010977883366911556e+03
9.608681792282646711e+03
7.559909779013152047e+02
7.637951042250114142e+02
7.446032934009986093e+02
8.075204507034952712e+02
8.264263291602907202e+02
8.119766030277360187e+02
8.893892350530318254e+02
8.532145777755017662e+02
9.569558561859741985e+02
9.053788819690987566e+02
9.250659539254970696e+02
1.026981171614706909e+03
1.100453032492263901e+03
1.279287077597098005e+03
1.289140155988239940e+03
1.719336435420289718e+03
1.846718030064776940e+03
2.146684967645697725e+03
2.252097920268203779e+03
2.430061397791361742e+03
2.978602552101420315e+03
3.215251231311442098e+03
3.863732660492707964e+03
4.557146576745413768e+03
5.423484048848087696e+03
6.057294209243587829e+03
6.856669196624601682e+03
7.651781520272730631e+03
8.375674520009935804e+03
9.605658476614260508e+03
1.047089554030381987e+04
7.344037280187437773e+02
7.778343510547520054e+02
7.959453816232497729e+02
7.787142092753696261e+02
8.377128276642903302e+02
7.936442651561584398e+02
9.199805437431457449e+02
8.636761394579042417e+02
8.643274044861093444e+02
9.923672701725380421e+02
9.800470141781555640e+02
1.180668469204031453e+03
1.282599023445881812e+03
1.555169945292037255e+03
1.732588275182793723e+03
2.055282453701232953e+03
2.050343991948836447e+03
2.532959214682341099e+03
2.776534177654746145e+03
3.023902605536819465e+03
3.960654580654615984e+03
4.327208736231575131e+03
5.266192497656509659e+03
5.937726400535543689e+03
6.564647977268138675e+03
7.345591011078341580e+03
8.053090603920668400e+03
8.747329796420699495e+03
9.727663864946031026e+03
1.039182633789498504e+04
7.827696060093949200e+02
7.696592356151386412e+02
8.212119211204499152e+02
7.737462184458643151e+02
8.804136751879607345e+02
8.335062067855595842e+02
8.495126176379193339e+02
9.377682793233980192e+02
9.289115177393064187e+02
1.026152094620910475e+03
1.235557669067751249e+03
1.407767578745669880e+03
1.663591260791967670e+03
1.723898765932488686e+03
2.110557724898005290e+03
2.505546603776902430e+03
2.686722434815171255e+03
3.172122339969794666e+03
3.576937951460439763e+03
4.354764968688217778e+03
4.916532492222134351e+03
5.353902925507965847e+03
6.201235889018526905e+03
6.781931971072807755e+03
7.473610021977677206e+03
8.369860401258023558e+03
9.191589707460901991e+03
1.014643041855849697e+04
1.057639776710375190e+04
7.952580401920711211e+02
7.775855518334569751e+02
8.631058909103036285e+02
8.128999145984311099e+02
8.430836314305537371e+02
9.263764418995023107e+02
9.154552386208642929e+02
9.752642492317274900e+02
1.047690680765812658e+03
1.308229780204779445e+03
1.493678136003201644e+03
1.835960538270708867e+03
2.186833438348681284e+03
2.442216766388610267e+03
2.856537746480369606e+03
3.290338678291346696e+03
3.548257675819934320e+03
3.799404495597866116e+03
4.543247009577358767e+03
5.083537627437856827e+03
5.552306140501749724e+03
6.518096366812822453e+03
7.137627804785080116e+03
7.938204914629905943e+03
8.784927800779199970e+03
1.005112266307227037e+04
1.073410384792818695e+04
1.161406017057925055e+04
8.547824248588044611e+02
8.160537306780324798e+02
8.441668082434754297e+02
9.230515196498748764e+02
9.086309086913449846e+02
9.473069075751876653e+02
8.793744460740388149e+02
1.284439681936145462e+03
1.507596240436345624e+03
1.805481739816442087e+03
2.104865446843622522e+03
2.576203017634465596e+03
2.840511751797133911e+03
3.239476553150846939e+03
3.477060596231563977e+03
3.717062117285346176e+03
3.973073317243755810e+03
4.432433168174563434e+03
5.234912251356441629e+03
5.810870130842084109e+03
6.622325882602473030e+03
7.527242183612424014e+03
9.125131349885452437e+03
9.257567120012645319e+03
1.054076146380300270e+04
1.103433203758619311e+04
1.153802642244617891e+04
8.518766362582358624e+02
9.564502118967025126e+02
9.988002757998251582e+02
1.040890709652457190e+03
1.011848007457102199e+03
1.083711416201032080e+03
1.494297772252158438e+03
1.688157937724698513e+03
2.116261051121709443e+03
2.395061057430942583e+03
2.775472512799878132e+03
2.987141293657511596e+03
3.268571898272942235e+03
3.664405906167885405e+03
3.853913243532546858e+03
4.237436693028908849e+03
4.818528883390950796e+03
5.433115889386666822e+03
6.276045594679869282e+03
7.123410094429775199e+03
7.895065188795366339e+03
8.853541743653977392e+03
9.450911128368714344e+03
1.061702192673658828e+04
1.160104010989850940e+04
1.229822441496232204e+04
1.044130909753720289e+03
1.086439053272288220e+03
1.080455896607531486e+03
1.180756221827830814e+03
1.392959794319964885e+03
1.661380573535868280e+03
1.999266942608400768e+03
2.319265976795576535e+03
2.642117973302458267e+03
2.809805283177717683e+03
3.152382233271921450e+03
3.393898314072459470e+03
3.647928312470350647e+03
3.973063841212604984e+03
4.367902442552350294e+03
5.007589106737586917e+03
6.015415638981734446e+03
6.859729905056087773e+03
7.478935980042810115e+03
8.251277531290832485e+03
9.021946891414903803e+03
9.769685739257232854e+03
1.092657110681446648e+04
1.151233376012201734e+04
1.255807348097279828e+04
1.108605242333945625e+03
1.229650112623705581e+03
1.414136328664757229e+03
1.547629768094359861e+03
1.821339644139629627e+03
2.150012066524815509e+03
2.389639047318461962e+03
2.602254681566239015e+03
2.935827094264604511e+03
3.167087785953646744e+03
3.560973193537038242e+03
3.843672850949471467e+03
4.329132306292169233e+03
4.724676560484990659e+03
5.451553267692148438e+03
6.054290627644480082e+03
6.968842818940396683e+03
7.702442555678717326e+03
8.287072162639773524e+03
9.178707635161506914e+03
9.987620409862573069e+03
1.103757755005277795e+04
1.170778156738220969e+04
1.221768494393381479e+04
1.451765653817023349e+03
1.554006904448737714e+03
1.619817872652261940e+03
1.961685053937620069e+03
2.241698352874037937e+03
2.512966679857092913e+03
2.788797432102020593e+03
3.036483519432879348e+03
3.422812244119443676e+03
3.770121829795151825e+03
4.225085068755995053e+03
4.499244721875917094e+03
4.994521384593181210e+03
5.615149651899077980e+03
6.279808853944767179e+03
7.066076770814631345e+03
7.742653267378555938e+03
8.548036629143913160e+03
9.495575757182914458e+03
1.047526160162364795e+04
1.089343547383840450e+04
1.174327038243971037e+04
1.283064132309130218e+04
1.663921187077658033e+03
1.788629460176294515e+03
2.038055597172856778e+03
2.354206513222910417e+03
2.665811868495445651e+03
2.870541041969560865e+03
3.252278998498644796e+03
3.668533205529815405e+03
4.015440080669355666e+03
4.372207540107538080e+03
4.729752995026696226e+03
4.985632274506374415e+03
5.667861677589094143e+03
6.286614483828771881e+03
7.125539479110812863e+03
7.740856184443917300e+03
9.138507364766728642e+03
9.370095579989236285e+03
1.048726422125602403e+04
1.099330038756191061e+04
1.168360584177775127e+04
1.298984373645626147e+04
1.831967376690763103e+03
2.170495001325597514e+03
2.423628234903507291e+03
2.711887723345137601e+03
3.021989545406548132e+03
3.452017450674736665e+03
3.900297516400625682e+03
4.182089046198212600e+03
4.542862611367459067e+03
4.890994139576415364e+03
5.182248188043740811e+03
5.846282114180243298e+03
6.393963584809195709e+03
7.070409969912418092e+03
7.939724117480421228e+03
8.703731514532833899e+03
9.368377837837837433e+03
1.048716399050572545e+04
1.123905344331701781e+04
1.210192386173494378e+04
1.314419538214159547e+04
2.417703746839451469e+03
2.712784702509282852e+03
3.048768789435874623e+03
3.398212627951631475e+03
3.776553806291303772e+03
4.029810656718985229e+03
4.372015493852562940e+03
4.669665644565524417e+03
4.956817419800314383e+03
5.255119426301031126e+03
5.912977998384351849e+03
6.578252832903973285e+03
7.274510063930955766e+03
7.980289208209794197e+03
8.997817913441587734e+03
9.732825598312620059e+03
1.037642590898541130e+04
1.119156131193695364e+04
1.201413480526976855e+04
1.299997619130511703e+04
2.896131419336114050e+03
3.243247582019832407e+03
3.564536397239163307e+03
3.844755304537824031e+03
4.106052428980896366e+03
4.393922092907593651e+03
4.760964968709850837e+03
4.993648879977694378e+03
5.337199664860400844e+03
5.851154392697674666e+03
6.676721304810799666e+03
7.406732516932186627e+03
8.283237171577069603e+03
8.817162133067469767e+03
9.923191445453969209e+03
1.080447372681510024e+04
1.162570769280070272e+04
1.258778241170412002e+04
1.364517893152866236e+04
3.343965399747642550e+03
3.595878007994375821e+03
3.838921448272386897e+03
4.185056930476950583e+03
4.501608943952713162e+03
4.785630257755080493e+03
5.142360899038360003e+03
5.440936744078114316e+03
6.119325207076339211e+03
6.720098043501987377e+03
7.500292130054871450e+03
8.383269732510983886e+03
8.985956373145578254e+03
9.737566292097899350e+03
1.062571001219369464e+04
1.143347506068539406e+04
1.237767263515625746e+04
1.318838377467133068e+04
3.647839344033107409e+03
3.930740613409132038e+03
4.281997217437511608e+03
4.531467868277935850e+03
4.828209000952801944e+03
5.065513014835035392e+03
5.426561010232280751e+03
6.081966420796089551e+03
6.772569097337608582e+03
7.743996709476889009e+03
8.265337590843197177e+03
9.333048015047745139e+03
9.880988009434075138e+03
1.090482606731942724e+04
1.163766961185352557e+04
1.257988505696607717e+04
1.325524753399170913e+04
4.045773997895857519e+03
4.230457122339908892e+03
4.548475634653243105e+03
4.865227843031952943e+03
5.099347854401335098e+03
5.536029934009581666e+03
6.010555426851247830e+03
6.933458569529129818e+03
7.806782666382542629e+03
8.357443725580875252e+03
9.054812602556836282e+03
9.917062719004245082e+03
1.063267622636171473e+04
1.148621804579743730e+04
1.236078254896620092e+04
1.330484210680963224e+04
4.322939462800196452e+03
4.614975075677773020e+03
4.825732016738188577e+03
5.203554085221282548e+03
5.570623680899482679e+03
6.122053508392028562e+03
7.029060863506921123e+03
7.513272194934265826e+03
8.451432466858013868e+03
9.379630320516447682e+03
1.007406139641001209e+04
1.085255327310881876e+04
1.194646722769852022e+04
1.251313636226006929e+04
1.349012540707140033e+04
4.588514753306371858e+03
4.848394600442526098e+03
5.299062726009014114e+03
5.557970961650674326e+03
6.317686225814830323e+03
7.164226695271205244e+03
7.684224819599844523e+03
8.443071401274346499e+03
8.979429387528523876e+03
9.866155182698645149e+03
1.083810500152418354e+04
1.128710724594703424e+04
1.227140331196306397e+04
1.351804089128585292e+04
5.031617524921610311e+03
5.289029342684457333e+03
5.633906530516269413e+03
6.413767473098338996e+03
6.904565648176791001e+03
7.653931327714862164e+03
8.577055420143688025e+03
9.488353013803618524e+03
1.015369728140601183e+04
1.075275299634061594e+04
1.170652778621626203e+04
1.246862940500860350e+04
1.310421653388082086e+04
5.335457033510698238e+03
5.597489959121914580e+03
6.352651484933597203e+03
6.994688310025730971e+03
7.633695978391479912e+03
8.244549895215941433e+03
9.167111918902339312e+03
1.006421698361431481e+04
1.064348747809916858e+04
1.174913188699207421e+04
1.235445090543578590e+04
1.290125231588316092e+04
5.724009811039300985e+03
6.205303755642570650e+03
6.995852357775601376e+03
7.663310588768446905e+03
8.405133044385194808e+03
9.387557812574930722e+03
9.896119554323340708e+03
1.063631741128666545e+04
1.201430518033246699e+04
1.233437106056305856e+04
1.371607030796924482e+04
6.409134650328866883e+03
7.018637805264399503e+03
7.608615522372686428e+03
8.584509810498757361e+03
9.139034972627468960e+03
9.783660445992807581e+03
1.096112748377143180e+04
1.109532858738558389e+04
1.255719221895491683e+04
1.318119177923340249e+04
6.800459208899310397e+03
7.825472786563843329e+03
8.175555131844625976e+03
9.091942690717991354e+03
1.015936432108442204e+04
1.017027334359553788e+04
1.170822586428059003e+04
1.228484518450612813e+04
1.314471726353689155e+04
7.383182048480150115e+03
8.423655925753650081e+03
9.291908821368122517e+03
9.475901467089557627e+03
1.078127176775285989e+04
1.157073808570355141e+04
1.240807704970917257e+04
1.244734974300108115e+04
8.571435358793492924e+03
8.807814534534616541e+03
1.008591216252079357e+04
1.076496909473066080e+04
1.125348252005895301e+04
1.159542514963681788e+04
1.291713495380293716e+04
9.091222161109386434e+03
1.021049997507913031e+04
1.034908128058974944e+04
1.069553270367004734e+04
1.223550528788357224e+04
1.252233258346456387e+04
9.708104908749672177e+03
9.886019171784346327e+03
1.127410526279160695e+04
1.163408242218110718e+04
1.268222058123357056e+04
1.062274104940618781e+04
1.083764378029470936e+04
1.179905615423469681e+04
1.288728212602171516e+04
1.114932009733255836e+04
1.220154458559765953e+04
1.311713885770964407e+04
1.245882723562312458e+04
1.357635306900700562e+04
1.259736643658966022e+04
