6.930280303496733723e+02
6.804105739442777576e+02
6.727633703542547892e+02
6.804205029487281990e+02
6.785559332362886380e+02
7.042810263881207220e+02
7.341650269202590380e+02
7.383511739251139261e+02
7.081454780700909168e+02
7.121012541471402528e+02
7.207947290038548545e+02
7.225058515244425053e+02
7.425997635106875805e+02
7.703632596341610679e+02
7.750523984613221273e+02
8.098368696930474471e+02
8.506648526562591996e+02
9.005355584508627089e+02
8.777033280450040138e+02
9.131560524417656097e+02
1.093162422665307076e+03
1.291026597949010920e+03
1.262331951268091643e+03
1.457054365377649447e+03
3.010531948272638147e+03
6.090134763697762537e+03
6.024186791592704139e+03
3.292357311512021624e+03
2.691349971049225587e+03
4.716833707289480117e+03
6.700190663746953987e+02
6.695073232361987721e+02
6.608658947250401070e+02
6.695916311892817703e+02
6.834190272162430801e+02
7.120766594023766629e+02
7.109665756047407967e+02
6.941204645268604736e+02
6.941875401331933517e+02
7.007403889209168710e+02
7.134959099665910571e+02
7.219121655369636983e+02
7.599645536886417858e+02
7.775503905815963890e+02
8.078170701750350418e+02
8.217205533156947013e+02
8.373884868446638166e+02
8.980088977144778255e+02
9.031051443889484744e+02
1.020999288607934659e+03
1.222361391710505814e+03
1.268160677685238397e+03
2.223851788618645060e+03
2.569049643542851754e+03
4.561784868612284299e+03
4.785041535869881955e+03
2.893906970784575151e+03
4.519218541100023685e+03
4.055642242604739295e+03
6.583519654007239978e+02
6.601465336387848311e+02
6.602239345716668595e+02
6.745693248231854113e+02
6.998767178386990508e+02
7.065992319519468765e+02
6.889107156310918754e+02
6.697563485075962717e+02
6.816705084322486528e+02
6.778684981689158349e+02
7.050292458319909201e+02
7.064298569498204188e+02
7.492110885152364972e+02
7.807482444775625936e+02
8.099713648688014018e+02
8.370820383178380553e+02
8.945121160338229629e+02
9.267631494438264781e+02
1.107391129568118686e+03
1.322949031799183558e+03
1.628096625489005874e+03
2.088973304157993425e+03
3.903373393156231941e+03
1.471244446794013129e+03
2.955889798351758600e+03
2.582214008849769925e+03
3.508222805068116031e+03
3.514668334281344414e+03
6.583608449585334483e+02
6.544576032767619154e+02
6.671526832140526722e+02
6.745171349520537660e+02
7.087433202549889302e+02
6.850681942778144276e+02
6.713615900705071908e+02
6.723766269446479100e+02
6.688173254556432994e+02
6.779225382029218281e+02
7.076381073266304611e+02
7.343913235558102315e+02
7.392580414439865990e+02
7.803239160309129829e+02
8.257041442859890594e+02
8.680939676856199867e+02
9.136801822770429453e+02
1.100475590328734143e+03
1.231163536587895351e+03
1.610848271304355876e+03
2.296637226165923948e+03
6.018014669307478471e+03
4.239144508034610226e+03
3.681427190642237747e+03
4.345656605546892024e+03
3.635856080760072928e+03
5.758597588606100544e+03
6.558285702370352510e+02
6.659966418053962798e+02
6.652635520588032705e+02
7.014575233614895069e+02
6.832218392889703864e+02
6.650622711224530121e+02
6.521471347931658329e+02
6.641845443359960655e+02
6.528488143145099230e+02
6.829173389386443205e+02
7.130938278716039349e+02
7.414930240656904061e+02
7.725750469571073609e+02
8.389610823795951546e+02
8.807754455992327394e+02
8.809104334308722173e+02
1.074804310772284452e+03
1.470081197805999409e+03
2.006450091616219424e+03
2.780000793958892245e+03
5.422335038090704984e+03
5.778332500799509944e+03
3.989917793639362571e+03
3.540729852571202173e+03
4.141906932802811752e+03
4.144247300475684824e+03
6.587905231343332844e+02
6.735737540434831772e+02
6.888012757476535626e+02
7.067159296355974902e+02
6.584566870815294806e+02
6.604474710863562450e+02
6.335838598434221467e+02
6.461960683863383110e+02
6.580429551140415469e+02
6.825050078631303450e+02
6.888209476941651701e+02
7.746734685656972488e+02
8.149456923435732278e+02
8.149712036998621443e+02
9.296607635678968791e+02
1.057841226447102144e+03
1.635988180979266872e+03
2.606362247624092561e+03
3.358404086161357554e+03
5.064137276908575586e+03
3.856019050350590078e+03
5.200995623168916609e+03
4.457998121354471550e+03
3.977738637299673883e+03
4.368774071623398413e+03
6.801361836606342877e+02
6.976084415379383472e+02
7.013279743020507340e+02
6.914393450063353157e+02
6.486341657027628571e+02
6.454827314395212170e+02
6.387367385018955019e+02
6.337817005658727112e+02
6.346353524891886764e+02
7.129523133844606946e+02
7.535083319367593049e+02
7.414404860394087109e+02
8.431780787165220090e+02
9.328032328854408206e+02
1.025016803426755132e+03
2.234414123568059495e+03
2.455016881381841358e+03
4.123036104311436247e+03
3.770514586896595119e+03
3.721330385762596961e+03
3.847158619033013110e+03
2.416946972249632836e+03
5.162294515684538965e+03
2.596619640138993418e+03
7.021746597955486777e+02
7.158130840636612220e+02
7.083541620918944091e+02
6.798897578519255376e+02
6.639188159116532688e+02
6.351435324829930096e+02
6.154074226285406439e+02
6.690456582768728140e+02
6.899874771787895043e+02
6.948380804783414533e+02
7.721362154716316581e+02
8.336549180207352947e+02
9.687583894484271241e+02
1.058813483549074590e+03
1.730715431890125501e+03
2.116845808320465494e+03
3.506741312768354419e+03
2.843670647244508018e+03
4.987766083127796264e+03
3.523687166875061848e+03
4.561292132539566410e+03
4.080316959477035653e+03
3.813847428778450194e+03
7.162530635103940995e+02
7.316792811030688881e+02
7.145018322693729260e+02
6.762083256701131404e+02
6.365610836305681914e+02
6.656256792513925120e+02
6.635982679793770558e+02
6.476927174231863091e+02
7.256830962283750068e+02
7.706250427468323778e+02
8.674809359884602600e+02
9.229716304533631046e+02
1.362599446113698150e+03
1.505160548570118863e+03
2.165301836434574852e+03
3.083964260783945065e+03
2.723991785964120481e+03
5.490659271378529411e+03
4.340451668893457281e+03
5.006289962387316336e+03
4.087779051806602638e+03
3.250227704358190749e+03
7.481458442390744494e+02
7.470071925787848386e+02
6.944562962409496549e+02
6.943630660255527118e+02
6.586396515024623568e+02
6.389931758208614383e+02
6.808185590791459845e+02
7.007157612866175214e+02
7.899627263366182888e+02
8.413870030342396831e+02
9.488050344994982197e+02
1.305078426606670064e+03
1.502369728728450809e+03
1.887543452638867848e+03
2.891272650748932847e+03
3.950062791343392746e+03
3.951657089308141167e+03
3.530845060355478836e+03
4.559668415819534857e+03
3.369451521701035745e+03
3.138391102587879686e+03
7.533915124740494775e+02
7.595948863850574071e+02
6.994006950387120014e+02
6.637320308576172465e+02
6.772335742724824286e+02
6.734078136147646774e+02
7.077139573571192841e+02
7.650474165750995326e+02
8.517066575726038309e+02
8.285907851128415587e+02
1.082381994120939908e+03
1.143976094606572133e+03
1.774404811309008437e+03
3.135116891744224631e+03
4.777525061740184356e+03
4.080441001676912947e+03
3.429416907472685125e+03
3.710345642484484415e+03
5.779504003175988146e+03
6.852256407790003323e+03
7.814996236414791611e+02
7.106701604595510844e+02
7.064001674028544357e+02
6.832378502340367277e+02
6.882516411318840710e+02
7.130071409770818036e+02
7.596482754206871277e+02
7.847654079659635045e+02
8.526134800493870216e+02
8.870716430680621443e+02
1.358694108983290789e+03
1.928073120156136156e+03
2.359873648991367190e+03
4.365422925880069670e+03
5.189366933646403595e+03
6.097225062519031781e+03
6.783751518641191069e+03
6.683252856491490093e+03
7.126027839941636557e+03
7.718904270424286551e+02
7.226743869568965692e+02
7.075399280792960326e+02
7.079971107047335863e+02
7.235548595235419498e+02
7.151357447019950087e+02
7.815180444929472969e+02
8.308536212954234088e+02
9.158847394829908808e+02
1.099857474017326922e+03
1.457374740863913757e+03
4.411650095398693338e+03
6.095850634715469823e+03
6.328621101541393728e+03
6.699027432232538558e+03
7.045611284360166792e+03
6.828045205818661998e+03
6.851365073682276488e+03
7.575684734815066577e+02
7.483759956817663124e+02
7.280265572015395037e+02
7.022373590842474869e+02
7.278042896963622752e+02
7.627700709390750262e+02
7.780429094154814038e+02
9.094621257166693340e+02
1.133262589606096981e+03
2.558382990139415142e+03
5.400619822459157149e+03
6.645700664628047889e+03
6.851489177881902833e+03
6.763871828590486075e+03
6.959571228172034353e+03
7.027551907461514020e+03
7.218264696980645567e+03
7.656768583688334502e+02
7.358341089925031611e+02
7.230442872110090775e+02
7.361905893020579015e+02
7.241293409517746795e+02
8.458979872131596949e+02
7.707487472003684843e+02
1.010938444174263282e+03
2.517246842312116769e+03
5.950486319695382917e+03
6.724174223951107706e+03
6.864810501041278258e+03
6.903585795682349271e+03
7.191135034051557341e+03
7.230439706689421655e+03
7.121240599829580788e+03
7.547302238216293517e+02
7.576698527115928528e+02
7.145006861898312991e+02
7.852233596298177645e+02
7.774025153168533961e+02
8.203836198588245452e+02
1.395144412655587303e+03
2.588241347062294608e+03
5.846583380650038634e+03
6.768509147413616120e+03
7.002492799419207586e+03
7.147343514648563541e+03
7.214562029002497184e+03
7.430036493180904472e+03
7.489297800180428567e+03
7.417023799493993010e+02
7.768703103954799190e+02
7.530169487589566870e+02
8.295138040094436747e+02
8.881569751945904727e+02
1.597904139418791374e+03
2.394815323550782523e+03
5.149626819630747377e+03
6.869021289813366820e+03
7.122737026625307408e+03
7.194376080570395061e+03
7.510534837584210436e+03
7.435526658835373382e+03
7.423534788693869814e+03
7.671669014602769039e+02
8.066966401792890338e+02
7.758197750064001639e+02
9.658655764367226766e+02
1.242648410067095710e+03
1.990383871226398469e+03
4.441036398364375600e+03
7.282882844061714422e+03
7.226731830959083709e+03
7.261378369962395482e+03
7.521867758383388718e+03
7.647938332418293612e+03
7.611498868378002044e+03
7.762425935309391889e+02
8.419946885658780502e+02
9.711994623217576645e+02
1.243526718687788616e+03
1.485870324503677239e+03
4.023052824674325620e+03
6.547578198121332207e+03
7.511812074885794573e+03
7.558321123823197013e+03
7.429180089649455113e+03
7.793758431713360551e+03
7.763050775953653101e+03
8.085738558485086287e+02
8.970977946382976143e+02
9.708388461841313983e+02
1.256040085675005002e+03
3.624425324213973909e+03
6.361411028517081832e+03
7.441753554679698027e+03
7.624318449940758910e+03
7.686752346775072510e+03
7.756850317584729055e+03
7.859505313640001987e+03
8.874595046111860484e+02
8.979135607898630269e+02
1.076348582692151467e+03
2.087962613579296885e+03
4.590167698314339759e+03
7.417897168971879182e+03
8.129532250422600555e+03
8.070703385293188148e+03
8.162477577067484162e+03
8.339427640306112153e+03
1.011112152714892659e+03
9.750239930868573310e+02
1.965022637928640279e+03
3.842256699863602989e+03
5.432214386412219937e+03
8.606824620047600547e+03
8.407028610439849217e+03
8.654448356585431611e+03
8.785790025853968473e+03
1.285047653684301167e+03
1.166445772964078287e+03
2.562881981597182858e+03
4.054339263075807594e+03
7.135931335403583034e+03
8.956049867076008013e+03
9.133934394577921921e+03
9.106315976538086034e+03
1.366398867429148140e+03
1.366912049563285109e+03
3.195752489765964583e+03
4.254166957177800214e+03
7.449031918556270284e+03
9.408604885958642626e+03
9.557195599772398054e+03
1.275273741811151694e+03
2.531830885647214473e+03
3.059577549648277000e+03
6.100567143403244700e+03
8.857706217183462286e+03
1.021171285200084640e+04
2.311453838823226306e+03
2.467472148757741252e+03
3.882458944234551382e+03
6.860082127851079349e+03
9.784006303287342234e+03
1.935225563143120098e+03
2.558169126218202109e+03
5.269663092113071798e+03
8.321025953973843571e+03
2.131511093210661784e+03
3.269770434588313947e+03
7.446245091637830228e+03
2.518280652221354103e+03
4.901415188161694459e+03
2.950760324035145914e+03
