7.196735479332737668e+02
7.088300228042153321e+02
7.045574194991171453e+02
7.124873733108527176e+02
7.131493784819554094e+02
7.291313762186439362e+02
7.471213860560225157e+02
8.014634477544144602e+02
8.288925154841796257e+02
8.689596891188514292e+02
9.167889667983557729e+02
9.443147398937111348e+02
9.853459193927347997e+02
1.017513727899428659e+03
1.047569964855327953e+03
1.082961101157945222e+03
1.117734318062950706e+03
1.144734311432351888e+03
1.182956303174348477e+03
1.197235875217488456e+03
1.206768352275508505e+03
1.193827496737875435e+03
1.214692394000672493e+03
1.207122935371624862e+03
1.170673464784804764e+03
1.258060168669349196e+03
1.292694977832658424e+03
1.171037150196573748e+03
1.240256943823736265e+03
1.460513368294462680e+03
1.402469728681109245e+03
2.200569766072294442e+03
6.053081668662665834e+03
5.171056135409434319e+03
4.877122580648006078e+03
5.863574014389365402e+03
0.000000000000000000e+00
1.401000000000000000e+03
0.000000000000000000e+00
0.000000000000000000e+00
7.034180467908452101e+02
7.024082270523209672e+02
6.985658138232033707e+02
6.962767577605102360e+02
7.075840226696583386e+02
7.326395219045796239e+02
7.693172124590035992e+02
8.103767439011377292e+02
8.396380375028817298e+02
8.773973539849316694e+02
9.215929056523523286e+02
9.370464371620422526e+02
9.784125798422762728e+02
1.014493850441067707e+03
1.043887435651831765e+03
1.067825205468768445e+03
1.105287204345336932e+03
1.137241610786777755e+03
1.153019761988283790e+03
1.164236846500742104e+03
1.169292270312082564e+03
1.201381333884835840e+03
1.178492086808501654e+03
1.146832129181279470e+03
1.193443290051145823e+03
1.245599650232737076e+03
1.153888251633121854e+03
1.151604988484779824e+03
1.252240257165170078e+03
2.081077147031504410e+03
3.250584203293065457e+03
4.292735284433716515e+03
5.560000000000000000e+03
5.908042503420419962e+03
5.111683762605907759e+03
2.696000000000000000e+03
0.000000000000000000e+00
4.400500000000000000e+03
3.744500000000000000e+03
6.935163984362571910e+02
6.853893024256614126e+02
6.872258126976203130e+02
6.858671177757804571e+02
7.163432027967852491e+02
7.470132525519319415e+02
7.886512217476088153e+02
8.203239781992501776e+02
8.567392403605231266e+02
8.880891217225045011e+02
9.237822573822479626e+02
9.429285686781652203e+02
9.854771498569410824e+02
1.012944801980552143e+03
1.026427441897739300e+03
1.077147355427948924e+03
1.091498140171624300e+03
1.123543618338401757e+03
1.140475546579358252e+03
1.156652466933702271e+03
1.167409069950533649e+03
1.154715131002808448e+03
1.149251809307937037e+03
1.151914838709475816e+03
1.198204542755191824e+03
1.104910630200557307e+03
1.063697747598052956e+03
1.377266780667534931e+03
2.206411228897585261e+03
2.110151166237860252e+03
4.134627673684778529e+03
4.534182935093035667e+03
5.247997522865269275e+03
1.630500000000000000e+03
4.225500000000000000e+03
3.150000000000000000e+01
1.200000000000000000e+03
2.479000000000000000e+03
6.860365367416983418e+02
6.812137111301204868e+02
6.889011264605693441e+02
7.011283127045645642e+02
7.463365317452156660e+02
7.685102048386584102e+02
8.072723496777150558e+02
8.413742819336989669e+02
8.480230339863079507e+02
8.763526293870106656e+02
9.206194728533952230e+02
9.545026200104282452e+02
9.701662944418521874e+02
1.007146001950701475e+03
1.040733557595215416e+03
1.052909867318115630e+03
1.095672569103988280e+03
1.134547770143588650e+03
1.128805140643501090e+03
1.114332012047259468e+03
1.122988695714253709e+03
1.139878441580524395e+03
1.095283894797019229e+03
1.197454090480362538e+03
1.185256506384188015e+03
1.166690040591785419e+03
1.066192590950057138e+03
2.213533741907172953e+03
2.401546522966449629e+03
5.044949047204430826e+03
5.809301679203792446e+03
0.000000000000000000e+00
3.071000000000000000e+03
0.000000000000000000e+00
0.000000000000000000e+00
7.530000000000000000e+02
2.495000000000000000e+03
6.806112165484962588e+02
6.915146010129730030e+02
7.010284787470804986e+02
7.432172853432244892e+02
7.690065482869254083e+02
7.949496434675847922e+02
8.178065981472924477e+02
8.441663722168793811e+02
8.659096219613691119e+02
9.032887962654124294e+02
9.254405822407098867e+02
9.376879752736489309e+02
9.880584014417514709e+02
1.006267549993145508e+03
1.032104808641370937e+03
1.046725329245153716e+03
1.096046287062912825e+03
1.094098846292695043e+03
1.120063337553798419e+03
1.120844462091672767e+03
1.064996984546059366e+03
1.172434204035678476e+03
1.034258628203696844e+03
1.135044117979527982e+03
1.181821056539739629e+03
1.425132038191088668e+03
1.684120267422067855e+03
2.383902405586873101e+03
3.978736063961351192e+03
4.069196180519631071e+03
2.069000000000000000e+03
4.253500000000000000e+03
3.396500000000000000e+03
0.000000000000000000e+00
1.086500000000000000e+03
3.700000000000000000e+03
6.996376236580612158e+02
7.130287875540573168e+02
7.391825616724252086e+02
7.585977358785979732e+02
7.712198027142139836e+02
7.935381873789933707e+02
8.037821790733526086e+02
8.422119312331748233e+02
8.556079478135006866e+02
8.721239455773677491e+02
9.069162212011652855e+02
9.317198286647540044e+02
9.562933104587408479e+02
9.692464799095733952e+02
9.906643351901050210e+02
1.036937460875559736e+03
1.082139787129493243e+03
1.073058186344061824e+03
1.060120456925699500e+03
1.080608709932053443e+03
1.106268678912121459e+03
1.072973536608834138e+03
1.074462691728061372e+03
1.159192665856924123e+03
1.230974552268784009e+03
1.786940811619871283e+03
2.958491117532850694e+03
5.185540494704696357e+03
4.997241394565160590e+03
4.660504076814008840e+03
3.394449320213810552e+03
4.371738719156421212e+03
5.191904848818367100e+03
6.123324269494062719e+03
2.351893173594412929e+03
7.231485051073829027e+02
7.412973056197580490e+02
7.503481246667948881e+02
7.617535326840129528e+02
7.670320052217325610e+02
7.967681561734408433e+02
8.050655345656928148e+02
8.253233549108886109e+02
8.503835305152267665e+02
8.787821514151742122e+02
8.985658290685394149e+02
9.122971750262620390e+02
9.303154537956772856e+02
9.558048814560145274e+02
1.004716249824768511e+03
1.027310653743926650e+03
1.032491798405602367e+03
1.082047015951611684e+03
1.036235415529050215e+03
1.093539051762954614e+03
1.090376281454772652e+03
1.092654619616187347e+03
1.042788346540565954e+03
1.504480381310112080e+03
1.944465219544241791e+03
2.383338286936904751e+03
4.752916619061930760e+03
4.286733290695323376e+03
3.404137385424239255e+03
4.903881533924472024e+03
2.310740273159231492e+03
1.964700033649468651e+03
4.065513034584319030e+03
7.895854481941773884e+03
7.928566606570213935e+02
7.941530315481181788e+02
7.813436194892370850e+02
8.003128936884426139e+02
8.000847413899050480e+02
8.089862623612631296e+02
8.259913411567082449e+02
8.474603853295674298e+02
8.598930130641555252e+02
8.674106881535100229e+02
8.834018937664167197e+02
9.076124594984877376e+02
9.050077374712572009e+02
9.548512228494870442e+02
1.007611016701231392e+03
1.008060318701995129e+03
1.016019857235862219e+03
1.047669052266179960e+03
1.045974774786823446e+03
1.096069436459842791e+03
1.092624645224475216e+03
1.124365454550071945e+03
1.204042390966497805e+03
1.377222980962281781e+03
2.081021018778541475e+03
2.598146989821465013e+03
3.720461018140090800e+03
3.674851150074871839e+03
7.340745908965927811e+03
7.598269843998844408e+03
8.013909394335092657e+03
8.078111687632811481e+03
7.999566440101102671e+03
7.976297578379936795e+02
8.005866766730665631e+02
7.928284825910373002e+02
7.923959084962998531e+02
8.083027663706740213e+02
8.233468356630742164e+02
8.318658480137472679e+02
8.374768190847282767e+02
8.493431172385617174e+02
8.727379251217065530e+02
8.677992973103478107e+02
9.094734615738622097e+02
9.439345266421946690e+02
9.765823115842796369e+02
1.019249452126092933e+03
1.015282305129300539e+03
1.040662847895581081e+03
1.042515985214737839e+03
1.003737676045669900e+03
1.205637491211619817e+03
1.218011914130542209e+03
1.032830396275326848e+03
1.436327117276569197e+03
2.047093822768906648e+03
2.635546567613475418e+03
7.148370200678722540e+03
7.631941586302354153e+03
7.905877119250675605e+03
7.759809966759598865e+03
7.937974354172480162e+03
7.942135301069597517e+03
8.270249054744361274e+03
8.088004378744238920e+02
7.893748254937501088e+02
8.018659018450865688e+02
8.135073602252962246e+02
8.050447338622321922e+02
8.210522535097090895e+02
8.266253593807607558e+02
8.508258922577280146e+02
8.395524976074584629e+02
8.789152639437812695e+02
8.856964442720784518e+02
9.294683785282877579e+02
9.795542821699708611e+02
9.789486556403646773e+02
1.056224813096884645e+03
9.880356078290880077e+02
1.042407614331602190e+03
1.073749166166176110e+03
1.165680310069010829e+03
1.123803473394153798e+03
1.189989751035362588e+03
1.525387753970533595e+03
3.564532496598879334e+03
7.060170770553287184e+03
7.606563109050078310e+03
7.658117442829900938e+03
7.755586089841229295e+03
8.003082136768922282e+03
8.002554010524266232e+03
8.117576831869334455e+03
8.407132295283570784e+03
8.076262251675457264e+02
8.117763373012389820e+02
8.038414845309199563e+02
8.107221874717024548e+02
8.139309911774546435e+02
8.358626251665398286e+02
8.225572993499995391e+02
8.590252536180726111e+02
8.640635357591903585e+02
8.669047795477981708e+02
9.222887137706870817e+02
9.374905758820319761e+02
9.901316112334943682e+02
1.028458949947270412e+03
1.023241191132152153e+03
1.043102223858355273e+03
1.071699067575005756e+03
1.069494280127500360e+03
9.830559018208987254e+02
1.285508338847834693e+03
2.042140186787644097e+03
4.160592194676137296e+03
7.331710785170119379e+03
7.630284842036518057e+03
7.861371552917982626e+03
7.873874026285801847e+03
8.134679940453147537e+03
8.297109291322622084e+03
8.408282522584016988e+03
8.282479177163868371e+03
8.064353858174619063e+02
8.134630897418452378e+02
8.116737063766906886e+02
8.308850712831524561e+02
8.178595757987330899e+02
8.487074198266881240e+02
8.556956365525790034e+02
8.548161604187899911e+02
8.613473984914828634e+02
9.216766248588274948e+02
9.644005662905319696e+02
9.714543745212338308e+02
1.023648902091820219e+03
1.041644025242753287e+03
1.031577772580436203e+03
1.084858365136498378e+03
1.168800334203235252e+03
1.055583262233171126e+03
1.452135888998104747e+03
1.660171228769728714e+03
3.780689112989022760e+03
7.460714129115850483e+03
7.832867445999120719e+03
8.010706766263619102e+03
8.020956872737877347e+03
8.214537084054469233e+03
8.145157829872261573e+03
8.380757428784398144e+03
8.451550995132984099e+03
8.224553121262089235e+02
8.383367576762285580e+02
8.242372103710921465e+02
8.597932516168174288e+02
8.542021764452468915e+02
8.509525390531167659e+02
8.573324283390936671e+02
9.062733962012106304e+02
8.941083519397512873e+02
9.288083124476705734e+02
9.675364917955375859e+02
9.981427680044687349e+02
1.026300690029144789e+03
1.021569678718421528e+03
1.065105880326852912e+03
1.118153098784771828e+03
1.096562276845074621e+03
1.095091698283960795e+03
1.419427547739691136e+03
3.309606766018049257e+03
7.396143537254306466e+03
8.137040395001526122e+03
8.166081214957403972e+03
8.112434192639995672e+03
8.308628608861994508e+03
8.430868967619469913e+03
8.363616062831750241e+03
8.571874775086445879e+03
8.417493404101401211e+02
8.737693484210370798e+02
8.602852652326530460e+02
8.567127185417991768e+02
8.610143206116085821e+02
9.038523349236932063e+02
8.830167540854444042e+02
9.149675025773972266e+02
9.305750340231537621e+02
9.531599608403969341e+02
9.928632864240419167e+02
9.682907195399801594e+02
1.045969776000661341e+03
1.075801462953581904e+03
1.144743481767564845e+03
1.220053460972002540e+03
1.218961896136931045e+03
1.195392704145454672e+03
2.859760293684705630e+03
7.387816380676300469e+03
8.297081195155817113e+03
8.022145607991416909e+03
8.198615251419982087e+03
8.300474491610462792e+03
8.423772520640985022e+03
8.682986128276372256e+03
8.811150637066530180e+03
8.728064222549502347e+02
8.783175957916881771e+02
8.735289198035966365e+02
9.074317628220129563e+02
8.879357708260820345e+02
9.132145903260756086e+02
9.080144667900784725e+02
9.619174699246939326e+02
9.315526668771843788e+02
9.402496573553322605e+02
9.783875624786356866e+02
1.028371159696461291e+03
1.015368063920370787e+03
1.115235654961106093e+03
1.147179242252952236e+03
1.225845398425468375e+03
1.096023268832750546e+03
2.508301397484352947e+03
6.967174198735625396e+03
8.171713072455635483e+03
8.136553218168225612e+03
8.325573637047626107e+03
8.426854904466457810e+03
8.630837641851456283e+03
8.842596992191807658e+03
8.788229048187276931e+03
8.980469797549775421e+02
9.197168149330296956e+02
9.053339292141585020e+02
9.380360998112194011e+02
9.271254198583098969e+02
9.438522317803466422e+02
9.435137455982193160e+02
9.309191953395103383e+02
9.535646978135772542e+02
9.643260194038803093e+02
9.974592565248178744e+02
9.834992352492882901e+02
1.098797276183473741e+03
1.270588192667262092e+03
1.394420416301256409e+03
1.449677096403688438e+03
2.857294371930732268e+03
6.232400955351634366e+03
8.303344913266037111e+03
8.218320793212877106e+03
8.516150773208990358e+03
8.631532781253057692e+03
8.861103462301742184e+03
8.891856434635383266e+03
9.099670034759139526e+03
9.314182165455396216e+02
9.611014146286116784e+02
9.507069581479812541e+02
9.686063466648724898e+02
9.583638193007892596e+02
9.608629356962046586e+02
9.714752131440693574e+02
9.546520157777894156e+02
9.755397948662263161e+02
9.954491433410912578e+02
9.880255082164269425e+02
1.138182736812222402e+03
1.156725490368253531e+03
1.315779676223680326e+03
1.747409381325271170e+03
2.527432340692093931e+03
5.481236800414867503e+03
8.152766849974706020e+03
8.432281292773237510e+03
8.618349885719155282e+03
8.790307572839756176e+03
8.979073108422717269e+03
9.025759419107071153e+03
9.267250183328385901e+03
9.839430298340568015e+02
9.994758526421720717e+02
9.762764493175355938e+02
9.759896824363785299e+02
9.779170758477296204e+02
9.677566871639667170e+02
9.417084372010746165e+02
9.620141952135051042e+02
9.839296067942576656e+02
9.953270290380551160e+02
9.911748833128272054e+02
1.176829789430932578e+03
1.315563805466654003e+03
1.630475574321106251e+03
2.126123750684630068e+03
4.578503856952009301e+03
7.822791396915644327e+03
8.756430927897583388e+03
8.924129245059921232e+03
8.940599828909775169e+03
9.103029595525697005e+03
9.253837777376476879e+03
9.480142670257564532e+03
1.019640137397061153e+03
1.027171278089781254e+03
1.014445348125517285e+03
1.008854262319410964e+03
9.629281524446154208e+02
9.808147342440496459e+02
9.624227602387364868e+02
9.386092238597486812e+02
9.734806666957800871e+02
1.029483820644099296e+03
1.045018854503654666e+03
1.270415868155938597e+03
1.180884447302499893e+03
1.767626797285564180e+03
4.034007772314256727e+03
7.548829329517328915e+03
8.877249395043449113e+03
8.925601321818441647e+03
9.073983963122824207e+03
9.420986225603865023e+03
9.483238043643110359e+03
9.689324179304216159e+03
1.079924401300661202e+03
1.040737139965258848e+03
1.004254762226608591e+03
9.810174717717139856e+02
9.566604807480503041e+02
8.872007192182206836e+02
8.976269123752426822e+02
8.894481642611820007e+02
9.481913557683755016e+02
9.692959940259534051e+02
1.139683674534223655e+03
1.309711043555313381e+03
1.549969686977169658e+03
3.537674288302763216e+03
6.641491287986456882e+03
8.937052981575992817e+03
9.176382854674033297e+03
9.227773050749921822e+03
9.567149029167270783e+03
9.512842533701790671e+03
9.768421078651652351e+03
1.106847938434601019e+03
1.054629552952522090e+03
9.908669328496378057e+02
9.030667418317128750e+02
8.961407265011962409e+02
8.431469218237044743e+02
8.670982866197219892e+02
8.493371999677098074e+02
9.087651341026098635e+02
1.007452300916053559e+03
1.459973245564330682e+03
1.140022923342450667e+03
2.771423300243908216e+03
4.548372635740332953e+03
8.393229190522921272e+03
9.714517117052952017e+03
9.732060298716187390e+03
9.999172392395501447e+03
1.016044647007906497e+04
1.035648456732862542e+04
1.119445608778750056e+03
1.017022555332808224e+03
9.696441740600674848e+02
8.867933585728619619e+02
8.619013986413302746e+02
8.140410573858814587e+02
8.230869156713699795e+02
8.830507293441118009e+02
9.265180844931658157e+02
1.403231138956539553e+03
1.292244153084692471e+03
2.640730589672129554e+03
4.018372683160808720e+03
6.516121438780674907e+03
9.318712652000158414e+03
1.046515167112750169e+04
1.038452386490716526e+04
1.059804233879259664e+04
1.079201322375769087e+04
1.124765030037371616e+03
1.021649488957039125e+03
9.650542005896118098e+02
8.673399281756866230e+02
8.257041090844154496e+02
8.702605386080788321e+02
8.279644491228985999e+02
8.764609897017817275e+02
9.839441962349244477e+02
1.506492045992304384e+03
2.101746917928535368e+03
2.955134151389193903e+03
4.899837992514231701e+03
9.163080454771901714e+03
1.076418051667265718e+04
1.099612603652870530e+04
1.123737875885653193e+04
1.145732215204902604e+04
1.118964614978062627e+03
1.009287432030496348e+03
9.179279159821589928e+02
9.109662404654668535e+02
8.368317983584257718e+02
8.174101218860882909e+02
9.128025792640543159e+02
1.047536796660494247e+03
1.424147957804881798e+03
2.421203692941990994e+03
3.042257764130080432e+03
4.081523432421248344e+03
6.697036216164628968e+03
9.926681795207014147e+03
1.158097759288302586e+04
1.168062299484442883e+04
1.181194058403093550e+04
1.080535336018398993e+03
1.055417321965124984e+03
9.301061834004588036e+02
8.555105701426706446e+02
9.067781123870040574e+02
7.762169349229210411e+02
8.138035879380929600e+02
1.013504214453967052e+03
1.600185178697104220e+03
2.526719555307940027e+03
3.066437851892858362e+03
5.790475323945374839e+03
8.336911375290394062e+03
1.135369335229614444e+04
1.246978068413394249e+04
1.242600385642317997e+04
1.091233060620190145e+03
1.002449980549046245e+03
1.008484122768125303e+03
8.294859908862994189e+02
9.361579337485799215e+02
8.457964357707189720e+02
1.040798291474986627e+03
1.503452515956557363e+03
1.937261428472589841e+03
1.408634338898992610e+03
3.423825018675153842e+03
6.771396583232532066e+03
9.516809797157751746e+03
1.238049121743893556e+04
1.309233899362003285e+04
1.165812397117002774e+03
9.892982672437550491e+02
1.022007406011435251e+03
8.480142060016663663e+02
8.001501592005782868e+02
8.828173337710621809e+02
1.046858709048757191e+03
2.090715104420711668e+03
2.264649747428261890e+03
3.153677802518634508e+03
5.656494124357321198e+03
8.214458803258050466e+03
1.050161485767291379e+04
1.342424400545727440e+04
1.196556229106505498e+03
1.010091040041889300e+03
9.401885576794977624e+02
9.291742655290087214e+02
8.558464028500221730e+02
1.040178126087843339e+03
1.454151792658925160e+03
2.254041880235503413e+03
3.136127840842012120e+03
4.438592967652085463e+03
7.355742828735926196e+03
1.044282100583776082e+04
1.238507673985271686e+04
1.121662445379722158e+03
1.047360608128623198e+03
9.414275173258645282e+02
8.059052756508981474e+02
9.957545950404694395e+02
1.208124766256983094e+03
1.881475933398866800e+03
2.823432203714533898e+03
4.281156541515853860e+03
6.009271402505040896e+03
8.098643780502348818e+03
1.028260822374632517e+04
1.203691633959044793e+03
9.644848196094392279e+02
9.334436870139550138e+02
7.523168338634870906e+02
1.097484586781049984e+03
1.613179023336582986e+03
1.805225558031987475e+03
2.674002589273668491e+03
6.697579584880350922e+03
7.155240447858245716e+03
1.067591530374273680e+04
1.220877873341514942e+03
8.939721017588815357e+02
9.700053316587657264e+02
8.280099406721225250e+02
9.432750410759335864e+02
2.035304166114193322e+03
3.427476180156495957e+03
5.351196460153159933e+03
6.777624550180533333e+03
8.511683973354265618e+03
1.240556331759906698e+03
9.377231169590211266e+02
8.100245883743752984e+02
1.032670160380438347e+03
1.389910590129301454e+03
2.010293188368970959e+03
3.974403746216064519e+03
2.812696649850749964e+03
1.724090104763206227e+03
1.194089453377279824e+03
1.126954565272838863e+03
1.296851886231109347e+03
9.508195304233789784e+02
1.500165486804708053e+03
2.337789249625356661e+03
1.801194559205387350e+03
3.841120141707116090e+03
1.506301454174365517e+03
1.064850018584883856e+03
1.394186930185438086e+03
1.068069555977166829e+03
9.660818316888750132e+02
2.987567401823901037e+03
2.005730264014845488e+03
1.627137457285015671e+03
1.188339421330351570e+03
8.807890927308126265e+02
1.319998700483683479e+03
1.010544711525746607e+03
2.192167712651742931e+03
1.208445046953196652e+03
1.369123041131701711e+03
9.543960109707809352e+02
1.974360082458648776e+03
1.213135675248887765e+03
1.261574486213883347e+03
2.008413515490428381e+03
1.116137338099164708e+03
1.275669632192993731e+03
1.430388264215352365e+03
1.363014762568478545e+03
2.166421528190278423e+03
2.310311121518284835e+03
1.576081983094332827e+03
1.283721394684842835e+03
