4.579086750000000000e+07
4.547212550000000000e+07
4.515466800000000000e+07
4.483451600000000000e+07
4.450804300000000000e+07
4.384641850000000000e+07
4.316673400000000000e+07
4.247118050000000000e+07
4.178371000000000000e+07
4.109209650000000000e+07
4.040506200000000000e+07
3.973199150000000000e+07
3.906406900000000000e+07
3.841196350000000000e+07
3.776858100000000000e+07
3.714095250000000000e+07
3.652444850000000000e+07
3.592678100000000000e+07
3.533702100000000000e+07
3.476595050000000000e+07
3.339991550000000000e+07
3.211023050000000000e+07
3.090487650000000000e+07
2.978097300000000000e+07
2.871524450000000000e+07
2.771637800000000000e+07
2.678417650000000000e+07
2.590313900000000000e+07
2.506749900000000000e+07
2.428328750000000000e+07
2.283212100000000000e+07
2.153156100000000000e+07
2.035678700000000000e+07
1.929189600000000000e+07
1.831992400000000000e+07
1.743564950000000000e+07
1.662283350000000000e+07
1.586440800000000000e+07
1.517205600000000000e+07
1.453688000000000000e+07
4.543771450000000000e+07
4.513008700000000000e+07
4.481628750000000000e+07
4.449750250000000000e+07
4.384568700000000000e+07
4.318136750000000000e+07
4.250346200000000000e+07
4.182144800000000000e+07
4.114321550000000000e+07
4.046688650000000000e+07
3.979846150000000000e+07
3.914695300000000000e+07
3.849897900000000000e+07
3.786712950000000000e+07
3.724752200000000000e+07
3.664138850000000000e+07
3.604575850000000000e+07
3.546930350000000000e+07
3.490214900000000000e+07
3.354847150000000000e+07
3.228068300000000000e+07
3.108350000000000000e+07
2.996180550000000000e+07
2.890752100000000000e+07
2.791696050000000000e+07
2.698624550000000000e+07
2.610941650000000000e+07
2.527531950000000000e+07
2.449151350000000000e+07
2.304676450000000000e+07
2.174537300000000000e+07
2.057364700000000000e+07
1.950825650000000000e+07
1.853013450000000000e+07
1.764474550000000000e+07
1.682454650000000000e+07
1.607097850000000000e+07
1.537239800000000000e+07
1.473353550000000000e+07
4.513407250000000000e+07
4.482627500000000000e+07
4.451684350000000000e+07
4.387737100000000000e+07
4.321509300000000000e+07
4.255348950000000000e+07
4.188131550000000000e+07
4.120775150000000000e+07
4.054548950000000000e+07
3.988481150000000000e+07
3.923950400000000000e+07
3.860139650000000000e+07
3.797776700000000000e+07
3.736416850000000000e+07
3.676738200000000000e+07
3.617937200000000000e+07
3.560790200000000000e+07
3.504910850000000000e+07
3.370861450000000000e+07
3.245211750000000000e+07
3.126007000000000000e+07
3.014913650000000000e+07
2.910204250000000000e+07
2.811778900000000000e+07
2.719307500000000000e+07
2.631425150000000000e+07
2.548771500000000000e+07
2.470412800000000000e+07
2.326496650000000000e+07
2.196720150000000000e+07
2.078723950000000000e+07
1.971761400000000000e+07
1.874295850000000000e+07
1.785863400000000000e+07
1.702872850000000000e+07
1.627077100000000000e+07
1.557082400000000000e+07
1.492868200000000000e+07
4.486323850000000000e+07
4.455132500000000000e+07
4.392387650000000000e+07
4.327651800000000000e+07
4.261695150000000000e+07
4.195487850000000000e+07
4.129042900000000000e+07
4.063052700000000000e+07
3.998627350000000000e+07
3.934340400000000000e+07
3.871575050000000000e+07
3.809921050000000000e+07
3.749511000000000000e+07
3.690029950000000000e+07
3.632389000000000000e+07
3.575554850000000000e+07
3.520653850000000000e+07
3.387790350000000000e+07
3.262095400000000000e+07
3.144717800000000000e+07
3.034522450000000000e+07
2.930064850000000000e+07
2.831743600000000000e+07
2.739400450000000000e+07
2.652201400000000000e+07
2.569781150000000000e+07
2.491764250000000000e+07
2.347585700000000000e+07
2.217818650000000000e+07
2.100234050000000000e+07
1.993485150000000000e+07
1.895260500000000000e+07
1.806296650000000000e+07
1.723535700000000000e+07
1.647181000000000000e+07
1.576884500000000000e+07
1.511544500000000000e+07
4.461496750000000000e+07
4.398440550000000000e+07
4.334967000000000000e+07
4.269783750000000000e+07
4.203802750000000000e+07
4.138676850000000000e+07
4.073362800000000000e+07
4.009316550000000000e+07
3.945986450000000000e+07
3.883955350000000000e+07
3.822851950000000000e+07
3.763255450000000000e+07
3.704511300000000000e+07
3.647198600000000000e+07
3.591092000000000000e+07
3.536109650000000000e+07
3.404802500000000000e+07
3.280535050000000000e+07
3.163765250000000000e+07
3.053718050000000000e+07
2.950223950000000000e+07
2.852651550000000000e+07
2.760409750000000000e+07
2.673374350000000000e+07
2.591025400000000000e+07
2.512626600000000000e+07
2.369329550000000000e+07
2.239301150000000000e+07
2.121684700000000000e+07
2.014837050000000000e+07
1.916568000000000000e+07
1.826243550000000000e+07
1.743441150000000000e+07
1.667900750000000000e+07
1.597286600000000000e+07
1.531111800000000000e+07
4.415983750000000000e+07
4.353138150000000000e+07
4.288749650000000000e+07
4.224790650000000000e+07
4.160282000000000000e+07
4.096780700000000000e+07
4.033728800000000000e+07
3.972047700000000000e+07
3.911128150000000000e+07
3.851510100000000000e+07
3.792642450000000000e+07
3.735113100000000000e+07
3.678719300000000000e+07
3.623372050000000000e+07
3.569394400000000000e+07
3.440019250000000000e+07
3.317139100000000000e+07
3.201568100000000000e+07
3.092630600000000000e+07
2.989905850000000000e+07
2.893235250000000000e+07
2.801975650000000000e+07
2.714972000000000000e+07
2.633132600000000000e+07
2.555591350000000000e+07
2.412018000000000000e+07
2.282437350000000000e+07
2.163912550000000000e+07
2.056671450000000000e+07
1.958203850000000000e+07
1.867307250000000000e+07
1.784615400000000000e+07
1.706411300000000000e+07
1.636097850000000000e+07
1.568230850000000000e+07
4.374776850000000000e+07
4.312156800000000000e+07
4.248530700000000000e+07
4.185642750000000000e+07
4.122922100000000000e+07
4.061357550000000000e+07
4.000543150000000000e+07
3.940870800000000000e+07
3.881857150000000000e+07
3.824029500000000000e+07
3.767288100000000000e+07
3.711510900000000000e+07
3.657058450000000000e+07
3.604096900000000000e+07
3.475175200000000000e+07
3.354284000000000000e+07
3.240383650000000000e+07
3.132074250000000000e+07
3.030030300000000000e+07
2.933927950000000000e+07
2.842916600000000000e+07
2.757006450000000000e+07
2.675507450000000000e+07
2.598048700000000000e+07
2.454880600000000000e+07
2.324213150000000000e+07
2.206046000000000000e+07
2.098253200000000000e+07
1.998720550000000000e+07
1.907313550000000000e+07
1.823359950000000000e+07
1.745799500000000000e+07
1.673059050000000000e+07
1.606256250000000000e+07
4.337360500000000000e+07
4.275089500000000000e+07
4.212719300000000000e+07
4.151289850000000000e+07
4.090449950000000000e+07
4.030724050000000000e+07
3.971575600000000000e+07
3.913448900000000000e+07
3.856380800000000000e+07
3.800186800000000000e+07
3.745289550000000000e+07
3.691833700000000000e+07
3.638754350000000000e+07
3.511758100000000000e+07
3.392368600000000000e+07
3.278722050000000000e+07
3.171427350000000000e+07
3.070804200000000000e+07
2.975326700000000000e+07
2.884575800000000000e+07
2.799061650000000000e+07
2.717182100000000000e+07
2.639907300000000000e+07
2.496318000000000000e+07
2.365962500000000000e+07
2.247192700000000000e+07
2.138424950000000000e+07
2.039185600000000000e+07
1.947428900000000000e+07
1.861494300000000000e+07
1.782848500000000000e+07
1.710681650000000000e+07
1.642406650000000000e+07
4.302789400000000000e+07
4.241577350000000000e+07
4.180752700000000000e+07
4.120954650000000000e+07
4.061726650000000000e+07
4.003336450000000000e+07
3.945953400000000000e+07
3.889368750000000000e+07
3.834016150000000000e+07
3.780073150000000000e+07
3.726466100000000000e+07
3.674739450000000000e+07
3.548447550000000000e+07
3.429812750000000000e+07
3.317457300000000000e+07
3.211271050000000000e+07
3.111223900000000000e+07
3.015847250000000000e+07
2.925586250000000000e+07
2.839790300000000000e+07
2.758536950000000000e+07
2.681506050000000000e+07
2.537866450000000000e+07
2.406788700000000000e+07
2.287377500000000000e+07
2.178230400000000000e+07
2.078748750000000000e+07
1.985090200000000000e+07
1.899444800000000000e+07
1.820365150000000000e+07
1.747264050000000000e+07
1.677968050000000000e+07
4.271362050000000000e+07
4.211481500000000000e+07
4.152150050000000000e+07
4.093506450000000000e+07
4.035847600000000000e+07
3.978854450000000000e+07
3.923060900000000000e+07
3.868625750000000000e+07
3.814489250000000000e+07
3.762136300000000000e+07
3.710351800000000000e+07
3.585971050000000000e+07
3.468136550000000000e+07
3.356666650000000000e+07
3.251226950000000000e+07
3.151015200000000000e+07
3.056077700000000000e+07
2.965940150000000000e+07
2.879974500000000000e+07
2.799206850000000000e+07
2.721832050000000000e+07
2.577792650000000000e+07
2.446842950000000000e+07
2.327336650000000000e+07
2.217270100000000000e+07
2.116028850000000000e+07
2.022954600000000000e+07
1.937490900000000000e+07
1.857776950000000000e+07
1.782819200000000000e+07
1.713844750000000000e+07
4.242622900000000000e+07
4.183760500000000000e+07
4.125831550000000000e+07
4.068463700000000000e+07
4.012237600000000000e+07
3.957328800000000000e+07
3.902661600000000000e+07
3.849695400000000000e+07
3.797347950000000000e+07
3.745923200000000000e+07
3.622607500000000000e+07
3.505758700000000000e+07
3.394687050000000000e+07
3.289858600000000000e+07
3.190186300000000000e+07
3.095374450000000000e+07
3.005540550000000000e+07
2.920234800000000000e+07
2.838905350000000000e+07
2.761576550000000000e+07
2.617811900000000000e+07
2.485832050000000000e+07
2.366160800000000000e+07
2.256021100000000000e+07
2.154010100000000000e+07
2.061330550000000000e+07
1.973097000000000000e+07
1.893989800000000000e+07
1.817430600000000000e+07
1.748055150000000000e+07
4.215787900000000000e+07
4.158029750000000000e+07
4.101405150000000000e+07
4.046030800000000000e+07
3.990868650000000000e+07
3.937285650000000000e+07
3.884417100000000000e+07
3.832354650000000000e+07
3.781676950000000000e+07
3.659385350000000000e+07
3.542863950000000000e+07
3.432413400000000000e+07
3.327820000000000000e+07
3.228441450000000000e+07
3.134324750000000000e+07
3.044612450000000000e+07
2.959263050000000000e+07
2.877932800000000000e+07
2.800890650000000000e+07
2.655948950000000000e+07
2.524596900000000000e+07
2.404467350000000000e+07
2.293319050000000000e+07
2.190982250000000000e+07
2.096947550000000000e+07
2.009894600000000000e+07
1.928035800000000000e+07
1.852777650000000000e+07
1.781383650000000000e+07
4.190439500000000000e+07
4.134659200000000000e+07
4.079025200000000000e+07
4.024839950000000000e+07
3.971416300000000000e+07
3.918712250000000000e+07
3.867428100000000000e+07
3.817080950000000000e+07
3.695335200000000000e+07
3.579311600000000000e+07
3.470026850000000000e+07
3.365814200000000000e+07
3.266547300000000000e+07
3.172581900000000000e+07
3.082613750000000000e+07
2.997258650000000000e+07
2.916529050000000000e+07
2.838537700000000000e+07
2.694048300000000000e+07
2.562151250000000000e+07
2.441157500000000000e+07
2.330529950000000000e+07
2.227884700000000000e+07
2.131999650000000000e+07
2.043977600000000000e+07
1.963094450000000000e+07
1.886443750000000000e+07
1.814483000000000000e+07
4.166967950000000000e+07
4.112175700000000000e+07
4.058222650000000000e+07
4.004858550000000000e+07
3.952967700000000000e+07
3.901923450000000000e+07
3.851476550000000000e+07
3.730549300000000000e+07
3.615465700000000000e+07
3.506554950000000000e+07
3.402450600000000000e+07
3.303755650000000000e+07
3.209369850000000000e+07
3.119830600000000000e+07
3.034971900000000000e+07
2.953392050000000000e+07
2.876237400000000000e+07
2.731062900000000000e+07
2.598763550000000000e+07
2.477604550000000000e+07
2.366904350000000000e+07
2.262545050000000000e+07
2.167041700000000000e+07
2.078983550000000000e+07
1.996829700000000000e+07
1.919621000000000000e+07
1.847462700000000000e+07
4.144739550000000000e+07
4.090749950000000000e+07
4.038271700000000000e+07
3.986523650000000000e+07
3.935412850000000000e+07
3.886100050000000000e+07
3.765834600000000000e+07
3.651340200000000000e+07
3.542262900000000000e+07
3.438658900000000000e+07
3.339614150000000000e+07
3.245290000000000000e+07
3.156356650000000000e+07
3.071069200000000000e+07
2.989770850000000000e+07
2.912278150000000000e+07
2.767456950000000000e+07
2.635141300000000000e+07
2.513207200000000000e+07
2.400924450000000000e+07
2.297607300000000000e+07
2.202350350000000000e+07
2.113723650000000000e+07
2.030187000000000000e+07
1.953351750000000000e+07
1.880692250000000000e+07
4.123123400000000000e+07
4.070775750000000000e+07
4.019026950000000000e+07
3.969075950000000000e+07
3.919523800000000000e+07
3.799382800000000000e+07
3.685705950000000000e+07
3.576901650000000000e+07
3.473384100000000000e+07
3.374892000000000000e+07
3.280953750000000000e+07
3.191917600000000000e+07
3.106863950000000000e+07
3.025402000000000000e+07
2.948411350000000000e+07
2.802830350000000000e+07
2.670673700000000000e+07
2.548850000000000000e+07
2.435587350000000000e+07
2.333266400000000000e+07
2.235265550000000000e+07
2.147443500000000000e+07
2.062558450000000000e+07
1.985418150000000000e+07
1.911864650000000000e+07
4.102309450000000000e+07
4.051708250000000000e+07
4.001523550000000000e+07
3.951916200000000000e+07
3.832532000000000000e+07
3.718868150000000000e+07
3.610594600000000000e+07
3.507528100000000000e+07
3.409461150000000000e+07
3.315830650000000000e+07
3.226778800000000000e+07
3.141956350000000000e+07
3.060532800000000000e+07
2.982736500000000000e+07
2.838227100000000000e+07
2.705731000000000000e+07
2.582987250000000000e+07
2.469889150000000000e+07
2.365973500000000000e+07
2.269727600000000000e+07
2.179039000000000000e+07
2.095491000000000000e+07
2.016404550000000000e+07
1.944398750000000000e+07
4.083183100000000000e+07
4.032870050000000000e+07
3.983529250000000000e+07
3.865199200000000000e+07
3.751954650000000000e+07
3.643789600000000000e+07
3.541196800000000000e+07
3.443053350000000000e+07
3.349683400000000000e+07
3.261375650000000000e+07
3.175810200000000000e+07
3.094674600000000000e+07
3.017091700000000000e+07
2.872208550000000000e+07
2.739028700000000000e+07
2.617064100000000000e+07
2.503952700000000000e+07
2.398281050000000000e+07
2.301075450000000000e+07
2.211644350000000000e+07
2.126900950000000000e+07
2.047400300000000000e+07
1.973823750000000000e+07
4.063526450000000000e+07
4.014802750000000000e+07
3.896734200000000000e+07
3.783955750000000000e+07
3.676449950000000000e+07
3.573675050000000000e+07
3.475957150000000000e+07
3.383430750000000000e+07
3.294178350000000000e+07
3.209357550000000000e+07
3.128458000000000000e+07
3.050397850000000000e+07
2.905222000000000000e+07
2.772325450000000000e+07
2.650406650000000000e+07
2.535736800000000000e+07
2.430683450000000000e+07
2.333904450000000000e+07
2.243072450000000000e+07
2.158066450000000000e+07
2.078428000000000000e+07
2.005070850000000000e+07
4.045509450000000000e+07
3.927897050000000000e+07
3.815640200000000000e+07
3.707993450000000000e+07
3.605693600000000000e+07
3.508410800000000000e+07
3.415213400000000000e+07
3.326467150000000000e+07
3.241844100000000000e+07
3.160871650000000000e+07
3.083235650000000000e+07
2.938187500000000000e+07
2.804586200000000000e+07
2.681562600000000000e+07
2.568323400000000000e+07
2.463497600000000000e+07
2.366343300000000000e+07
2.274370200000000000e+07
2.189870500000000000e+07
2.110012500000000000e+07
2.034617150000000000e+07
4.001871600000000000e+07
3.890224450000000000e+07
3.783759750000000000e+07
3.682482850000000000e+07
3.585423400000000000e+07
3.493046900000000000e+07
3.404932200000000000e+07
3.320493600000000000e+07
3.239632700000000000e+07
3.162582450000000000e+07
3.017581100000000000e+07
2.883961450000000000e+07
2.760685950000000000e+07
2.646308150000000000e+07
2.540121850000000000e+07
2.442123550000000000e+07
2.351479350000000000e+07
2.265130500000000000e+07
2.183877250000000000e+07
2.107836450000000000e+07
3.960596550000000000e+07
3.855443750000000000e+07
3.754591850000000000e+07
3.658442550000000000e+07
3.566969350000000000e+07
3.479226250000000000e+07
3.395182050000000000e+07
3.314857200000000000e+07
3.237649300000000000e+07
3.092657750000000000e+07
2.959102150000000000e+07
2.836020700000000000e+07
2.721765200000000000e+07
2.616202100000000000e+07
2.516116600000000000e+07
2.423923400000000000e+07
2.336823550000000000e+07
2.254495200000000000e+07
2.178492000000000000e+07
3.922745000000000000e+07
3.822976300000000000e+07
3.728084250000000000e+07
3.637139500000000000e+07
3.549811000000000000e+07
3.466393650000000000e+07
3.386180250000000000e+07
3.309626850000000000e+07
3.164977400000000000e+07
3.031551250000000000e+07
2.907797050000000000e+07
2.792780100000000000e+07
2.686362400000000000e+07
2.588077250000000000e+07
2.494393300000000000e+07
2.406047150000000000e+07
2.323761150000000000e+07
2.246983600000000000e+07
3.888268750000000000e+07
3.794148100000000000e+07
3.703584300000000000e+07
3.617198300000000000e+07
3.534006900000000000e+07
3.454506750000000000e+07
3.377731800000000000e+07
3.233826950000000000e+07
3.101000150000000000e+07
2.977439550000000000e+07
2.863496900000000000e+07
2.755546700000000000e+07
2.655512250000000000e+07
2.561488250000000000e+07
2.472556100000000000e+07
2.390211100000000000e+07
2.311655550000000000e+07
3.856629250000000000e+07
3.767263650000000000e+07
3.681086850000000000e+07
3.598725350000000000e+07
3.519327000000000000e+07
3.443543750000000000e+07
3.299901050000000000e+07
3.166761700000000000e+07
3.042900800000000000e+07
2.928370500000000000e+07
2.822420450000000000e+07
2.721601600000000000e+07
2.626372850000000000e+07
2.537779300000000000e+07
2.454949950000000000e+07
2.375790650000000000e+07
3.827443100000000000e+07
3.742303800000000000e+07
3.660402550000000000e+07
3.581956700000000000e+07
3.506123050000000000e+07
3.363478900000000000e+07
3.230913000000000000e+07
3.108673200000000000e+07
2.992444450000000000e+07
2.885462550000000000e+07
2.784354200000000000e+07
2.688695050000000000e+07
2.600295000000000000e+07
2.515862950000000000e+07
2.437397050000000000e+07
3.800666550000000000e+07
3.719740200000000000e+07
3.641466450000000000e+07
3.566099150000000000e+07
3.423610650000000000e+07
3.291183150000000000e+07
3.168456700000000000e+07
3.054696950000000000e+07
2.947238950000000000e+07
2.844934100000000000e+07
2.750151300000000000e+07
2.660967150000000000e+07
2.576528050000000000e+07
2.497266850000000000e+07
3.776321750000000000e+07
3.698535850000000000e+07
3.623783550000000000e+07
3.482289150000000000e+07
3.351965650000000000e+07
3.227987800000000000e+07
3.113538550000000000e+07
3.005534200000000000e+07
2.903193700000000000e+07
2.808651050000000000e+07
2.718389250000000000e+07
2.634186450000000000e+07
2.553653900000000000e+07
3.753232450000000000e+07
3.678571050000000000e+07
3.537645800000000000e+07
3.406852250000000000e+07
3.285420750000000000e+07
3.171109350000000000e+07
3.062078500000000000e+07
2.961156050000000000e+07
2.865662100000000000e+07
2.775815600000000000e+07
2.691082650000000000e+07
2.609271000000000000e+07
3.731958800000000000e+07
3.593359700000000000e+07
3.461957050000000000e+07
3.340128600000000000e+07
3.225315550000000000e+07
3.116342500000000000e+07
3.015656650000000000e+07
2.919774750000000000e+07
2.830170500000000000e+07
2.744508700000000000e+07
2.664076500000000000e+07
3.694283650000000000e+07
3.565410150000000000e+07
3.443448450000000000e+07
3.328345700000000000e+07
3.221671650000000000e+07
3.119821300000000000e+07
3.024945250000000000e+07
2.934227650000000000e+07
2.848826800000000000e+07
2.769009900000000000e+07
3.660655900000000000e+07
3.539301800000000000e+07
3.426477200000000000e+07
3.318942300000000000e+07
3.218764150000000000e+07
3.123078900000000000e+07
3.032802550000000000e+07
2.948420100000000000e+07
2.866683800000000000e+07
3.630400750000000000e+07
3.517359450000000000e+07
3.411802350000000000e+07
3.311024700000000000e+07
3.215979000000000000e+07
3.126690250000000000e+07
3.041001550000000000e+07
2.958239300000000000e+07
3.604064900000000000e+07
3.498264600000000000e+07
3.398333100000000000e+07
3.304498850000000000e+07
3.214677000000000000e+07
3.127648600000000000e+07
3.046479850000000000e+07
3.580099100000000000e+07
3.481868400000000000e+07
3.387662350000000000e+07
3.296762300000000000e+07
3.211511850000000000e+07
3.129922650000000000e+07
3.560210750000000000e+07
3.465275700000000000e+07
3.376150350000000000e+07
3.290751150000000000e+07
3.209827000000000000e+07
3.540196000000000000e+07
3.450916400000000000e+07
3.366831600000000000e+07
3.283934050000000000e+07
3.523357400000000000e+07
3.437223200000000000e+07
3.358039400000000000e+07
3.507401950000000000e+07
3.426169700000000000e+07
3.492896100000000000e+07
