1.055754100000000000e+07
1.101491900000000000e+07
1.145861700000000000e+07
1.191380600000000000e+07
1.236136700000000000e+07
1.324470600000000000e+07
1.412955500000000000e+07
1.500304600000000000e+07
1.586990200000000000e+07
1.672856100000000000e+07
1.755496300000000000e+07
1.837071100000000000e+07
1.916995700000000000e+07
1.993410000000000000e+07
2.069976400000000000e+07
2.143653300000000000e+07
2.214936200000000000e+07
2.284348800000000000e+07
2.353274600000000000e+07
2.419315700000000000e+07
2.573081800000000000e+07
2.708580100000000000e+07
2.822962900000000000e+07
2.908721800000000000e+07
2.973516800000000000e+07
3.021232500000000000e+07
3.056565300000000000e+07
3.081897100000000000e+07
3.099808000000000000e+07
3.114157800000000000e+07
3.132340100000000000e+07
3.138735800000000000e+07
3.139168200000000000e+07
3.140828200000000000e+07
3.140159100000000000e+07
3.141252700000000000e+07
3.141278600000000000e+07
3.140632100000000000e+07
3.141874300000000000e+07
3.141769000000000000e+07
1.119390200000000000e+07
1.164023300000000000e+07
1.207788700000000000e+07
1.250876300000000000e+07
1.336468800000000000e+07
1.423540900000000000e+07
1.510000500000000000e+07
1.595287300000000000e+07
1.678884100000000000e+07
1.760822600000000000e+07
1.840530900000000000e+07
1.918452400000000000e+07
1.995208400000000000e+07
2.069543400000000000e+07
2.141953400000000000e+07
2.213049200000000000e+07
2.281678700000000000e+07
2.349191700000000000e+07
2.413612300000000000e+07
2.568015100000000000e+07
2.703428300000000000e+07
2.818984400000000000e+07
2.908362300000000000e+07
2.974061300000000000e+07
3.022908700000000000e+07
3.058380000000000000e+07
3.083984200000000000e+07
3.102087500000000000e+07
3.116331000000000000e+07
3.132153900000000000e+07
3.136640200000000000e+07
3.139735700000000000e+07
3.141118300000000000e+07
3.139819000000000000e+07
3.140796400000000000e+07
3.139939700000000000e+07
3.141614400000000000e+07
3.140111400000000000e+07
3.140530600000000000e+07
1.178012200000000000e+07
1.220189500000000000e+07
1.262622400000000000e+07
1.347672800000000000e+07
1.431959400000000000e+07
1.516291800000000000e+07
1.600673100000000000e+07
1.682631000000000000e+07
1.763265300000000000e+07
1.842883500000000000e+07
1.918391700000000000e+07
1.994646000000000000e+07
2.067971600000000000e+07
2.138842400000000000e+07
2.208463900000000000e+07
2.276730700000000000e+07
2.342565500000000000e+07
2.407008900000000000e+07
2.561059200000000000e+07
2.696004000000000000e+07
2.813633700000000000e+07
2.907034600000000000e+07
2.973284600000000000e+07
3.023647800000000000e+07
3.059658500000000000e+07
3.085090200000000000e+07
3.103804300000000000e+07
3.116867900000000000e+07
3.132586500000000000e+07
3.139016000000000000e+07
3.140123700000000000e+07
3.140550500000000000e+07
3.140791800000000000e+07
3.140281400000000000e+07
3.140009200000000000e+07
3.140999000000000000e+07
3.140151100000000000e+07
3.140835700000000000e+07
1.229883600000000000e+07
1.270538300000000000e+07
1.354491400000000000e+07
1.438156100000000000e+07
1.521583300000000000e+07
1.604018400000000000e+07
1.685291100000000000e+07
1.764384400000000000e+07
1.841905800000000000e+07
1.918516100000000000e+07
1.992131400000000000e+07
2.064129300000000000e+07
2.134962900000000000e+07
2.203506800000000000e+07
2.270813200000000000e+07
2.335186800000000000e+07
2.397665900000000000e+07
2.552069000000000000e+07
2.688234900000000000e+07
2.807893800000000000e+07
2.903907800000000000e+07
2.971759300000000000e+07
3.023727800000000000e+07
3.059406400000000000e+07
3.085213900000000000e+07
3.104440100000000000e+07
3.118960300000000000e+07
3.132289000000000000e+07
3.139096200000000000e+07
3.140506000000000000e+07
3.139507500000000000e+07
3.141266700000000000e+07
3.141259900000000000e+07
3.141588200000000000e+07
3.141332700000000000e+07
3.141095700000000000e+07
3.140827100000000000e+07
1.278177600000000000e+07
1.359798300000000000e+07
1.441742800000000000e+07
1.524461200000000000e+07
1.605472300000000000e+07
1.685438600000000000e+07
1.764669000000000000e+07
1.839849800000000000e+07
1.915678800000000000e+07
1.988680200000000000e+07
2.059201200000000000e+07
2.128628100000000000e+07
2.196758500000000000e+07
2.262604600000000000e+07
2.327280500000000000e+07
2.390006900000000000e+07
2.541142800000000000e+07
2.679496200000000000e+07
2.798749400000000000e+07
2.899169100000000000e+07
2.970493900000000000e+07
3.021756300000000000e+07
3.060886500000000000e+07
3.086450500000000000e+07
3.104712000000000000e+07
3.117596400000000000e+07
3.133722900000000000e+07
3.138453200000000000e+07
3.140136000000000000e+07
3.140133500000000000e+07
3.139862100000000000e+07
3.141465200000000000e+07
3.140535600000000000e+07
3.141733000000000000e+07
3.140674200000000000e+07
3.140484500000000000e+07
1.364886600000000000e+07
1.445484600000000000e+07
1.525284400000000000e+07
1.604471200000000000e+07
1.683234300000000000e+07
1.758043500000000000e+07
1.833771900000000000e+07
1.906434400000000000e+07
1.976749600000000000e+07
2.046115000000000000e+07
2.114662700000000000e+07
2.180485600000000000e+07
2.245365200000000000e+07
2.308477500000000000e+07
2.370490500000000000e+07
2.518943400000000000e+07
2.657165900000000000e+07
2.779963500000000000e+07
2.885796000000000000e+07
2.963482400000000000e+07
3.018251500000000000e+07
3.058570400000000000e+07
3.085736100000000000e+07
3.105219300000000000e+07
3.118787100000000000e+07
3.132259200000000000e+07
3.137923100000000000e+07
3.139925200000000000e+07
3.139685500000000000e+07
3.140688900000000000e+07
3.141123200000000000e+07
3.139706900000000000e+07
3.139446200000000000e+07
3.138821400000000000e+07
3.140967900000000000e+07
1.443063900000000000e+07
1.521621400000000000e+07
1.599447200000000000e+07
1.673844900000000000e+07
1.749379900000000000e+07
1.822195700000000000e+07
1.892456000000000000e+07
1.961799900000000000e+07
2.030712800000000000e+07
2.096761900000000000e+07
2.161981800000000000e+07
2.225563500000000000e+07
2.287872600000000000e+07
2.349412100000000000e+07
2.494730400000000000e+07
2.632315400000000000e+07
2.756765400000000000e+07
2.865906500000000000e+07
2.954085900000000000e+07
3.011299200000000000e+07
3.053210100000000000e+07
3.082877200000000000e+07
3.104108600000000000e+07
3.116705800000000000e+07
3.130293600000000000e+07
3.137397600000000000e+07
3.138370700000000000e+07
3.138500500000000000e+07
3.139721500000000000e+07
3.139026500000000000e+07
3.140383000000000000e+07
3.140673000000000000e+07
3.139812200000000000e+07
3.134047200000000000e+07
1.514751300000000000e+07
1.588403600000000000e+07
1.663852700000000000e+07
1.736806000000000000e+07
1.807315400000000000e+07
1.876757000000000000e+07
1.945882200000000000e+07
2.012173100000000000e+07
2.077736300000000000e+07
2.141724300000000000e+07
2.204276500000000000e+07
2.266287100000000000e+07
2.325782300000000000e+07
2.469447900000000000e+07
2.603797500000000000e+07
2.731424000000000000e+07
2.843816200000000000e+07
2.938139500000000000e+07
3.002943000000000000e+07
3.046972200000000000e+07
3.077887100000000000e+07
3.099267800000000000e+07
3.114053600000000000e+07
3.129655800000000000e+07
3.136305700000000000e+07
3.139069500000000000e+07
3.138790800000000000e+07
3.139638000000000000e+07
3.134852700000000000e+07
3.129095200000000000e+07
3.130294600000000000e+07
3.129739900000000000e+07
3.129487400000000000e+07
1.577488500000000000e+07
1.650495000000000000e+07
1.721194200000000000e+07
1.790838700000000000e+07
1.860089800000000000e+07
1.926590400000000000e+07
1.992426100000000000e+07
2.056832600000000000e+07
2.119648000000000000e+07
2.182132800000000000e+07
2.242073500000000000e+07
2.300424100000000000e+07
2.441998900000000000e+07
2.575503100000000000e+07
2.701667500000000000e+07
2.816510600000000000e+07
2.916170800000000000e+07
2.991239200000000000e+07
3.040140600000000000e+07
3.071120600000000000e+07
3.093583700000000000e+07
3.111469100000000000e+07
3.127712800000000000e+07
3.135944900000000000e+07
3.138672100000000000e+07
3.130644800000000000e+07
3.125187800000000000e+07
3.124745500000000000e+07
3.125316900000000000e+07
3.122384600000000000e+07
3.120935500000000000e+07
3.123947000000000000e+07
1.634014800000000000e+07
1.703980400000000000e+07
1.773495900000000000e+07
1.840171300000000000e+07
1.906530100000000000e+07
1.971095800000000000e+07
2.034207100000000000e+07
2.097159100000000000e+07
2.157578900000000000e+07
2.216512900000000000e+07
2.275707700000000000e+07
2.413586300000000000e+07
2.545722600000000000e+07
2.670325100000000000e+07
2.786575500000000000e+07
2.891773300000000000e+07
2.976110500000000000e+07
3.029097600000000000e+07
3.064022700000000000e+07
3.089129900000000000e+07
3.106243200000000000e+07
3.125496800000000000e+07
3.130764900000000000e+07
3.120892200000000000e+07
3.117054100000000000e+07
3.118221700000000000e+07
3.116746100000000000e+07
3.116484000000000000e+07
3.116796900000000000e+07
3.116525500000000000e+07
3.118143100000000000e+07
1.686250100000000000e+07
1.753152400000000000e+07
1.819878500000000000e+07
1.884757600000000000e+07
1.948188300000000000e+07
2.011583500000000000e+07
2.072481400000000000e+07
2.132037300000000000e+07
2.191686200000000000e+07
2.248207300000000000e+07
2.385901000000000000e+07
2.515918600000000000e+07
2.639302000000000000e+07
2.755788700000000000e+07
2.862976400000000000e+07
2.954403500000000000e+07
3.017938000000000000e+07
3.056978200000000000e+07
3.084411600000000000e+07
3.101299000000000000e+07
3.119983100000000000e+07
3.123028300000000000e+07
3.110431900000000000e+07
3.112038100000000000e+07
3.112768800000000000e+07
3.112481700000000000e+07
3.112634400000000000e+07
3.113551800000000000e+07
3.115533500000000000e+07
3.112603000000000000e+07
1.732713900000000000e+07
1.798042300000000000e+07
1.861791000000000000e+07
1.925595400000000000e+07
1.986908400000000000e+07
2.047112200000000000e+07
2.107174600000000000e+07
2.164190300000000000e+07
2.221400700000000000e+07
2.356592200000000000e+07
2.485711300000000000e+07
2.608390600000000000e+07
2.723240100000000000e+07
2.833096900000000000e+07
2.929254800000000000e+07
3.003689300000000000e+07
3.047443500000000000e+07
3.077223400000000000e+07
3.095640200000000000e+07
3.117860100000000000e+07
3.122259500000000000e+07
3.104402800000000000e+07
3.107982500000000000e+07
3.108586700000000000e+07
3.106192300000000000e+07
3.106377600000000000e+07
3.103466800000000000e+07
3.106405300000000000e+07
3.107570400000000000e+07
1.775105100000000000e+07
1.839279700000000000e+07
1.901013800000000000e+07
1.961855300000000000e+07
2.022371300000000000e+07
2.079968200000000000e+07
2.137857600000000000e+07
2.192540500000000000e+07
2.328760300000000000e+07
2.456735300000000000e+07
2.577385600000000000e+07
2.692282000000000000e+07
2.800998500000000000e+07
2.901992300000000000e+07
2.985399700000000000e+07
3.037464700000000000e+07
3.070242700000000000e+07
3.092483300000000000e+07
3.116110200000000000e+07
3.121974100000000000e+07
3.104092200000000000e+07
3.100423200000000000e+07
3.098584800000000000e+07
3.099581000000000000e+07
3.102616000000000000e+07
3.100778000000000000e+07
3.101531700000000000e+07
3.098637000000000000e+07
1.815014600000000000e+07
1.876551800000000000e+07
1.937527000000000000e+07
1.995658100000000000e+07
2.054242400000000000e+07
2.109507000000000000e+07
2.165903800000000000e+07
2.300279900000000000e+07
2.426335200000000000e+07
2.546669900000000000e+07
2.660889700000000000e+07
2.770520200000000000e+07
2.872503300000000000e+07
2.961715300000000000e+07
3.025814600000000000e+07
3.061812400000000000e+07
3.085888900000000000e+07
3.112793000000000000e+07
3.121319800000000000e+07
3.099678200000000000e+07
3.093420400000000000e+07
3.091262800000000000e+07
3.089939700000000000e+07
3.089306600000000000e+07
3.091518400000000000e+07
3.092439300000000000e+07
3.093924300000000000e+07
1.852743300000000000e+07
1.911322600000000000e+07
1.970668500000000000e+07
2.026657500000000000e+07
2.083731900000000000e+07
2.138754500000000000e+07
2.271223200000000000e+07
2.397245000000000000e+07
2.517631800000000000e+07
2.631496900000000000e+07
2.739327300000000000e+07
2.841755000000000000e+07
2.936866600000000000e+07
3.011741900000000000e+07
3.054508500000000000e+07
3.079496500000000000e+07
3.110057100000000000e+07
3.120296100000000000e+07
3.097139900000000000e+07
3.085326200000000000e+07
3.079609400000000000e+07
3.082382400000000000e+07
3.082810700000000000e+07
3.085040700000000000e+07
3.088389200000000000e+07
3.085829500000000000e+07
1.887343200000000000e+07
1.944145200000000000e+07
2.001779000000000000e+07
2.057482400000000000e+07
2.111652700000000000e+07
2.244099200000000000e+07
2.369573700000000000e+07
2.488449500000000000e+07
2.601778300000000000e+07
2.710000300000000000e+07
2.811716300000000000e+07
2.910255000000000000e+07
2.991128600000000000e+07
3.043707300000000000e+07
3.071636300000000000e+07
3.104818500000000000e+07
3.115330900000000000e+07
3.101332100000000000e+07
3.084043600000000000e+07
3.075224600000000000e+07
3.077372800000000000e+07
3.079843100000000000e+07
3.080524600000000000e+07
3.085421100000000000e+07
3.086624000000000000e+07
1.920027700000000000e+07
1.976375300000000000e+07
2.031190500000000000e+07
2.085527000000000000e+07
2.216823100000000000e+07
2.340641200000000000e+07
2.460414500000000000e+07
2.573367000000000000e+07
2.680345400000000000e+07
2.781881500000000000e+07
2.879375500000000000e+07
2.965835600000000000e+07
3.033179800000000000e+07
3.065806300000000000e+07
3.098148900000000000e+07
3.114476200000000000e+07
3.107565500000000000e+07
3.085265300000000000e+07
3.070960500000000000e+07
3.076252900000000000e+07
3.077185900000000000e+07
3.082031900000000000e+07
3.080775800000000000e+07
3.081910400000000000e+07
1.950989500000000000e+07
2.005991100000000000e+07
2.060603700000000000e+07
2.190410800000000000e+07
2.314422000000000000e+07
2.432031200000000000e+07
2.545885900000000000e+07
2.650995300000000000e+07
2.752642600000000000e+07
2.849697300000000000e+07
2.941432500000000000e+07
3.016366200000000000e+07
3.058798600000000000e+07
3.094226900000000000e+07
3.113920900000000000e+07
3.114448600000000000e+07
3.092437300000000000e+07
3.078758100000000000e+07
3.073857600000000000e+07
3.074195600000000000e+07
3.077801300000000000e+07
3.081396200000000000e+07
3.083894300000000000e+07
1.982013700000000000e+07
2.034971800000000000e+07
2.163919000000000000e+07
2.287259900000000000e+07
2.405339900000000000e+07
2.516594700000000000e+07
2.622897100000000000e+07
2.723630100000000000e+07
2.820123200000000000e+07
2.912061500000000000e+07
2.995712600000000000e+07
3.050087400000000000e+07
3.091588500000000000e+07
3.111837100000000000e+07
3.115150800000000000e+07
3.093046800000000000e+07
3.080019900000000000e+07
3.069854200000000000e+07
3.072466500000000000e+07
3.079433300000000000e+07
3.078888400000000000e+07
3.082587400000000000e+07
2.010724600000000000e+07
2.139531800000000000e+07
2.262266400000000000e+07
2.378543100000000000e+07
2.489561500000000000e+07
2.596429000000000000e+07
2.696568500000000000e+07
2.793108600000000000e+07
2.884267100000000000e+07
2.971408600000000000e+07
3.039473600000000000e+07
3.087014200000000000e+07
3.109049800000000000e+07
3.116445200000000000e+07
3.103680100000000000e+07
3.081008700000000000e+07
3.069501100000000000e+07
3.070045700000000000e+07
3.075547800000000000e+07
3.073015900000000000e+07
3.078783200000000000e+07
2.078664400000000000e+07
2.199354500000000000e+07
2.314707600000000000e+07
2.425894200000000000e+07
2.529292600000000000e+07
2.629535600000000000e+07
2.724438400000000000e+07
2.816056800000000000e+07
2.902912700000000000e+07
2.984514600000000000e+07
3.076450700000000000e+07
3.101747400000000000e+07
3.112524700000000000e+07
3.116849700000000000e+07
3.091675400000000000e+07
3.076716800000000000e+07
3.064116400000000000e+07
3.068196000000000000e+07
3.072966400000000000e+07
3.076567600000000000e+07
2.140557300000000000e+07
2.255852900000000000e+07
2.363059100000000000e+07
2.466717700000000000e+07
2.565106500000000000e+07
2.660255200000000000e+07
2.750097600000000000e+07
2.835020600000000000e+07
2.917546700000000000e+07
3.057563400000000000e+07
3.093881500000000000e+07
3.105460400000000000e+07
3.113570200000000000e+07
3.107926000000000000e+07
3.088286600000000000e+07
3.069864800000000000e+07
3.066656200000000000e+07
3.070467800000000000e+07
3.069428900000000000e+07
2.197382500000000000e+07
2.304145800000000000e+07
2.406490700000000000e+07
2.504991000000000000e+07
2.597755500000000000e+07
2.685681800000000000e+07
2.771453900000000000e+07
2.852687400000000000e+07
3.007386500000000000e+07
3.087093400000000000e+07
3.100990400000000000e+07
3.112243300000000000e+07
3.115147200000000000e+07
3.092044300000000000e+07
3.076544600000000000e+07
3.064397900000000000e+07
3.070795200000000000e+07
3.072861900000000000e+07
2.248301100000000000e+07
2.350090400000000000e+07
2.445852500000000000e+07
2.537055300000000000e+07
2.625763400000000000e+07
2.709719700000000000e+07
2.790877100000000000e+07
2.942861100000000000e+07
3.073270500000000000e+07
3.093556400000000000e+07
3.104423300000000000e+07
3.113211200000000000e+07
3.110150000000000000e+07
3.092369400000000000e+07
3.075337700000000000e+07
3.069179000000000000e+07
3.069833400000000000e+07
2.294393600000000000e+07
2.388897100000000000e+07
2.480609200000000000e+07
2.567156200000000000e+07
2.651224000000000000e+07
2.732892300000000000e+07
2.883856900000000000e+07
3.023415100000000000e+07
3.093237000000000000e+07
3.102065000000000000e+07
3.112094300000000000e+07
3.111477600000000000e+07
3.103825300000000000e+07
3.086533400000000000e+07
3.076282900000000000e+07
3.068114400000000000e+07
2.335846400000000000e+07
2.425051700000000000e+07
2.511840300000000000e+07
2.596221700000000000e+07
2.674126500000000000e+07
2.824695600000000000e+07
2.963060300000000000e+07
3.084031200000000000e+07
3.100060700000000000e+07
3.111366100000000000e+07
3.116198100000000000e+07
3.111470100000000000e+07
3.104622900000000000e+07
3.085099300000000000e+07
3.072953200000000000e+07
2.372898700000000000e+07
2.460029200000000000e+07
2.540347300000000000e+07
2.620725300000000000e+07
2.768845100000000000e+07
2.907484600000000000e+07
3.036765700000000000e+07
3.097645200000000000e+07
3.105723900000000000e+07
3.111713700000000000e+07
3.113671800000000000e+07
3.111514200000000000e+07
3.103577800000000000e+07
3.081193100000000000e+07
2.406807500000000000e+07
2.489773900000000000e+07
2.566551800000000000e+07
2.713762100000000000e+07
2.852605200000000000e+07
2.980417600000000000e+07
3.094172800000000000e+07
3.103998500000000000e+07
3.109848100000000000e+07
3.114452600000000000e+07
3.110682700000000000e+07
3.102161800000000000e+07
3.096132300000000000e+07
2.437891500000000000e+07
2.516070800000000000e+07
2.663335100000000000e+07
2.801260000000000000e+07
2.926802900000000000e+07
3.046032200000000000e+07
3.102959600000000000e+07
3.109088500000000000e+07
3.112450200000000000e+07
3.113040600000000000e+07
3.112025600000000000e+07
3.108909800000000000e+07
2.465493200000000000e+07
2.613137400000000000e+07
2.749070000000000000e+07
2.877530100000000000e+07
2.994743100000000000e+07
3.100524200000000000e+07
3.109853900000000000e+07
3.113933900000000000e+07
3.108245600000000000e+07
3.112619700000000000e+07
3.105320500000000000e+07
2.518333400000000000e+07
2.654056300000000000e+07
2.778512400000000000e+07
2.896841100000000000e+07
3.008606800000000000e+07
3.105258400000000000e+07
3.110458600000000000e+07
3.109316400000000000e+07
3.112060700000000000e+07
3.111623000000000000e+07
2.563233900000000000e+07
2.687168800000000000e+07
2.805587400000000000e+07
2.913834200000000000e+07
3.016388700000000000e+07
3.109649100000000000e+07
3.113680100000000000e+07
3.119527900000000000e+07
3.123666300000000000e+07
2.603253700000000000e+07
2.716798600000000000e+07
2.824955500000000000e+07
2.929737900000000000e+07
3.025656100000000000e+07
3.114489000000000000e+07
3.119022900000000000e+07
3.119886000000000000e+07
2.633902600000000000e+07
2.744446400000000000e+07
2.844851300000000000e+07
2.942891700000000000e+07
3.035693700000000000e+07
3.115901500000000000e+07
3.121453100000000000e+07
2.664012300000000000e+07
2.766168900000000000e+07
2.863307600000000000e+07
2.954047100000000000e+07
3.041951100000000000e+07
3.121278900000000000e+07
2.691506500000000000e+07
2.787130600000000000e+07
2.877069300000000000e+07
2.962354000000000000e+07
3.047636300000000000e+07
2.713033900000000000e+07
2.803278600000000000e+07
2.891739700000000000e+07
2.973863900000000000e+07
2.736261400000000000e+07
2.822334300000000000e+07
2.900248200000000000e+07
2.751288800000000000e+07
2.837088600000000000e+07
2.775119400000000000e+07
