7.403390000000000000e+05
7.343430000000000000e+05
7.319340000000000000e+05
7.282510000000000000e+05
7.236960000000000000e+05
7.097550000000000000e+05
6.938490000000000000e+05
6.800380000000000000e+05
6.624690000000000000e+05
6.449020000000000000e+05
6.317100000000000000e+05
6.203060000000000000e+05
6.102020000000000000e+05
6.024680000000000000e+05
5.936500000000000000e+05
5.858040000000000000e+05
5.751850000000000000e+05
5.646700000000000000e+05
5.599630000000000000e+05
5.495140000000000000e+05
5.326330000000000000e+05
5.203260000000000000e+05
4.946970000000000000e+05
4.849320000000000000e+05
4.656730000000000000e+05
4.629380000000000000e+05
4.288810000000000000e+05
4.207280000000000000e+05
4.062620000000000000e+05
3.912530000000000000e+05
7.323150000000000000e+05
7.290990000000000000e+05
7.253080000000000000e+05
7.170600000000000000e+05
7.074400000000000000e+05
6.931800000000000000e+05
6.783750000000000000e+05
6.597270000000000000e+05
6.441120000000000000e+05
6.312730000000000000e+05
6.205630000000000000e+05
6.078550000000000000e+05
5.980120000000000000e+05
5.916300000000000000e+05
5.817080000000000000e+05
5.731090000000000000e+05
5.653870000000000000e+05
5.599560000000000000e+05
5.505700000000000000e+05
5.327350000000000000e+05
5.218600000000000000e+05
4.967440000000000000e+05
4.773460000000000000e+05
4.540610000000000000e+05
4.530630000000000000e+05
4.339710000000000000e+05
4.229120000000000000e+05
4.078060000000000000e+05
3.818740000000000000e+05
7.269010000000000000e+05
7.192630000000000000e+05
7.154660000000000000e+05
7.022320000000000000e+05
6.917750000000000000e+05
6.755700000000000000e+05
6.574370000000000000e+05
6.426830000000000000e+05
6.293410000000000000e+05
6.171450000000000000e+05
6.108240000000000000e+05
6.007160000000000000e+05
5.932510000000000000e+05
5.834500000000000000e+05
5.742180000000000000e+05
5.699040000000000000e+05
5.613730000000000000e+05
5.539490000000000000e+05
5.388480000000000000e+05
5.220830000000000000e+05
5.053390000000000000e+05
4.915890000000000000e+05
4.809730000000000000e+05
4.483880000000000000e+05
4.405860000000000000e+05
4.162530000000000000e+05
4.087290000000000000e+05
4.003650000000000000e+05
7.187550000000000000e+05
7.148350000000000000e+05
7.034500000000000000e+05
6.914020000000000000e+05
6.732920000000000000e+05
6.560040000000000000e+05
6.415270000000000000e+05
6.292010000000000000e+05
6.146230000000000000e+05
6.050350000000000000e+05
5.991120000000000000e+05
5.898030000000000000e+05
5.823700000000000000e+05
5.756010000000000000e+05
5.708910000000000000e+05
5.621550000000000000e+05
5.569370000000000000e+05
5.404760000000000000e+05
5.205950000000000000e+05
5.105970000000000000e+05
4.952500000000000000e+05
4.711000000000000000e+05
4.725790000000000000e+05
4.410170000000000000e+05
4.316180000000000000e+05
4.265770000000000000e+05
4.075170000000000000e+05
7.110600000000000000e+05
7.023650000000000000e+05
6.881760000000000000e+05
6.702940000000000000e+05
6.541660000000000000e+05
6.391900000000000000e+05
6.257260000000000000e+05
6.178030000000000000e+05
6.081910000000000000e+05
6.010730000000000000e+05
5.926510000000000000e+05
5.847370000000000000e+05
5.808940000000000000e+05
5.739860000000000000e+05
5.655140000000000000e+05
5.596590000000000000e+05
5.441000000000000000e+05
5.204320000000000000e+05
5.147970000000000000e+05
4.877990000000000000e+05
4.787770000000000000e+05
4.631120000000000000e+05
4.369590000000000000e+05
4.224160000000000000e+05
4.200830000000000000e+05
4.044170000000000000e+05
6.976470000000000000e+05
6.822260000000000000e+05
6.661530000000000000e+05
6.501530000000000000e+05
6.358020000000000000e+05
6.267080000000000000e+05
6.158820000000000000e+05
6.097780000000000000e+05
6.025420000000000000e+05
5.956260000000000000e+05
5.887840000000000000e+05
5.845980000000000000e+05
5.760560000000000000e+05
5.704670000000000000e+05
5.616080000000000000e+05
5.502750000000000000e+05
5.244100000000000000e+05
5.042600000000000000e+05
4.805030000000000000e+05
4.785050000000000000e+05
4.612630000000000000e+05
4.497560000000000000e+05
4.320720000000000000e+05
4.054860000000000000e+05
4.119360000000000000e+05
6.778250000000000000e+05
6.619350000000000000e+05
6.469060000000000000e+05
6.369640000000000000e+05
6.254770000000000000e+05
6.179010000000000000e+05
6.111000000000000000e+05
6.054320000000000000e+05
5.969820000000000000e+05
5.935420000000000000e+05
5.847890000000000000e+05
5.791550000000000000e+05
5.702180000000000000e+05
5.649550000000000000e+05
5.454310000000000000e+05
5.346080000000000000e+05
5.206200000000000000e+05
4.968110000000000000e+05
4.959530000000000000e+05
4.658100000000000000e+05
4.570060000000000000e+05
4.518210000000000000e+05
4.347330000000000000e+05
4.271970000000000000e+05
6.567500000000000000e+05
6.453740000000000000e+05
6.327460000000000000e+05
6.237750000000000000e+05
6.159210000000000000e+05
6.103920000000000000e+05
6.023650000000000000e+05
5.990920000000000000e+05
5.904730000000000000e+05
5.853690000000000000e+05
5.767960000000000000e+05
5.719070000000000000e+05
5.701980000000000000e+05
5.467470000000000000e+05
5.394510000000000000e+05
5.156030000000000000e+05
5.132410000000000000e+05
4.798980000000000000e+05
4.773000000000000000e+05
4.612480000000000000e+05
4.466090000000000000e+05
4.363210000000000000e+05
4.133580000000000000e+05
6.385710000000000000e+05
6.286440000000000000e+05
6.198410000000000000e+05
6.139840000000000000e+05
6.066650000000000000e+05
6.040360000000000000e+05
5.958170000000000000e+05
5.913190000000000000e+05
5.833130000000000000e+05
5.788410000000000000e+05
5.774380000000000000e+05
5.672470000000000000e+05
5.523770000000000000e+05
5.403380000000000000e+05
5.300350000000000000e+05
4.997050000000000000e+05
4.916770000000000000e+05
4.708490000000000000e+05
4.623040000000000000e+05
4.574920000000000000e+05
4.281230000000000000e+05
4.123850000000000000e+05
6.249470000000000000e+05
6.179720000000000000e+05
6.109340000000000000e+05
6.087780000000000000e+05
5.988340000000000000e+05
5.973220000000000000e+05
5.898160000000000000e+05
5.856990000000000000e+05
5.846620000000000000e+05
5.748760000000000000e+05
5.642960000000000000e+05
5.594580000000000000e+05
5.405710000000000000e+05
5.311960000000000000e+05
5.191140000000000000e+05
4.930680000000000000e+05
4.750060000000000000e+05
4.714300000000000000e+05
4.580140000000000000e+05
4.398280000000000000e+05
4.268230000000000000e+05
6.152080000000000000e+05
6.135190000000000000e+05
6.030310000000000000e+05
6.031350000000000000e+05
5.962160000000000000e+05
5.925270000000000000e+05
5.919420000000000000e+05
5.825900000000000000e+05
5.728980000000000000e+05
5.673940000000000000e+05
5.519890000000000000e+05
5.317750000000000000e+05
5.312920000000000000e+05
5.182290000000000000e+05
5.099120000000000000e+05
4.865700000000000000e+05
4.581460000000000000e+05
4.636600000000000000e+05
4.367100000000000000e+05
4.324190000000000000e+05
6.082380000000000000e+05
6.089160000000000000e+05
6.025860000000000000e+05
5.994070000000000000e+05
5.992230000000000000e+05
5.906270000000000000e+05
5.818620000000000000e+05
5.769420000000000000e+05
5.799200000000000000e+05
5.725720000000000000e+05
5.494050000000000000e+05
5.488130000000000000e+05
5.209740000000000000e+05
5.117680000000000000e+05
5.036770000000000000e+05
4.917780000000000000e+05
4.734130000000000000e+05
4.392430000000000000e+05
4.398610000000000000e+05
6.089240000000000000e+05
6.063970000000000000e+05
6.068240000000000000e+05
5.989230000000000000e+05
5.908190000000000000e+05
5.860940000000000000e+05
5.889130000000000000e+05
5.903520000000000000e+05
5.672230000000000000e+05
5.652260000000000000e+05
5.332840000000000000e+05
5.348720000000000000e+05
5.139380000000000000e+05
4.956680000000000000e+05
4.813980000000000000e+05
4.570350000000000000e+05
4.548290000000000000e+05
4.350980000000000000e+05
6.140040000000000000e+05
6.065160000000000000e+05
5.990990000000000000e+05
5.949960000000000000e+05
5.972570000000000000e+05
5.989000000000000000e+05
5.891310000000000000e+05
5.811590000000000000e+05
5.524720000000000000e+05
5.416010000000000000e+05
5.282960000000000000e+05
5.122860000000000000e+05
4.998860000000000000e+05
4.695800000000000000e+05
4.457880000000000000e+05
4.477320000000000000e+05
4.357380000000000000e+05
6.065630000000000000e+05
6.039790000000000000e+05
6.047730000000000000e+05
6.065880000000000000e+05
5.970890000000000000e+05
5.892650000000000000e+05
5.809770000000000000e+05
5.670190000000000000e+05
5.445550000000000000e+05
5.180400000000000000e+05
5.076600000000000000e+05
4.919790000000000000e+05
4.726680000000000000e+05
4.552050000000000000e+05
4.310350000000000000e+05
4.289760000000000000e+05
6.108720000000000000e+05
6.129150000000000000e+05
6.037850000000000000e+05
5.962600000000000000e+05
5.779720000000000000e+05
5.755350000000000000e+05
5.627320000000000000e+05
5.490460000000000000e+05
5.218840000000000000e+05
4.939640000000000000e+05
4.948090000000000000e+05
4.615220000000000000e+05
4.534140000000000000e+05
4.517850000000000000e+05
4.298910000000000000e+05
6.094280000000000000e+05
6.023010000000000000e+05
5.842590000000000000e+05
5.894730000000000000e+05
5.864370000000000000e+05
5.579840000000000000e+05
5.447010000000000000e+05
5.302090000000000000e+05
5.165970000000000000e+05
4.941050000000000000e+05
4.618890000000000000e+05
4.570530000000000000e+05
4.355220000000000000e+05
4.269760000000000000e+05
5.894200000000000000e+05
5.944370000000000000e+05
5.986200000000000000e+05
5.672050000000000000e+05
5.650830000000000000e+05
5.405030000000000000e+05
5.181310000000000000e+05
5.026020000000000000e+05
4.780110000000000000e+05
4.701950000000000000e+05
4.508320000000000000e+05
4.183530000000000000e+05
3.987450000000000000e+05
6.021850000000000000e+05
5.824740000000000000e+05
5.680530000000000000e+05
5.540860000000000000e+05
5.343440000000000000e+05
5.214530000000000000e+05
4.870970000000000000e+05
4.642580000000000000e+05
4.593960000000000000e+05
4.456550000000000000e+05
4.188320000000000000e+05
4.107180000000000000e+05
5.911470000000000000e+05
5.687310000000000000e+05
5.380030000000000000e+05
5.251880000000000000e+05
5.072300000000000000e+05
4.882500000000000000e+05
4.672400000000000000e+05
4.407040000000000000e+05
4.340220000000000000e+05
4.146260000000000000e+05
3.844870000000000000e+05
5.444930000000000000e+05
5.306230000000000000e+05
5.108630000000000000e+05
4.913070000000000000e+05
4.719580000000000000e+05
4.430210000000000000e+05
4.334340000000000000e+05
4.133960000000000000e+05
3.840360000000000000e+05
3.942870000000000000e+05
5.138990000000000000e+05
4.933670000000000000e+05
4.728860000000000000e+05
4.439780000000000000e+05
4.333480000000000000e+05
4.124760000000000000e+05
3.857470000000000000e+05
3.954640000000000000e+05
3.672810000000000000e+05
4.740520000000000000e+05
4.451830000000000000e+05
4.332630000000000000e+05
4.117330000000000000e+05
3.869560000000000000e+05
3.970240000000000000e+05
3.663390000000000000e+05
3.472850000000000000e+05
4.337820000000000000e+05
4.122640000000000000e+05
3.887330000000000000e+05
3.957430000000000000e+05
3.661140000000000000e+05
3.457380000000000000e+05
3.510490000000000000e+05
3.908990000000000000e+05
3.940520000000000000e+05
3.653860000000000000e+05
3.451060000000000000e+05
3.493090000000000000e+05
3.248190000000000000e+05
3.653150000000000000e+05
3.446850000000000000e+05
3.479270000000000000e+05
3.252350000000000000e+05
3.242430000000000000e+05
3.473010000000000000e+05
3.258310000000000000e+05
3.248440000000000000e+05
3.128780000000000000e+05
3.256750000000000000e+05
3.117080000000000000e+05
2.885480000000000000e+05
2.886990000000000000e+05
2.681070000000000000e+05
2.673760000000000000e+05
