5.278429000000000000e+06
5.515374000000000000e+06
5.739228000000000000e+06
5.955065000000000000e+06
6.189824000000000000e+06
6.623920000000000000e+06
7.067489000000000000e+06
7.500329000000000000e+06
7.934640000000000000e+06
8.365842000000000000e+06
8.781771000000000000e+06
9.208549000000000000e+06
9.585151000000000000e+06
9.969483000000000000e+06
1.035227400000000000e+07
1.072819700000000000e+07
1.107518800000000000e+07
1.144069900000000000e+07
1.177484000000000000e+07
1.209094000000000000e+07
1.289171700000000000e+07
1.362296100000000000e+07
1.432493300000000000e+07
1.496689500000000000e+07
1.557831900000000000e+07
1.613006200000000000e+07
1.666964900000000000e+07
1.717753900000000000e+07
1.766009200000000000e+07
1.809310400000000000e+07
1.890514100000000000e+07
1.963971800000000000e+07
2.030273100000000000e+07
2.092608600000000000e+07
2.144841700000000000e+07
2.194520000000000000e+07
2.241522400000000000e+07
2.283814500000000000e+07
2.320139000000000000e+07
2.353080700000000000e+07
5.606984000000000000e+06
5.818439000000000000e+06
6.048085000000000000e+06
6.252359000000000000e+06
6.684865000000000000e+06
7.121753000000000000e+06
7.555480000000000000e+06
7.969908000000000000e+06
8.391687000000000000e+06
8.801978000000000000e+06
9.194341000000000000e+06
9.598161000000000000e+06
9.985846000000000000e+06
1.035010100000000000e+07
1.070924900000000000e+07
1.105294900000000000e+07
1.141403700000000000e+07
1.174276500000000000e+07
1.207918400000000000e+07
1.286409600000000000e+07
1.357831000000000000e+07
1.427543500000000000e+07
1.489980200000000000e+07
1.550516700000000000e+07
1.608070700000000000e+07
1.660120700000000000e+07
1.714063800000000000e+07
1.754998300000000000e+07
1.804274600000000000e+07
1.884973100000000000e+07
1.952517800000000000e+07
2.022074300000000000e+07
2.082435900000000000e+07
2.134353900000000000e+07
2.184826300000000000e+07
2.231184500000000000e+07
2.272651700000000000e+07
2.312395300000000000e+07
2.345195900000000000e+07
5.899189000000000000e+06
6.099239000000000000e+06
6.314963000000000000e+06
6.741248000000000000e+06
7.158654000000000000e+06
7.580951000000000000e+06
8.005223000000000000e+06
8.415212000000000000e+06
8.839232000000000000e+06
9.214642000000000000e+06
9.593519000000000000e+06
9.975561000000000000e+06
1.035049400000000000e+07
1.069500000000000000e+07
1.105877400000000000e+07
1.139163100000000000e+07
1.170683800000000000e+07
1.203752500000000000e+07
1.280322400000000000e+07
1.350369500000000000e+07
1.419917200000000000e+07
1.483920900000000000e+07
1.543990300000000000e+07
1.599997800000000000e+07
1.651989000000000000e+07
1.703496500000000000e+07
1.749385700000000000e+07
1.793723400000000000e+07
1.877228600000000000e+07
1.947422000000000000e+07
2.016164600000000000e+07
2.075390300000000000e+07
2.130191400000000000e+07
2.177752800000000000e+07
2.221092800000000000e+07
2.254291900000000000e+07
2.304160400000000000e+07
2.338010200000000000e+07
6.151392000000000000e+06
6.355594000000000000e+06
6.776080000000000000e+06
7.196058000000000000e+06
7.601607000000000000e+06
8.017258000000000000e+06
8.424230000000000000e+06
8.813962000000000000e+06
9.215145000000000000e+06
9.601323000000000000e+06
9.963132000000000000e+06
1.031992300000000000e+07
1.066320400000000000e+07
1.102283200000000000e+07
1.135156400000000000e+07
1.168713600000000000e+07
1.200264600000000000e+07
1.275613200000000000e+07
1.348172300000000000e+07
1.414031800000000000e+07
1.479701900000000000e+07
1.534993300000000000e+07
1.590283000000000000e+07
1.644660700000000000e+07
1.693552400000000000e+07
1.741179100000000000e+07
1.787442000000000000e+07
1.868414000000000000e+07
1.937776600000000000e+07
2.004258000000000000e+07
2.062023700000000000e+07
2.120710300000000000e+07
2.167285100000000000e+07
2.214106700000000000e+07
2.256281800000000000e+07
2.293640100000000000e+07
2.330086400000000000e+07
6.393844000000000000e+06
6.797951000000000000e+06
7.208027000000000000e+06
7.624482000000000000e+06
8.028881000000000000e+06
8.449739000000000000e+06
8.823694000000000000e+06
9.200730000000000000e+06
9.580561000000000000e+06
9.954656000000000000e+06
1.029711900000000000e+07
1.065931100000000000e+07
1.099144700000000000e+07
1.130647300000000000e+07
1.163906000000000000e+07
1.197918300000000000e+07
1.272476100000000000e+07
1.342666900000000000e+07
1.407612000000000000e+07
1.474266800000000000e+07
1.529304700000000000e+07
1.582763600000000000e+07
1.636715200000000000e+07
1.686573700000000000e+07
1.731501700000000000e+07
1.776060300000000000e+07
1.854374000000000000e+07
1.928373100000000000e+07
1.993107600000000000e+07
2.053787000000000000e+07
2.107120300000000000e+07
2.158371400000000000e+07
2.205804400000000000e+07
2.248934200000000000e+07
2.286965300000000000e+07
2.318671200000000000e+07
6.823749000000000000e+06
7.229998000000000000e+06
7.627761000000000000e+06
8.044448000000000000e+06
8.416670000000000000e+06
8.791774000000000000e+06
9.171177000000000000e+06
9.543728000000000000e+06
9.885117000000000000e+06
1.024610000000000000e+07
1.058186000000000000e+07
1.089577500000000000e+07
1.122980500000000000e+07
1.157154100000000000e+07
1.186729200000000000e+07
1.259455500000000000e+07
1.329965500000000000e+07
1.394274300000000000e+07
1.456234400000000000e+07
1.515440700000000000e+07
1.568800300000000000e+07
1.624398800000000000e+07
1.666910400000000000e+07
1.717796600000000000e+07
1.758052300000000000e+07
1.838281500000000000e+07
1.909258300000000000e+07
1.978624200000000000e+07
2.036440100000000000e+07
2.089584000000000000e+07
2.139409000000000000e+07
2.186621700000000000e+07
2.228712100000000000e+07
2.270051600000000000e+07
2.303851600000000000e+07
7.216422000000000000e+06
7.627416000000000000e+06
7.997647000000000000e+06
8.370908000000000000e+06
8.749138000000000000e+06
9.122512000000000000e+06
9.463765000000000000e+06
9.823390000000000000e+06
1.016229200000000000e+07
1.047714800000000000e+07
1.081332400000000000e+07
1.115677100000000000e+07
1.145386200000000000e+07
1.174263000000000000e+07
1.248238500000000000e+07
1.315760700000000000e+07
1.382770600000000000e+07
1.439770800000000000e+07
1.496854900000000000e+07
1.552750400000000000e+07
1.603315100000000000e+07
1.652395100000000000e+07
1.700368800000000000e+07
1.738985600000000000e+07
1.819518300000000000e+07
1.892452500000000000e+07
1.957283100000000000e+07
2.019236600000000000e+07
2.072210000000000000e+07
2.121370700000000000e+07
2.168376300000000000e+07
2.211869800000000000e+07
2.249853900000000000e+07
2.285336800000000000e+07
7.571825000000000000e+06
7.943992000000000000e+06
8.321422000000000000e+06
8.695461000000000000e+06
9.038164000000000000e+06
9.397646000000000000e+06
9.737943000000000000e+06
1.005424800000000000e+07
1.039264500000000000e+07
1.073727600000000000e+07
1.103561700000000000e+07
1.132689900000000000e+07
1.162629400000000000e+07
1.235476600000000000e+07
1.302394800000000000e+07
1.366786400000000000e+07
1.425159400000000000e+07
1.482292300000000000e+07
1.535400200000000000e+07
1.587117500000000000e+07
1.633527300000000000e+07
1.679764100000000000e+07
1.721049800000000000e+07
1.800476000000000000e+07
1.872234400000000000e+07
1.940229400000000000e+07
1.998634800000000000e+07
2.052336900000000000e+07
2.104958800000000000e+07
2.151351100000000000e+07
2.191737400000000000e+07
2.228751200000000000e+07
2.269908700000000000e+07
7.889250000000000000e+06
8.263537000000000000e+06
8.607783000000000000e+06
8.967439000000000000e+06
9.308775000000000000e+06
9.626402000000000000e+06
9.966452000000000000e+06
1.031245800000000000e+07
1.061211800000000000e+07
1.090595300000000000e+07
1.120773300000000000e+07
1.148653500000000000e+07
1.220505500000000000e+07
1.287996100000000000e+07
1.351691300000000000e+07
1.410790400000000000e+07
1.465790600000000000e+07
1.520423700000000000e+07
1.570110100000000000e+07
1.617065600000000000e+07
1.661066500000000000e+07
1.707486800000000000e+07
1.783689600000000000e+07
1.859008600000000000e+07
1.923666500000000000e+07
1.984225900000000000e+07
2.036790200000000000e+07
2.084986600000000000e+07
2.121689900000000000e+07
2.177117700000000000e+07
2.214973900000000000e+07
2.251147000000000000e+07
8.172131000000000000e+06
8.532627000000000000e+06
8.875554000000000000e+06
9.194591000000000000e+06
9.538428000000000000e+06
9.883351000000000000e+06
1.018466500000000000e+07
1.048102900000000000e+07
1.078527800000000000e+07
1.106796000000000000e+07
1.138750900000000000e+07
1.206875800000000000e+07
1.276667000000000000e+07
1.335277800000000000e+07
1.392371700000000000e+07
1.449819000000000000e+07
1.503583900000000000e+07
1.551641800000000000e+07
1.599735200000000000e+07
1.645419500000000000e+07
1.684703700000000000e+07
1.764755700000000000e+07
1.836730500000000000e+07
1.903178200000000000e+07
1.961988300000000000e+07
2.018646400000000000e+07
2.070770900000000000e+07
2.118740700000000000e+07
2.161074800000000000e+07
2.196394900000000000e+07
2.232686900000000000e+07
8.439198000000000000e+06
8.759821000000000000e+06
9.105861000000000000e+06
9.451185000000000000e+06
9.754298000000000000e+06
1.005323800000000000e+07
1.035978400000000000e+07
1.064668300000000000e+07
1.096718300000000000e+07
1.124498300000000000e+07
1.192984100000000000e+07
1.258053500000000000e+07
1.321229500000000000e+07
1.378021100000000000e+07
1.436929500000000000e+07
1.483660100000000000e+07
1.538650400000000000e+07
1.581943900000000000e+07
1.629249800000000000e+07
1.669291900000000000e+07
1.747070100000000000e+07
1.823347200000000000e+07
1.886781600000000000e+07
1.945862900000000000e+07
2.001007200000000000e+07
2.052976800000000000e+07
2.099964800000000000e+07
2.145556500000000000e+07
2.183206800000000000e+07
2.218095800000000000e+07
8.670080000000000000e+06
9.016887000000000000e+06
9.321883000000000000e+06
9.623416000000000000e+06
9.931807000000000000e+06
1.022302800000000000e+07
1.054432700000000000e+07
1.082456000000000000e+07
1.110523500000000000e+07
1.180694100000000000e+07
1.241905900000000000e+07
1.302890900000000000e+07
1.362323200000000000e+07
1.417094700000000000e+07
1.469950100000000000e+07
1.521368000000000000e+07
1.564551500000000000e+07
1.613221200000000000e+07
1.651585000000000000e+07
1.731391000000000000e+07
1.802952100000000000e+07
1.871029300000000000e+07
1.929693200000000000e+07
1.984223700000000000e+07
2.036315500000000000e+07
2.084054800000000000e+07
2.126386200000000000e+07
2.165647000000000000e+07
2.206950200000000000e+07
8.888147000000000000e+06
9.191953000000000000e+06
9.502339000000000000e+06
9.797505000000000000e+06
1.012001100000000000e+07
1.040320500000000000e+07
1.068765000000000000e+07
1.096651500000000000e+07
1.165142900000000000e+07
1.227740600000000000e+07
1.288763900000000000e+07
1.345472100000000000e+07
1.401582600000000000e+07
1.452334900000000000e+07
1.502330100000000000e+07
1.547572200000000000e+07
1.592172700000000000e+07
1.634618600000000000e+07
1.712807000000000000e+07
1.786889900000000000e+07
1.852673100000000000e+07
1.910742000000000000e+07
1.969178900000000000e+07
2.019599200000000000e+07
2.064632100000000000e+07
2.106100800000000000e+07
2.151841700000000000e+07
2.187521900000000000e+07
9.072402000000000000e+06
9.371643000000000000e+06
9.695499000000000000e+06
9.981232000000000000e+06
1.026963100000000000e+07
1.055131900000000000e+07
1.083161800000000000e+07
1.151131700000000000e+07
1.214207300000000000e+07
1.273344200000000000e+07
1.331349200000000000e+07
1.385759600000000000e+07
1.437258600000000000e+07
1.485071000000000000e+07
1.535459000000000000e+07
1.574815200000000000e+07
1.619268100000000000e+07
1.701426500000000000e+07
1.772558900000000000e+07
1.839266600000000000e+07
1.897115600000000000e+07
1.950660800000000000e+07
1.990816100000000000e+07
2.051675400000000000e+07
2.093380700000000000e+07
2.133910800000000000e+07
2.178367000000000000e+07
9.271259000000000000e+06
9.558614000000000000e+06
9.851785000000000000e+06
1.013675000000000000e+07
1.042086500000000000e+07
1.072860100000000000e+07
1.135697100000000000e+07
1.197621700000000000e+07
1.258696500000000000e+07
1.317284500000000000e+07
1.369698400000000000e+07
1.422158300000000000e+07
1.471600900000000000e+07
1.514796600000000000e+07
1.562822700000000000e+07
1.602064000000000000e+07
1.681384700000000000e+07
1.753865700000000000e+07
1.818018300000000000e+07
1.880593200000000000e+07
1.937511700000000000e+07
1.990241900000000000e+07
2.036625900000000000e+07
2.075749600000000000e+07
2.115948000000000000e+07
2.155088300000000000e+07
9.435130000000000000e+06
9.723330000000000000e+06
1.001108100000000000e+07
1.032144100000000000e+07
1.055835000000000000e+07
1.123411500000000000e+07
1.184613700000000000e+07
1.247899200000000000e+07
1.299430800000000000e+07
1.358211600000000000e+07
1.405488700000000000e+07
1.457564000000000000e+07
1.501413200000000000e+07
1.542054700000000000e+07
1.586270500000000000e+07
1.669694500000000000e+07
1.738565300000000000e+07
1.803825300000000000e+07
1.864266600000000000e+07
1.920882500000000000e+07
1.972767800000000000e+07
2.022527900000000000e+07
2.064094200000000000e+07
2.102896400000000000e+07
2.143341500000000000e+07
9.602276000000000000e+06
9.914807000000000000e+06
1.015592300000000000e+07
1.041878800000000000e+07
1.107299000000000000e+07
1.170994400000000000e+07
1.230664400000000000e+07
1.287897700000000000e+07
1.343492900000000000e+07
1.391169600000000000e+07
1.443030300000000000e+07
1.485510000000000000e+07
1.529307700000000000e+07
1.572059200000000000e+07
1.650449700000000000e+07
1.724462300000000000e+07
1.789095400000000000e+07
1.848684300000000000e+07
1.905970300000000000e+07
1.957640400000000000e+07
2.004400100000000000e+07
2.047182800000000000e+07
2.092551700000000000e+07
2.136966300000000000e+07
9.754829000000000000e+06
1.002129300000000000e+07
1.029760900000000000e+07
1.095341800000000000e+07
1.156451800000000000e+07
1.216949400000000000e+07
1.272473100000000000e+07
1.326059400000000000e+07
1.375339700000000000e+07
1.424353600000000000e+07
1.470017600000000000e+07
1.515901000000000000e+07
1.555133700000000000e+07
1.635129800000000000e+07
1.708066300000000000e+07
1.771132400000000000e+07
1.834826500000000000e+07
1.889448700000000000e+07
1.938985200000000000e+07
1.984754700000000000e+07
2.034952600000000000e+07
2.074467700000000000e+07
2.115614100000000000e+07
9.905108000000000000e+06
1.018440600000000000e+07
1.082128900000000000e+07
1.144471300000000000e+07
1.203181300000000000e+07
1.258800200000000000e+07
1.311071200000000000e+07
1.364577000000000000e+07
1.408612400000000000e+07
1.456675200000000000e+07
1.501850600000000000e+07
1.545168600000000000e+07
1.623176700000000000e+07
1.695954900000000000e+07
1.758727100000000000e+07
1.817871200000000000e+07
1.861554400000000000e+07
1.927384400000000000e+07
1.972903800000000000e+07
2.017745100000000000e+07
2.066092600000000000e+07
2.100430600000000000e+07
1.004536700000000000e+07
1.069437000000000000e+07
1.132614300000000000e+07
1.189346600000000000e+07
1.246174000000000000e+07
1.299263600000000000e+07
1.346416000000000000e+07
1.398111200000000000e+07
1.441070300000000000e+07
1.484230800000000000e+07
1.527446800000000000e+07
1.605809900000000000e+07
1.675715900000000000e+07
1.744236500000000000e+07
1.805313000000000000e+07
1.862693000000000000e+07
1.913509000000000000e+07
1.956271800000000000e+07
2.000330800000000000e+07
2.043244400000000000e+07
2.083749100000000000e+07
1.040765500000000000e+07
1.099743900000000000e+07
1.158822400000000000e+07
1.213853500000000000e+07
1.262649400000000000e+07
1.316241000000000000e+07
1.361267600000000000e+07
1.406166800000000000e+07
1.450904600000000000e+07
1.492538500000000000e+07
1.572436000000000000e+07
1.642210000000000000e+07
1.706774700000000000e+07
1.768695300000000000e+07
1.817061500000000000e+07
1.876648500000000000e+07
1.929990500000000000e+07
1.973949900000000000e+07
2.012283300000000000e+07
2.050883900000000000e+07
1.071790300000000000e+07
1.128767100000000000e+07
1.179601300000000000e+07
1.234799400000000000e+07
1.281750100000000000e+07
1.328361000000000000e+07
1.374361400000000000e+07
1.417548700000000000e+07
1.458962900000000000e+07
1.534541400000000000e+07
1.608545800000000000e+07
1.673914900000000000e+07
1.735850500000000000e+07
1.791501900000000000e+07
1.837703600000000000e+07
1.885292400000000000e+07
1.932095600000000000e+07
1.975346300000000000e+07
2.017959400000000000e+07
1.096815400000000000e+07
1.153579200000000000e+07
1.202567200000000000e+07
1.250824000000000000e+07
1.298068800000000000e+07
1.342744200000000000e+07
1.385860900000000000e+07
1.428724500000000000e+07
1.504337100000000000e+07
1.573738100000000000e+07
1.640378800000000000e+07
1.692952200000000000e+07
1.756584300000000000e+07
1.813975500000000000e+07
1.861349400000000000e+07
1.903283700000000000e+07
1.944932200000000000e+07
1.989875100000000000e+07
1.123581700000000000e+07
1.173406400000000000e+07
1.221972200000000000e+07
1.268452100000000000e+07
1.312907000000000000e+07
1.357277500000000000e+07
1.394573500000000000e+07
1.473455400000000000e+07
1.543387100000000000e+07
1.609808400000000000e+07
1.670116100000000000e+07
1.719958800000000000e+07
1.771122400000000000e+07
1.821418900000000000e+07
1.867810100000000000e+07
1.914057400000000000e+07
1.956005700000000000e+07
1.146085100000000000e+07
1.194410400000000000e+07
1.240361900000000000e+07
1.285999300000000000e+07
1.324863900000000000e+07
1.366814400000000000e+07
1.441246700000000000e+07
1.512579900000000000e+07
1.569761200000000000e+07
1.637568500000000000e+07
1.698445900000000000e+07
1.749662900000000000e+07
1.794723800000000000e+07
1.839518700000000000e+07
1.887691800000000000e+07
1.924863900000000000e+07
1.167994100000000000e+07
1.214960600000000000e+07
1.255353200000000000e+07
1.298395300000000000e+07
1.338707900000000000e+07
1.413757300000000000e+07
1.484377400000000000e+07
1.549460100000000000e+07
1.603120000000000000e+07
1.657728100000000000e+07
1.711502000000000000e+07
1.760900400000000000e+07
1.810574200000000000e+07
1.855220800000000000e+07
1.893166800000000000e+07
1.185989600000000000e+07
1.230239800000000000e+07
1.271636700000000000e+07
1.309619700000000000e+07
1.385336500000000000e+07
1.447282100000000000e+07
1.519193400000000000e+07
1.583284700000000000e+07
1.638730900000000000e+07
1.686844900000000000e+07
1.734715900000000000e+07
1.786326200000000000e+07
1.825608100000000000e+07
1.863451400000000000e+07
1.204691700000000000e+07
1.244197200000000000e+07
1.284692500000000000e+07
1.359582200000000000e+07
1.429358300000000000e+07
1.487131200000000000e+07
1.545149200000000000e+07
1.602122400000000000e+07
1.654445000000000000e+07
1.707741300000000000e+07
1.754985000000000000e+07
1.795539000000000000e+07
1.840617100000000000e+07
1.220314600000000000e+07
1.258849200000000000e+07
1.325795000000000000e+07
1.401358600000000000e+07
1.468840200000000000e+07
1.528319500000000000e+07
1.579643000000000000e+07
1.630067900000000000e+07
1.685192900000000000e+07
1.726759200000000000e+07
1.767259400000000000e+07
1.812459700000000000e+07
1.235190600000000000e+07
1.309650200000000000e+07
1.371614300000000000e+07
1.433245700000000000e+07
1.493512600000000000e+07
1.548505200000000000e+07
1.605452500000000000e+07
1.655353500000000000e+07
1.698335400000000000e+07
1.746379900000000000e+07
1.784625600000000000e+07
1.256586900000000000e+07
1.321649300000000000e+07
1.385648700000000000e+07
1.443061100000000000e+07
1.503520900000000000e+07
1.556042700000000000e+07
1.601753700000000000e+07
1.652719700000000000e+07
1.692874300000000000e+07
1.738318000000000000e+07
1.278399700000000000e+07
1.338130300000000000e+07
1.402220100000000000e+07
1.457195300000000000e+07
1.505561300000000000e+07
1.559501600000000000e+07
1.601672800000000000e+07
1.649470300000000000e+07
1.692662100000000000e+07
1.301382200000000000e+07
1.358777400000000000e+07
1.409877200000000000e+07
1.466548300000000000e+07
1.511019300000000000e+07
1.560685700000000000e+07
1.605906200000000000e+07
1.643143000000000000e+07
1.314503400000000000e+07
1.373696300000000000e+07
1.420773500000000000e+07
1.471937700000000000e+07
1.519619000000000000e+07
1.559313900000000000e+07
1.607071700000000000e+07
1.330473100000000000e+07
1.383258600000000000e+07
1.433309600000000000e+07
1.475731800000000000e+07
1.524275500000000000e+07
1.559131300000000000e+07
1.347182000000000000e+07
1.392235000000000000e+07
1.441598700000000000e+07
1.479484700000000000e+07
1.526200500000000000e+07
1.359532700000000000e+07
1.399957900000000000e+07
1.448322700000000000e+07
1.488675200000000000e+07
1.370477800000000000e+07
1.412918200000000000e+07
1.447738000000000000e+07
1.373333300000000000e+07
1.410190600000000000e+07
1.388529700000000000e+07
