7.403885000000000000e+05
7.356500000000000000e+05
7.325665000000000000e+05
7.279810000000000000e+05
7.220950000000000000e+05
7.092670000000000000e+05
6.942520000000000000e+05
6.799880000000000000e+05
6.616765000000000000e+05
6.448805000000000000e+05
6.330135000000000000e+05
6.190055000000000000e+05
6.105480000000000000e+05
6.013740000000000000e+05
5.919790000000000000e+05
5.839520000000000000e+05
5.752295000000000000e+05
5.660360000000000000e+05
5.600250000000000000e+05
5.508880000000000000e+05
5.336840000000000000e+05
5.141575000000000000e+05
4.992185000000000000e+05
4.839165000000000000e+05
4.652675000000000000e+05
4.509845000000000000e+05
4.330970000000000000e+05
4.178375000000000000e+05
4.055680000000000000e+05
3.921705000000000000e+05
3.665600000000000000e+05
3.441235000000000000e+05
3.201880000000000000e+05
3.032185000000000000e+05
2.883035000000000000e+05
2.678820000000000000e+05
2.583460000000000000e+05
2.465335000000000000e+05
2.380450000000000000e+05
2.190005000000000000e+05
7.328950000000000000e+05
7.289145000000000000e+05
7.237185000000000000e+05
7.180815000000000000e+05
7.065380000000000000e+05
6.924145000000000000e+05
6.764000000000000000e+05
6.589910000000000000e+05
6.435865000000000000e+05
6.315420000000000000e+05
6.199790000000000000e+05
6.081035000000000000e+05
6.001535000000000000e+05
5.911685000000000000e+05
5.835545000000000000e+05
5.746065000000000000e+05
5.673940000000000000e+05
5.616270000000000000e+05
5.542005000000000000e+05
5.361265000000000000e+05
5.185600000000000000e+05
5.025360000000000000e+05
4.854200000000000000e+05
4.668550000000000000e+05
4.548510000000000000e+05
4.376210000000000000e+05
4.206475000000000000e+05
4.083715000000000000e+05
3.969640000000000000e+05
3.669555000000000000e+05
3.455920000000000000e+05
3.270595000000000000e+05
3.035675000000000000e+05
2.913725000000000000e+05
2.760985000000000000e+05
2.626190000000000000e+05
2.491680000000000000e+05
2.371260000000000000e+05
2.237125000000000000e+05
7.253250000000000000e+05
7.202580000000000000e+05
7.149105000000000000e+05
7.025830000000000000e+05
6.916105000000000000e+05
6.748310000000000000e+05
6.573740000000000000e+05
6.439840000000000000e+05
6.280725000000000000e+05
6.174760000000000000e+05
6.089115000000000000e+05
5.990470000000000000e+05
5.914085000000000000e+05
5.835175000000000000e+05
5.755040000000000000e+05
5.700040000000000000e+05
5.621205000000000000e+05
5.566310000000000000e+05
5.380675000000000000e+05
5.244190000000000000e+05
5.051120000000000000e+05
4.899795000000000000e+05
4.733715000000000000e+05
4.561265000000000000e+05
4.405415000000000000e+05
4.217275000000000000e+05
4.071975000000000000e+05
3.959405000000000000e+05
3.705570000000000000e+05
3.485925000000000000e+05
3.284080000000000000e+05
3.114650000000000000e+05
2.949830000000000000e+05
2.786075000000000000e+05
2.646110000000000000e+05
2.542115000000000000e+05
2.381205000000000000e+05
2.284310000000000000e+05
7.181675000000000000e+05
7.140210000000000000e+05
7.026330000000000000e+05
6.894755000000000000e+05
6.726335000000000000e+05
6.555020000000000000e+05
6.417680000000000000e+05
6.285225000000000000e+05
6.149770000000000000e+05
6.057760000000000000e+05
5.986480000000000000e+05
5.916695000000000000e+05
5.839565000000000000e+05
5.775220000000000000e+05
5.725795000000000000e+05
5.658110000000000000e+05
5.590710000000000000e+05
5.434685000000000000e+05
5.244390000000000000e+05
5.061505000000000000e+05
4.915340000000000000e+05
4.765325000000000000e+05
4.577545000000000000e+05
4.452630000000000000e+05
4.272260000000000000e+05
4.136735000000000000e+05
3.974415000000000000e+05
3.713885000000000000e+05
3.524510000000000000e+05
3.309790000000000000e+05
3.136995000000000000e+05
2.972250000000000000e+05
2.781715000000000000e+05
2.666710000000000000e+05
2.533840000000000000e+05
2.416725000000000000e+05
2.357405000000000000e+05
7.113465000000000000e+05
7.021780000000000000e+05
6.874415000000000000e+05
6.702225000000000000e+05
6.553195000000000000e+05
6.380010000000000000e+05
6.260825000000000000e+05
6.158740000000000000e+05
6.063485000000000000e+05
5.992970000000000000e+05
5.926945000000000000e+05
5.859690000000000000e+05
5.810365000000000000e+05
5.741425000000000000e+05
5.681860000000000000e+05
5.598095000000000000e+05
5.450175000000000000e+05
5.260900000000000000e+05
5.104700000000000000e+05
4.940800000000000000e+05
4.745410000000000000e+05
4.610320000000000000e+05
4.406350000000000000e+05
4.281195000000000000e+05
4.171145000000000000e+05
4.047465000000000000e+05
3.772045000000000000e+05
3.566540000000000000e+05
3.343825000000000000e+05
3.158395000000000000e+05
2.994855000000000000e+05
2.835045000000000000e+05
2.700330000000000000e+05
2.572330000000000000e+05
2.469500000000000000e+05
2.364240000000000000e+05
6.970070000000000000e+05
6.822500000000000000e+05
6.673435000000000000e+05
6.490550000000000000e+05
6.362240000000000000e+05
6.248900000000000000e+05
6.143615000000000000e+05
6.080610000000000000e+05
6.025610000000000000e+05
5.965850000000000000e+05
5.901285000000000000e+05
5.846800000000000000e+05
5.787375000000000000e+05
5.705285000000000000e+05
5.648265000000000000e+05
5.473910000000000000e+05
5.304870000000000000e+05
5.127435000000000000e+05
4.933525000000000000e+05
4.802670000000000000e+05
4.628220000000000000e+05
4.462240000000000000e+05
4.334795000000000000e+05
4.207135000000000000e+05
4.076775000000000000e+05
3.837560000000000000e+05
3.616280000000000000e+05
3.398450000000000000e+05
3.244805000000000000e+05
3.070860000000000000e+05
2.894670000000000000e+05
2.728920000000000000e+05
2.580705000000000000e+05
2.466185000000000000e+05
2.346385000000000000e+05
6.789805000000000000e+05
6.608320000000000000e+05
6.473010000000000000e+05
6.352780000000000000e+05
6.241355000000000000e+05
6.162145000000000000e+05
6.111115000000000000e+05
6.059075000000000000e+05
5.986110000000000000e+05
5.935570000000000000e+05
5.874505000000000000e+05
5.791520000000000000e+05
5.732960000000000000e+05
5.682255000000000000e+05
5.489545000000000000e+05
5.305800000000000000e+05
5.162670000000000000e+05
5.022450000000000000e+05
4.817385000000000000e+05
4.697735000000000000e+05
4.521550000000000000e+05
4.392830000000000000e+05
4.244795000000000000e+05
4.167320000000000000e+05
3.927220000000000000e+05
3.661900000000000000e+05
3.482380000000000000e+05
3.297835000000000000e+05
3.099455000000000000e+05
2.942005000000000000e+05
2.816700000000000000e+05
2.627195000000000000e+05
2.538145000000000000e+05
2.396885000000000000e+05
6.571635000000000000e+05
6.439315000000000000e+05
6.315580000000000000e+05
6.221510000000000000e+05
6.159340000000000000e+05
6.109830000000000000e+05
6.038630000000000000e+05
5.990455000000000000e+05
5.931785000000000000e+05
5.853345000000000000e+05
5.798585000000000000e+05
5.751815000000000000e+05
5.649990000000000000e+05
5.504415000000000000e+05
5.363680000000000000e+05
5.158275000000000000e+05
5.015435000000000000e+05
4.876315000000000000e+05
4.717260000000000000e+05
4.591375000000000000e+05
4.476065000000000000e+05
4.289980000000000000e+05
4.201960000000000000e+05
3.947145000000000000e+05
3.723630000000000000e+05
3.499085000000000000e+05
3.318285000000000000e+05
3.110160000000000000e+05
2.971875000000000000e+05
2.824460000000000000e+05
2.711650000000000000e+05
2.513590000000000000e+05
2.430715000000000000e+05
6.373985000000000000e+05
6.269675000000000000e+05
6.198820000000000000e+05
6.146380000000000000e+05
6.081450000000000000e+05
6.038985000000000000e+05
5.985135000000000000e+05
5.912460000000000000e+05
5.862435000000000000e+05
5.819945000000000000e+05
5.723725000000000000e+05
5.705770000000000000e+05
5.518025000000000000e+05
5.385680000000000000e+05
5.226755000000000000e+05
5.067550000000000000e+05
4.937495000000000000e+05
4.749015000000000000e+05
4.599960000000000000e+05
4.512285000000000000e+05
4.410235000000000000e+05
4.220920000000000000e+05
4.019370000000000000e+05
3.755535000000000000e+05
3.552215000000000000e+05
3.361570000000000000e+05
3.153150000000000000e+05
2.988160000000000000e+05
2.848975000000000000e+05
2.675475000000000000e+05
2.543395000000000000e+05
2.454085000000000000e+05
6.249225000000000000e+05
6.187020000000000000e+05
6.122900000000000000e+05
6.085885000000000000e+05
6.025950000000000000e+05
5.971695000000000000e+05
5.926845000000000000e+05
5.888250000000000000e+05
5.797775000000000000e+05
5.783000000000000000e+05
5.690725000000000000e+05
5.558485000000000000e+05
5.435965000000000000e+05
5.258245000000000000e+05
5.152220000000000000e+05
4.958745000000000000e+05
4.815145000000000000e+05
4.711640000000000000e+05
4.583200000000000000e+05
4.429115000000000000e+05
4.299270000000000000e+05
4.054850000000000000e+05
3.766745000000000000e+05
3.553505000000000000e+05
3.351950000000000000e+05
3.155990000000000000e+05
2.986530000000000000e+05
2.824855000000000000e+05
2.694790000000000000e+05
2.574040000000000000e+05
2.408355000000000000e+05
6.165685000000000000e+05
6.132465000000000000e+05
6.072725000000000000e+05
6.029805000000000000e+05
5.990695000000000000e+05
5.956665000000000000e+05
5.872020000000000000e+05
5.861640000000000000e+05
5.774885000000000000e+05
5.733685000000000000e+05
5.599565000000000000e+05
5.443095000000000000e+05
5.329900000000000000e+05
5.167410000000000000e+05
5.035925000000000000e+05
4.887895000000000000e+05
4.730175000000000000e+05
4.596815000000000000e+05
4.423415000000000000e+05
4.320075000000000000e+05
4.080005000000000000e+05
3.783600000000000000e+05
3.573685000000000000e+05
3.368840000000000000e+05
3.134605000000000000e+05
2.961540000000000000e+05
2.761055000000000000e+05
2.629010000000000000e+05
2.500970000000000000e+05
2.375280000000000000e+05
6.123865000000000000e+05
6.086620000000000000e+05
6.053445000000000000e+05
6.024990000000000000e+05
5.946810000000000000e+05
5.942050000000000000e+05
5.862350000000000000e+05
5.828095000000000000e+05
5.767600000000000000e+05
5.672220000000000000e+05
5.547575000000000000e+05
5.360285000000000000e+05
5.245155000000000000e+05
5.066550000000000000e+05
4.932565000000000000e+05
4.785815000000000000e+05
4.634390000000000000e+05
4.443320000000000000e+05
4.376990000000000000e+05
4.036605000000000000e+05
3.786990000000000000e+05
3.563560000000000000e+05
3.321810000000000000e+05
3.133935000000000000e+05
2.980210000000000000e+05
2.768170000000000000e+05
2.643875000000000000e+05
2.491875000000000000e+05
2.347570000000000000e+05
6.116280000000000000e+05
6.094375000000000000e+05
6.024570000000000000e+05
6.024655000000000000e+05
5.949670000000000000e+05
5.918605000000000000e+05
5.860025000000000000e+05
5.855450000000000000e+05
5.673935000000000000e+05
5.547140000000000000e+05
5.417075000000000000e+05
5.270470000000000000e+05
5.108150000000000000e+05
4.951750000000000000e+05
4.742890000000000000e+05
4.628215000000000000e+05
4.449780000000000000e+05
4.291635000000000000e+05
4.041710000000000000e+05
3.760600000000000000e+05
3.514215000000000000e+05
3.294140000000000000e+05
3.114550000000000000e+05
2.936160000000000000e+05
2.798135000000000000e+05
2.588425000000000000e+05
2.487870000000000000e+05
2.334050000000000000e+05
6.098595000000000000e+05
6.099805000000000000e+05
6.029985000000000000e+05
6.004060000000000000e+05
5.945780000000000000e+05
5.942010000000000000e+05
5.876745000000000000e+05
5.743505000000000000e+05
5.586265000000000000e+05
5.451685000000000000e+05
5.273590000000000000e+05
5.079505000000000000e+05
4.930605000000000000e+05
4.800355000000000000e+05
4.554845000000000000e+05
4.447330000000000000e+05
4.313050000000000000e+05
3.999215000000000000e+05
3.730060000000000000e+05
3.512410000000000000e+05
3.264200000000000000e+05
3.077750000000000000e+05
2.913555000000000000e+05
2.730530000000000000e+05
2.595690000000000000e+05
2.472030000000000000e+05
2.301000000000000000e+05
6.102235000000000000e+05
6.086245000000000000e+05
6.023335000000000000e+05
6.016470000000000000e+05
5.956655000000000000e+05
5.912265000000000000e+05
5.752085000000000000e+05
5.627585000000000000e+05
5.456885000000000000e+05
5.265665000000000000e+05
5.091860000000000000e+05
4.926255000000000000e+05
4.737330000000000000e+05
4.580085000000000000e+05
4.369830000000000000e+05
4.263890000000000000e+05
3.928515000000000000e+05
3.680940000000000000e+05
3.469560000000000000e+05
3.231680000000000000e+05
3.042265000000000000e+05
2.854170000000000000e+05
2.730390000000000000e+05
2.596170000000000000e+05
2.414695000000000000e+05
2.277515000000000000e+05
6.086580000000000000e+05
6.071560000000000000e+05
6.023770000000000000e+05
5.979910000000000000e+05
5.891585000000000000e+05
5.769730000000000000e+05
5.596410000000000000e+05
5.430980000000000000e+05
5.247760000000000000e+05
5.055610000000000000e+05
4.890935000000000000e+05
4.684380000000000000e+05
4.532925000000000000e+05
4.377400000000000000e+05
4.241890000000000000e+05
3.930445000000000000e+05
3.670925000000000000e+05
3.434005000000000000e+05
3.168340000000000000e+05
2.992000000000000000e+05
2.763135000000000000e+05
2.626055000000000000e+05
2.502485000000000000e+05
2.374630000000000000e+05
2.241430000000000000e+05
6.080485000000000000e+05
6.037770000000000000e+05
5.951720000000000000e+05
5.945735000000000000e+05
5.751575000000000000e+05
5.611880000000000000e+05
5.405610000000000000e+05
5.215090000000000000e+05
5.039190000000000000e+05
4.863505000000000000e+05
4.652940000000000000e+05
4.547570000000000000e+05
4.325445000000000000e+05
4.167405000000000000e+05
3.877435000000000000e+05
3.620965000000000000e+05
3.347910000000000000e+05
3.140590000000000000e+05
2.972230000000000000e+05
2.761180000000000000e+05
2.618850000000000000e+05
2.470530000000000000e+05
2.318665000000000000e+05
2.221525000000000000e+05
6.000395000000000000e+05
5.994570000000000000e+05
5.893390000000000000e+05
5.753980000000000000e+05
5.572175000000000000e+05
5.369625000000000000e+05
5.168830000000000000e+05
4.968595000000000000e+05
4.818450000000000000e+05
4.645040000000000000e+05
4.442205000000000000e+05
4.272000000000000000e+05
4.126105000000000000e+05
3.833810000000000000e+05
3.527330000000000000e+05
3.308215000000000000e+05
3.100945000000000000e+05
2.916235000000000000e+05
2.758015000000000000e+05
2.569060000000000000e+05
2.442470000000000000e+05
2.286845000000000000e+05
2.203765000000000000e+05
5.932215000000000000e+05
5.879260000000000000e+05
5.725350000000000000e+05
5.519410000000000000e+05
5.315750000000000000e+05
5.129765000000000000e+05
4.965950000000000000e+05
4.717645000000000000e+05
4.583900000000000000e+05
4.439285000000000000e+05
4.238210000000000000e+05
4.065395000000000000e+05
3.737740000000000000e+05
3.507715000000000000e+05
3.257025000000000000e+05
3.042570000000000000e+05
2.868525000000000000e+05
2.707755000000000000e+05
2.568625000000000000e+05
2.422465000000000000e+05
2.251515000000000000e+05
2.179770000000000000e+05
5.864920000000000000e+05
5.680265000000000000e+05
5.469270000000000000e+05
5.273735000000000000e+05
5.085065000000000000e+05
4.875535000000000000e+05
4.693640000000000000e+05
4.461475000000000000e+05
4.317545000000000000e+05
4.128330000000000000e+05
3.942090000000000000e+05
3.687565000000000000e+05
3.452380000000000000e+05
3.193260000000000000e+05
3.009285000000000000e+05
2.823975000000000000e+05
2.695925000000000000e+05
2.549765000000000000e+05
2.371180000000000000e+05
2.225695000000000000e+05
2.154625000000000000e+05
5.535375000000000000e+05
5.330735000000000000e+05
5.127275000000000000e+05
4.899645000000000000e+05
4.725375000000000000e+05
4.478345000000000000e+05
4.321835000000000000e+05
4.124015000000000000e+05
3.932370000000000000e+05
3.840150000000000000e+05
3.553940000000000000e+05
3.280250000000000000e+05
3.077240000000000000e+05
2.886775000000000000e+05
2.659850000000000000e+05
2.564540000000000000e+05
2.408280000000000000e+05
2.254660000000000000e+05
2.174670000000000000e+05
2.027450000000000000e+05
5.161275000000000000e+05
4.921900000000000000e+05
4.736130000000000000e+05
4.487130000000000000e+05
4.329935000000000000e+05
4.125180000000000000e+05
3.936005000000000000e+05
3.847640000000000000e+05
3.661415000000000000e+05
3.427200000000000000e+05
3.156010000000000000e+05
2.971265000000000000e+05
2.780770000000000000e+05
2.650955000000000000e+05
2.502820000000000000e+05
2.320810000000000000e+05
2.180820000000000000e+05
2.117575000000000000e+05
1.957830000000000000e+05
4.748210000000000000e+05
4.508110000000000000e+05
4.334535000000000000e+05
4.125910000000000000e+05
3.940580000000000000e+05
3.857495000000000000e+05
3.651625000000000000e+05
3.522875000000000000e+05
3.260940000000000000e+05
3.040425000000000000e+05
2.841040000000000000e+05
2.626680000000000000e+05
2.525035000000000000e+05
2.359605000000000000e+05
2.204080000000000000e+05
2.133300000000000000e+05
1.976300000000000000e+05
1.872180000000000000e+05
4.342690000000000000e+05
4.132315000000000000e+05
3.948940000000000000e+05
3.855355000000000000e+05
3.644080000000000000e+05
3.510095000000000000e+05
3.386005000000000000e+05
3.129005000000000000e+05
2.945040000000000000e+05
2.739225000000000000e+05
2.605135000000000000e+05
2.449605000000000000e+05
2.272340000000000000e+05
2.142330000000000000e+05
2.067390000000000000e+05
1.909980000000000000e+05
1.819745000000000000e+05
3.960715000000000000e+05
3.852585000000000000e+05
3.637695000000000000e+05
3.501640000000000000e+05
3.381575000000000000e+05
3.249800000000000000e+05
3.025060000000000000e+05
2.801100000000000000e+05
2.603950000000000000e+05
2.489025000000000000e+05
2.324325000000000000e+05
2.180395000000000000e+05
2.094025000000000000e+05
1.934780000000000000e+05
1.813880000000000000e+05
1.712570000000000000e+05
3.636960000000000000e+05
3.498395000000000000e+05
3.384005000000000000e+05
3.249425000000000000e+05
3.127835000000000000e+05
2.926350000000000000e+05
2.707135000000000000e+05
2.563470000000000000e+05
2.401235000000000000e+05
2.237675000000000000e+05
2.110455000000000000e+05
2.017190000000000000e+05
1.864890000000000000e+05
1.772025000000000000e+05
1.682255000000000000e+05
3.385440000000000000e+05
3.252305000000000000e+05
3.131380000000000000e+05
3.012820000000000000e+05
2.800350000000000000e+05
2.595075000000000000e+05
2.462380000000000000e+05
2.310155000000000000e+05
2.161215000000000000e+05
2.052115000000000000e+05
1.898380000000000000e+05
1.754665000000000000e+05
1.674435000000000000e+05
1.624705000000000000e+05
3.137665000000000000e+05
3.008275000000000000e+05
2.918595000000000000e+05
2.682955000000000000e+05
2.531015000000000000e+05
2.363605000000000000e+05
2.207870000000000000e+05
2.082640000000000000e+05
1.972010000000000000e+05
1.827705000000000000e+05
1.731195000000000000e+05
1.648975000000000000e+05
1.585445000000000000e+05
2.919790000000000000e+05
2.801435000000000000e+05
2.602200000000000000e+05
2.443920000000000000e+05
2.290260000000000000e+05
2.145380000000000000e+05
2.021160000000000000e+05
1.863925000000000000e+05
1.710220000000000000e+05
1.651325000000000000e+05
1.591525000000000000e+05
1.505450000000000000e+05
2.674180000000000000e+05
2.517230000000000000e+05
2.335175000000000000e+05
2.197220000000000000e+05
2.064675000000000000e+05
1.926985000000000000e+05
1.798115000000000000e+05
1.700190000000000000e+05
1.617000000000000000e+05
1.555925000000000000e+05
1.446430000000000000e+05
2.320520000000000000e+05
2.192810000000000000e+05
2.051565000000000000e+05
1.890420000000000000e+05
1.787085000000000000e+05
1.672975000000000000e+05
1.591660000000000000e+05
1.530605000000000000e+05
1.414950000000000000e+05
1.296725000000000000e+05
2.050390000000000000e+05
1.870130000000000000e+05
1.783460000000000000e+05
1.659385000000000000e+05
1.571945000000000000e+05
1.499130000000000000e+05
1.391730000000000000e+05
1.263060000000000000e+05
1.226915000000000000e+05
1.792970000000000000e+05
1.655650000000000000e+05
1.557335000000000000e+05
1.473750000000000000e+05
1.373660000000000000e+05
1.241920000000000000e+05
1.212940000000000000e+05
1.176425000000000000e+05
1.550600000000000000e+05
1.452585000000000000e+05
1.364755000000000000e+05
1.243310000000000000e+05
1.200450000000000000e+05
1.162615000000000000e+05
1.073020000000000000e+05
1.361155000000000000e+05
1.245720000000000000e+05
1.194745000000000000e+05
1.152645000000000000e+05
1.078435000000000000e+05
1.047130000000000000e+05
1.194120000000000000e+05
1.149430000000000000e+05
1.094150000000000000e+05
1.045145000000000000e+05
9.464200000000000000e+04
1.091905000000000000e+05
1.049590000000000000e+05
9.238700000000000000e+04
9.194250000000000000e+04
9.071450000000000000e+04
9.041750000000000000e+04
8.999050000000000000e+04
8.984600000000000000e+04
7.712600000000000000e+04
7.801350000000000000e+04
