2.614701800000000000e+07
2.591007300000000000e+07
2.568621900000000000e+07
2.547038200000000000e+07
2.523562300000000000e+07
2.480152700000000000e+07
2.435795800000000000e+07
2.392511800000000000e+07
2.349080700000000000e+07
2.305960500000000000e+07
2.264367600000000000e+07
2.221689800000000000e+07
2.184029600000000000e+07
2.145596400000000000e+07
2.107317300000000000e+07
2.069725000000000000e+07
2.035025900000000000e+07
1.998474800000000000e+07
1.965060700000000000e+07
1.933450700000000000e+07
1.853373000000000000e+07
1.780248600000000000e+07
1.710051400000000000e+07
1.645855200000000000e+07
1.584712800000000000e+07
1.529538500000000000e+07
1.475579800000000000e+07
1.424790800000000000e+07
1.376535500000000000e+07
1.333234300000000000e+07
2.581846300000000000e+07
2.560700800000000000e+07
2.537736200000000000e+07
2.517308800000000000e+07
2.474058200000000000e+07
2.430369400000000000e+07
2.386996700000000000e+07
2.345553900000000000e+07
2.303376000000000000e+07
2.262346900000000000e+07
2.223110600000000000e+07
2.182728600000000000e+07
2.143960100000000000e+07
2.107534600000000000e+07
2.071619800000000000e+07
2.037249800000000000e+07
2.001141000000000000e+07
1.968268200000000000e+07
1.934626300000000000e+07
1.856135100000000000e+07
1.784713700000000000e+07
1.715001200000000000e+07
1.652564500000000000e+07
1.592028000000000000e+07
1.534474000000000000e+07
1.482424000000000000e+07
1.428480900000000000e+07
1.387546400000000000e+07
1.338270100000000000e+07
2.552625800000000000e+07
2.532620800000000000e+07
2.511048400000000000e+07
2.468419900000000000e+07
2.426679300000000000e+07
2.384449600000000000e+07
2.342022400000000000e+07
2.301023500000000000e+07
2.258621500000000000e+07
2.221080500000000000e+07
2.183192800000000000e+07
2.144988600000000000e+07
2.107495300000000000e+07
2.073044700000000000e+07
2.036667300000000000e+07
2.003381600000000000e+07
1.971860900000000000e+07
1.938792200000000000e+07
1.862222300000000000e+07
1.792175200000000000e+07
1.722627500000000000e+07
1.658623800000000000e+07
1.598554400000000000e+07
1.542546900000000000e+07
1.490555700000000000e+07
1.439048200000000000e+07
1.393159000000000000e+07
1.348821300000000000e+07
2.527405500000000000e+07
2.506985300000000000e+07
2.464936700000000000e+07
2.422938900000000000e+07
2.382384000000000000e+07
2.340818900000000000e+07
2.300121700000000000e+07
2.261148500000000000e+07
2.221030200000000000e+07
2.182412400000000000e+07
2.146231500000000000e+07
2.110552400000000000e+07
2.076224300000000000e+07
2.040261500000000000e+07
2.007388300000000000e+07
1.973831100000000000e+07
1.942280100000000000e+07
1.866931500000000000e+07
1.794372400000000000e+07
1.728512900000000000e+07
1.662842800000000000e+07
1.607551400000000000e+07
1.552261700000000000e+07
1.497884000000000000e+07
1.448992300000000000e+07
1.401365600000000000e+07
1.355102700000000000e+07
2.503160300000000000e+07
2.462749600000000000e+07
2.421742000000000000e+07
2.380096500000000000e+07
2.339656600000000000e+07
2.297570800000000000e+07
2.260175300000000000e+07
2.222471700000000000e+07
2.184488600000000000e+07
2.147079100000000000e+07
2.112832800000000000e+07
2.076613600000000000e+07
2.043400000000000000e+07
2.011897400000000000e+07
1.978638700000000000e+07
1.944626400000000000e+07
1.870068600000000000e+07
1.799877800000000000e+07
1.734932700000000000e+07
1.668277900000000000e+07
1.613240000000000000e+07
1.559781100000000000e+07
1.505829500000000000e+07
1.455971000000000000e+07
1.411043000000000000e+07
1.366484400000000000e+07
2.460169800000000000e+07
2.419544900000000000e+07
2.379768600000000000e+07
2.338099900000000000e+07
2.300877700000000000e+07
2.263367300000000000e+07
2.225427000000000000e+07
2.188171900000000000e+07
2.154033000000000000e+07
2.117934700000000000e+07
2.084358700000000000e+07
2.052967200000000000e+07
2.019564200000000000e+07
1.985390600000000000e+07
1.955815500000000000e+07
1.883089200000000000e+07
1.812579200000000000e+07
1.748270400000000000e+07
1.686310300000000000e+07
1.627104000000000000e+07
1.573744400000000000e+07
1.518145900000000000e+07
1.475634300000000000e+07
1.424748100000000000e+07
1.384492400000000000e+07
2.420902500000000000e+07
2.379803100000000000e+07
2.342780000000000000e+07
2.305453900000000000e+07
2.267630900000000000e+07
2.230293500000000000e+07
2.196168200000000000e+07
2.160205700000000000e+07
2.126315500000000000e+07
2.094829900000000000e+07
2.061212300000000000e+07
2.026867600000000000e+07
1.997158500000000000e+07
1.968281700000000000e+07
1.894306200000000000e+07
1.826784000000000000e+07
1.759774100000000000e+07
1.702773900000000000e+07
1.645689800000000000e+07
1.589794300000000000e+07
1.539229600000000000e+07
1.490149600000000000e+07
1.442175900000000000e+07
1.403559100000000000e+07
2.385362200000000000e+07
2.348145500000000000e+07
2.310402500000000000e+07
2.272998600000000000e+07
2.238728300000000000e+07
2.202780100000000000e+07
2.168750400000000000e+07
2.137119900000000000e+07
2.103280200000000000e+07
2.068817100000000000e+07
2.038983000000000000e+07
2.009854800000000000e+07
1.979915300000000000e+07
1.907068100000000000e+07
1.840149900000000000e+07
1.775758300000000000e+07
1.717385300000000000e+07
1.660252400000000000e+07
1.607144500000000000e+07
1.555427200000000000e+07
1.509017400000000000e+07
1.462780600000000000e+07
1.421494900000000000e+07
2.353619700000000000e+07
2.316191000000000000e+07
2.281766400000000000e+07
2.245800800000000000e+07
2.211667200000000000e+07
2.179904500000000000e+07
2.145899500000000000e+07
2.111298900000000000e+07
2.081332900000000000e+07
2.051949400000000000e+07
2.021771400000000000e+07
1.993891200000000000e+07
1.922039200000000000e+07
1.854548600000000000e+07
1.790853400000000000e+07
1.731754300000000000e+07
1.676754100000000000e+07
1.622121000000000000e+07
1.572434600000000000e+07
1.525479100000000000e+07
1.481478200000000000e+07
1.435057900000000000e+07
2.325331600000000000e+07
2.289282000000000000e+07
2.254989300000000000e+07
2.223085600000000000e+07
2.188701900000000000e+07
2.154209600000000000e+07
2.124078200000000000e+07
2.094441800000000000e+07
2.064016900000000000e+07
2.035748700000000000e+07
2.003793800000000000e+07
1.935668900000000000e+07
1.865877700000000000e+07
1.807266900000000000e+07
1.750173000000000000e+07
1.692725700000000000e+07
1.638960800000000000e+07
1.590902900000000000e+07
1.542809500000000000e+07
1.497125200000000000e+07
1.457841000000000000e+07
2.298624900000000000e+07
2.266562600000000000e+07
2.231958600000000000e+07
2.197426200000000000e+07
2.167114900000000000e+07
2.137220900000000000e+07
2.106566300000000000e+07
2.077876400000000000e+07
2.045826400000000000e+07
2.018046400000000000e+07
1.949560600000000000e+07
1.884491200000000000e+07
1.821315200000000000e+07
1.764523600000000000e+07
1.705615200000000000e+07
1.658884600000000000e+07
1.603894300000000000e+07
1.560600800000000000e+07
1.513294900000000000e+07
1.473252800000000000e+07
2.275536700000000000e+07
2.240856000000000000e+07
2.210356400000000000e+07
2.180203100000000000e+07
2.149364000000000000e+07
2.120241900000000000e+07
2.088112000000000000e+07
2.060088700000000000e+07
2.032021200000000000e+07
1.961850600000000000e+07
1.900638800000000000e+07
1.839653800000000000e+07
1.780221500000000000e+07
1.725450000000000000e+07
1.672594600000000000e+07
1.621176700000000000e+07
1.577993200000000000e+07
1.529323500000000000e+07
1.490959700000000000e+07
2.253730000000000000e+07
2.223349400000000000e+07
2.192310800000000000e+07
2.162794200000000000e+07
2.130543600000000000e+07
2.102224200000000000e+07
2.073779700000000000e+07
2.045893200000000000e+07
1.977401800000000000e+07
1.914804100000000000e+07
1.853780800000000000e+07
1.797072600000000000e+07
1.740962100000000000e+07
1.690209800000000000e+07
1.640214600000000000e+07
1.594972500000000000e+07
1.550372000000000000e+07
1.507926100000000000e+07
2.235304500000000000e+07
2.205380400000000000e+07
2.172994800000000000e+07
2.144421500000000000e+07
2.115581600000000000e+07
2.087412800000000000e+07
2.059382900000000000e+07
1.991413000000000000e+07
1.928337400000000000e+07
1.869200500000000000e+07
1.811195500000000000e+07
1.756785100000000000e+07
1.705286100000000000e+07
1.657473700000000000e+07
1.607085700000000000e+07
1.567729500000000000e+07
1.523276600000000000e+07
2.215418800000000000e+07
2.186683300000000000e+07
2.157366200000000000e+07
2.128869700000000000e+07
2.100458200000000000e+07
2.069684600000000000e+07
2.006847600000000000e+07
1.944923000000000000e+07
1.883848200000000000e+07
1.825260200000000000e+07
1.772846300000000000e+07
1.720386400000000000e+07
1.670943800000000000e+07
1.627748100000000000e+07
1.579722000000000000e+07
1.540480700000000000e+07
2.199031700000000000e+07
2.170211700000000000e+07
2.141436600000000000e+07
2.110400600000000000e+07
2.086709700000000000e+07
2.019133200000000000e+07
1.957931000000000000e+07
1.894645500000000000e+07
1.843113900000000000e+07
1.784333100000000000e+07
1.737056000000000000e+07
1.684980700000000000e+07
1.641131500000000000e+07
1.600490000000000000e+07
1.556274200000000000e+07
2.182317100000000000e+07
2.151064000000000000e+07
2.126952400000000000e+07
2.100665900000000000e+07
2.035245700000000000e+07
1.971550300000000000e+07
1.911880300000000000e+07
1.854647000000000000e+07
1.799051800000000000e+07
1.751375100000000000e+07
1.699514400000000000e+07
1.657034700000000000e+07
1.613237000000000000e+07
1.570485500000000000e+07
2.167061800000000000e+07
2.140415400000000000e+07
2.112783800000000000e+07
2.047202900000000000e+07
1.986092900000000000e+07
1.925595300000000000e+07
1.870071600000000000e+07
1.816485300000000000e+07
1.767205000000000000e+07
1.718191100000000000e+07
1.672527100000000000e+07
1.626643700000000000e+07
1.587411000000000000e+07
2.152033900000000000e+07
2.124104100000000000e+07
2.060415800000000000e+07
1.998073400000000000e+07
1.939363400000000000e+07
1.883744500000000000e+07
1.831473500000000000e+07
1.777967700000000000e+07
1.733932300000000000e+07
1.685869500000000000e+07
1.640694100000000000e+07
1.597376100000000000e+07
2.138008000000000000e+07
2.073107700000000000e+07
2.009930400000000000e+07
1.953198100000000000e+07
1.896370700000000000e+07
1.843281100000000000e+07
1.796128700000000000e+07
1.744433500000000000e+07
1.701474400000000000e+07
1.658313900000000000e+07
1.615097900000000000e+07
2.101779200000000000e+07
2.042800800000000000e+07
1.983722300000000000e+07
1.928691200000000000e+07
1.879895300000000000e+07
1.826303700000000000e+07
1.781277100000000000e+07
1.736377900000000000e+07
1.691640100000000000e+07
1.650006200000000000e+07
2.070754400000000000e+07
2.013777600000000000e+07
1.962943400000000000e+07
1.907745300000000000e+07
1.860794600000000000e+07
1.814183700000000000e+07
1.768183300000000000e+07
1.724996000000000000e+07
1.683581800000000000e+07
2.045729300000000000e+07
1.988965500000000000e+07
1.939977500000000000e+07
1.891720700000000000e+07
1.844475900000000000e+07
1.799800500000000000e+07
1.756683800000000000e+07
1.713820200000000000e+07
2.018963000000000000e+07
1.969138300000000000e+07
1.920572500000000000e+07
1.874092600000000000e+07
1.829637700000000000e+07
1.785267200000000000e+07
1.747971200000000000e+07
1.996459600000000000e+07
1.948134300000000000e+07
1.902182800000000000e+07
1.856545400000000000e+07
1.817680800000000000e+07
1.775730300000000000e+07
1.974550600000000000e+07
1.927584100000000000e+07
1.887191500000000000e+07
1.844149400000000000e+07
1.803836800000000000e+07
1.956555100000000000e+07
1.912304900000000000e+07
1.870908000000000000e+07
1.832925000000000000e+07
1.937853000000000000e+07
1.898347500000000000e+07
1.857852200000000000e+07
1.922230100000000000e+07
1.883695500000000000e+07
1.907354100000000000e+07
