7.403606666666666279e+05
7.355480000000000000e+05
7.317163333333333721e+05
7.275680000000000000e+05
7.220120000000000000e+05
7.099856666666666279e+05
6.959360000000000000e+05
6.798886666666666279e+05
6.618890000000000000e+05
6.465466666666666279e+05
6.316710000000000000e+05
6.198590000000000000e+05
6.100720000000000000e+05
6.016330000000000000e+05
5.916056666666666279e+05
5.832993333333333721e+05
5.751703333333333721e+05
5.670873333333333721e+05
5.597703333333333721e+05
5.516460000000000000e+05
5.342293333333333721e+05
5.165906666666666861e+05
4.994236666666666861e+05
4.810376666666666861e+05
4.674356666666666861e+05
4.505900000000000000e+05
4.350153333333333139e+05
4.201946666666666861e+05
4.070136666666666861e+05
3.923583333333333139e+05
7.320353333333333721e+05
7.285316666666666279e+05
7.236160000000000000e+05
7.186586666666666279e+05
7.068180000000000000e+05
6.930033333333333721e+05
6.761763333333333721e+05
6.591990000000000000e+05
6.451873333333333721e+05
6.314293333333333721e+05
6.190330000000000000e+05
6.090253333333333721e+05
5.997240000000000000e+05
5.912536666666666279e+05
5.831766666666666279e+05
5.755600000000000000e+05
5.677286666666666279e+05
5.612716666666666279e+05
5.538490000000000000e+05
5.357920000000000000e+05
5.195990000000000000e+05
5.031410000000000000e+05
4.873383333333333139e+05
4.682050000000000000e+05
4.519640000000000000e+05
4.372520000000000000e+05
4.238510000000000000e+05
4.090793333333333139e+05
3.963090000000000000e+05
7.251850000000000000e+05
7.208346666666666279e+05
7.156063333333333721e+05
7.042626666666666279e+05
6.915013333333333721e+05
6.744903333333333721e+05
6.589146666666666279e+05
6.428316666666666279e+05
6.292210000000000000e+05
6.168750000000000000e+05
6.089436666666666279e+05
5.987756666666666279e+05
5.908576666666666279e+05
5.834223333333333721e+05
5.763533333333333721e+05
5.696183333333333721e+05
5.626913333333333721e+05
5.560443333333333721e+05
5.405443333333333721e+05
5.223920000000000000e+05
5.057186666666666861e+05
4.898593333333333139e+05
4.731580000000000000e+05
4.541773333333333139e+05
4.409540000000000000e+05
4.246243333333333139e+05
4.117310000000000000e+05
3.965083333333333139e+05
7.188396666666666279e+05
7.142436666666666279e+05
7.031443333333333721e+05
6.894793333333333721e+05
6.729150000000000000e+05
6.571493333333333721e+05
6.417006666666666279e+05
6.276340000000000000e+05
6.157306666666666279e+05
6.066366666666666279e+05
5.987046666666666279e+05
5.913356666666666279e+05
5.837673333333333721e+05
5.777580000000000000e+05
5.715653333333333721e+05
5.655210000000000000e+05
5.583193333333333721e+05
5.427860000000000000e+05
5.248296666666666279e+05
5.084263333333333139e+05
4.903380000000000000e+05
4.748453333333333139e+05
4.609200000000000000e+05
4.429776666666666861e+05
4.268260000000000000e+05
4.132980000000000000e+05
3.994163333333333139e+05
7.129856666666666279e+05
7.020346666666666279e+05
6.868336666666666279e+05
6.716313333333333721e+05
6.541460000000000000e+05
6.391353333333333721e+05
6.253993333333333721e+05
6.159150000000000000e+05
6.061746666666666279e+05
5.988826666666666279e+05
5.925713333333333721e+05
5.866190000000000000e+05
5.805920000000000000e+05
5.745136666666666279e+05
5.676290000000000000e+05
5.602320000000000000e+05
5.445830000000000000e+05
5.275846666666666279e+05
5.109546666666666861e+05
4.930220000000000000e+05
4.762206666666666861e+05
4.595160000000000000e+05
4.435116666666666861e+05
4.302810000000000000e+05
4.166846666666666861e+05
4.012743333333333139e+05
6.963876666666666279e+05
6.835120000000000000e+05
6.661676666666666279e+05
6.501416666666666279e+05
6.353780000000000000e+05
6.249163333333333721e+05
6.140836666666666279e+05
6.077616666666666279e+05
6.024336666666666279e+05
5.969490000000000000e+05
5.900746666666666279e+05
5.850396666666666279e+05
5.781546666666666279e+05
5.709226666666666279e+05
5.646800000000000000e+05
5.482466666666666279e+05
5.309590000000000000e+05
5.142833333333333139e+05
4.950173333333333139e+05
4.779720000000000000e+05
4.643340000000000000e+05
4.493460000000000000e+05
4.335970000000000000e+05
4.203380000000000000e+05
4.068890000000000000e+05
6.778243333333333721e+05
6.619343333333333721e+05
6.463970000000000000e+05
6.353373333333333721e+05
6.238416666666666279e+05
6.160216666666666279e+05
6.109280000000000000e+05
6.049470000000000000e+05
5.986216666666666279e+05
5.938810000000000000e+05
5.868330000000000000e+05
5.795146666666666279e+05
5.732150000000000000e+05
5.674996666666666279e+05
5.486200000000000000e+05
5.327686666666666279e+05
5.143273333333333139e+05
4.996746666666666861e+05
4.842970000000000000e+05
4.674756666666666861e+05
4.525010000000000000e+05
4.386773333333333139e+05
4.259873333333333139e+05
4.140260000000000000e+05
6.560906666666666279e+05
6.440076666666666279e+05
6.313493333333333721e+05
6.220940000000000000e+05
6.157120000000000000e+05
6.099043333333333721e+05
6.038273333333333721e+05
5.993603333333333721e+05
5.925246666666666279e+05
5.856533333333333721e+05
5.798543333333333721e+05
5.744133333333333721e+05
5.676956666666666279e+05
5.500250000000000000e+05
5.334876666666666279e+05
5.179873333333333139e+05
5.024360000000000000e+05
4.867503333333333139e+05
4.739460000000000000e+05
4.594360000000000000e+05
4.460116666666666861e+05
4.317996666666666861e+05
4.189040000000000000e+05
6.372953333333333721e+05
6.271660000000000000e+05
6.195603333333333721e+05
6.134480000000000000e+05
6.080163333333333721e+05
6.041676666666666279e+05
5.978310000000000000e+05
5.915253333333333721e+05
5.862783333333333721e+05
5.812650000000000000e+05
5.746353333333333721e+05
5.683210000000000000e+05
5.535023333333333721e+05
5.371616666666666279e+05
5.219346666666666861e+05
5.063860000000000000e+05
4.934753333333333139e+05
4.778113333333333139e+05
4.649713333333333139e+05
4.510960000000000000e+05
4.383860000000000000e+05
4.253153333333333139e+05
6.244833333333333721e+05
6.174900000000000000e+05
6.121020000000000000e+05
6.088920000000000000e+05
6.022853333333333721e+05
5.973696666666666279e+05
5.926506666666666279e+05
5.881453333333333721e+05
5.817776666666666279e+05
5.761016666666666279e+05
5.701346666666666279e+05
5.567560000000000000e+05
5.421056666666666279e+05
5.265750000000000000e+05
5.139280000000000000e+05
4.978433333333333139e+05
4.844763333333333139e+05
4.698246666666666861e+05
4.565390000000000000e+05
4.425626666666666861e+05
4.284736666666666861e+05
6.163950000000000000e+05
6.135043333333333721e+05
6.070873333333333721e+05
6.031773333333333721e+05
5.989986666666666279e+05
5.950286666666666279e+05
5.889643333333333721e+05
5.840430000000000000e+05
5.784726666666666279e+05
5.734286666666666279e+05
5.608906666666666279e+05
5.459080000000000000e+05
5.317696666666666279e+05
5.193790000000000000e+05
5.055870000000000000e+05
4.886283333333333139e+05
4.733676666666666861e+05
4.601656666666666861e+05
4.454986666666666861e+05
4.321700000000000000e+05
6.121706666666666279e+05
6.088756666666666279e+05
6.052216666666666279e+05
6.018740000000000000e+05
5.963023333333333721e+05
5.921423333333333721e+05
5.871396666666666279e+05
5.828056666666666279e+05
5.783493333333333721e+05
5.645543333333333721e+05
5.527510000000000000e+05
5.374786666666666279e+05
5.221766666666666861e+05
5.077246666666666861e+05
4.923613333333333139e+05
4.792076666666666861e+05
4.613796666666666861e+05
4.471800000000000000e+05
4.334953333333333139e+05
6.114296666666666279e+05
6.088323333333333721e+05
6.040703333333333721e+05
6.006716666666666279e+05
5.958500000000000000e+05
5.917696666666666279e+05
5.874930000000000000e+05
5.826913333333333721e+05
5.693920000000000000e+05
5.557316666666666279e+05
5.399250000000000000e+05
5.282333333333333721e+05
5.116970000000000000e+05
4.946366666666666861e+05
4.794816666666666861e+05
4.609510000000000000e+05
4.461786666666666861e+05
4.310810000000000000e+05
6.114020000000000000e+05
6.087700000000000000e+05
6.038276666666666279e+05
6.001600000000000000e+05
5.959653333333333721e+05
5.914730000000000000e+05
5.860163333333333721e+05
5.733033333333333721e+05
5.589126666666666279e+05
5.447723333333333721e+05
5.291566666666666279e+05
5.113096666666666861e+05
4.937483333333333139e+05
4.767923333333333139e+05
4.599016666666666861e+05
4.420083333333333139e+05
4.293743333333333139e+05
6.110236666666666279e+05
6.080806666666666279e+05
6.036323333333333721e+05
5.996776666666666279e+05
5.940013333333333721e+05
5.901446666666666279e+05
5.749206666666666279e+05
5.614500000000000000e+05
5.454760000000000000e+05
5.274006666666666279e+05
5.084866666666666861e+05
4.922143333333333139e+05
4.737856666666666861e+05
4.569213333333333139e+05
4.404706666666666861e+05
4.268270000000000000e+05
6.099233333333333721e+05
6.064173333333333721e+05
6.007186666666666279e+05
5.969876666666666279e+05
5.913590000000000000e+05
5.767390000000000000e+05
5.624760000000000000e+05
5.448163333333333721e+05
5.252530000000000000e+05
5.055626666666666861e+05
4.897080000000000000e+05
4.700546666666666861e+05
4.536920000000000000e+05
4.382136666666666861e+05
4.238103333333333139e+05
6.063783333333333721e+05
6.028663333333333721e+05
5.973023333333333721e+05
5.927746666666666279e+05
5.758893333333333721e+05
5.588336666666666279e+05
5.412076666666666279e+05
5.213420000000000000e+05
5.036843333333333139e+05
4.842616666666666861e+05
4.673053333333333139e+05
4.500543333333333139e+05
4.336226666666666861e+05
4.182316666666666861e+05
6.020820000000000000e+05
5.976526666666666279e+05
5.906520000000000000e+05
5.729856666666666279e+05
5.579620000000000000e+05
5.375416666666666279e+05
5.172920000000000000e+05
4.997520000000000000e+05
4.811280000000000000e+05
4.615270000000000000e+05
4.458230000000000000e+05
4.287773333333333139e+05
4.106996666666666861e+05
5.946643333333333721e+05
5.889303333333333721e+05
5.713883333333333721e+05
5.538936666666666279e+05
5.316076666666666279e+05
5.141656666666666861e+05
4.936810000000000000e+05
4.749840000000000000e+05
4.558663333333333139e+05
4.390223333333333139e+05
4.195130000000000000e+05
4.058586666666666861e+05
5.853080000000000000e+05
5.680633333333333721e+05
5.467270000000000000e+05
5.276476666666666279e+05
5.079383333333333139e+05
4.883756666666666861e+05
4.681813333333333139e+05
4.489510000000000000e+05
4.323816666666666861e+05
4.161516666666666861e+05
3.999570000000000000e+05
5.531870000000000000e+05
5.333713333333333721e+05
5.118160000000000000e+05
4.913536666666666861e+05
4.713423333333333139e+05
4.500526666666666861e+05
4.322756666666666861e+05
4.151543333333333139e+05
3.988986666666666861e+05
3.818540000000000000e+05
5.146246666666666861e+05
4.936016666666666861e+05
4.728360000000000000e+05
4.504496666666666861e+05
4.325750000000000000e+05
4.144013333333333139e+05
3.983946666666666861e+05
3.812450000000000000e+05
3.660113333333333139e+05
4.743523333333333139e+05
4.511800000000000000e+05
4.329380000000000000e+05
4.147453333333333139e+05
3.981570000000000000e+05
3.810626666666666861e+05
3.652793333333333139e+05
3.518673333333333139e+05
4.338736666666666861e+05
4.154720000000000000e+05
3.980823333333333139e+05
3.803546666666666861e+05
3.659713333333333139e+05
3.518460000000000000e+05
3.407296666666666861e+05
3.983776666666666861e+05
3.803253333333333139e+05
3.672856666666666861e+05
3.510220000000000000e+05
3.396630000000000000e+05
3.261670000000000000e+05
3.674006666666666861e+05
3.512123333333333139e+05
3.389730000000000000e+05
3.260840000000000000e+05
3.125810000000000000e+05
3.387073333333333139e+05
3.264553333333333139e+05
3.126493333333333139e+05
3.029456666666666861e+05
3.130270000000000000e+05
3.022623333333333139e+05
2.882163333333333139e+05
2.878286666666666861e+05
2.803830000000000000e+05
2.688503333333333139e+05
