2.086790600000000000e+07
2.041052800000000000e+07
1.996683000000000000e+07
1.951164100000000000e+07
1.906408000000000000e+07
1.818074100000000000e+07
1.729589200000000000e+07
1.642240100000000000e+07
1.555554500000000000e+07
1.469688600000000000e+07
1.387048400000000000e+07
1.305473600000000000e+07
1.225549000000000000e+07
1.149134700000000000e+07
1.072568300000000000e+07
9.988914000000000000e+06
9.276085000000000000e+06
8.581959000000000000e+06
7.892701000000000000e+06
7.232290000000000000e+06
5.694629000000000000e+06
4.339646000000000000e+06
3.195818000000000000e+06
2.338229000000000000e+06
1.690279000000000000e+06
1.213122000000000000e+06
8.597940000000000000e+05
6.064760000000000000e+05
4.273670000000000000e+05
2.838690000000000000e+05
2.023154500000000000e+07
1.978521400000000000e+07
1.934756000000000000e+07
1.891668400000000000e+07
1.806075900000000000e+07
1.719003800000000000e+07
1.632544200000000000e+07
1.547257400000000000e+07
1.463660600000000000e+07
1.381722100000000000e+07
1.302013800000000000e+07
1.224092300000000000e+07
1.147336300000000000e+07
1.073001300000000000e+07
1.000591300000000000e+07
9.294955000000000000e+06
8.608660000000000000e+06
7.933530000000000000e+06
7.289324000000000000e+06
5.745296000000000000e+06
4.391164000000000000e+06
3.235603000000000000e+06
2.341824000000000000e+06
1.684834000000000000e+06
1.196360000000000000e+06
8.416470000000000000e+05
5.856050000000000000e+05
4.045720000000000000e+05
2.621370000000000000e+05
1.964532500000000000e+07
1.922355200000000000e+07
1.879922300000000000e+07
1.794871900000000000e+07
1.710585300000000000e+07
1.626252900000000000e+07
1.541871600000000000e+07
1.459913700000000000e+07
1.379279400000000000e+07
1.299661200000000000e+07
1.224153000000000000e+07
1.147898700000000000e+07
1.074573100000000000e+07
1.003702300000000000e+07
9.340808000000000000e+06
8.658140000000000000e+06
7.999792000000000000e+06
7.355358000000000000e+06
5.814855000000000000e+06
4.465407000000000000e+06
3.289110000000000000e+06
2.355101000000000000e+06
1.692601000000000000e+06
1.188969000000000000e+06
8.288620000000000000e+05
5.745450000000000000e+05
3.874040000000000000e+05
2.567680000000000000e+05
1.912661100000000000e+07
1.872006400000000000e+07
1.788053300000000000e+07
1.704388600000000000e+07
1.620961400000000000e+07
1.538526300000000000e+07
1.457253600000000000e+07
1.378160300000000000e+07
1.300638900000000000e+07
1.224028600000000000e+07
1.150413300000000000e+07
1.078415400000000000e+07
1.007581800000000000e+07
9.390379000000000000e+06
8.717315000000000000e+06
8.073579000000000000e+06
7.448788000000000000e+06
5.904757000000000000e+06
4.543098000000000000e+06
3.346509000000000000e+06
2.386369000000000000e+06
1.707854000000000000e+06
1.188169000000000000e+06
8.313830000000000000e+05
5.733080000000000000e+05
3.810460000000000000e+05
2.358440000000000000e+05
1.864367100000000000e+07
1.782746400000000000e+07
1.700801900000000000e+07
1.618083500000000000e+07
1.537072400000000000e+07
1.457106100000000000e+07
1.377875700000000000e+07
1.302694900000000000e+07
1.226865900000000000e+07
1.153864500000000000e+07
1.083343500000000000e+07
1.013916600000000000e+07
9.457862000000000000e+06
8.799401000000000000e+06
8.152642000000000000e+06
7.525378000000000000e+06
6.014019000000000000e+06
4.630485000000000000e+06
3.437953000000000000e+06
2.433756000000000000e+06
1.720508000000000000e+06
1.207884000000000000e+06
8.165820000000000000e+05
5.609420000000000000e+05
3.783270000000000000e+05
2.494830000000000000e+05
1.777658100000000000e+07
1.697060100000000000e+07
1.617260300000000000e+07
1.538073500000000000e+07
1.459310400000000000e+07
1.384501200000000000e+07
1.308772800000000000e+07
1.236110300000000000e+07
1.165795100000000000e+07
1.096429700000000000e+07
1.027882000000000000e+07
9.620591000000000000e+06
8.971795000000000000e+06
8.340672000000000000e+06
7.720542000000000000e+06
6.236013000000000000e+06
4.853788000000000000e+06
3.625812000000000000e+06
2.567487000000000000e+06
1.790623000000000000e+06
1.242932000000000000e+06
8.397430000000000000e+05
5.680860000000000000e+05
3.732540000000000000e+05
2.375760000000000000e+05
1.699480800000000000e+07
1.620923300000000000e+07
1.543097500000000000e+07
1.468699800000000000e+07
1.393164800000000000e+07
1.320349000000000000e+07
1.250088700000000000e+07
1.180744800000000000e+07
1.111831900000000000e+07
1.045782800000000000e+07
9.805629000000000000e+06
9.169812000000000000e+06
8.546721000000000000e+06
7.931326000000000000e+06
6.478143000000000000e+06
5.102293000000000000e+06
3.857793000000000000e+06
2.766382000000000000e+06
1.884588000000000000e+06
1.312455000000000000e+06
8.933460000000000000e+05
5.966750000000000000e+05
3.843610000000000000e+05
2.583890000000000000e+05
1.627793400000000000e+07
1.554141100000000000e+07
1.478692000000000000e+07
1.405738700000000000e+07
1.335229300000000000e+07
1.265787700000000000e+07
1.196662500000000000e+07
1.130371600000000000e+07
1.064808400000000000e+07
1.000820400000000000e+07
9.382682000000000000e+06
8.762576000000000000e+06
8.167624000000000000e+06
6.730968000000000000e+06
5.387472000000000000e+06
4.111207000000000000e+06
2.987285000000000000e+06
2.044052000000000000e+06
1.396017000000000000e+06
9.557250000000000000e+05
6.465760000000000000e+05
4.327690000000000000e+05
2.849110000000000000e+05
1.565056200000000000e+07
1.492049700000000000e+07
1.421350500000000000e+07
1.351706000000000000e+07
1.282454900000000000e+07
1.215954300000000000e+07
1.150118600000000000e+07
1.085712100000000000e+07
1.022896700000000000e+07
9.604119000000000000e+06
9.004712000000000000e+06
8.421206000000000000e+06
7.005458000000000000e+06
5.670416000000000000e+06
4.408772000000000000e+06
3.260341000000000000e+06
2.263739000000000000e+06
1.513055000000000000e+06
1.024041000000000000e+06
7.142410000000000000e+05
4.896100000000000000e+05
3.107560000000000000e+05
1.508529900000000000e+07
1.438564300000000000e+07
1.369048800000000000e+07
1.302373400000000000e+07
1.236014600000000000e+07
1.171448900000000000e+07
1.108337600000000000e+07
1.045385600000000000e+07
9.849658000000000000e+06
9.260318000000000000e+06
8.668370000000000000e+06
7.289584000000000000e+06
5.968221000000000000e+06
4.722196000000000000e+06
3.559692000000000000e+06
2.507714000000000000e+06
1.664342000000000000e+06
1.134471000000000000e+06
7.852200000000000000e+05
5.341480000000000000e+05
3.630150000000000000e+05
1.456294600000000000e+07
1.389392300000000000e+07
1.322666200000000000e+07
1.257787100000000000e+07
1.194356400000000000e+07
1.130961200000000000e+07
1.070063300000000000e+07
1.010507400000000000e+07
9.508585000000000000e+06
8.943374000000000000e+06
7.566437000000000000e+06
6.266261000000000000e+06
5.032427000000000000e+06
3.867560000000000000e+06
2.795683000000000000e+06
1.881412000000000000e+06
1.246067000000000000e+06
8.556650000000000000e+05
5.813310000000000000e+05
4.124570000000000000e+05
1.409830800000000000e+07
1.344502400000000000e+07
1.280753700000000000e+07
1.216949300000000000e+07
1.155636300000000000e+07
1.095432500000000000e+07
1.035370100000000000e+07
9.783544000000000000e+06
9.211440000000000000e+06
7.859525000000000000e+06
6.568334000000000000e+06
5.341541000000000000e+06
4.193046000000000000e+06
3.094478000000000000e+06
2.132899000000000000e+06
1.388554000000000000e+06
9.510120000000000000e+05
6.532130000000000000e+05
4.690450000000000000e+05
1.367439600000000000e+07
1.303265000000000000e+07
1.241530900000000000e+07
1.180689400000000000e+07
1.120173400000000000e+07
1.062576500000000000e+07
1.004687100000000000e+07
9.500042000000000000e+06
8.137844000000000000e+06
6.858094000000000000e+06
5.651591000000000000e+06
4.502627000000000000e+06
3.415462000000000000e+06
2.405524000000000000e+06
1.571450000000000000e+06
1.050800000000000000e+06
7.230200000000000000e+05
5.006140000000000000e+05
1.327530100000000000e+07
1.265992900000000000e+07
1.205017700000000000e+07
1.146886600000000000e+07
1.088302300000000000e+07
1.033037700000000000e+07
9.766409000000000000e+06
8.422648000000000000e+06
7.162095000000000000e+06
5.958748000000000000e+06
4.816550000000000000e+06
3.720245000000000000e+06
2.700414000000000000e+06
1.808294000000000000e+06
1.167301000000000000e+06
8.073230000000000000e+05
5.665580000000000000e+05
1.289801400000000000e+07
1.231222100000000000e+07
1.171876200000000000e+07
1.115887200000000000e+07
1.058812800000000000e+07
1.003790200000000000e+07
8.713215000000000000e+06
7.452997000000000000e+06
6.249129000000000000e+06
5.110478000000000000e+06
4.032174000000000000e+06
3.007897000000000000e+06
2.056781000000000000e+06
1.308028000000000000e+06
8.803620000000000000e+05
6.304820000000000000e+05
1.255201500000000000e+07
1.198399500000000000e+07
1.140765700000000000e+07
1.085062300000000000e+07
1.030892000000000000e+07
8.984455000000000000e+06
7.729710000000000000e+06
6.540952000000000000e+06
5.407664000000000000e+06
4.325444000000000000e+06
3.308284000000000000e+06
2.322897000000000000e+06
1.514161000000000000e+06
9.883740000000000000e+05
7.090840000000000000e+05
1.222517000000000000e+07
1.166169400000000000e+07
1.111354200000000000e+07
1.057017700000000000e+07
9.257216000000000000e+06
8.019035000000000000e+06
6.821302000000000000e+06
5.691777000000000000e+06
4.621993000000000000e+06
3.606632000000000000e+06
2.631692000000000000e+06
1.767091000000000000e+06
1.093649000000000000e+06
7.673840000000000000e+05
1.191555200000000000e+07
1.136553600000000000e+07
1.081941000000000000e+07
9.521339000000000000e+06
8.281227000000000000e+06
7.105135000000000000e+06
5.966588000000000000e+06
4.915494000000000000e+06
3.899021000000000000e+06
2.928474000000000000e+06
2.011122000000000000e+06
1.261785000000000000e+06
8.374610000000000000e+05
1.160531000000000000e+07
1.107572900000000000e+07
9.786257000000000000e+06
8.552848000000000000e+06
7.372048000000000000e+06
6.259500000000000000e+06
5.196476000000000000e+06
4.189146000000000000e+06
3.224215000000000000e+06
2.304832000000000000e+06
1.468321000000000000e+06
9.245730000000000000e+05
1.131820100000000000e+07
1.003012900000000000e+07
8.802783000000000000e+06
7.640016000000000000e+06
6.529832000000000000e+06
5.461157000000000000e+06
4.459762000000000000e+06
3.494361000000000000e+06
2.582776000000000000e+06
1.711361000000000000e+06
1.030711000000000000e+06
1.063880300000000000e+07
9.431902000000000000e+06
8.278371000000000000e+06
7.166505000000000000e+06
6.132521000000000000e+06
5.130091000000000000e+06
4.181063000000000000e+06
3.264879000000000000e+06
2.396320000000000000e+06
1.580301000000000000e+06
1.001987400000000000e+07
8.866918000000000000e+06
7.794856000000000000e+06
6.758270000000000000e+06
5.774382000000000000e+06
4.822895000000000000e+06
3.924471000000000000e+06
3.075241000000000000e+06
2.249980000000000000e+06
9.451622000000000000e+06
8.383989000000000000e+06
7.360540000000000000e+06
6.375537000000000000e+06
5.447892000000000000e+06
4.568629000000000000e+06
3.710908000000000000e+06
2.898573000000000000e+06
8.942436000000000000e+06
7.924543000000000000e+06
6.966922000000000000e+06
6.054894000000000000e+06
5.167813000000000000e+06
4.328250000000000000e+06
3.516676000000000000e+06
8.481511000000000000e+06
7.536476000000000000e+06
6.619355000000000000e+06
5.753885000000000000e+06
4.913207000000000000e+06
4.096524000000000000e+06
8.066983000000000000e+06
7.174930000000000000e+06
6.307044000000000000e+06
5.463230000000000000e+06
4.684182000000000000e+06
7.696460000000000000e+06
6.825155000000000000e+06
6.021974000000000000e+06
5.218194000000000000e+06
7.357372000000000000e+06
6.527708000000000000e+06
5.759929000000000000e+06
7.046532000000000000e+06
6.264739000000000000e+06
6.770515000000000000e+06
