1.559476200000000000e+07
1.490928400000000000e+07
1.422883200000000000e+07
1.355915300000000000e+07
1.288832200000000000e+07
1.156213700000000000e+07
1.023973000000000000e+07
8.948983000000000000e+06
7.764856000000000000e+06
6.678071000000000000e+06
5.683881000000000000e+06
4.766150000000000000e+06
3.928233000000000000e+06
3.188043000000000000e+06
2.574352000000000000e+06
2.081782000000000000e+06
1.706535000000000000e+06
1.410768000000000000e+06
1.171343000000000000e+06
9.626450000000000000e+05
5.533660000000000000e+05
3.284470000000000000e+05
1.744730000000000000e+05
7.627300000000000000e+04
4.556000000000000000e+04
3.094300000000000000e+04
3.845200000000000000e+04
3.215400000000000000e+04
3.048600000000000000e+04
2.065100000000000000e+04
3.546600000000000000e+04
2.587135000000000000e+06
4.174433000000000000e+06
5.402129000000000000e+06
6.066499000000000000e+06
6.633074000000000000e+06
7.070466000000000000e+06
7.160376000000000000e+06
7.347672000000000000e+06
7.168031000000000000e+06
1.462584600000000000e+07
1.397004800000000000e+07
1.331372500000000000e+07
1.266909300000000000e+07
1.137026200000000000e+07
1.007438200000000000e+07
8.790583000000000000e+06
7.613364000000000000e+06
6.536395000000000000e+06
5.549494000000000000e+06
4.640908000000000000e+06
3.807344000000000000e+06
3.074993000000000000e+06
2.453191000000000000e+06
1.969334000000000000e+06
1.590473000000000000e+06
1.299900000000000000e+06
1.068004000000000000e+06
8.621820000000000000e+05
4.899220000000000000e+05
2.814540000000000000e+05
1.453350000000000000e+05
7.681400000000000000e+04
2.957000000000000000e+04
3.138700000000000000e+04
3.821600000000000000e+04
3.749800000000000000e+04
2.812300000000000000e+04
3.267200000000000000e+04
5.194800000000000000e+04
1.761738000000000000e+06
3.959480000000000000e+06
5.230895000000000000e+06
5.995275000000000000e+06
6.516104000000000000e+06
7.095788000000000000e+06
7.254399000000000000e+06
7.265959000000000000e+06
7.255780000000000000e+06
1.376024800000000000e+07
1.312884700000000000e+07
1.249065900000000000e+07
1.121906800000000000e+07
9.946620000000000000e+06
8.681781000000000000e+06
7.502866000000000000e+06
6.430504000000000000e+06
5.445453000000000000e+06
4.536786000000000000e+06
3.716827000000000000e+06
2.976467000000000000e+06
2.359220000000000000e+06
1.877324000000000000e+06
1.496761000000000000e+06
1.209394000000000000e+06
9.756980000000000000e+05
7.802830000000000000e+05
4.477980000000000000e+05
2.503000000000000000e+05
1.347540000000000000e+05
6.062300000000000000e+04
4.121100000000000000e+04
3.486800000000000000e+04
3.581600000000000000e+04
4.052700000000000000e+04
3.447400000000000000e+04
3.933200000000000000e+04
2.312900000000000000e+04
1.134033000000000000e+06
3.714916000000000000e+06
5.043225000000000000e+06
5.956498000000000000e+06
6.442726000000000000e+06
7.013761000000000000e+06
7.209472000000000000e+06
7.377948000000000000e+06
7.301857000000000000e+06
1.298208300000000000e+07
1.235914000000000000e+07
1.111130700000000000e+07
9.858560000000000000e+06
8.610320000000000000e+06
7.423144000000000000e+06
6.353951000000000000e+06
5.372132000000000000e+06
4.465572000000000000e+06
3.646944000000000000e+06
2.909519000000000000e+06
2.285601000000000000e+06
1.799884000000000000e+06
1.425230000000000000e+06
1.133665000000000000e+06
8.948990000000000000e+05
7.072510000000000000e+05
4.089400000000000000e+05
2.153440000000000000e+05
1.137940000000000000e+05
5.551800000000000000e+04
4.274900000000000000e+04
5.145600000000000000e+04
4.045600000000000000e+04
5.661600000000000000e+04
5.144300000000000000e+04
3.678700000000000000e+04
3.662900000000000000e+04
3.809470000000000000e+05
3.481408000000000000e+06
4.843882000000000000e+06
5.775102000000000000e+06
6.363883000000000000e+06
6.916817000000000000e+06
7.222067000000000000e+06
7.363566000000000000e+06
7.400336000000000000e+06
1.225806200000000000e+07
1.102917700000000000e+07
9.797738000000000000e+06
8.566877000000000000e+06
7.375205000000000000e+06
6.302349000000000000e+06
5.317809000000000000e+06
4.421313000000000000e+06
3.604853000000000000e+06
2.867867000000000000e+06
2.237933000000000000e+06
1.746956000000000000e+06
1.368026000000000000e+06
1.074507000000000000e+06
8.350070000000000000e+05
6.495580000000000000e+05
3.763000000000000000e+05
2.032710000000000000e+05
1.107900000000000000e+05
5.773100000000000000e+04
5.651000000000000000e+04
4.893200000000000000e+04
3.962500000000000000e+04
4.793000000000000000e+04
4.837200000000000000e+04
4.057900000000000000e+04
2.394000000000000000e+04
5.322900000000000000e+04
3.177669000000000000e+06
4.547767000000000000e+06
5.672308000000000000e+06
6.283758000000000000e+06
6.868297000000000000e+06
7.230214000000000000e+06
7.503005000000000000e+06
7.414159000000000000e+06
1.095093900000000000e+07
9.750986000000000000e+06
8.549579000000000000e+06
7.361789000000000000e+06
6.271810000000000000e+06
5.293077000000000000e+06
4.392998000000000000e+06
3.584445000000000000e+06
2.853548000000000000e+06
2.205752000000000000e+06
1.683305000000000000e+06
1.297655000000000000e+06
9.908340000000000000e+05
7.490890000000000000e+05
5.865910000000000000e+05
3.221640000000000000e+05
1.854920000000000000e+05
1.348920000000000000e+05
7.995600000000000000e+04
7.650300000000000000e+04
7.103700000000000000e+04
6.168700000000000000e+04
3.557400000000000000e+04
2.787600000000000000e+04
2.344600000000000000e+04
1.863700000000000000e+04
1.503900000000000000e+04
1.950261000000000000e+06
4.184968000000000000e+06
5.322458000000000000e+06
6.049230000000000000e+06
6.666799000000000000e+06
7.097093000000000000e+06
7.428009000000000000e+06
7.313783000000000000e+06
9.784065000000000000e+06
8.609687000000000000e+06
7.446508000000000000e+06
6.336983000000000000e+06
5.344829000000000000e+06
4.445306000000000000e+06
3.635143000000000000e+06
2.895939000000000000e+06
2.239928000000000000e+06
1.684920000000000000e+06
1.267102000000000000e+06
9.548650000000000000e+05
7.207740000000000000e+05
5.498740000000000000e+05
2.998640000000000000e+05
2.041210000000000000e+05
1.189050000000000000e+05
8.268600000000000000e+04
6.626700000000000000e+04
5.028700000000000000e+04
5.432800000000000000e+04
3.152400000000000000e+04
2.343900000000000000e+04
2.994200000000000000e+04
2.201300000000000000e+04
3.263200000000000000e+04
1.670900000000000000e+05
3.538965000000000000e+06
4.780441000000000000e+06
5.881606000000000000e+06
6.446690000000000000e+06
6.943224000000000000e+06
7.339898000000000000e+06
7.418539000000000000e+06
8.723949000000000000e+06
7.593223000000000000e+06
6.476172000000000000e+06
5.458031000000000000e+06
4.550597000000000000e+06
3.725149000000000000e+06
2.986010000000000000e+06
2.325171000000000000e+06
1.737358000000000000e+06
1.275645000000000000e+06
9.660350000000000000e+05
7.218230000000000000e+05
5.602780000000000000e+05
2.973670000000000000e+05
1.766140000000000000e+05
8.969100000000000000e+04
5.727900000000000000e+04
3.634200000000000000e+04
4.064800000000000000e+04
3.427800000000000000e+04
3.112000000000000000e+04
3.054600000000000000e+04
3.999700000000000000e+04
4.736300000000000000e+04
3.569700000000000000e+04
2.684000000000000000e+04
2.544317000000000000e+06
4.454122000000000000e+06
5.549041000000000000e+06
6.385658000000000000e+06
7.021455000000000000e+06
7.224113000000000000e+06
7.483978000000000000e+06
7.771827000000000000e+06
6.677544000000000000e+06
5.629055000000000000e+06
4.696974000000000000e+06
3.866638000000000000e+06
3.124571000000000000e+06
2.445236000000000000e+06
1.842898000000000000e+06
1.349468000000000000e+06
1.005374000000000000e+06
7.666470000000000000e+05
5.851450000000000000e+05
3.216110000000000000e+05
1.634020000000000000e+05
8.269000000000000000e+04
4.943100000000000000e+04
4.119800000000000000e+04
4.740500000000000000e+04
4.495100000000000000e+04
5.688900000000000000e+04
4.813900000000000000e+04
3.680100000000000000e+04
4.263000000000000000e+04
4.042000000000000000e+04
3.176500000000000000e+04
1.480540000000000000e+06
4.032022000000000000e+06
5.189521000000000000e+06
6.315840000000000000e+06
6.872451000000000000e+06
7.240119000000000000e+06
7.547280000000000000e+06
6.916708000000000000e+06
5.859640000000000000e+06
4.897543000000000000e+06
4.058054000000000000e+06
3.290942000000000000e+06
2.605115000000000000e+06
2.001854000000000000e+06
1.474688000000000000e+06
1.083669000000000000e+06
8.258540000000000000e+05
6.444130000000000000e+05
3.434280000000000000e+05
1.617080000000000000e+05
7.206300000000000000e+04
4.238300000000000000e+04
4.688800000000000000e+04
5.635900000000000000e+04
4.689200000000000000e+04
5.925400000000000000e+04
4.709300000000000000e+04
4.765800000000000000e+04
6.593200000000000000e+04
1.465190000000000000e+05
1.742990000000000000e+05
2.672030000000000000e+05
3.263665000000000000e+06
5.017410000000000000e+06
6.081807000000000000e+06
6.683305000000000000e+06
7.264067000000000000e+06
7.459618000000000000e+06
6.139720000000000000e+06
5.149169000000000000e+06
4.272999000000000000e+06
3.498983000000000000e+06
2.808862000000000000e+06
2.186130000000000000e+06
1.647174000000000000e+06
1.198319000000000000e+06
9.074830000000000000e+05
6.976630000000000000e+05
3.640370000000000000e+05
1.579860000000000000e+05
8.079800000000000000e+04
7.210100000000000000e+04
6.453700000000000000e+04
5.641000000000000000e+04
5.189600000000000000e+04
5.386400000000000000e+04
1.179090000000000000e+05
1.550210000000000000e+05
1.925990000000000000e+05
2.792880000000000000e+05
2.910320000000000000e+05
2.929420000000000000e+05
2.463514000000000000e+06
4.477147000000000000e+06
5.656162000000000000e+06
6.561291000000000000e+06
7.163484000000000000e+06
7.425372000000000000e+06
5.438907000000000000e+06
4.523613000000000000e+06
3.743975000000000000e+06
3.032201000000000000e+06
2.403351000000000000e+06
1.843647000000000000e+06
1.363516000000000000e+06
9.973700000000000000e+05
7.828090000000000000e+05
4.046940000000000000e+05
1.982220000000000000e+05
1.033550000000000000e+05
6.957800000000000000e+04
6.938000000000000000e+04
1.190030000000000000e+05
1.626250000000000000e+05
1.999440000000000000e+05
2.355780000000000000e+05
3.306560000000000000e+05
3.293080000000000000e+05
3.516720000000000000e+05
3.238360000000000000e+05
3.267310000000000000e+05
1.224582000000000000e+06
3.677748000000000000e+06
5.328824000000000000e+06
6.465657000000000000e+06
7.011418000000000000e+06
7.429065000000000000e+06
4.822657000000000000e+06
4.007536000000000000e+06
3.287892000000000000e+06
2.640432000000000000e+06
2.064599000000000000e+06
1.549326000000000000e+06
1.135477000000000000e+06
8.737990000000000000e+05
4.709320000000000000e+05
2.303870000000000000e+05
1.112980000000000000e+05
1.706930000000000000e+05
2.043030000000000000e+05
2.131000000000000000e+05
3.063440000000000000e+05
4.048240000000000000e+05
3.910660000000000000e+05
3.877150000000000000e+05
3.940310000000000000e+05
3.557480000000000000e+05
3.675470000000000000e+05
3.726420000000000000e+05
3.845800000000000000e+05
3.072655000000000000e+06
4.794314000000000000e+06
6.120497000000000000e+06
6.829538000000000000e+06
7.485197000000000000e+06
4.301757000000000000e+06
3.561080000000000000e+06
2.894058000000000000e+06
2.289938000000000000e+06
1.766286000000000000e+06
1.313069000000000000e+06
9.723070000000000000e+05
5.436970000000000000e+05
2.853230000000000000e+05
2.046000000000000000e+05
2.682080000000000000e+05
3.628640000000000000e+05
4.293310000000000000e+05
4.273460000000000000e+05
4.188100000000000000e+05
4.252970000000000000e+05
4.361370000000000000e+05
4.198670000000000000e+05
4.487460000000000000e+05
4.594700000000000000e+05
4.610140000000000000e+05
4.642530000000000000e+05
2.421065000000000000e+06
4.227709000000000000e+06
5.734624000000000000e+06
6.698800000000000000e+06
7.382531000000000000e+06
3.845856000000000000e+06
3.151282000000000000e+06
2.540241000000000000e+06
1.995459000000000000e+06
1.507409000000000000e+06
1.118761000000000000e+06
6.167310000000000000e+05
3.282570000000000000e+05
2.567630000000000000e+05
4.656370000000000000e+05
4.801920000000000000e+05
4.782770000000000000e+05
4.535120000000000000e+05
4.856100000000000000e+05
4.673560000000000000e+05
4.854160000000000000e+05
5.365570000000000000e+05
5.584770000000000000e+05
5.336100000000000000e+05
5.728180000000000000e+05
5.727850000000000000e+05
1.068375000000000000e+06
3.629942000000000000e+06
5.183447000000000000e+06
6.447898000000000000e+06
7.208438000000000000e+06
3.432017000000000000e+06
2.801023000000000000e+06
2.225714000000000000e+06
1.731492000000000000e+06
1.285169000000000000e+06
7.028900000000000000e+05
4.209100000000000000e+05
3.424660000000000000e+05
5.461090000000000000e+05
5.114770000000000000e+05
5.226110000000000000e+05
5.389490000000000000e+05
5.459160000000000000e+05
5.864340000000000000e+05
5.638010000000000000e+05
5.993890000000000000e+05
6.488920000000000000e+05
6.579740000000000000e+05
6.381650000000000000e+05
6.143810000000000000e+05
6.104370000000000000e+05
3.105597000000000000e+06
4.520622000000000000e+06
6.037162000000000000e+06
7.121812000000000000e+06
3.059191000000000000e+06
2.481652000000000000e+06
1.946206000000000000e+06
1.498955000000000000e+06
7.917360000000000000e+05
5.197750000000000000e+05
3.698970000000000000e+05
5.029470000000000000e+05
5.864170000000000000e+05
6.234170000000000000e+05
6.395000000000000000e+05
6.105350000000000000e+05
6.579010000000000000e+05
7.117640000000000000e+05
7.281990000000000000e+05
7.773070000000000000e+05
6.722790000000000000e+05
6.955550000000000000e+05
7.003140000000000000e+05
6.447390000000000000e+05
2.439781000000000000e+06
3.902760000000000000e+06
5.366389000000000000e+06
6.785265000000000000e+06
2.725251000000000000e+06
2.195995000000000000e+06
1.700747000000000000e+06
8.915850000000000000e+05
5.553950000000000000e+05
3.679610000000000000e+05
4.730420000000000000e+05
6.785850000000000000e+05
6.713550000000000000e+05
7.204250000000000000e+05
7.891640000000000000e+05
7.851590000000000000e+05
7.941210000000000000e+05
8.210120000000000000e+05
7.652480000000000000e+05
7.265330000000000000e+05
7.103480000000000000e+05
6.976420000000000000e+05
6.553700000000000000e+05
8.440990000000000000e+05
3.417630000000000000e+06
4.795043000000000000e+06
6.357118000000000000e+06
2.426912000000000000e+06
1.936209000000000000e+06
9.912310000000000000e+05
6.209550000000000000e+05
3.770020000000000000e+05
4.892190000000000000e+05
6.428350000000000000e+05
7.320460000000000000e+05
8.847160000000000000e+05
8.416790000000000000e+05
8.725210000000000000e+05
9.007260000000000000e+05
8.494940000000000000e+05
8.348430000000000000e+05
8.006330000000000000e+05
7.878430000000000000e+05
7.347090000000000000e+05
7.113620000000000000e+05
6.539790000000000000e+05
2.986330000000000000e+06
4.232459000000000000e+06
5.686775000000000000e+06
2.153156000000000000e+06
1.120572000000000000e+06
6.726680000000000000e+05
3.971170000000000000e+05
4.837140000000000000e+05
6.660680000000000000e+05
7.995010000000000000e+05
9.386140000000000000e+05
9.531420000000000000e+05
9.696880000000000000e+05
9.359530000000000000e+05
8.778880000000000000e+05
8.382510000000000000e+05
8.197260000000000000e+05
7.742300000000000000e+05
7.270360000000000000e+05
6.993340000000000000e+05
6.556800000000000000e+05
2.206036000000000000e+06
3.855981000000000000e+06
5.026782000000000000e+06
1.581873000000000000e+06
8.630750000000000000e+05
5.289760000000000000e+05
3.925000000000000000e+05
5.078340000000000000e+05
7.994900000000000000e+05
1.007661000000000000e+06
1.070837000000000000e+06
1.058101000000000000e+06
9.649890000000000000e+05
9.506830000000000000e+05
9.021420000000000000e+05
8.600110000000000000e+05
7.904630000000000000e+05
7.761380000000000000e+05
7.204660000000000000e+05
6.817680000000000000e+05
6.790430000000000000e+05
2.496462000000000000e+06
3.841360000000000000e+06
1.150814000000000000e+06
6.980540000000000000e+05
4.982560000000000000e+05
5.180470000000000000e+05
5.525300000000000000e+05
9.504590000000000000e+05
1.080249000000000000e+06
1.072742000000000000e+06
1.053205000000000000e+06
1.011632000000000000e+06
9.292250000000000000e+05
9.131340000000000000e+05
8.051770000000000000e+05
8.032480000000000000e+05
7.956310000000000000e+05
7.450820000000000000e+05
7.316740000000000000e+05
7.047120000000000000e+05
2.704998000000000000e+06
9.038910000000000000e+05
5.830790000000000000e+05
4.627770000000000000e+05
4.471000000000000000e+05
6.941360000000000000e+05
9.386610000000000000e+05
1.107699000000000000e+06
1.057510000000000000e+06
9.893010000000000000e+05
9.255320000000000000e+05
8.916550000000000000e+05
8.634050000000000000e+05
8.404690000000000000e+05
7.852220000000000000e+05
7.478030000000000000e+05
7.188080000000000000e+05
6.849400000000000000e+05
7.074300000000000000e+05
7.457920000000000000e+05
4.789300000000000000e+05
4.322300000000000000e+05
4.031510000000000000e+05
6.993450000000000000e+05
9.712240000000000000e+05
1.128167000000000000e+06
1.036830000000000000e+06
9.929930000000000000e+05
8.963080000000000000e+05
9.020360000000000000e+05
8.387310000000000000e+05
8.484610000000000000e+05
7.943870000000000000e+05
7.061990000000000000e+05
7.377870000000000000e+05
6.703810000000000000e+05
6.024400000000000000e+05
4.592340000000000000e+05
3.582100000000000000e+05
5.192830000000000000e+05
7.717630000000000000e+05
1.040363000000000000e+06
1.064416000000000000e+06
1.016133000000000000e+06
9.666250000000000000e+05
8.894300000000000000e+05
8.698070000000000000e+05
7.980450000000000000e+05
8.185850000000000000e+05
7.789700000000000000e+05
6.971310000000000000e+05
6.490070000000000000e+05
5.735370000000000000e+05
3.952020000000000000e+05
3.627480000000000000e+05
5.619030000000000000e+05
8.426590000000000000e+05
1.085780000000000000e+06
1.034860000000000000e+06
9.521220000000000000e+05
9.122210000000000000e+05
8.329200000000000000e+05
8.660710000000000000e+05
7.742150000000000000e+05
7.375100000000000000e+05
6.945680000000000000e+05
6.185940000000000000e+05
4.581180000000000000e+05
3.646520000000000000e+05
4.092240000000000000e+05
6.267210000000000000e+05
1.095931000000000000e+06
1.031788000000000000e+06
9.676650000000000000e+05
9.093030000000000000e+05
8.973800000000000000e+05
8.307290000000000000e+05
8.026400000000000000e+05
7.657030000000000000e+05
7.430020000000000000e+05
7.005740000000000000e+05
3.971530000000000000e+05
3.339600000000000000e+05
5.635030000000000000e+05
9.404550000000000000e+05
1.052912000000000000e+06
9.840310000000000000e+05
8.976970000000000000e+05
8.359270000000000000e+05
8.197240000000000000e+05
7.800900000000000000e+05
7.201870000000000000e+05
7.115670000000000000e+05
6.496340000000000000e+05
3.676890000000000000e+05
3.949630000000000000e+05
7.148350000000000000e+05
1.053889000000000000e+06
9.761540000000000000e+05
9.120440000000000000e+05
8.740830000000000000e+05
8.301160000000000000e+05
7.321740000000000000e+05
7.620980000000000000e+05
7.412840000000000000e+05
7.139780000000000000e+05
3.481980000000000000e+05
5.227250000000000000e+05
9.409970000000000000e+05
1.009859000000000000e+06
8.981210000000000000e+05
8.218830000000000000e+05
8.421260000000000000e+05
7.854110000000000000e+05
6.810670000000000000e+05
7.265090000000000000e+05
6.271430000000000000e+05
4.270870000000000000e+05
5.967050000000000000e+05
9.875570000000000000e+05
8.893740000000000000e+05
8.578770000000000000e+05
8.331440000000000000e+05
7.428870000000000000e+05
7.804680000000000000e+05
6.782040000000000000e+05
7.393490000000000000e+05
3.124870000000000000e+05
6.691470000000000000e+05
8.858950000000000000e+05
8.788010000000000000e+05
8.093780000000000000e+05
8.005130000000000000e+05
6.883300000000000000e+05
7.969920000000000000e+05
6.553050000000000000e+05
4.088410000000000000e+05
6.952780000000000000e+05
8.725710000000000000e+05
8.477420000000000000e+05
7.701400000000000000e+05
7.120120000000000000e+05
6.916430000000000000e+05
6.768780000000000000e+05
4.955370000000000000e+05
7.271430000000000000e+05
8.143820000000000000e+05
7.503470000000000000e+05
7.428790000000000000e+05
6.968500000000000000e+05
6.418820000000000000e+05
3.875780000000000000e+05
6.449440000000000000e+05
7.780930000000000000e+05
7.042540000000000000e+05
6.738020000000000000e+05
6.215800000000000000e+05
5.483140000000000000e+05
6.514350000000000000e+05
7.377490000000000000e+05
6.879500000000000000e+05
6.367610000000000000e+05
5.282330000000000000e+05
7.199450000000000000e+05
6.657710000000000000e+05
6.736720000000000000e+05
5.029850000000000000e+05
6.688510000000000000e+05
5.973930000000000000e+05
4.404950000000000000e+05
6.732060000000000000e+05
5.117360000000000000e+05
