4.579016766666666418e+07
4.547432000000000000e+07
4.515677533333333582e+07
4.483304266666666418e+07
4.450880366666666418e+07
4.384427966666666418e+07
4.316396600000000000e+07
4.247575866666666418e+07
4.178076200000000000e+07
4.108933866666666418e+07
4.040668066666666418e+07
3.973024133333333582e+07
3.906535066666666418e+07
3.840992100000000000e+07
3.776965133333333582e+07
3.714187800000000000e+07
3.652551366666666418e+07
3.592501266666666418e+07
3.533755233333333582e+07
3.476708133333333582e+07
3.339543566666666791e+07
3.211403466666666791e+07
3.090800766666666791e+07
2.977661566666666791e+07
2.871605666666666791e+07
2.772020000000000000e+07
2.678245700000000000e+07
2.590064633333333209e+07
2.506537866666666791e+07
2.428087000000000000e+07
2.283180833333333209e+07
2.153251333333333209e+07
2.035566733333333209e+07
1.929288466666666791e+07
1.832241900000000000e+07
1.743133600000000000e+07
1.662055333333333395e+07
1.586885366666666605e+07
1.517799733333333395e+07
1.453582500000000000e+07
4.543989500000000000e+07
4.512850600000000000e+07
4.481670000000000000e+07
4.449955933333333582e+07
4.384886733333333582e+07
4.318024133333333582e+07
4.250388166666666418e+07
4.181978766666666418e+07
4.114133800000000000e+07
4.046637666666666418e+07
3.980037000000000000e+07
3.914553166666666418e+07
3.850091600000000000e+07
3.786890900000000000e+07
3.724801266666666418e+07
3.664133900000000000e+07
3.604853400000000000e+07
3.546996233333333582e+07
3.490299866666666418e+07
3.354970300000000000e+07
3.227593333333333209e+07
3.108320700000000000e+07
2.996100066666666791e+07
2.890789033333333209e+07
2.791770766666666791e+07
2.698645466666666791e+07
2.610705400000000000e+07
2.527739000000000000e+07
2.449279166666666791e+07
2.304602600000000000e+07
2.174866966666666791e+07
2.057399533333333209e+07
1.950623600000000000e+07
1.853369733333333209e+07
1.764394800000000000e+07
1.682740000000000000e+07
1.607124900000000000e+07
1.537468066666666605e+07
1.473166066666666605e+07
4.513412300000000000e+07
4.482826666666666418e+07
4.451481366666666418e+07
4.387417700000000000e+07
4.321954100000000000e+07
4.255100166666666418e+07
4.187837666666666418e+07
4.120950700000000000e+07
4.054365266666666418e+07
3.988607366666666418e+07
3.923762933333333582e+07
3.860289800000000000e+07
3.797891766666666418e+07
3.736522533333333582e+07
3.676594300000000000e+07
3.617980633333333582e+07
3.560867600000000000e+07
3.505142066666666418e+07
3.371056766666666418e+07
3.244711733333333209e+07
3.126566933333333209e+07
3.015133433333333209e+07
2.910500633333333209e+07
2.811791566666666791e+07
2.719256200000000000e+07
2.631510600000000000e+07
2.548689400000000000e+07
2.470406066666666791e+07
2.326277833333333209e+07
2.196483400000000000e+07
2.078708133333333209e+07
1.972053566666666791e+07
1.874492700000000000e+07
1.785158000000000000e+07
1.703185566666666791e+07
1.627489400000000000e+07
1.557668833333333395e+07
1.492998566666666605e+07
4.486148600000000000e+07
4.455520066666666418e+07
4.392287500000000000e+07
4.327686533333333582e+07
4.261557900000000000e+07
4.195291400000000000e+07
4.129007666666666418e+07
4.063260766666666418e+07
3.998399833333333582e+07
3.934520100000000000e+07
3.871772000000000000e+07
3.809981333333333582e+07
3.749499000000000000e+07
3.690306433333333582e+07
3.632424433333333582e+07
3.575606266666666418e+07
3.520267533333333582e+07
3.387333200000000000e+07
3.262567533333333209e+07
3.144887300000000000e+07
3.034300500000000000e+07
2.930140500000000000e+07
2.832076533333333209e+07
2.739637433333333209e+07
2.652278466666666791e+07
2.569811633333333209e+07
2.491994200000000000e+07
2.347910566666666791e+07
2.218017300000000000e+07
2.100377400000000000e+07
1.993460666666666791e+07
1.895602600000000000e+07
1.806041566666666791e+07
1.723582466666666791e+07
1.647689233333333395e+07
1.577179800000000000e+07
1.511934166666666605e+07
4.461112400000000000e+07
4.398870433333333582e+07
4.334755766666666418e+07
4.269480233333333582e+07
4.203962200000000000e+07
4.138489166666666418e+07
4.073504000000000000e+07
4.009146133333333582e+07
3.946158266666666418e+07
3.884094666666666418e+07
3.822957266666666418e+07
3.763117666666666418e+07
3.704531333333333582e+07
3.647281300000000000e+07
3.591313466666666418e+07
3.536182466666666418e+07
3.404560866666666418e+07
3.280511833333333209e+07
3.163615300000000000e+07
3.053693833333333209e+07
2.949973900000000000e+07
2.852380133333333209e+07
2.760146633333333209e+07
2.673305066666666791e+07
2.590782733333333209e+07
2.513033900000000000e+07
2.369227833333333209e+07
2.239605833333333209e+07
2.121962333333333209e+07
2.014625466666666791e+07
1.916722333333333209e+07
1.826615400000000000e+07
1.743878600000000000e+07
1.667330133333333395e+07
1.597017366666666605e+07
1.531022566666666605e+07
4.415804100000000000e+07
4.352787166666666418e+07
4.288900000000000000e+07
4.224603033333333582e+07
4.160438400000000000e+07
4.096615300000000000e+07
4.033921033333333582e+07
3.972200800000000000e+07
3.911238033333333582e+07
3.851376800000000000e+07
3.792660500000000000e+07
3.735193933333333582e+07
3.678920100000000000e+07
3.623450466666666418e+07
3.569545166666666418e+07
3.439492066666666418e+07
3.317069400000000000e+07
3.201459266666666791e+07
3.092631333333333209e+07
2.990002533333333209e+07
2.893184300000000000e+07
2.801757933333333209e+07
2.715226000000000000e+07
2.633282200000000000e+07
2.555901333333333209e+07
2.411960800000000000e+07
2.282125966666666791e+07
2.164407566666666791e+07
2.056437733333333209e+07
1.958133700000000000e+07
1.867319166666666791e+07
1.784124400000000000e+07
1.706740166666666791e+07
1.635635200000000000e+07
1.568726533333333395e+07
4.374934000000000000e+07
4.311960366666666418e+07
4.248708900000000000e+07
4.185499700000000000e+07
4.123161500000000000e+07
4.061529733333333582e+07
4.000650666666666418e+07
3.940743933333333582e+07
3.881863000000000000e+07
3.824127333333333582e+07
3.767471833333333582e+07
3.711604133333333582e+07
3.657223133333333582e+07
3.603670833333333582e+07
3.475639066666666418e+07
3.354451400000000000e+07
3.240131166666666791e+07
3.132210133333333209e+07
3.030317566666666791e+07
2.934184233333333209e+07
2.843032433333333209e+07
2.757030100000000000e+07
2.675656900000000000e+07
2.597993366666666791e+07
2.454546666666666791e+07
2.324608066666666791e+07
2.206216133333333209e+07
2.097712566666666791e+07
1.998913933333333209e+07
1.907344300000000000e+07
1.823288633333333209e+07
1.745345600000000000e+07
1.673148733333333395e+07
1.606309633333333395e+07
4.337564300000000000e+07
4.274966466666666418e+07
4.212988200000000000e+07
4.151479566666666418e+07
4.090545900000000000e+07
4.030603533333333582e+07
3.971549766666666418e+07
3.913554000000000000e+07
3.856536366666666418e+07
3.800301666666666418e+07
3.745457666666666418e+07
3.691426466666666418e+07
3.639104366666666418e+07
3.512097700000000000e+07
3.392049300000000000e+07
3.278759433333333209e+07
3.171863500000000000e+07
3.070659033333333209e+07
2.975138633333333209e+07
2.884250166666666791e+07
2.798822700000000000e+07
2.717468966666666791e+07
2.639814933333333209e+07
2.496438233333333209e+07
2.365914266666666791e+07
2.247341600000000000e+07
2.138697300000000000e+07
2.038617333333333209e+07
1.946963333333333209e+07
1.862075733333333209e+07
1.783599133333333209e+07
1.710525933333333209e+07
1.642154066666666605e+07
4.303058533333333582e+07
4.241760500000000000e+07
4.180850700000000000e+07
4.120843933333333582e+07
4.061677166666666418e+07
4.003442466666666418e+07
3.946091200000000000e+07
3.889513233333333582e+07
3.834189333333333582e+07
3.779676433333333582e+07
3.726796500000000000e+07
3.674312733333333582e+07
3.549091933333333582e+07
3.430084066666666418e+07
3.317781133333333209e+07
3.211440333333333209e+07
3.111193233333333209e+07
3.015915433333333209e+07
2.925473166666666791e+07
2.839769033333333209e+07
2.758847166666666791e+07
2.681118666666666791e+07
2.537610133333333209e+07
2.406721600000000000e+07
2.287668300000000000e+07
2.178342733333333209e+07
2.077914600000000000e+07
1.985525133333333209e+07
1.900017566666666791e+07
1.820760866666666791e+07
1.747512866666666791e+07
1.678837233333333209e+07
4.271448366666666418e+07
4.211356266666666418e+07
4.152072166666666418e+07
4.093624133333333582e+07
4.035942166666666418e+07
3.979008400000000000e+07
3.923222166666666418e+07
3.868233000000000000e+07
3.814800800000000000e+07
3.761700033333333582e+07
3.710231600000000000e+07
3.585870966666666418e+07
3.468079800000000000e+07
3.356427866666666418e+07
3.250810433333333209e+07
3.150697300000000000e+07
3.055930833333333209e+07
2.965650300000000000e+07
2.880191900000000000e+07
2.799383833333333209e+07
2.721759933333333209e+07
2.578034700000000000e+07
2.447216000000000000e+07
2.327373700000000000e+07
2.217554466666666791e+07
2.116513500000000000e+07
2.023213866666666791e+07
1.936932000000000000e+07
1.857395800000000000e+07
1.782799633333333209e+07
1.713522000000000000e+07
4.242531166666666418e+07
4.183877000000000000e+07
4.125900600000000000e+07
4.068631866666666418e+07
4.012394366666666418e+07
3.956930133333333582e+07
3.902936700000000000e+07
3.849263300000000000e+07
3.797220933333333582e+07
3.745956033333333582e+07
3.622571366666666418e+07
3.505638100000000000e+07
3.394870266666666418e+07
3.289791566666666791e+07
3.190089000000000000e+07
3.095586600000000000e+07
3.005717366666666791e+07
2.920548633333333209e+07
2.838736433333333209e+07
2.761459700000000000e+07
2.617436733333333209e+07
2.486315566666666791e+07
2.365854566666666791e+07
2.255925766666666791e+07
2.154070233333333209e+07
2.060640266666666791e+07
1.973556266666666791e+07
1.893479100000000000e+07
1.817820166666666791e+07
1.748336833333333209e+07
4.215802133333333582e+07
4.158222500000000000e+07
4.101544166666666418e+07
4.045643900000000000e+07
3.991091733333333582e+07
3.936883366666666418e+07
3.884274466666666418e+07
3.832417866666666418e+07
3.781713066666666418e+07
3.659187400000000000e+07
3.543037033333333582e+07
3.432680100000000000e+07
3.328157400000000000e+07
3.228580500000000000e+07
3.134399533333333209e+07
3.044676133333333209e+07
2.959277500000000000e+07
2.878310733333333209e+07
2.800565900000000000e+07
2.656413900000000000e+07
2.524713666666666791e+07
2.403830066666666791e+07
2.293518033333333209e+07
2.191008666666666791e+07
2.096811033333333209e+07
2.009381433333333209e+07
1.928071300000000000e+07
1.852768933333333209e+07
1.782389500000000000e+07
4.190570633333333582e+07
4.134258166666666418e+07
4.079216533333333582e+07
4.024481766666666418e+07
3.971272400000000000e+07
3.918789033333333582e+07
3.867424400000000000e+07
3.816929400000000000e+07
3.695278433333333582e+07
3.579707466666666418e+07
3.469842900000000000e+07
3.365680600000000000e+07
3.266303900000000000e+07
3.172397433333333209e+07
3.082788066666666791e+07
2.997211866666666791e+07
2.915860333333333209e+07
2.838742100000000000e+07
2.694086666666666791e+07
2.562341900000000000e+07
2.441426133333333209e+07
2.329928066666666791e+07
2.227535500000000000e+07
2.132742633333333209e+07
2.044833900000000000e+07
1.962961700000000000e+07
1.886209866666666791e+07
1.815527833333333209e+07
4.167130033333333582e+07
4.111865133333333582e+07
4.058073033333333582e+07
4.004969200000000000e+07
3.952952433333333582e+07
3.901813033333333582e+07
3.851884166666666418e+07
3.730920333333333582e+07
3.615777366666666418e+07
3.506568600000000000e+07
3.402483300000000000e+07
3.303458733333333209e+07
3.209254533333333209e+07
3.120210900000000000e+07
3.034482766666666791e+07
2.953274200000000000e+07
2.875950166666666791e+07
2.731027366666666791e+07
2.599093966666666791e+07
2.477640333333333209e+07
2.365978533333333209e+07
2.263098933333333209e+07
2.167739600000000000e+07
2.079312066666666791e+07
1.997313666666666791e+07
1.920434766666666791e+07
1.848200700000000000e+07
4.144602300000000000e+07
4.090877666666666418e+07
4.038225266666666418e+07
3.986462966666666418e+07
3.935859500000000000e+07
3.886008666666666418e+07
3.765538733333333582e+07
3.650934433333333582e+07
3.541893366666666418e+07
3.438380000000000000e+07
3.339288333333333209e+07
3.245351500000000000e+07
3.156535433333333209e+07
3.070931266666666791e+07
2.989719266666666791e+07
2.912493533333333209e+07
2.767707966666666791e+07
2.635323900000000000e+07
2.513592066666666791e+07
2.401512133333333209e+07
2.297785833333333209e+07
2.201816500000000000e+07
2.113276933333333209e+07
2.030015466666666791e+07
1.953006800000000000e+07
1.880381466666666791e+07
4.123148666666666418e+07
4.070758400000000000e+07
4.019514600000000000e+07
3.968961766666666418e+07
3.919191533333333582e+07
3.799646866666666418e+07
3.685574966666666418e+07
3.576878000000000000e+07
3.473465466666666418e+07
3.375026433333333582e+07
3.281333533333333209e+07
3.191625866666666791e+07
3.106678300000000000e+07
3.025802100000000000e+07
2.947841966666666791e+07
2.803381000000000000e+07
2.670319433333333209e+07
2.548747233333333209e+07
2.435944600000000000e+07
2.332318200000000000e+07
2.235873233333333209e+07
2.147002933333333209e+07
2.062848833333333209e+07
1.985644566666666791e+07
1.912342766666666791e+07
4.102829233333333582e+07
4.051595333333333582e+07
4.001174333333333582e+07
3.952018366666666418e+07
3.832774500000000000e+07
3.719334166666666418e+07
3.610655233333333582e+07
3.507744266666666418e+07
3.409312466666666418e+07
3.315897700000000000e+07
3.227113200000000000e+07
3.141665733333333209e+07
3.060981266666666791e+07
2.983333100000000000e+07
2.838258633333333209e+07
2.705027000000000000e+07
2.582978733333333209e+07
2.469933033333333209e+07
2.365828800000000000e+07
2.269101200000000000e+07
2.179094766666666791e+07
2.095485133333333209e+07
2.017490600000000000e+07
1.943393566666666791e+07
4.082809766666666418e+07
4.032953900000000000e+07
3.983745966666666418e+07
3.865060066666666418e+07
3.751894500000000000e+07
3.643698400000000000e+07
3.541070200000000000e+07
3.443108800000000000e+07
3.349454400000000000e+07
3.260595700000000000e+07
3.176074800000000000e+07
3.094789466666666791e+07
3.017250033333333209e+07
2.872359433333333209e+07
2.739213766666666791e+07
2.616499900000000000e+07
2.503590533333333209e+07
2.399149366666666791e+07
2.301913933333333209e+07
2.211394200000000000e+07
2.126744766666666791e+07
2.048466233333333209e+07
1.974307866666666791e+07
4.063641266666666418e+07
4.015033466666666418e+07
3.896857300000000000e+07
3.783879833333333582e+07
3.676093033333333582e+07
3.573620200000000000e+07
3.476486800000000000e+07
3.382943400000000000e+07
3.293904933333333209e+07
3.209277200000000000e+07
3.128272900000000000e+07
3.050362033333333209e+07
2.905550266666666791e+07
2.772222900000000000e+07
2.649545600000000000e+07
2.536346300000000000e+07
2.431307266666666791e+07
2.334161866666666791e+07
2.243761633333333209e+07
2.158946333333333209e+07
2.079086233333333209e+07
2.004985133333333209e+07
4.045233633333333582e+07
3.927421133333333582e+07
3.815212900000000000e+07
3.707628533333333582e+07
3.605335533333333582e+07
3.508716933333333582e+07
3.415146933333333582e+07
3.326349966666666791e+07
3.242000066666666791e+07
3.160889733333333209e+07
3.083415866666666791e+07
2.938525200000000000e+07
2.805153300000000000e+07
2.682312400000000000e+07
2.568425533333333209e+07
2.462970566666666791e+07
2.365559000000000000e+07
2.274166033333333209e+07
2.189497200000000000e+07
2.109545233333333209e+07
2.034688700000000000e+07
4.001449366666666418e+07
3.889819933333333582e+07
3.783374233333333582e+07
3.682765700000000000e+07
3.585429833333333582e+07
3.492882400000000000e+07
3.405044200000000000e+07
3.320488266666666791e+07
3.239769300000000000e+07
3.162144166666666791e+07
3.017676666666666791e+07
2.884331633333333209e+07
2.761249200000000000e+07
2.646898833333333209e+07
2.540845466666666791e+07
2.442185633333333209e+07
2.349821566666666791e+07
2.264052466666666791e+07
2.183436200000000000e+07
2.108432633333333209e+07
3.960200333333333582e+07
3.855671533333333582e+07
3.754729500000000000e+07
3.658399633333333582e+07
3.567086600000000000e+07
3.479211366666666418e+07
3.395273566666666418e+07
3.314420733333333209e+07
3.238162966666666791e+07
3.093246166666666791e+07
2.959841133333333209e+07
2.836181566666666791e+07
2.721321833333333209e+07
2.615220333333333209e+07
2.515780933333333209e+07
2.423505800000000000e+07
2.336112933333333209e+07
2.254656833333333209e+07
2.179090633333333209e+07
3.922912033333333582e+07
3.823006466666666418e+07
3.728238700000000000e+07
3.637055800000000000e+07
3.549885200000000000e+07
3.465982533333333582e+07
3.386814800000000000e+07
3.309775366666666791e+07
3.165384833333333209e+07
3.032112066666666791e+07
2.908440666666666791e+07
2.793423400000000000e+07
2.686527100000000000e+07
2.586365966666666791e+07
2.493256066666666791e+07
2.405662966666666791e+07
2.324368200000000000e+07
2.246072266666666791e+07
3.888258900000000000e+07
3.794022533333333582e+07
3.703641633333333582e+07
3.616739600000000000e+07
3.534457433333333582e+07
3.454726100000000000e+07
3.378342033333333582e+07
3.234503166666666791e+07
3.101177333333333209e+07
2.977171800000000000e+07
2.862494000000000000e+07
2.754979833333333209e+07
2.655159833333333209e+07
2.560704033333333209e+07
2.472625400000000000e+07
2.390787900000000000e+07
2.311685466666666791e+07
3.856680466666666418e+07
3.766816766666666418e+07
3.681492633333333582e+07
3.598934566666666418e+07
3.519867733333333582e+07
3.443743233333333582e+07
3.300381800000000000e+07
3.167495433333333209e+07
3.043594766666666791e+07
2.928441166666666791e+07
2.820997433333333209e+07
2.720439733333333209e+07
2.625963300000000000e+07
2.538366566666666791e+07
2.453926633333333209e+07
2.375406233333333209e+07
3.827874100000000000e+07
3.742557066666666418e+07
3.660767466666666418e+07
3.581979066666666418e+07
3.506617066666666418e+07
3.363726766666666418e+07
3.230843166666666791e+07
3.107630400000000000e+07
2.992075900000000000e+07
2.885056700000000000e+07
2.783481933333333209e+07
2.688780866666666791e+07
2.600801266666666791e+07
2.515723200000000000e+07
2.436537866666666791e+07
3.801085633333333582e+07
3.719490166666666418e+07
3.641781566666666418e+07
3.566318700000000000e+07
3.424396000000000000e+07
3.291799133333333209e+07
3.168495400000000000e+07
3.053540300000000000e+07
2.945969633333333209e+07
2.844512766666666791e+07
2.750716233333333209e+07
2.660123000000000000e+07
2.575868166666666791e+07
2.496848000000000000e+07
3.776357900000000000e+07
3.698483366666666418e+07
3.624206933333333582e+07
3.482465233333333582e+07
3.350817266666666791e+07
3.227529333333333209e+07
3.113014900000000000e+07
3.004501833333333209e+07
2.903372766666666791e+07
2.809065100000000000e+07
2.718405633333333209e+07
2.633720100000000000e+07
2.554143366666666791e+07
3.753746066666666418e+07
3.679348533333333582e+07
3.538273400000000000e+07
3.406863200000000000e+07
3.284473966666666791e+07
3.169846400000000000e+07
3.061579700000000000e+07
2.961553800000000000e+07
2.865019833333333209e+07
2.775123766666666791e+07
2.690659633333333209e+07
2.609975166666666791e+07
3.732342066666666418e+07
3.592353633333333582e+07
3.461407033333333582e+07
3.339292766666666791e+07
3.224158200000000000e+07
3.116666733333333209e+07
3.016092033333333209e+07
2.919861800000000000e+07
2.829601466666666791e+07
2.744977266666666791e+07
2.664519233333333209e+07
3.693811266666666418e+07
3.564430666666666418e+07
3.442504800000000000e+07
3.328751633333333209e+07
3.222028700000000000e+07
3.120197833333333209e+07
3.024357200000000000e+07
2.934625000000000000e+07
2.849368733333333209e+07
2.767818833333333209e+07
3.659718600000000000e+07
3.539740100000000000e+07
3.426950266666666418e+07
3.319441166666666791e+07
3.218262633333333209e+07
3.123506800000000000e+07
3.033452933333333209e+07
2.947216366666666791e+07
2.864945633333333209e+07
3.630823033333333582e+07
3.517990233333333582e+07
3.411332766666666418e+07
3.311518533333333209e+07
3.216584333333333209e+07
3.125721233333333209e+07
3.039189066666666791e+07
2.958805900000000000e+07
3.603708600000000000e+07
3.498722200000000000e+07
3.398919266666666418e+07
3.303631433333333209e+07
3.212824900000000000e+07
3.128441166666666791e+07
3.046411800000000000e+07
3.580596533333333582e+07
3.480889166666666418e+07
3.385991266666666418e+07
3.297613166666666791e+07
3.211563166666666791e+07
3.130417733333333209e+07
3.558706700000000000e+07
3.466237233333333582e+07
3.376335000000000000e+07
3.291185900000000000e+07
3.209871066666666791e+07
3.540429066666666418e+07
3.451344266666666418e+07
3.366937000000000000e+07
3.285804266666666791e+07
3.524110400000000000e+07
3.438560266666666418e+07
3.357480533333333582e+07
3.506885866666666418e+07
3.426832233333333582e+07
3.491958966666666418e+07
