1.119000000000000000e+03
1.364000000000000000e+03
1.587000000000000000e+03
1.790000000000000000e+03
1.983000000000000000e+03
2.332000000000000000e+03
2.665000000000000000e+03
3.002000000000000000e+03
3.362000000000000000e+03
3.717000000000000000e+03
4.073000000000000000e+03
4.429000000000000000e+03
4.786000000000000000e+03
5.145000000000000000e+03
5.505000000000000000e+03
5.867000000000000000e+03
6.237000000000000000e+03
6.606000000000000000e+03
6.979000000000000000e+03
7.356000000000000000e+03
8.307000000000000000e+03
9.264000000000000000e+03
1.024200000000000000e+04
1.125000000000000000e+04
1.229400000000000000e+04
1.335600000000000000e+04
1.442900000000000000e+04
1.551300000000000000e+04
1.661700000000000000e+04
1.773900000000000000e+04
2.003300000000000000e+04
2.238800000000000000e+04
2.480200000000000000e+04
2.725300000000000000e+04
2.974900000000000000e+04
3.241400000000000000e+04
3.505700000000000000e+04
3.781900000000000000e+04
4.059100000000000000e+04
4.338500000000000000e+04
1.365000000000000000e+03
1.585000000000000000e+03
1.785000000000000000e+03
1.975000000000000000e+03
2.322000000000000000e+03
2.655000000000000000e+03
3.003000000000000000e+03
3.363000000000000000e+03
3.720000000000000000e+03
4.076000000000000000e+03
4.432000000000000000e+03
4.791000000000000000e+03
5.151000000000000000e+03
5.512000000000000000e+03
5.875000000000000000e+03
6.243000000000000000e+03
6.614000000000000000e+03
6.987000000000000000e+03
7.363000000000000000e+03
8.311000000000000000e+03
9.272000000000000000e+03
1.027100000000000000e+04
1.126600000000000000e+04
1.232700000000000000e+04
1.337700000000000000e+04
1.444700000000000000e+04
1.553700000000000000e+04
1.664100000000000000e+04
1.776700000000000000e+04
2.005900000000000000e+04
2.241000000000000000e+04
2.480300000000000000e+04
2.724500000000000000e+04
2.974200000000000000e+04
3.247400000000000000e+04
3.510800000000000000e+04
3.790200000000000000e+04
4.051900000000000000e+04
4.328900000000000000e+04
1.588000000000000000e+03
1.783000000000000000e+03
1.969000000000000000e+03
2.310000000000000000e+03
2.642000000000000000e+03
3.004000000000000000e+03
3.364000000000000000e+03
3.722000000000000000e+03
4.077000000000000000e+03
4.435000000000000000e+03
4.792000000000000000e+03
5.153000000000000000e+03
5.515000000000000000e+03
5.882000000000000000e+03
6.250000000000000000e+03
6.621000000000000000e+03
6.995000000000000000e+03
7.373000000000000000e+03
8.314000000000000000e+03
9.282000000000000000e+03
1.028200000000000000e+04
1.129600000000000000e+04
1.234000000000000000e+04
1.339700000000000000e+04
1.447100000000000000e+04
1.556000000000000000e+04
1.666900000000000000e+04
1.779500000000000000e+04
2.008200000000000000e+04
2.244800000000000000e+04
2.486700000000000000e+04
2.731400000000000000e+04
2.986900000000000000e+04
3.252600000000000000e+04
3.524200000000000000e+04
3.797800000000000000e+04
4.077400000000000000e+04
4.362900000000000000e+04
1.798000000000000000e+03
1.971000000000000000e+03
2.300000000000000000e+03
2.639000000000000000e+03
3.005000000000000000e+03
3.366000000000000000e+03
3.724000000000000000e+03
4.081000000000000000e+03
4.439000000000000000e+03
4.798000000000000000e+03
5.158000000000000000e+03
5.521000000000000000e+03
5.888000000000000000e+03
6.256000000000000000e+03
6.629000000000000000e+03
7.003000000000000000e+03
7.380000000000000000e+03
8.324000000000000000e+03
9.293000000000000000e+03
1.029300000000000000e+04
1.131200000000000000e+04
1.236300000000000000e+04
1.341800000000000000e+04
1.449200000000000000e+04
1.558100000000000000e+04
1.669300000000000000e+04
1.782200000000000000e+04
2.010900000000000000e+04
2.245100000000000000e+04
2.487300000000000000e+04
2.737100000000000000e+04
2.994000000000000000e+04
3.256900000000000000e+04
3.521100000000000000e+04
3.804700000000000000e+04
4.082800000000000000e+04
4.356500000000000000e+04
1.999000000000000000e+03
2.301000000000000000e+03
2.640000000000000000e+03
3.006000000000000000e+03
3.368000000000000000e+03
3.725000000000000000e+03
4.083000000000000000e+03
4.442000000000000000e+03
4.801000000000000000e+03
5.163000000000000000e+03
5.526000000000000000e+03
5.894000000000000000e+03
6.263000000000000000e+03
6.635000000000000000e+03
7.010000000000000000e+03
7.387000000000000000e+03
8.333000000000000000e+03
9.304000000000000000e+03
1.031500000000000000e+04
1.134300000000000000e+04
1.238200000000000000e+04
1.343800000000000000e+04
1.451100000000000000e+04
1.560700000000000000e+04
1.671400000000000000e+04
1.783200000000000000e+04
2.014000000000000000e+04
2.249900000000000000e+04
2.490500000000000000e+04
2.741700000000000000e+04
2.994100000000000000e+04
3.260000000000000000e+04
3.534500000000000000e+04
3.811200000000000000e+04
4.081200000000000000e+04
4.362500000000000000e+04
2.384000000000000000e+03
2.642000000000000000e+03
3.009000000000000000e+03
3.370000000000000000e+03
3.731000000000000000e+03
4.089000000000000000e+03
4.448000000000000000e+03
4.809000000000000000e+03
5.171000000000000000e+03
5.537000000000000000e+03
5.905000000000000000e+03
6.276000000000000000e+03
6.647000000000000000e+03
7.021000000000000000e+03
7.393000000000000000e+03
8.351000000000000000e+03
9.340000000000000000e+03
1.034300000000000000e+04
1.137300000000000000e+04
1.241400000000000000e+04
1.347500000000000000e+04
1.455200000000000000e+04
1.565200000000000000e+04
1.675900000000000000e+04
1.787700000000000000e+04
2.019300000000000000e+04
2.252000000000000000e+04
2.499300000000000000e+04
2.747900000000000000e+04
3.012800000000000000e+04
3.278500000000000000e+04
3.536500000000000000e+04
3.805200000000000000e+04
4.081400000000000000e+04
4.392500000000000000e+04
2.755000000000000000e+03
3.013000000000000000e+03
3.375000000000000000e+03
3.733000000000000000e+03
4.094000000000000000e+03
4.454000000000000000e+03
4.816000000000000000e+03
5.181000000000000000e+03
5.547000000000000000e+03
5.916000000000000000e+03
6.288000000000000000e+03
6.657000000000000000e+03
7.029000000000000000e+03
7.407000000000000000e+03
8.371000000000000000e+03
9.363000000000000000e+03
1.037300000000000000e+04
1.140200000000000000e+04
1.244700000000000000e+04
1.351000000000000000e+04
1.459400000000000000e+04
1.568500000000000000e+04
1.681100000000000000e+04
1.793200000000000000e+04
2.021000000000000000e+04
2.256600000000000000e+04
2.505100000000000000e+04
2.763300000000000000e+04
3.024700000000000000e+04
3.287000000000000000e+04
3.559600000000000000e+04
3.824700000000000000e+04
4.104200000000000000e+04
4.373500000000000000e+04
3.121000000000000000e+03
3.379000000000000000e+03
3.738000000000000000e+03
4.098000000000000000e+03
4.461000000000000000e+03
4.824000000000000000e+03
5.190000000000000000e+03
5.557000000000000000e+03
5.926000000000000000e+03
6.294000000000000000e+03
6.668000000000000000e+03
7.042000000000000000e+03
7.422000000000000000e+03
8.402000000000000000e+03
9.393000000000000000e+03
1.040100000000000000e+04
1.142900000000000000e+04
1.247700000000000000e+04
1.354600000000000000e+04
1.463300000000000000e+04
1.571800000000000000e+04
1.684300000000000000e+04
1.798000000000000000e+04
2.025800000000000000e+04
2.269900000000000000e+04
2.519200000000000000e+04
2.774200000000000000e+04
3.034300000000000000e+04
3.294100000000000000e+04
3.573400000000000000e+04
3.850400000000000000e+04
4.118700000000000000e+04
4.403900000000000000e+04
3.484000000000000000e+03
3.743000000000000000e+03
4.105000000000000000e+03
4.467000000000000000e+03
4.832000000000000000e+03
5.198000000000000000e+03
5.566000000000000000e+03
5.932000000000000000e+03
6.304000000000000000e+03
6.677000000000000000e+03
7.058000000000000000e+03
7.447000000000000000e+03
8.420000000000000000e+03
9.412000000000000000e+03
1.042400000000000000e+04
1.145500000000000000e+04
1.250900000000000000e+04
1.357400000000000000e+04
1.465900000000000000e+04
1.576200000000000000e+04
1.688200000000000000e+04
1.800200000000000000e+04
2.034500000000000000e+04
2.276100000000000000e+04
2.528600000000000000e+04
2.782800000000000000e+04
3.044800000000000000e+04
3.311800000000000000e+04
3.585000000000000000e+04
3.858400000000000000e+04
4.147200000000000000e+04
4.436400000000000000e+04
3.847000000000000000e+03
4.111000000000000000e+03
4.475000000000000000e+03
4.838000000000000000e+03
5.204000000000000000e+03
5.569000000000000000e+03
5.941000000000000000e+03
6.315000000000000000e+03
6.694000000000000000e+03
7.080000000000000000e+03
7.463000000000000000e+03
8.439000000000000000e+03
9.433000000000000000e+03
1.044700000000000000e+04
1.148300000000000000e+04
1.253700000000000000e+04
1.360200000000000000e+04
1.468600000000000000e+04
1.578600000000000000e+04
1.691100000000000000e+04
1.803900000000000000e+04
2.038300000000000000e+04
2.286100000000000000e+04
2.536000000000000000e+04
2.789100000000000000e+04
3.051900000000000000e+04
3.322000000000000000e+04
3.596000000000000000e+04
3.872800000000000000e+04
4.142800000000000000e+04
4.449700000000000000e+04
4.212000000000000000e+03
4.483000000000000000e+03
4.845000000000000000e+03
5.210000000000000000e+03
5.579000000000000000e+03
5.952000000000000000e+03
6.330000000000000000e+03
6.712000000000000000e+03
7.093000000000000000e+03
7.478000000000000000e+03
8.455000000000000000e+03
9.452000000000000000e+03
1.047000000000000000e+04
1.150900000000000000e+04
1.256700000000000000e+04
1.363600000000000000e+04
1.472400000000000000e+04
1.582300000000000000e+04
1.694600000000000000e+04
1.809100000000000000e+04
2.049500000000000000e+04
2.293200000000000000e+04
2.541300000000000000e+04
2.800800000000000000e+04
3.063700000000000000e+04
3.326800000000000000e+04
3.606400000000000000e+04
3.851800000000000000e+04
4.168000000000000000e+04
4.463200000000000000e+04
4.579000000000000000e+03
4.856000000000000000e+03
5.222000000000000000e+03
5.592000000000000000e+03
5.966000000000000000e+03
6.344000000000000000e+03
6.723000000000000000e+03
7.106000000000000000e+03
7.492000000000000000e+03
8.470000000000000000e+03
9.471000000000000000e+03
1.049100000000000000e+04
1.153100000000000000e+04
1.259200000000000000e+04
1.365300000000000000e+04
1.476000000000000000e+04
1.586300000000000000e+04
1.699500000000000000e+04
1.815200000000000000e+04
2.050400000000000000e+04
2.298200000000000000e+04
2.551400000000000000e+04
2.806700000000000000e+04
3.069500000000000000e+04
3.341900000000000000e+04
3.597000000000000000e+04
3.882100000000000000e+04
4.138900000000000000e+04
4.477100000000000000e+04
4.950000000000000000e+03
5.231000000000000000e+03
5.602000000000000000e+03
5.977000000000000000e+03
6.354000000000000000e+03
6.734000000000000000e+03
7.118000000000000000e+03
7.504000000000000000e+03
8.486000000000000000e+03
9.489000000000000000e+03
1.051300000000000000e+04
1.155500000000000000e+04
1.261800000000000000e+04
1.368100000000000000e+04
1.477900000000000000e+04
1.591000000000000000e+04
1.702800000000000000e+04
1.818600000000000000e+04
2.060600000000000000e+04
2.307000000000000000e+04
2.559000000000000000e+04
2.813800000000000000e+04
3.069700000000000000e+04
3.351700000000000000e+04
3.628100000000000000e+04
3.887400000000000000e+04
4.179100000000000000e+04
4.439400000000000000e+04
5.324000000000000000e+03
5.611000000000000000e+03
5.986000000000000000e+03
6.364000000000000000e+03
6.745000000000000000e+03
7.129000000000000000e+03
7.517000000000000000e+03
8.501000000000000000e+03
9.506000000000000000e+03
1.053200000000000000e+04
1.157000000000000000e+04
1.262900000000000000e+04
1.371100000000000000e+04
1.480900000000000000e+04
1.593000000000000000e+04
1.709500000000000000e+04
1.826100000000000000e+04
2.066300000000000000e+04
2.313500000000000000e+04
2.565800000000000000e+04
2.824800000000000000e+04
3.086800000000000000e+04
3.360700000000000000e+04
3.628500000000000000e+04
3.920000000000000000e+04
4.208600000000000000e+04
4.487700000000000000e+04
5.702000000000000000e+03
5.995000000000000000e+03
6.373000000000000000e+03
6.755000000000000000e+03
7.141000000000000000e+03
7.529000000000000000e+03
8.516000000000000000e+03
9.523000000000000000e+03
1.055000000000000000e+04
1.158900000000000000e+04
1.264800000000000000e+04
1.374100000000000000e+04
1.483800000000000000e+04
1.598200000000000000e+04
1.713600000000000000e+04
1.830800000000000000e+04
2.072700000000000000e+04
2.319400000000000000e+04
2.571600000000000000e+04
2.831800000000000000e+04
3.098500000000000000e+04
3.370300000000000000e+04
3.647000000000000000e+04
3.913000000000000000e+04
4.218900000000000000e+04
4.515200000000000000e+04
6.085000000000000000e+03
6.383000000000000000e+03
6.765000000000000000e+03
7.151000000000000000e+03
7.541000000000000000e+03
8.530000000000000000e+03
9.541000000000000000e+03
1.057200000000000000e+04
1.161500000000000000e+04
1.267200000000000000e+04
1.378300000000000000e+04
1.489300000000000000e+04
1.602800000000000000e+04
1.719900000000000000e+04
1.837500000000000000e+04
2.077900000000000000e+04
2.324300000000000000e+04
2.579300000000000000e+04
2.839700000000000000e+04
3.105400000000000000e+04
3.379800000000000000e+04
3.614300000000000000e+04
3.934300000000000000e+04
4.231100000000000000e+04
4.474700000000000000e+04
6.472000000000000000e+03
6.775000000000000000e+03
7.162000000000000000e+03
7.552000000000000000e+03
8.544000000000000000e+03
9.554000000000000000e+03
1.058800000000000000e+04
1.162800000000000000e+04
1.270900000000000000e+04
1.379600000000000000e+04
1.493300000000000000e+04
1.607100000000000000e+04
1.724200000000000000e+04
1.839400000000000000e+04
2.082300000000000000e+04
2.331100000000000000e+04
2.581500000000000000e+04
2.846800000000000000e+04
3.115000000000000000e+04
3.363000000000000000e+04
3.652500000000000000e+04
3.897200000000000000e+04
4.244000000000000000e+04
4.452800000000000000e+04
6.864000000000000000e+03
7.172000000000000000e+03
7.563000000000000000e+03
8.557000000000000000e+03
9.571000000000000000e+03
1.060600000000000000e+04
1.164900000000000000e+04
1.273800000000000000e+04
1.384700000000000000e+04
1.495800000000000000e+04
1.609700000000000000e+04
1.727600000000000000e+04
1.845500000000000000e+04
2.087900000000000000e+04
2.336500000000000000e+04
2.591500000000000000e+04
2.839100000000000000e+04
3.122100000000000000e+04
3.397200000000000000e+04
3.651100000000000000e+04
3.945600000000000000e+04
4.196700000000000000e+04
4.528600000000000000e+04
7.262000000000000000e+03
7.574000000000000000e+03
8.569000000000000000e+03
9.582000000000000000e+03
1.061900000000000000e+04
1.168700000000000000e+04
1.276100000000000000e+04
1.386200000000000000e+04
1.500000000000000000e+04
1.614400000000000000e+04
1.729800000000000000e+04
1.850000000000000000e+04
2.092500000000000000e+04
2.342200000000000000e+04
2.598200000000000000e+04
2.855600000000000000e+04
3.130800000000000000e+04
3.392000000000000000e+04
3.685100000000000000e+04
3.972600000000000000e+04
4.245900000000000000e+04
4.522900000000000000e+04
7.664000000000000000e+03
8.581000000000000000e+03
9.599000000000000000e+03
1.063400000000000000e+04
1.169800000000000000e+04
1.279900000000000000e+04
1.390900000000000000e+04
1.502900000000000000e+04
1.617800000000000000e+04
1.734000000000000000e+04
1.854300000000000000e+04
2.097400000000000000e+04
2.347400000000000000e+04
2.604700000000000000e+04
2.868200000000000000e+04
3.137400000000000000e+04
3.411000000000000000e+04
3.677700000000000000e+04
3.978500000000000000e+04
4.276500000000000000e+04
4.503900000000000000e+04
8.692000000000000000e+03
9.642000000000000000e+03
1.068800000000000000e+04
1.176400000000000000e+04
1.285800000000000000e+04
1.397000000000000000e+04
1.510600000000000000e+04
1.625800000000000000e+04
1.744300000000000000e+04
1.863900000000000000e+04
2.108600000000000000e+04
2.359700000000000000e+04
2.619600000000000000e+04
2.884500000000000000e+04
3.157300000000000000e+04
3.434200000000000000e+04
3.709900000000000000e+04
3.950200000000000000e+04
4.224800000000000000e+04
4.579300000000000000e+04
9.753000000000000000e+03
1.073400000000000000e+04
1.181200000000000000e+04
1.291200000000000000e+04
1.403400000000000000e+04
1.517500000000000000e+04
1.634300000000000000e+04
1.752700000000000000e+04
1.872900000000000000e+04
2.119600000000000000e+04
2.373300000000000000e+04
2.633400000000000000e+04
2.900000000000000000e+04
3.170500000000000000e+04
3.438200000000000000e+04
3.732800000000000000e+04
4.031200000000000000e+04
4.253800000000000000e+04
4.590100000000000000e+04
1.084600000000000000e+04
1.185900000000000000e+04
1.296600000000000000e+04
1.409300000000000000e+04
1.524300000000000000e+04
1.641500000000000000e+04
1.760500000000000000e+04
1.881900000000000000e+04
2.129700000000000000e+04
2.385000000000000000e+04
2.646800000000000000e+04
2.916700000000000000e+04
3.191100000000000000e+04
3.463900000000000000e+04
3.741300000000000000e+04
3.969300000000000000e+04
4.325600000000000000e+04
4.597600000000000000e+04
1.197400000000000000e+04
1.301500000000000000e+04
1.414900000000000000e+04
1.530600000000000000e+04
1.648400000000000000e+04
1.768400000000000000e+04
1.890300000000000000e+04
2.139900000000000000e+04
2.396100000000000000e+04
2.659400000000000000e+04
2.927600000000000000e+04
3.195500000000000000e+04
3.483500000000000000e+04
3.780700000000000000e+04
3.999800000000000000e+04
4.332300000000000000e+04
4.665300000000000000e+04
1.313300000000000000e+04
1.420400000000000000e+04
1.536500000000000000e+04
1.655100000000000000e+04
1.775700000000000000e+04
1.898400000000000000e+04
2.149500000000000000e+04
2.406900000000000000e+04
2.673100000000000000e+04
2.944700000000000000e+04
3.215600000000000000e+04
3.492400000000000000e+04
3.722300000000000000e+04
4.069800000000000000e+04
4.338900000000000000e+04
4.631400000000000000e+04
1.432400000000000000e+04
1.542200000000000000e+04
1.661400000000000000e+04
1.782900000000000000e+04
1.905900000000000000e+04
2.157800000000000000e+04
2.417100000000000000e+04
2.683600000000000000e+04
2.950500000000000000e+04
3.231800000000000000e+04
3.526100000000000000e+04
3.742900000000000000e+04
4.071100000000000000e+04
4.403200000000000000e+04
4.665700000000000000e+04
1.554800000000000000e+04
1.667700000000000000e+04
1.789200000000000000e+04
1.913500000000000000e+04
2.166500000000000000e+04
2.428300000000000000e+04
2.696400000000000000e+04
2.966100000000000000e+04
3.255700000000000000e+04
3.474700000000000000e+04
3.813900000000000000e+04
4.078300000000000000e+04
4.366900000000000000e+04
4.674000000000000000e+04
1.680300000000000000e+04
1.795900000000000000e+04
1.920000000000000000e+04
2.174800000000000000e+04
2.438300000000000000e+04
2.701600000000000000e+04
2.979000000000000000e+04
3.268800000000000000e+04
3.484300000000000000e+04
3.807700000000000000e+04
4.137900000000000000e+04
4.396300000000000000e+04
4.763500000000000000e+04
1.808300000000000000e+04
1.926800000000000000e+04
2.183400000000000000e+04
2.447300000000000000e+04
2.716400000000000000e+04
2.998600000000000000e+04
3.227000000000000000e+04
3.555900000000000000e+04
3.815700000000000000e+04
4.099900000000000000e+04
4.401800000000000000e+04
4.703400000000000000e+04
1.940100000000000000e+04
2.191400000000000000e+04
2.452200000000000000e+04
2.726400000000000000e+04
3.009700000000000000e+04
3.224900000000000000e+04
3.543100000000000000e+04
3.870500000000000000e+04
4.124800000000000000e+04
4.490700000000000000e+04
4.716200000000000000e+04
2.212900000000000000e+04
2.474000000000000000e+04
2.750200000000000000e+04
2.967300000000000000e+04
3.278300000000000000e+04
3.601800000000000000e+04
3.864300000000000000e+04
4.215800000000000000e+04
4.438800000000000000e+04
4.730500000000000000e+04
2.498600000000000000e+04
2.746000000000000000e+04
3.019700000000000000e+04
3.333200000000000000e+04
3.612800000000000000e+04
3.939500000000000000e+04
4.160500000000000000e+04
4.461600000000000000e+04
4.802000000000000000e+04
2.790400000000000000e+04
3.065300000000000000e+04
3.355500000000000000e+04
3.662900000000000000e+04
3.893800000000000000e+04
4.199200000000000000e+04
4.517700000000000000e+04
4.853700000000000000e+04
3.098600000000000000e+04
3.387000000000000000e+04
3.658400000000000000e+04
3.980300000000000000e+04
4.232800000000000000e+04
4.565500000000000000e+04
4.936200000000000000e+04
3.423100000000000000e+04
3.708100000000000000e+04
3.978000000000000000e+04
4.277000000000000000e+04
4.640700000000000000e+04
4.871300000000000000e+04
3.736600000000000000e+04
3.988700000000000000e+04
4.345100000000000000e+04
4.626800000000000000e+04
4.942200000000000000e+04
4.072200000000000000e+04
4.382600000000000000e+04
4.642800000000000000e+04
4.949800000000000000e+04
4.378200000000000000e+04
4.693600000000000000e+04
5.050400000000000000e+04
4.754600000000000000e+04
4.993100000000000000e+04
5.094200000000000000e+04
