1.120000000000000000e+03
1.364000000000000000e+03
1.587000000000000000e+03
1.790000000000000000e+03
1.983000000000000000e+03
2.345000000000000000e+03
2.719000000000000000e+03
3.081000000000000000e+03
3.431000000000000000e+03
3.800000000000000000e+03
4.165000000000000000e+03
4.523000000000000000e+03
4.876000000000000000e+03
5.233000000000000000e+03
5.591000000000000000e+03
5.938000000000000000e+03
6.303000000000000000e+03
6.668000000000000000e+03
7.034000000000000000e+03
7.405000000000000000e+03
8.361000000000000000e+03
9.312000000000000000e+03
1.558800000000000000e+04
1.667200000000000000e+04
1.777800000000000000e+04
1.889300000000000000e+04
2.002100000000000000e+04
2.116200000000000000e+04
2.231400000000000000e+04
2.347200000000000000e+04
2.587500000000000000e+04
3.127100000000000000e+04
3.376000000000000000e+04
3.628100000000000000e+04
3.885800000000000000e+04
4.148700000000000000e+04
4.416900000000000000e+04
4.685600000000000000e+04
4.968600000000000000e+04
5.250500000000000000e+04
1.366000000000000000e+03
1.585000000000000000e+03
1.785000000000000000e+03
1.975000000000000000e+03
2.350000000000000000e+03
2.721000000000000000e+03
3.077000000000000000e+03
3.442000000000000000e+03
3.811000000000000000e+03
4.171000000000000000e+03
4.525000000000000000e+03
4.880000000000000000e+03
5.235000000000000000e+03
5.584000000000000000e+03
5.945000000000000000e+03
6.306000000000000000e+03
6.670000000000000000e+03
7.038000000000000000e+03
7.416000000000000000e+03
8.353000000000000000e+03
9.328000000000000000e+03
1.570700000000000000e+04
1.679100000000000000e+04
1.790400000000000000e+04
1.902400000000000000e+04
2.015700000000000000e+04
2.129800000000000000e+04
2.244800000000000000e+04
2.363600000000000000e+04
2.603000000000000000e+04
3.157500000000000000e+04
3.404700000000000000e+04
3.657600000000000000e+04
3.915700000000000000e+04
4.179200000000000000e+04
4.447900000000000000e+04
4.721700000000000000e+04
5.000700000000000000e+04
5.284600000000000000e+04
1.589000000000000000e+03
1.783000000000000000e+03
1.969000000000000000e+03
2.352000000000000000e+03
2.723000000000000000e+03
3.081000000000000000e+03
3.456000000000000000e+03
3.818000000000000000e+03
4.176000000000000000e+03
4.527000000000000000e+03
4.881000000000000000e+03
5.235000000000000000e+03
5.586000000000000000e+03
5.946000000000000000e+03
6.308000000000000000e+03
6.672000000000000000e+03
7.048000000000000000e+03
7.426000000000000000e+03
8.363000000000000000e+03
9.361000000000000000e+03
1.582100000000000000e+04
1.692100000000000000e+04
1.803300000000000000e+04
1.915600000000000000e+04
2.029300000000000000e+04
2.143400000000000000e+04
2.259700000000000000e+04
2.378700000000000000e+04
2.938300000000000000e+04
3.185700000000000000e+04
3.433500000000000000e+04
3.686900000000000000e+04
3.945700000000000000e+04
4.209700000000000000e+04
4.479100000000000000e+04
4.753400000000000000e+04
5.033000000000000000e+04
5.317400000000000000e+04
1.799000000000000000e+03
1.971000000000000000e+03
2.354000000000000000e+03
2.717000000000000000e+03
3.097000000000000000e+03
3.462000000000000000e+03
3.822000000000000000e+03
4.175000000000000000e+03
4.529000000000000000e+03
4.884000000000000000e+03
5.230000000000000000e+03
5.588000000000000000e+03
5.948000000000000000e+03
6.307000000000000000e+03
6.681000000000000000e+03
7.057000000000000000e+03
7.434000000000000000e+03
8.380000000000000000e+03
9.373000000000000000e+03
1.591900000000000000e+04
1.704500000000000000e+04
1.816100000000000000e+04
1.928800000000000000e+04
2.042000000000000000e+04
2.157000000000000000e+04
2.275300000000000000e+04
2.393700000000000000e+04
2.966100000000000000e+04
3.214000000000000000e+04
3.462400000000000000e+04
3.716300000000000000e+04
3.975700000000000000e+04
4.240200000000000000e+04
4.510100000000000000e+04
4.785300000000000000e+04
5.065300000000000000e+04
5.350500000000000000e+04
2.000000000000000000e+03
2.355000000000000000e+03
2.733000000000000000e+03
3.104000000000000000e+03
3.468000000000000000e+03
3.824000000000000000e+03
4.177000000000000000e+03
4.530000000000000000e+03
4.878000000000000000e+03
5.232000000000000000e+03
5.589000000000000000e+03
5.948000000000000000e+03
6.316000000000000000e+03
6.690000000000000000e+03
7.066000000000000000e+03
7.424000000000000000e+03
8.402000000000000000e+03
9.387000000000000000e+03
1.604900000000000000e+04
1.716900000000000000e+04
1.828900000000000000e+04
1.941700000000000000e+04
2.055600000000000000e+04
2.172200000000000000e+04
2.290100000000000000e+04
2.409000000000000000e+04
2.998900000000000000e+04
3.242300000000000000e+04
3.491200000000000000e+04
3.745800000000000000e+04
4.005700000000000000e+04
4.270900000000000000e+04
4.541300000000000000e+04
4.817000000000000000e+04
5.097700000000000000e+04
5.383100000000000000e+04
2.384000000000000000e+03
2.748000000000000000e+03
3.114000000000000000e+03
3.472000000000000000e+03
3.825000000000000000e+03
4.178000000000000000e+03
4.523000000000000000e+03
4.877000000000000000e+03
5.232000000000000000e+03
5.590000000000000000e+03
5.961000000000000000e+03
6.333000000000000000e+03
6.702000000000000000e+03
7.061000000000000000e+03
7.452000000000000000e+03
8.428000000000000000e+03
9.416000000000000000e+03
1.630000000000000000e+04
1.741600000000000000e+04
1.854500000000000000e+04
1.966700000000000000e+04
2.083200000000000000e+04
2.201100000000000000e+04
2.319400000000000000e+04
2.808900000000000000e+04
3.054500000000000000e+04
3.299100000000000000e+04
3.549400000000000000e+04
3.805000000000000000e+04
4.066100000000000000e+04
4.332800000000000000e+04
4.604000000000000000e+04
4.880600000000000000e+04
5.162400000000000000e+04
5.447300000000000000e+04
2.756000000000000000e+03
3.117000000000000000e+03
3.472000000000000000e+03
3.826000000000000000e+03
4.171000000000000000e+03
4.522000000000000000e+03
4.876000000000000000e+03
5.236000000000000000e+03
5.604000000000000000e+03
5.973000000000000000e+03
6.336000000000000000e+03
6.708000000000000000e+03
7.096000000000000000e+03
7.480000000000000000e+03
8.452000000000000000e+03
9.409000000000000000e+03
1.653800000000000000e+04
1.766200000000000000e+04
1.879600000000000000e+04
1.994900000000000000e+04
2.111700000000000000e+04
2.229600000000000000e+04
2.750400000000000000e+04
2.870300000000000000e+04
3.110400000000000000e+04
3.356300000000000000e+04
3.607800000000000000e+04
3.864200000000000000e+04
4.126700000000000000e+04
4.394000000000000000e+04
4.666900000000000000e+04
4.945800000000000000e+04
5.228600000000000000e+04
5.516200000000000000e+04
3.121000000000000000e+03
3.472000000000000000e+03
3.823000000000000000e+03
4.169000000000000000e+03
4.521000000000000000e+03
4.881000000000000000e+03
5.249000000000000000e+03
5.614000000000000000e+03
5.973000000000000000e+03
6.354000000000000000e+03
6.735000000000000000e+03
7.116000000000000000e+03
7.500000000000000000e+03
8.467000000000000000e+03
9.449000000000000000e+03
1.677600000000000000e+04
1.790500000000000000e+04
1.904900000000000000e+04
2.021900000000000000e+04
2.139400000000000000e+04
2.258100000000000000e+04
2.806800000000000000e+04
2.925400000000000000e+04
3.166500000000000000e+04
3.414000000000000000e+04
3.666200000000000000e+04
3.924500000000000000e+04
4.188600000000000000e+04
4.457800000000000000e+04
4.731500000000000000e+04
5.009300000000000000e+04
5.290600000000000000e+04
5.584400000000000000e+04
3.484000000000000000e+03
3.824000000000000000e+03
4.168000000000000000e+03
4.527000000000000000e+03
4.893000000000000000e+03
5.254000000000000000e+03
5.620000000000000000e+03
5.997000000000000000e+03
6.373000000000000000e+03
6.752000000000000000e+03
7.135000000000000000e+03
7.516000000000000000e+03
8.479000000000000000e+03
9.485000000000000000e+03
1.701400000000000000e+04
1.814900000000000000e+04
1.931500000000000000e+04
2.048900000000000000e+04
2.167200000000000000e+04
2.744000000000000000e+04
2.861700000000000000e+04
2.980800000000000000e+04
3.223300000000000000e+04
3.471600000000000000e+04
3.725500000000000000e+04
3.984900000000000000e+04
4.249400000000000000e+04
4.520100000000000000e+04
4.795600000000000000e+04
5.075100000000000000e+04
5.359300000000000000e+04
5.648600000000000000e+04
3.847000000000000000e+03
4.174000000000000000e+03
4.536000000000000000e+03
4.897000000000000000e+03
5.266000000000000000e+03
5.637000000000000000e+03
6.011000000000000000e+03
6.389000000000000000e+03
6.769000000000000000e+03
7.145000000000000000e+03
7.522000000000000000e+03
8.508000000000000000e+03
9.508000000000000000e+03
1.724500000000000000e+04
1.840800000000000000e+04
1.957800000000000000e+04
2.075800000000000000e+04
2.194900000000000000e+04
2.798600000000000000e+04
2.916900000000000000e+04
3.036600000000000000e+04
3.280300000000000000e+04
3.530000000000000000e+04
3.786100000000000000e+04
4.047000000000000000e+04
4.313100000000000000e+04
4.584700000000000000e+04
4.860000000000000000e+04
5.141200000000000000e+04
5.427100000000000000e+04
5.720200000000000000e+04
4.212000000000000000e+03
4.546000000000000000e+03
4.910000000000000000e+03
5.278000000000000000e+03
5.650000000000000000e+03
6.026000000000000000e+03
6.404000000000000000e+03
6.775000000000000000e+03
7.157000000000000000e+03
7.543000000000000000e+03
8.531000000000000000e+03
9.527000000000000000e+03
1.748900000000000000e+04
1.866000000000000000e+04
1.983700000000000000e+04
2.102600000000000000e+04
2.736300000000000000e+04
2.853700000000000000e+04
2.972500000000000000e+04
3.093200000000000000e+04
3.338500000000000000e+04
3.589700000000000000e+04
3.846000000000000000e+04
4.108500000000000000e+04
4.374800000000000000e+04
4.648500000000000000e+04
4.926600000000000000e+04
5.209400000000000000e+04
5.496100000000000000e+04
5.790000000000000000e+04
4.579000000000000000e+03
4.924000000000000000e+03
5.292000000000000000e+03
5.663000000000000000e+03
6.039000000000000000e+03
6.408000000000000000e+03
6.793000000000000000e+03
7.180000000000000000e+03
7.568000000000000000e+03
8.548000000000000000e+03
9.548000000000000000e+03
1.773500000000000000e+04
1.891200000000000000e+04
2.009900000000000000e+04
2.674700000000000000e+04
2.791300000000000000e+04
2.909300000000000000e+04
3.029000000000000000e+04
3.149700000000000000e+04
3.397000000000000000e+04
3.649100000000000000e+04
3.907700000000000000e+04
4.171200000000000000e+04
4.439200000000000000e+04
4.713400000000000000e+04
4.995900000000000000e+04
5.273800000000000000e+04
5.567900000000000000e+04
5.857200000000000000e+04
4.950000000000000000e+03
5.304000000000000000e+03
5.674000000000000000e+03
6.047000000000000000e+03
6.428000000000000000e+03
6.811000000000000000e+03
7.195000000000000000e+03
7.582000000000000000e+03
8.564000000000000000e+03
9.552000000000000000e+03
1.797800000000000000e+04
1.916400000000000000e+04
2.035500000000000000e+04
2.729500000000000000e+04
2.846600000000000000e+04
2.965200000000000000e+04
3.085400000000000000e+04
3.207900000000000000e+04
3.456400000000000000e+04
3.708000000000000000e+04
3.970200000000000000e+04
4.232600000000000000e+04
4.502700000000000000e+04
4.776900000000000000e+04
5.061100000000000000e+04
5.347900000000000000e+04
5.637800000000000000e+04
5.928100000000000000e+04
5.324000000000000000e+03
5.688000000000000000e+03
6.063000000000000000e+03
6.441000000000000000e+03
6.823000000000000000e+03
7.208000000000000000e+03
7.596000000000000000e+03
8.578000000000000000e+03
9.572000000000000000e+03
1.822000000000000000e+04
1.941500000000000000e+04
2.062000000000000000e+04
2.784800000000000000e+04
2.902900000000000000e+04
3.022200000000000000e+04
3.142600000000000000e+04
3.266500000000000000e+04
3.515900000000000000e+04
3.770300000000000000e+04
4.032900000000000000e+04
4.295900000000000000e+04
4.574400000000000000e+04
4.851000000000000000e+04
5.136600000000000000e+04
5.422700000000000000e+04
5.717500000000000000e+04
6.012600000000000000e+04
5.702000000000000000e+03
6.074000000000000000e+03
6.452000000000000000e+03
6.834000000000000000e+03
7.220000000000000000e+03
7.609000000000000000e+03
8.586000000000000000e+03
9.574000000000000000e+03
1.846400000000000000e+04
1.966300000000000000e+04
2.723900000000000000e+04
2.840900000000000000e+04
2.959300000000000000e+04
3.079400000000000000e+04
3.202200000000000000e+04
3.325100000000000000e+04
3.574800000000000000e+04
3.833100000000000000e+04
4.098100000000000000e+04
4.369100000000000000e+04
4.640800000000000000e+04
4.919400000000000000e+04
5.205200000000000000e+04
5.491100000000000000e+04
5.787100000000000000e+04
6.081100000000000000e+04
6.085000000000000000e+03
6.463000000000000000e+03
6.845000000000000000e+03
7.231000000000000000e+03
7.620000000000000000e+03
8.595000000000000000e+03
9.603000000000000000e+03
1.870500000000000000e+04
1.991600000000000000e+04
2.779800000000000000e+04
2.897400000000000000e+04
3.016800000000000000e+04
3.137600000000000000e+04
3.259900000000000000e+04
3.384100000000000000e+04
3.637900000000000000e+04
3.897400000000000000e+04
4.162900000000000000e+04
4.433000000000000000e+04
4.714600000000000000e+04
4.994600000000000000e+04
5.272000000000000000e+04
5.566300000000000000e+04
5.861000000000000000e+04
6.156800000000000000e+04
6.472000000000000000e+03
6.854000000000000000e+03
7.242000000000000000e+03
7.630000000000000000e+03
8.610000000000000000e+03
9.623000000000000000e+03
1.895000000000000000e+04
2.017400000000000000e+04
2.836000000000000000e+04
2.954600000000000000e+04
3.075300000000000000e+04
3.196200000000000000e+04
3.320000000000000000e+04
3.445600000000000000e+04
3.706500000000000000e+04
3.964400000000000000e+04
4.229900000000000000e+04
4.511700000000000000e+04
4.791900000000000000e+04
5.064500000000000000e+04
5.349700000000000000e+04
5.657600000000000000e+04
5.939400000000000000e+04
6.238400000000000000e+04
6.864000000000000000e+03
7.251000000000000000e+03
7.638000000000000000e+03
8.625000000000000000e+03
9.640000000000000000e+03
1.919100000000000000e+04
2.775800000000000000e+04
2.893000000000000000e+04
3.013000000000000000e+04
3.133900000000000000e+04
3.257500000000000000e+04
3.382300000000000000e+04
3.510200000000000000e+04
3.771700000000000000e+04
4.040200000000000000e+04
4.306900000000000000e+04
4.586300000000000000e+04
4.863600000000000000e+04
5.152000000000000000e+04
5.426500000000000000e+04
5.724800000000000000e+04
6.004300000000000000e+04
6.336500000000000000e+04
7.262000000000000000e+03
7.652000000000000000e+03
8.642000000000000000e+03
9.661000000000000000e+03
1.943800000000000000e+04
2.832800000000000000e+04
2.951000000000000000e+04
3.071500000000000000e+04
3.192900000000000000e+04
3.326400000000000000e+04
3.453600000000000000e+04
3.579100000000000000e+04
3.842200000000000000e+04
4.109100000000000000e+04
4.372300000000000000e+04
4.652800000000000000e+04
4.931700000000000000e+04
5.218500000000000000e+04
8.266200000000000000e+04
5.795900000000000000e+04
6.099700000000000000e+04
1.201870000000000000e+05
7.664000000000000000e+03
8.657000000000000000e+03
9.675000000000000000e+03
1.968200000000000000e+04
2.890600000000000000e+04
3.009400000000000000e+04
3.130000000000000000e+04
3.262600000000000000e+04
3.390600000000000000e+04
3.516700000000000000e+04
3.647000000000000000e+04
3.908200000000000000e+04
4.171200000000000000e+04
4.454300000000000000e+04
6.236800000000000000e+04
6.465900000000000000e+04
6.072100000000000000e+04
9.619900000000000000e+04
1.093370000000000000e+05
1.152820000000000000e+05
1.212550000000000000e+05
8.693000000000000000e+03
9.712000000000000000e+03
2.029100000000000000e+04
3.037200000000000000e+04
3.165700000000000000e+04
3.289000000000000000e+04
3.424500000000000000e+04
3.553900000000000000e+04
3.681300000000000000e+04
3.814300000000000000e+04
7.240100000000000000e+04
7.785000000000000000e+04
1.171450000000000000e+05
1.110500000000000000e+05
1.196480000000000000e+05
1.274350000000000000e+05
1.386910000000000000e+05
1.495480000000000000e+05
1.542710000000000000e+05
1.360040000000000000e+05
9.754000000000000000e+03
3.069800000000000000e+04
3.197600000000000000e+04
8.596100000000000000e+04
9.989100000000000000e+04
1.035110000000000000e+05
1.104160000000000000e+05
1.111660000000000000e+05
1.166710000000000000e+05
1.248470000000000000e+05
1.268720000000000000e+05
1.333400000000000000e+05
1.373420000000000000e+05
1.415910000000000000e+05
1.500650000000000000e+05
1.434640000000000000e+05
1.570860000000000000e+05
1.543500000000000000e+05
1.774710000000000000e+05
9.604200000000000000e+04
1.100480000000000000e+05
1.157390000000000000e+05
1.175510000000000000e+05
1.275640000000000000e+05
1.264600000000000000e+05
1.282390000000000000e+05
1.320270000000000000e+05
1.434710000000000000e+05
1.378590000000000000e+05
1.486250000000000000e+05
1.471640000000000000e+05
1.486090000000000000e+05
1.575620000000000000e+05
1.630000000000000000e+05
1.703090000000000000e+05
1.803690000000000000e+05
1.891350000000000000e+05
1.129240000000000000e+05
1.284410000000000000e+05
1.324160000000000000e+05
1.366130000000000000e+05
1.427180000000000000e+05
1.442900000000000000e+05
1.520150000000000000e+05
1.537080000000000000e+05
1.563970000000000000e+05
1.658720000000000000e+05
1.837020000000000000e+05
1.782470000000000000e+05
1.750300000000000000e+05
1.823530000000000000e+05
1.944490000000000000e+05
1.922930000000000000e+05
1.851720000000000000e+05
1.296620000000000000e+05
1.478200000000000000e+05
1.546480000000000000e+05
1.592360000000000000e+05
1.603050000000000000e+05
1.661730000000000000e+05
1.678270000000000000e+05
1.721460000000000000e+05
1.731420000000000000e+05
1.799780000000000000e+05
1.945240000000000000e+05
2.083270000000000000e+05
1.918030000000000000e+05
2.001680000000000000e+05
2.066200000000000000e+05
2.146070000000000000e+05
1.433830000000000000e+05
1.590340000000000000e+05
1.651080000000000000e+05
1.741820000000000000e+05
1.719610000000000000e+05
1.794050000000000000e+05
1.913080000000000000e+05
1.980340000000000000e+05
2.043670000000000000e+05
2.005760000000000000e+05
2.058240000000000000e+05
2.169970000000000000e+05
2.074090000000000000e+05
2.150610000000000000e+05
2.283490000000000000e+05
1.527470000000000000e+05
1.663740000000000000e+05
1.729040000000000000e+05
1.851550000000000000e+05
1.956950000000000000e+05
1.978790000000000000e+05
2.013830000000000000e+05
2.060950000000000000e+05
2.077850000000000000e+05
2.210450000000000000e+05
2.197550000000000000e+05
2.148980000000000000e+05
2.207510000000000000e+05
2.230470000000000000e+05
1.726410000000000000e+05
1.821980000000000000e+05
1.943670000000000000e+05
2.030690000000000000e+05
2.038070000000000000e+05
2.188290000000000000e+05
2.321250000000000000e+05
2.159780000000000000e+05
2.198890000000000000e+05
2.324730000000000000e+05
2.436110000000000000e+05
2.385920000000000000e+05
2.383980000000000000e+05
1.879690000000000000e+05
1.949290000000000000e+05
2.125210000000000000e+05
2.155650000000000000e+05
2.245440000000000000e+05
2.242530000000000000e+05
2.377680000000000000e+05
2.366130000000000000e+05
2.456280000000000000e+05
2.423950000000000000e+05
2.303410000000000000e+05
2.585910000000000000e+05
1.925670000000000000e+05
2.149570000000000000e+05
2.238020000000000000e+05
2.314640000000000000e+05
2.417470000000000000e+05
2.393300000000000000e+05
2.395260000000000000e+05
2.537490000000000000e+05
2.489890000000000000e+05
2.430340000000000000e+05
2.597750000000000000e+05
2.207050000000000000e+05
2.307210000000000000e+05
2.410820000000000000e+05
2.449690000000000000e+05
2.622240000000000000e+05
2.531240000000000000e+05
2.664260000000000000e+05
2.621130000000000000e+05
2.591840000000000000e+05
2.788000000000000000e+05
2.388600000000000000e+05
2.421110000000000000e+05
2.496910000000000000e+05
2.524850000000000000e+05
2.773420000000000000e+05
2.772240000000000000e+05
2.660280000000000000e+05
2.852900000000000000e+05
2.991590000000000000e+05
2.495280000000000000e+05
2.519110000000000000e+05
2.654920000000000000e+05
2.767530000000000000e+05
2.797210000000000000e+05
2.851600000000000000e+05
2.986350000000000000e+05
2.986760000000000000e+05
2.600740000000000000e+05
2.728640000000000000e+05
2.790090000000000000e+05
2.850230000000000000e+05
2.784380000000000000e+05
2.717650000000000000e+05
2.750780000000000000e+05
2.668040000000000000e+05
2.749490000000000000e+05
2.782970000000000000e+05
2.716270000000000000e+05
2.757690000000000000e+05
2.754450000000000000e+05
2.653930000000000000e+05
2.714830000000000000e+05
2.647290000000000000e+05
2.748490000000000000e+05
2.777710000000000000e+05
2.335120000000000000e+05
2.316730000000000000e+05
2.681980000000000000e+05
2.761250000000000000e+05
2.284430000000000000e+05
2.213130000000000000e+05
2.279200000000000000e+05
2.424450000000000000e+05
2.348460000000000000e+05
2.403650000000000000e+05
