4.327860000000000000e+05
3.809300000000000000e+05
3.334500000000000000e+05
2.961250000000000000e+05
2.638130000000000000e+05
1.962200000000000000e+05
1.372450000000000000e+05
9.544000000000000000e+04
4.955500000000000000e+04
2.285300000000000000e+04
1.727500000000000000e+04
1.797800000000000000e+04
1.797800000000000000e+04
1.797800000000000000e+04
1.797800000000000000e+04
1.619900000000000000e+04
1.797800000000000000e+04
1.797800000000000000e+04
1.689600000000000000e+04
1.797800000000000000e+04
1.797800000000000000e+04
1.797800000000000000e+04
1.797800000000000000e+04
1.689600000000000000e+04
1.581100000000000000e+04
1.664800000000000000e+04
1.797800000000000000e+04
1.689600000000000000e+04
1.797800000000000000e+04
1.679900000000000000e+04
1.797800000000000000e+04
2.583200000000000000e+04
1.797800000000000000e+04
1.689900000000000000e+04
1.797800000000000000e+04
1.857600000000000000e+04
1.851500000000000000e+04
3.781200000000000000e+04
2.775200000000000000e+04
2.206600000000000000e+04
3.629290000000000000e+05
3.201980000000000000e+05
2.882480000000000000e+05
2.493820000000000000e+05
1.803620000000000000e+05
1.261930000000000000e+05
7.590900000000000000e+04
3.649700000000000000e+04
1.797800000000000000e+04
1.797800000000000000e+04
1.797800000000000000e+04
1.765400000000000000e+04
1.721500000000000000e+04
1.689600000000000000e+04
1.689600000000000000e+04
1.797800000000000000e+04
1.660300000000000000e+04
1.689600000000000000e+04
1.797800000000000000e+04
1.797800000000000000e+04
1.689600000000000000e+04
1.797800000000000000e+04
1.797800000000000000e+04
1.797800000000000000e+04
1.797800000000000000e+04
1.844900000000000000e+04
1.689600000000000000e+04
1.797800000000000000e+04
1.797800000000000000e+04
1.968300000000000000e+04
1.750000000000000000e+04
1.689600000000000000e+04
1.687200000000000000e+04
1.807300000000000000e+04
1.848100000000000000e+04
4.133300000000000000e+04
2.218400000000000000e+04
4.454400000000000000e+04
2.256100000000000000e+04
3.066050000000000000e+05
2.677470000000000000e+05
2.403550000000000000e+05
1.699680000000000000e+05
1.217870000000000000e+05
6.336300000000000000e+04
3.089100000000000000e+04
1.714900000000000000e+04
1.797800000000000000e+04
1.794200000000000000e+04
1.797800000000000000e+04
1.797800000000000000e+04
1.619300000000000000e+04
1.797800000000000000e+04
1.797800000000000000e+04
1.689600000000000000e+04
1.797800000000000000e+04
1.689600000000000000e+04
1.797800000000000000e+04
1.797800000000000000e+04
1.797800000000000000e+04
1.670000000000000000e+04
1.567400000000000000e+04
1.780500000000000000e+04
1.797800000000000000e+04
1.672700000000000000e+04
1.797800000000000000e+04
1.808800000000000000e+04
1.797800000000000000e+04
1.797800000000000000e+04
2.657900000000000000e+04
1.797800000000000000e+04
2.750800000000000000e+04
1.845500000000000000e+04
4.242800000000000000e+04
1.985500000000000000e+04
2.136100000000000000e+04
2.164000000000000000e+04
2.528120000000000000e+05
2.245800000000000000e+05
1.592280000000000000e+05
1.029140000000000000e+05
6.425400000000000000e+04
1.797800000000000000e+04
1.797800000000000000e+04
1.797800000000000000e+04
1.762200000000000000e+04
1.708000000000000000e+04
1.689600000000000000e+04
1.689600000000000000e+04
1.797800000000000000e+04
1.658300000000000000e+04
1.689600000000000000e+04
1.797800000000000000e+04
1.756500000000000000e+04
1.797800000000000000e+04
1.797800000000000000e+04
1.715500000000000000e+04
1.689600000000000000e+04
1.797800000000000000e+04
1.566000000000000000e+04
1.469200000000000000e+04
1.705300000000000000e+04
2.103800000000000000e+04
1.689600000000000000e+04
2.516900000000000000e+04
2.205300000000000000e+04
2.517600000000000000e+04
1.840800000000000000e+04
1.732400000000000000e+04
2.762800000000000000e+04
1.900600000000000000e+04
1.890500000000000000e+04
3.578700000000000000e+04
2.185700000000000000e+04
2.084410000000000000e+05
1.481480000000000000e+05
9.787200000000000000e+04
5.123400000000000000e+04
2.380100000000000000e+04
1.797800000000000000e+04
1.791500000000000000e+04
1.797800000000000000e+04
1.797800000000000000e+04
1.622300000000000000e+04
1.797800000000000000e+04
1.797800000000000000e+04
1.689600000000000000e+04
1.797800000000000000e+04
1.689600000000000000e+04
1.797800000000000000e+04
1.668400000000000000e+04
1.797800000000000000e+04
1.797800000000000000e+04
1.797800000000000000e+04
1.721300000000000000e+04
1.797800000000000000e+04
1.689600000000000000e+04
1.689600000000000000e+04
1.689600000000000000e+04
1.797800000000000000e+04
2.131900000000000000e+04
1.689600000000000000e+04
2.875500000000000000e+04
3.222100000000000000e+04
1.784100000000000000e+04
1.838600000000000000e+04
1.914800000000000000e+04
4.427300000000000000e+04
2.097400000000000000e+04
2.164700000000000000e+04
1.317010000000000000e+05
8.646300000000000000e+04
3.833600000000000000e+04
1.797800000000000000e+04
1.789700000000000000e+04
1.797800000000000000e+04
1.797800000000000000e+04
1.628500000000000000e+04
1.797800000000000000e+04
1.797800000000000000e+04
1.689600000000000000e+04
1.797800000000000000e+04
1.689600000000000000e+04
1.797800000000000000e+04
1.797800000000000000e+04
1.689600000000000000e+04
1.797800000000000000e+04
1.797800000000000000e+04
1.797800000000000000e+04
1.797800000000000000e+04
1.802800000000000000e+04
1.689600000000000000e+04
1.797800000000000000e+04
1.797800000000000000e+04
1.689600000000000000e+04
1.797800000000000000e+04
1.689600000000000000e+04
1.748800000000000000e+04
3.449000000000000000e+04
2.469800000000000000e+04
1.807700000000000000e+04
3.560900000000000000e+04
4.250700000000000000e+04
2.046700000000000000e+04
2.943100000000000000e+04
6.004200000000000000e+04
3.226400000000000000e+04
1.788800000000000000e+04
1.797800000000000000e+04
1.797800000000000000e+04
1.797800000000000000e+04
1.797800000000000000e+04
1.797800000000000000e+04
1.689600000000000000e+04
1.797800000000000000e+04
1.689600000000000000e+04
1.797800000000000000e+04
1.797800000000000000e+04
1.797800000000000000e+04
1.797800000000000000e+04
1.672300000000000000e+04
1.689600000000000000e+04
1.797800000000000000e+04
1.593900000000000000e+04
1.513300000000000000e+04
1.665200000000000000e+04
2.062700000000000000e+04
1.689600000000000000e+04
1.797800000000000000e+04
1.618700000000000000e+04
1.797800000000000000e+04
1.836300000000000000e+04
1.797800000000000000e+04
1.784600000000000000e+04
1.797800000000000000e+04
2.936000000000000000e+04
1.927000000000000000e+04
4.073200000000000000e+04
2.108700000000000000e+04
1.788700000000000000e+04
1.797800000000000000e+04
1.797800000000000000e+04
1.797800000000000000e+04
1.797800000000000000e+04
1.797800000000000000e+04
1.689600000000000000e+04
1.797800000000000000e+04
1.689600000000000000e+04
1.797800000000000000e+04
1.797800000000000000e+04
1.797800000000000000e+04
1.797800000000000000e+04
1.797800000000000000e+04
1.570700000000000000e+04
1.532200000000000000e+04
1.689600000000000000e+04
2.008200000000000000e+04
1.689600000000000000e+04
1.797800000000000000e+04
1.602000000000000000e+04
1.797800000000000000e+04
1.797800000000000000e+04
2.491600000000000000e+04
1.797800000000000000e+04
1.878500000000000000e+04
1.797800000000000000e+04
1.797800000000000000e+04
1.664700000000000000e+04
3.677800000000000000e+04
2.674000000000000000e+04
2.062900000000000000e+04
3.542900000000000000e+04
1.797800000000000000e+04
1.797800000000000000e+04
1.797800000000000000e+04
1.797800000000000000e+04
1.689600000000000000e+04
1.797800000000000000e+04
1.689600000000000000e+04
1.797800000000000000e+04
1.797800000000000000e+04
1.797800000000000000e+04
1.797800000000000000e+04
1.797800000000000000e+04
1.797800000000000000e+04
1.581800000000000000e+04
1.413100000000000000e+04
1.554800000000000000e+04
1.797800000000000000e+04
1.597000000000000000e+04
1.797800000000000000e+04
1.797800000000000000e+04
2.027900000000000000e+04
1.797800000000000000e+04
1.797800000000000000e+04
2.571700000000000000e+04
1.797800000000000000e+04
2.661300000000000000e+04
1.797800000000000000e+04
4.147600000000000000e+04
1.808300000000000000e+04
1.888100000000000000e+04
1.994800000000000000e+04
2.632000000000000000e+04
1.797800000000000000e+04
1.797800000000000000e+04
1.689600000000000000e+04
1.797800000000000000e+04
1.689600000000000000e+04
1.797800000000000000e+04
1.797800000000000000e+04
1.797800000000000000e+04
1.797800000000000000e+04
1.797800000000000000e+04
1.797800000000000000e+04
1.797800000000000000e+04
1.797800000000000000e+04
1.577800000000000000e+04
1.789200000000000000e+04
1.689600000000000000e+04
1.689600000000000000e+04
1.689600000000000000e+04
1.797800000000000000e+04
1.569400000000000000e+04
2.052700000000000000e+04
1.797800000000000000e+04
2.792900000000000000e+04
3.138700000000000000e+04
1.700000000000000000e+04
1.587800000000000000e+04
1.695800000000000000e+04
4.339500000000000000e+04
1.857400000000000000e+04
1.924500000000000000e+04
2.784700000000000000e+04
1.797800000000000000e+04
1.797800000000000000e+04
1.689600000000000000e+04
1.797800000000000000e+04
1.797800000000000000e+04
1.797800000000000000e+04
1.797800000000000000e+04
1.797800000000000000e+04
1.797800000000000000e+04
1.797800000000000000e+04
1.797800000000000000e+04
1.797800000000000000e+04
1.797800000000000000e+04
1.797800000000000000e+04
1.689600000000000000e+04
1.797800000000000000e+04
1.797800000000000000e+04
1.689600000000000000e+04
1.848000000000000000e+04
1.797800000000000000e+04
1.689600000000000000e+04
1.689600000000000000e+04
3.368200000000000000e+04
2.388200000000000000e+04
1.689600000000000000e+04
3.479100000000000000e+04
4.168900000000000000e+04
1.827800000000000000e+04
2.861600000000000000e+04
4.008200000000000000e+04
1.689600000000000000e+04
1.797800000000000000e+04
1.797800000000000000e+04
1.797800000000000000e+04
1.797800000000000000e+04
1.797800000000000000e+04
1.797800000000000000e+04
1.797800000000000000e+04
1.590800000000000000e+04
1.511700000000000000e+04
1.797800000000000000e+04
1.797800000000000000e+04
1.608400000000000000e+04
1.603900000000000000e+04
1.997900000000000000e+04
1.810000000000000000e+04
1.797800000000000000e+04
2.401800000000000000e+04
1.598900000000000000e+04
1.797800000000000000e+04
1.758500000000000000e+04
1.797800000000000000e+04
1.978600000000000000e+04
1.797800000000000000e+04
2.856000000000000000e+04
1.766300000000000000e+04
3.993400000000000000e+04
1.878400000000000000e+04
2.011000000000000000e+04
1.797800000000000000e+04
1.797800000000000000e+04
1.797800000000000000e+04
1.797800000000000000e+04
1.797800000000000000e+04
1.797800000000000000e+04
1.575300000000000000e+04
1.510400000000000000e+04
1.797800000000000000e+04
1.664200000000000000e+04
1.959700000000000000e+04
1.689600000000000000e+04
1.656800000000000000e+04
1.814100000000000000e+04
1.797800000000000000e+04
1.797800000000000000e+04
2.230200000000000000e+04
2.419900000000000000e+04
1.625200000000000000e+04
1.818900000000000000e+04
1.797800000000000000e+04
1.797800000000000000e+04
1.586200000000000000e+04
3.599600000000000000e+04
2.595500000000000000e+04
1.984400000000000000e+04
3.464700000000000000e+04
3.704200000000000000e+04
1.797800000000000000e+04
1.797800000000000000e+04
1.797800000000000000e+04
1.797800000000000000e+04
1.560100000000000000e+04
1.528700000000000000e+04
1.689600000000000000e+04
1.797800000000000000e+04
1.577800000000000000e+04
1.689600000000000000e+04
1.585400000000000000e+04
1.581000000000000000e+04
1.797800000000000000e+04
1.964200000000000000e+04
1.797800000000000000e+04
1.770700000000000000e+04
1.949600000000000000e+04
2.499200000000000000e+04
1.797800000000000000e+04
2.585800000000000000e+04
1.797800000000000000e+04
4.071000000000000000e+04
1.689600000000000000e+04
1.797800000000000000e+04
1.811600000000000000e+04
2.554900000000000000e+04
2.072800000000000000e+04
1.797800000000000000e+04
1.797800000000000000e+04
1.545100000000000000e+04
1.547200000000000000e+04
1.689600000000000000e+04
1.797800000000000000e+04
1.612400000000000000e+04
1.760500000000000000e+04
1.538000000000000000e+04
1.708400000000000000e+04
1.797800000000000000e+04
1.518300000000000000e+04
1.634500000000000000e+04
1.987800000000000000e+04
2.514600000000000000e+04
1.797800000000000000e+04
2.721700000000000000e+04
3.065700000000000000e+04
1.625600000000000000e+04
1.689600000000000000e+04
1.562600000000000000e+04
4.263800000000000000e+04
1.700300000000000000e+04
1.770800000000000000e+04
2.708700000000000000e+04
1.901900000000000000e+04
1.530400000000000000e+04
1.566100000000000000e+04
1.689600000000000000e+04
1.797800000000000000e+04
1.797800000000000000e+04
1.797800000000000000e+04
1.797800000000000000e+04
1.689600000000000000e+04
1.797800000000000000e+04
1.797800000000000000e+04
1.689600000000000000e+04
1.786900000000000000e+04
1.797800000000000000e+04
1.797800000000000000e+04
1.689600000000000000e+04
1.689600000000000000e+04
3.296200000000000000e+04
2.314900000000000000e+04
1.689600000000000000e+04
3.404500000000000000e+04
4.094100000000000000e+04
1.752400000000000000e+04
2.786300000000000000e+04
3.933100000000000000e+04
1.859100000000000000e+04
1.689600000000000000e+04
1.797800000000000000e+04
1.797800000000000000e+04
1.689600000000000000e+04
1.797800000000000000e+04
1.709000000000000000e+04
1.607000000000000000e+04
1.949600000000000000e+04
1.767800000000000000e+04
1.721700000000000000e+04
2.341600000000000000e+04
1.588600000000000000e+04
2.021500000000000000e+04
1.797800000000000000e+04
1.689600000000000000e+04
1.797800000000000000e+04
1.989300000000000000e+04
1.797800000000000000e+04
2.782000000000000000e+04
1.794000000000000000e+04
3.919000000000000000e+04
1.694400000000000000e+04
2.001300000000000000e+04
3.086500000000000000e+04
1.797800000000000000e+04
1.689600000000000000e+04
1.797800000000000000e+04
1.797800000000000000e+04
1.689600000000000000e+04
1.689600000000000000e+04
1.797800000000000000e+04
1.797800000000000000e+04
1.797800000000000000e+04
2.170600000000000000e+04
2.357800000000000000e+04
1.689600000000000000e+04
1.612800000000000000e+04
1.821200000000000000e+04
1.797800000000000000e+04
1.797800000000000000e+04
1.582900000000000000e+04
3.526200000000000000e+04
2.521600000000000000e+04
1.910200000000000000e+04
3.390600000000000000e+04
3.630200000000000000e+04
5.415100000000000000e+04
1.797800000000000000e+04
1.650100000000000000e+04
1.558100000000000000e+04
1.597000000000000000e+04
1.552800000000000000e+04
1.797800000000000000e+04
1.912200000000000000e+04
1.797800000000000000e+04
1.398600000000000000e+04
1.943800000000000000e+04
1.681400000000000000e+04
2.433500000000000000e+04
1.797800000000000000e+04
2.515500000000000000e+04
1.797800000000000000e+04
1.756600000000000000e+04
1.766800000000000000e+04
1.652300000000000000e+04
1.797800000000000000e+04
2.481000000000000000e+04
1.998800000000000000e+04
2.400400000000000000e+04
1.736500000000000000e+04
1.569100000000000000e+04
1.780700000000000000e+04
1.797800000000000000e+04
1.445400000000000000e+04
2.016400000000000000e+04
1.932200000000000000e+04
2.455800000000000000e+04
1.721400000000000000e+04
2.254800000000000000e+04
2.656300000000000000e+04
2.997600000000000000e+04
1.797800000000000000e+04
1.689600000000000000e+04
2.314800000000000000e+04
4.191100000000000000e+04
1.519800000000000000e+04
1.585800000000000000e+04
2.635000000000000000e+04
1.797800000000000000e+04
2.097300000000000000e+04
1.797800000000000000e+04
1.797800000000000000e+04
1.482700000000000000e+04
2.023600000000000000e+04
1.907400000000000000e+04
2.428900000000000000e+04
1.673100000000000000e+04
2.224700000000000000e+04
2.625100000000000000e+04
1.413100000000000000e+04
1.797800000000000000e+04
1.689600000000000000e+04
1.849000000000000000e+04
2.271100000000000000e+04
1.435800000000000000e+04
2.700300000000000000e+04
1.797800000000000000e+04
4.738200000000000000e+04
4.052000000000000000e+04
2.190100000000000000e+04
1.521700000000000000e+04
2.035800000000000000e+04
1.884600000000000000e+04
2.403600000000000000e+04
2.260900000000000000e+04
2.195600000000000000e+04
2.594600000000000000e+04
2.340200000000000000e+04
2.932100000000000000e+04
1.797800000000000000e+04
1.689600000000000000e+04
2.376500000000000000e+04
1.797800000000000000e+04
2.559100000000000000e+04
1.507300000000000000e+04
2.561200000000000000e+04
1.627000000000000000e+04
2.194500000000000000e+04
3.240100000000000000e+04
1.864300000000000000e+04
1.518400000000000000e+04
2.280700000000000000e+04
2.167500000000000000e+04
2.564900000000000000e+04
2.364200000000000000e+04
2.899900000000000000e+04
1.797800000000000000e+04
1.735900000000000000e+04
1.913000000000000000e+04
2.341100000000000000e+04
1.421200000000000000e+04
2.626500000000000000e+04
1.797800000000000000e+04
4.664000000000000000e+04
3.977500000000000000e+04
2.115200000000000000e+04
3.055900000000000000e+04
2.303100000000000000e+04
2.140600000000000000e+04
2.536000000000000000e+04
2.390400000000000000e+04
2.868100000000000000e+04
1.797800000000000000e+04
1.797800000000000000e+04
1.689600000000000000e+04
2.447100000000000000e+04
1.797800000000000000e+04
2.641100000000000000e+04
1.363000000000000000e+04
2.485800000000000000e+04
1.510300000000000000e+04
2.297800000000000000e+04
3.164400000000000000e+04
1.660200000000000000e+04
2.508200000000000000e+04
2.418200000000000000e+04
1.797800000000000000e+04
1.797800000000000000e+04
1.797800000000000000e+04
1.800800000000000000e+04
1.983400000000000000e+04
2.416900000000000000e+04
1.689600000000000000e+04
2.550800000000000000e+04
1.797800000000000000e+04
4.587600000000000000e+04
3.900800000000000000e+04
2.038000000000000000e+04
2.978800000000000000e+04
4.636600000000000000e+04
1.797800000000000000e+04
2.724200000000000000e+04
1.751900000000000000e+04
1.834700000000000000e+04
1.689600000000000000e+04
2.521800000000000000e+04
1.797800000000000000e+04
2.726300000000000000e+04
1.299400000000000000e+04
2.408000000000000000e+04
1.400100000000000000e+04
2.403200000000000000e+04
3.086000000000000000e+04
1.730000000000000000e+04
5.933400000000000000e+04
1.707300000000000000e+04
1.869000000000000000e+04
1.689600000000000000e+04
2.056500000000000000e+04
2.495100000000000000e+04
1.689600000000000000e+04
2.472700000000000000e+04
1.797800000000000000e+04
4.508500000000000000e+04
3.821300000000000000e+04
1.958000000000000000e+04
2.898800000000000000e+04
4.556900000000000000e+04
4.747900000000000000e+04
1.689600000000000000e+04
2.093500000000000000e+04
2.597800000000000000e+04
1.797800000000000000e+04
2.812300000000000000e+04
1.372600000000000000e+04
2.327300000000000000e+04
1.434300000000000000e+04
2.508700000000000000e+04
3.004400000000000000e+04
1.797800000000000000e+04
5.852100000000000000e+04
3.354300000000000000e+04
2.635900000000000000e+04
2.573600000000000000e+04
3.222900000000000000e+04
2.392000000000000000e+04
1.797800000000000000e+04
4.426400000000000000e+04
3.738500000000000000e+04
1.874600000000000000e+04
2.815400000000000000e+04
4.473700000000000000e+04
4.664800000000000000e+04
1.561500000000000000e+04
1.797800000000000000e+04
2.897400000000000000e+04
3.503000000000000000e+04
2.243600000000000000e+04
1.232500000000000000e+04
2.612600000000000000e+04
2.919300000000000000e+04
1.797800000000000000e+04
1.797800000000000000e+04
3.475900000000000000e+04
6.122300000000000000e+04
3.590800000000000000e+04
2.156700000000000000e+04
3.739000000000000000e+04
2.714200000000000000e+04
2.830600000000000000e+04
3.935800000000000000e+04
1.797800000000000000e+04
3.595000000000000000e+04
6.033800000000000000e+04
5.209000000000000000e+04
3.833000000000000000e+04
2.812800000000000000e+04
2.738200000000000000e+04
4.043100000000000000e+04
1.797800000000000000e+04
3.710900000000000000e+04
1.413100000000000000e+04
5.116500000000000000e+04
4.082100000000000000e+04
2.642000000000000000e+04
4.146900000000000000e+04
1.797800000000000000e+04
3.823300000000000000e+04
1.413100000000000000e+04
5.020100000000000000e+04
3.985600000000000000e+04
1.797800000000000000e+04
1.717500000000000000e+04
3.931900000000000000e+04
1.413100000000000000e+04
4.919500000000000000e+04
3.884900000000000000e+04
4.997700000000000000e+04
4.171800000000000000e+04
1.619600000000000000e+04
4.814800000000000000e+04
3.780100000000000000e+04
5.118600000000000000e+04
4.067400000000000000e+04
2.271100000000000000e+04
3.671200000000000000e+04
5.235500000000000000e+04
3.958900000000000000e+04
2.126000000000000000e+04
5.229000000000000000e+04
3.846100000000000000e+04
1.978700000000000000e+04
5.117000000000000000e+04
5.298200000000000000e+04
5.000800000000000000e+04
5.422400000000000000e+04
1.832800000000000000e+04
1.988900000000000000e+04
6.274100000000000000e+04
3.866300000000000000e+04
