4.385200000000000000e+05
4.100650000000000000e+05
4.042160000000000000e+05
3.980540000000000000e+05
3.794290000000000000e+05
3.651700000000000000e+05
3.624720000000000000e+05
3.591350000000000000e+05
3.416280000000000000e+05
3.366900000000000000e+05
3.168370000000000000e+05
3.102240000000000000e+05
3.029290000000000000e+05
2.949710000000000000e+05
2.863280000000000000e+05
2.931240000000000000e+05
2.834510000000000000e+05
2.730630000000000000e+05
2.792520000000000000e+05
2.677970000000000000e+05
2.639240000000000000e+05
2.582670000000000000e+05
2.301880000000000000e+05
2.415580000000000000e+05
2.304390000000000000e+05
2.172540000000000000e+05
2.270290000000000000e+05
2.109740000000000000e+05
2.198780000000000000e+05
2.289690000000000000e+05
3.688330000000000000e+05
3.501970000000000000e+05
3.308870000000000000e+05
3.232270000000000000e+05
3.195760000000000000e+05
3.153300000000000000e+05
3.104450000000000000e+05
2.911900000000000000e+05
2.846730000000000000e+05
2.630370000000000000e+05
2.696060000000000000e+05
2.610690000000000000e+05
2.518270000000000000e+05
2.418840000000000000e+05
2.475710000000000000e+05
2.365840000000000000e+05
2.248690000000000000e+05
2.299140000000000000e+05
2.171100000000000000e+05
2.289620000000000000e+05
2.013290000000000000e+05
1.906580000000000000e+05
1.999770000000000000e+05
2.095070000000000000e+05
1.951140000000000000e+05
2.038220000000000000e+05
1.864210000000000000e+05
1.942860000000000000e+05
1.737080000000000000e+05
3.187580000000000000e+05
2.986070000000000000e+05
2.902730000000000000e+05
2.726040000000000000e+05
2.668020000000000000e+05
2.603510000000000000e+05
2.393410000000000000e+05
2.454800000000000000e+05
2.370370000000000000e+05
2.279180000000000000e+05
2.180910000000000000e+05
2.233280000000000000e+05
2.124660000000000000e+05
2.008830000000000000e+05
1.885720000000000000e+05
1.928230000000000000e+05
1.970860000000000000e+05
1.833370000000000000e+05
1.741930000000000000e+05
1.832480000000000000e+05
1.713730000000000000e+05
1.576290000000000000e+05
1.650350000000000000e+05
1.482620000000000000e+05
1.547970000000000000e+05
1.614510000000000000e+05
1.405860000000000000e+05
1.462940000000000000e+05
2.653120000000000000e+05
2.436240000000000000e+05
2.372590000000000000e+05
2.302430000000000000e+05
2.088440000000000000e+05
2.142470000000000000e+05
2.052170000000000000e+05
1.955210000000000000e+05
1.851150000000000000e+05
1.895830000000000000e+05
1.781310000000000000e+05
1.822980000000000000e+05
1.697760000000000000e+05
1.736100000000000000e+05
1.599870000000000000e+05
1.634980000000000000e+05
1.670370000000000000e+05
1.567150000000000000e+05
1.445220000000000000e+05
1.304490000000000000e+05
1.366870000000000000e+05
1.197000000000000000e+05
1.250600000000000000e+05
1.305120000000000000e+05
1.360730000000000000e+05
1.138860000000000000e+05
1.184400000000000000e+05
2.084440000000000000e+05
2.008740000000000000e+05
1.926410000000000000e+05
1.837340000000000000e+05
1.741510000000000000e+05
1.785170000000000000e+05
1.679090000000000000e+05
1.565980000000000000e+05
1.445630000000000000e+05
1.479540000000000000e+05
1.513660000000000000e+05
1.379060000000000000e+05
1.236960000000000000e+05
1.264130000000000000e+05
1.291310000000000000e+05
1.134580000000000000e+05
1.193910000000000000e+05
1.050320000000000000e+05
8.866300000000000000e+04
1.153900000000000000e+05
1.207240000000000000e+05
1.013970000000000000e+05
1.057870000000000000e+05
8.331400000000000000e+04
8.669000000000000000e+04
9.016700000000000000e+04
1.384830000000000000e+05
1.142280000000000000e+05
1.171020000000000000e+05
1.053760000000000000e+05
1.079130000000000000e+05
9.510300000000000000e+04
9.733500000000000000e+04
9.958900000000000000e+04
8.533200000000000000e+04
7.032600000000000000e+04
7.186100000000000000e+04
7.341000000000000000e+04
7.497200000000000000e+04
7.651600000000000000e+04
5.925000000000000000e+04
6.221600000000000000e+04
6.526500000000000000e+04
4.647600000000000000e+04
4.852700000000000000e+04
5.065100000000000000e+04
5.281100000000000000e+04
5.501300000000000000e+04
5.724200000000000000e+04
3.101500000000000000e+04
3.211000000000000000e+04
7.432800000000000000e+04
6.148000000000000000e+04
4.792300000000000000e+04
4.900400000000000000e+04
3.436200000000000000e+04
3.510100000000000000e+04
3.581300000000000000e+04
3.656300000000000000e+04
3.731800000000000000e+04
2.038800000000000000e+04
2.078600000000000000e+04
2.117000000000000000e+04
2.152700000000000000e+04
2.191400000000000000e+04
2.029000000000000000e+04
2.131800000000000000e+04
2.231300000000000000e+04
2.342600000000000000e+04
2.448700000000000000e+04
2.557900000000000000e+04
2.666000000000000000e+04
2.776500000000000000e+04
2.883100000000000000e+04
3.004900000000000000e+04
1.795600000000000000e+04
1.797800000000000000e+04
1.797800000000000000e+04
1.797800000000000000e+04
1.797800000000000000e+04
1.797800000000000000e+04
1.709000000000000000e+04
1.797800000000000000e+04
1.797800000000000000e+04
1.824000000000000000e+04
1.867600000000000000e+04
1.905400000000000000e+04
1.937700000000000000e+04
2.042600000000000000e+04
2.142700000000000000e+04
2.249600000000000000e+04
2.352100000000000000e+04
2.459900000000000000e+04
2.568700000000000000e+04
2.679100000000000000e+04
2.787400000000000000e+04
2.908400000000000000e+04
3.025000000000000000e+04
1.797800000000000000e+04
1.797800000000000000e+04
1.797800000000000000e+04
1.797800000000000000e+04
1.689600000000000000e+04
1.797800000000000000e+04
1.797800000000000000e+04
1.797800000000000000e+04
1.835200000000000000e+04
1.875200000000000000e+04
1.909800000000000000e+04
1.953500000000000000e+04
2.054300000000000000e+04
2.151000000000000000e+04
2.261600000000000000e+04
2.362000000000000000e+04
2.469200000000000000e+04
2.586000000000000000e+04
2.689200000000000000e+04
2.796200000000000000e+04
2.917600000000000000e+04
3.041600000000000000e+04
1.797800000000000000e+04
1.797800000000000000e+04
1.689600000000000000e+04
1.797800000000000000e+04
1.797800000000000000e+04
1.797800000000000000e+04
1.807600000000000000e+04
1.846000000000000000e+04
1.886600000000000000e+04
1.922100000000000000e+04
1.963200000000000000e+04
2.062900000000000000e+04
2.162700000000000000e+04
2.265900000000000000e+04
2.377600000000000000e+04
2.482300000000000000e+04
2.589200000000000000e+04
2.705400000000000000e+04
2.820000000000000000e+04
2.941300000000000000e+04
3.055500000000000000e+04
1.797800000000000000e+04
1.797800000000000000e+04
1.797800000000000000e+04
1.797800000000000000e+04
1.797800000000000000e+04
1.819400000000000000e+04
1.854400000000000000e+04
1.889300000000000000e+04
1.933100000000000000e+04
1.974500000000000000e+04
2.079000000000000000e+04
2.181200000000000000e+04
2.281500000000000000e+04
2.386300000000000000e+04
2.496800000000000000e+04
2.607800000000000000e+04
2.727500000000000000e+04
2.839800000000000000e+04
2.954000000000000000e+04
3.072100000000000000e+04
1.797800000000000000e+04
1.797800000000000000e+04
1.797800000000000000e+04
1.797800000000000000e+04
1.823800000000000000e+04
1.870100000000000000e+04
1.910100000000000000e+04
1.939700000000000000e+04
1.983500000000000000e+04
2.090400000000000000e+04
2.188500000000000000e+04
2.297600000000000000e+04
2.406200000000000000e+04
2.515500000000000000e+04
2.620800000000000000e+04
2.738300000000000000e+04
2.854600000000000000e+04
2.969900000000000000e+04
3.089600000000000000e+04
1.797800000000000000e+04
1.797800000000000000e+04
1.802300000000000000e+04
1.838200000000000000e+04
1.876300000000000000e+04
1.920000000000000000e+04
1.959200000000000000e+04
1.995500000000000000e+04
2.098800000000000000e+04
2.203900000000000000e+04
2.309500000000000000e+04
2.422100000000000000e+04
2.524400000000000000e+04
2.638100000000000000e+04
2.751700000000000000e+04
2.870900000000000000e+04
2.986600000000000000e+04
3.109500000000000000e+04
1.797800000000000000e+04
1.809800000000000000e+04
1.851100000000000000e+04
1.889700000000000000e+04
1.925200000000000000e+04
1.972000000000000000e+04
2.010100000000000000e+04
2.106900000000000000e+04
2.215800000000000000e+04
2.326300000000000000e+04
2.433100000000000000e+04
2.545800000000000000e+04
2.650000000000000000e+04
2.767200000000000000e+04
2.880500000000000000e+04
3.002200000000000000e+04
3.117200000000000000e+04
1.828200000000000000e+04
1.862800000000000000e+04
1.900500000000000000e+04
1.938400000000000000e+04
1.979500000000000000e+04
2.018100000000000000e+04
2.118500000000000000e+04
2.230700000000000000e+04
2.335200000000000000e+04
2.440700000000000000e+04
2.556400000000000000e+04
2.659200000000000000e+04
2.782800000000000000e+04
2.895600000000000000e+04
3.012400000000000000e+04
3.135500000000000000e+04
1.874800000000000000e+04
1.909700000000000000e+04
1.953100000000000000e+04
1.989000000000000000e+04
2.028200000000000000e+04
2.134200000000000000e+04
2.234700000000000000e+04
2.345400000000000000e+04
2.461500000000000000e+04
2.574900000000000000e+04
2.679800000000000000e+04
2.804900000000000000e+04
2.920100000000000000e+04
3.034900000000000000e+04
3.155200000000000000e+04
1.928000000000000000e+04
1.961500000000000000e+04
2.004100000000000000e+04
2.042700000000000000e+04
2.145400000000000000e+04
2.249700000000000000e+04
2.356500000000000000e+04
2.469300000000000000e+04
2.582400000000000000e+04
2.703000000000000000e+04
2.816000000000000000e+04
2.934800000000000000e+04
3.058400000000000000e+04
3.165400000000000000e+04
1.979100000000000000e+04
2.013800000000000000e+04
2.054000000000000000e+04
2.159500000000000000e+04
2.262500000000000000e+04
2.371700000000000000e+04
2.478700000000000000e+04
2.601800000000000000e+04
2.699500000000000000e+04
2.828900000000000000e+04
2.942900000000000000e+04
3.057200000000000000e+04
3.193200000000000000e+04
2.030000000000000000e+04
2.065500000000000000e+04
2.171500000000000000e+04
2.281500000000000000e+04
2.388600000000000000e+04
2.501800000000000000e+04
2.608700000000000000e+04
2.730300000000000000e+04
2.847200000000000000e+04
2.965900000000000000e+04
3.085100000000000000e+04
3.207900000000000000e+04
2.082300000000000000e+04
2.181700000000000000e+04
2.292200000000000000e+04
2.386600000000000000e+04
2.504000000000000000e+04
2.629500000000000000e+04
2.741100000000000000e+04
2.850500000000000000e+04
2.976400000000000000e+04
3.098600000000000000e+04
3.205300000000000000e+04
2.214700000000000000e+04
2.318800000000000000e+04
2.428600000000000000e+04
2.536300000000000000e+04
2.655500000000000000e+04
2.773400000000000000e+04
2.889000000000000000e+04
3.017900000000000000e+04
3.136500000000000000e+04
3.254000000000000000e+04
2.347900000000000000e+04
2.456400000000000000e+04
2.570600000000000000e+04
2.682800000000000000e+04
2.802900000000000000e+04
2.925600000000000000e+04
3.053400000000000000e+04
3.178500000000000000e+04
3.283200000000000000e+04
2.492400000000000000e+04
2.598900000000000000e+04
2.723000000000000000e+04
2.840000000000000000e+04
2.955100000000000000e+04
3.070400000000000000e+04
3.207500000000000000e+04
3.342100000000000000e+04
2.632000000000000000e+04
2.748800000000000000e+04
2.862300000000000000e+04
2.986800000000000000e+04
3.115800000000000000e+04
3.241000000000000000e+04
3.368500000000000000e+04
2.782200000000000000e+04
2.896600000000000000e+04
3.017400000000000000e+04
3.144600000000000000e+04
3.273800000000000000e+04
3.399600000000000000e+04
2.931100000000000000e+04
3.042100000000000000e+04
3.174100000000000000e+04
3.294700000000000000e+04
3.430100000000000000e+04
3.081800000000000000e+04
3.202300000000000000e+04
3.335500000000000000e+04
3.452100000000000000e+04
3.230800000000000000e+04
3.357400000000000000e+04
3.495600000000000000e+04
3.392900000000000000e+04
3.500200000000000000e+04
3.555400000000000000e+04
