1.098000000000000000e+03
1.342000000000000000e+03
1.546000000000000000e+03
1.737000000000000000e+03
1.913000000000000000e+03
2.257000000000000000e+03
2.605000000000000000e+03
2.960000000000000000e+03
3.169000000000000000e+03
3.238000000000000000e+03
3.301000000000000000e+03
3.559000000000000000e+03
3.720000000000000000e+03
3.901000000000000000e+03
4.083000000000000000e+03
4.367000000000000000e+03
4.621000000000000000e+03
4.952000000000000000e+03
4.534000000000000000e+03
5.528000000000000000e+03
6.171000000000000000e+03
6.487000000000000000e+03
7.769000000000000000e+03
5.097000000000000000e+03
5.554000000000000000e+03
9.597000000000000000e+03
1.106400000000000000e+04
5.550000000000000000e+03
5.501000000000000000e+03
6.140000000000000000e+03
1.563100000000000000e+04
6.431000000000000000e+03
1.113700000000000000e+04
7.770000000000000000e+03
1.785000000000000000e+04
1.382400000000000000e+04
8.243000000000000000e+03
1.673700000000000000e+04
1.420100000000000000e+04
1.078000000000000000e+04
1.347000000000000000e+03
1.548000000000000000e+03
1.731000000000000000e+03
1.903000000000000000e+03
2.244000000000000000e+03
2.599000000000000000e+03
2.950000000000000000e+03
3.150000000000000000e+03
3.214000000000000000e+03
3.284000000000000000e+03
3.516000000000000000e+03
3.748000000000000000e+03
3.927000000000000000e+03
4.224000000000000000e+03
4.211000000000000000e+03
4.739000000000000000e+03
4.433000000000000000e+03
4.553000000000000000e+03
5.593000000000000000e+03
6.339000000000000000e+03
7.021000000000000000e+03
7.845000000000000000e+03
8.654000000000000000e+03
9.463000000000000000e+03
1.030500000000000000e+04
7.721000000000000000e+03
5.887000000000000000e+03
8.566000000000000000e+03
8.893000000000000000e+03
8.559000000000000000e+03
1.320800000000000000e+04
7.413000000000000000e+03
1.179000000000000000e+04
1.797800000000000000e+04
1.513200000000000000e+04
8.177000000000000000e+03
8.535000000000000000e+03
8.892000000000000000e+03
9.248000000000000000e+03
1.573000000000000000e+03
1.739000000000000000e+03
1.901000000000000000e+03
2.235000000000000000e+03
2.595000000000000000e+03
2.958000000000000000e+03
3.129000000000000000e+03
3.195000000000000000e+03
3.375000000000000000e+03
3.552000000000000000e+03
3.757000000000000000e+03
3.991000000000000000e+03
4.270000000000000000e+03
4.523000000000000000e+03
4.843000000000000000e+03
4.427000000000000000e+03
5.411000000000000000e+03
5.644000000000000000e+03
6.337000000000000000e+03
7.138000000000000000e+03
7.909000000000000000e+03
8.652000000000000000e+03
4.736000000000000000e+03
4.956000000000000000e+03
5.221000000000000000e+03
6.125000000000000000e+03
1.275700000000000000e+04
1.388600000000000000e+04
1.527400000000000000e+04
1.052000000000000000e+04
6.691000000000000000e+03
1.797800000000000000e+04
1.797800000000000000e+04
1.797800000000000000e+04
1.498700000000000000e+04
1.689600000000000000e+04
1.090100000000000000e+04
9.164000000000000000e+03
1.784000000000000000e+03
1.922000000000000000e+03
2.231000000000000000e+03
2.590000000000000000e+03
2.958000000000000000e+03
3.108000000000000000e+03
3.178000000000000000e+03
3.376000000000000000e+03
3.590000000000000000e+03
3.826000000000000000e+03
4.114000000000000000e+03
4.085000000000000000e+03
4.629000000000000000e+03
4.334000000000000000e+03
4.462000000000000000e+03
5.472000000000000000e+03
4.880000000000000000e+03
6.481000000000000000e+03
7.242000000000000000e+03
7.960000000000000000e+03
5.459000000000000000e+03
9.608000000000000000e+03
4.850000000000000000e+03
5.970000000000000000e+03
6.108000000000000000e+03
1.302600000000000000e+04
5.586000000000000000e+03
9.229000000000000000e+03
6.290000000000000000e+03
1.722000000000000000e+04
1.797800000000000000e+04
1.478700000000000000e+04
8.623000000000000000e+03
1.204900000000000000e+04
1.048900000000000000e+04
1.049000000000000000e+04
1.797800000000000000e+04
1.985000000000000000e+03
2.235000000000000000e+03
2.592000000000000000e+03
2.956000000000000000e+03
3.093000000000000000e+03
3.206000000000000000e+03
3.402000000000000000e+03
3.649000000000000000e+03
3.887000000000000000e+03
4.160000000000000000e+03
4.415000000000000000e+03
4.723000000000000000e+03
4.346000000000000000e+03
5.286000000000000000e+03
5.523000000000000000e+03
5.847000000000000000e+03
4.907000000000000000e+03
7.331000000000000000e+03
6.806000000000000000e+03
8.881000000000000000e+03
4.661000000000000000e+03
1.048200000000000000e+04
6.182000000000000000e+03
6.811000000000000000e+03
7.488000000000000000e+03
6.464000000000000000e+03
1.600500000000000000e+04
8.713000000000000000e+03
1.472200000000000000e+04
1.763900000000000000e+04
8.908000000000000000e+03
7.642000000000000000e+03
1.275300000000000000e+04
1.262500000000000000e+04
8.672000000000000000e+03
9.012000000000000000e+03
2.370000000000000000e+03
2.594000000000000000e+03
2.953000000000000000e+03
3.060000000000000000e+03
3.276000000000000000e+03
3.532000000000000000e+03
3.773000000000000000e+03
4.041000000000000000e+03
4.296000000000000000e+03
4.595000000000000000e+03
4.286000000000000000e+03
5.151000000000000000e+03
5.393000000000000000e+03
5.709000000000000000e+03
6.003000000000000000e+03
6.683000000000000000e+03
7.475000000000000000e+03
8.263000000000000000e+03
9.056000000000000000e+03
9.877000000000000000e+03
7.415000000000000000e+03
6.800000000000000000e+03
8.265000000000000000e+03
8.595000000000000000e+03
6.391000000000000000e+03
1.474700000000000000e+04
6.162000000000000000e+03
6.504000000000000000e+03
1.580800000000000000e+04
7.189000000000000000e+03
7.530000000000000000e+03
1.367400000000000000e+04
8.205000000000000000e+03
8.541000000000000000e+03
8.868000000000000000e+03
2.741000000000000000e+03
2.951000000000000000e+03
3.151000000000000000e+03
3.405000000000000000e+03
3.651000000000000000e+03
3.915000000000000000e+03
4.170000000000000000e+03
4.459000000000000000e+03
4.237000000000000000e+03
5.009000000000000000e+03
5.256000000000000000e+03
5.563000000000000000e+03
5.854000000000000000e+03
6.123000000000000000e+03
6.864000000000000000e+03
7.579000000000000000e+03
5.564000000000000000e+03
9.184000000000000000e+03
4.559000000000000000e+03
6.169000000000000000e+03
6.340000000000000000e+03
1.253800000000000000e+04
5.242000000000000000e+03
1.215700000000000000e+04
1.070800000000000000e+04
1.557100000000000000e+04
8.152000000000000000e+03
1.568900000000000000e+04
7.090000000000000000e+03
1.797800000000000000e+04
7.757000000000000000e+03
8.086000000000000000e+03
1.797800000000000000e+04
8.736000000000000000e+03
3.079000000000000000e+03
3.272000000000000000e+03
3.521000000000000000e+03
3.781000000000000000e+03
4.036000000000000000e+03
4.317000000000000000e+03
4.199000000000000000e+03
4.861000000000000000e+03
5.112000000000000000e+03
5.411000000000000000e+03
5.699000000000000000e+03
5.969000000000000000e+03
6.215000000000000000e+03
7.008000000000000000e+03
4.999000000000000000e+03
5.739000000000000000e+03
9.270000000000000000e+03
1.016700000000000000e+04
6.051000000000000000e+03
4.850000000000000000e+03
6.485000000000000000e+03
1.363900000000000000e+04
1.455600000000000000e+04
5.676000000000000000e+03
1.281000000000000000e+04
7.124000000000000000e+03
1.729900000000000000e+04
1.319100000000000000e+04
7.321000000000000000e+03
1.620100000000000000e+04
1.797800000000000000e+04
1.024300000000000000e+04
1.578200000000000000e+04
3.444000000000000000e+03
3.641000000000000000e+03
3.896000000000000000e+03
4.167000000000000000e+03
4.166000000000000000e+03
4.708000000000000000e+03
4.963000000000000000e+03
5.255000000000000000e+03
5.540000000000000000e+03
5.811000000000000000e+03
6.061000000000000000e+03
6.382000000000000000e+03
7.120000000000000000e+03
7.851000000000000000e+03
4.136000000000000000e+03
6.388000000000000000e+03
4.670000000000000000e+03
7.554000000000000000e+03
1.202400000000000000e+04
1.286100000000000000e+04
9.081000000000000000e+03
1.468800000000000000e+04
9.935000000000000000e+03
5.936000000000000000e+03
1.797800000000000000e+04
1.797800000000000000e+04
1.797800000000000000e+04
1.689600000000000000e+04
1.673900000000000000e+04
1.029700000000000000e+04
8.200000000000000000e+03
1.797800000000000000e+04
3.751000000000000000e+03
4.013000000000000000e+03
4.133000000000000000e+03
4.548000000000000000e+03
4.809000000000000000e+03
5.093000000000000000e+03
5.376000000000000000e+03
5.647000000000000000e+03
5.903000000000000000e+03
6.215000000000000000e+03
6.520000000000000000e+03
6.637000000000000000e+03
8.017000000000000000e+03
4.100000000000000000e+03
9.572000000000000000e+03
7.392000000000000000e+03
8.010000000000000000e+03
8.064000000000000000e+03
7.149000000000000000e+03
5.066000000000000000e+03
1.486700000000000000e+04
1.211200000000000000e+04
1.414800000000000000e+04
1.707600000000000000e+04
9.533000000000000000e+03
6.819000000000000000e+03
1.216300000000000000e+04
1.565600000000000000e+04
7.774000000000000000e+03
8.109000000000000000e+03
1.590100000000000000e+04
4.174000000000000000e+03
4.385000000000000000e+03
4.649000000000000000e+03
4.928000000000000000e+03
5.207000000000000000e+03
5.480000000000000000e+03
5.741000000000000000e+03
6.045000000000000000e+03
6.344000000000000000e+03
6.634000000000000000e+03
7.386000000000000000e+03
8.152000000000000000e+03
8.942000000000000000e+03
6.782000000000000000e+03
6.589000000000000000e+03
7.643000000000000000e+03
8.318000000000000000e+03
5.829000000000000000e+03
8.311000000000000000e+03
1.419100000000000000e+04
5.488000000000000000e+03
1.137400000000000000e+04
1.523800000000000000e+04
6.428000000000000000e+03
6.740000000000000000e+03
1.310200000000000000e+04
7.365000000000000000e+03
8.617000000000000000e+03
8.018000000000000000e+03
1.265500000000000000e+04
4.542000000000000000e+03
4.758000000000000000e+03
5.035000000000000000e+03
5.309000000000000000e+03
5.576000000000000000e+03
5.872000000000000000e+03
6.166000000000000000e+03
6.454000000000000000e+03
6.730000000000000000e+03
5.972000000000000000e+03
8.261000000000000000e+03
6.154000000000000000e+03
6.931000000000000000e+03
6.989000000000000000e+03
1.150900000000000000e+04
5.496000000000000000e+03
1.167000000000000000e+04
1.002200000000000000e+04
1.148200000000000000e+04
1.492100000000000000e+04
7.579000000000000000e+03
1.511500000000000000e+04
6.356000000000000000e+03
1.797800000000000000e+04
7.624000000000000000e+03
7.290000000000000000e+03
1.797800000000000000e+04
9.582000000000000000e+03
1.037800000000000000e+04
4.858000000000000000e+03
5.134000000000000000e+03
5.406000000000000000e+03
5.694000000000000000e+03
5.985000000000000000e+03
6.272000000000000000e+03
6.551000000000000000e+03
5.293000000000000000e+03
6.271000000000000000e+03
8.350000000000000000e+03
9.184000000000000000e+03
5.581000000000000000e+03
4.301000000000000000e+03
6.985000000000000000e+03
1.254300000000000000e+04
1.342900000000000000e+04
4.915000000000000000e+03
5.069000000000000000e+03
1.241500000000000000e+04
6.813000000000000000e+03
1.672400000000000000e+04
1.264000000000000000e+04
6.588000000000000000e+03
1.564200000000000000e+04
1.797800000000000000e+04
9.685000000000000000e+03
1.797800000000000000e+04
9.609000000000000000e+03
5.287000000000000000e+03
5.514000000000000000e+03
5.800000000000000000e+03
6.086000000000000000e+03
6.369000000000000000e+03
5.374000000000000000e+03
6.954000000000000000e+03
4.382000000000000000e+03
7.067000000000000000e+03
4.237000000000000000e+03
8.172000000000000000e+03
1.096000000000000000e+04
1.178400000000000000e+04
1.000100000000000000e+04
1.358300000000000000e+04
4.870000000000000000e+03
9.318000000000000000e+03
5.323000000000000000e+03
1.726300000000000000e+04
1.797800000000000000e+04
1.797800000000000000e+04
1.689600000000000000e+04
1.620900000000000000e+04
9.760000000000000000e+03
7.454000000000000000e+03
1.797800000000000000e+04
8.765000000000000000e+03
5.666000000000000000e+03
5.899000000000000000e+03
6.184000000000000000e+03
5.460000000000000000e+03
6.766000000000000000e+03
7.072000000000000000e+03
4.375000000000000000e+03
8.596000000000000000e+03
7.914000000000000000e+03
8.496000000000000000e+03
7.748000000000000000e+03
7.969000000000000000e+03
5.227000000000000000e+03
1.370500000000000000e+04
1.130800000000000000e+04
1.152100000000000000e+04
1.354100000000000000e+04
1.648200000000000000e+04
1.114500000000000000e+04
6.158000000000000000e+03
1.163200000000000000e+04
1.797800000000000000e+04
7.076000000000000000e+03
7.378000000000000000e+03
1.534800000000000000e+04
9.444000000000000000e+03
5.996000000000000000e+03
5.550000000000000000e+03
6.576000000000000000e+03
6.877000000000000000e+03
7.180000000000000000e+03
7.946000000000000000e+03
6.105000000000000000e+03
6.175000000000000000e+03
7.757000000000000000e+03
7.856000000000000000e+03
5.345000000000000000e+03
8.500000000000000000e+03
1.365500000000000000e+04
1.224600000000000000e+04
4.931000000000000000e+03
1.212200000000000000e+04
1.463600000000000000e+04
5.810000000000000000e+03
6.105000000000000000e+03
1.258100000000000000e+04
6.709000000000000000e+03
9.863000000000000000e+03
7.306000000000000000e+03
1.214500000000000000e+04
1.689600000000000000e+04
6.384000000000000000e+03
6.679000000000000000e+03
6.979000000000000000e+03
7.279000000000000000e+03
5.857000000000000000e+03
7.691000000000000000e+03
7.720000000000000000e+03
1.044600000000000000e+04
6.103000000000000000e+03
1.120300000000000000e+04
9.539000000000000000e+03
1.167500000000000000e+04
5.715000000000000000e+03
1.430900000000000000e+04
7.058000000000000000e+03
1.450700000000000000e+04
5.756000000000000000e+03
1.797800000000000000e+04
1.657900000000000000e+04
6.648000000000000000e+03
1.797800000000000000e+04
1.076100000000000000e+04
9.806000000000000000e+03
1.380800000000000000e+04
6.828000000000000000e+03
7.076000000000000000e+03
7.375000000000000000e+03
8.154000000000000000e+03
5.212000000000000000e+03
3.839000000000000000e+03
7.580000000000000000e+03
1.142600000000000000e+04
1.228900000000000000e+04
4.418000000000000000e+03
5.802000000000000000e+03
1.262000000000000000e+04
1.191800000000000000e+04
9.106000000000000000e+03
1.611200000000000000e+04
1.212800000000000000e+04
6.005000000000000000e+03
1.505200000000000000e+04
1.797800000000000000e+04
9.096000000000000000e+03
1.797800000000000000e+04
9.916000000000000000e+03
1.750800000000000000e+04
7.174000000000000000e+03
7.402000000000000000e+03
4.008000000000000000e+03
8.401000000000000000e+03
9.868000000000000000e+03
1.068500000000000000e+04
1.015100000000000000e+04
1.242100000000000000e+04
4.383000000000000000e+03
8.657000000000000000e+03
1.250500000000000000e+04
4.811000000000000000e+03
1.656900000000000000e+04
1.797800000000000000e+04
1.797800000000000000e+04
1.689600000000000000e+04
1.571100000000000000e+04
9.253000000000000000e+03
6.819000000000000000e+03
1.797800000000000000e+04
7.649000000000000000e+03
1.797800000000000000e+04
7.576000000000000000e+03
8.113000000000000000e+03
8.391000000000000000e+03
8.536000000000000000e+03
8.817000000000000000e+03
7.361000000000000000e+03
1.253500000000000000e+04
1.063800000000000000e+04
1.097500000000000000e+04
1.088600000000000000e+04
1.289200000000000000e+04
1.584900000000000000e+04
1.346700000000000000e+04
5.622000000000000000e+03
1.112800000000000000e+04
1.797800000000000000e+04
6.476000000000000000e+03
6.760000000000000000e+03
1.476400000000000000e+04
8.854000000000000000e+03
1.677900000000000000e+04
8.251000000000000000e+03
8.923000000000000000e+03
9.236000000000000000e+03
7.524000000000000000e+03
1.194600000000000000e+04
1.028300000000000000e+04
1.072200000000000000e+04
1.053800000000000000e+04
1.254900000000000000e+04
1.117100000000000000e+04
1.443900000000000000e+04
1.283800000000000000e+04
1.536600000000000000e+04
5.795000000000000000e+03
6.072000000000000000e+03
8.481000000000000000e+03
6.625000000000000000e+03
6.902000000000000000e+03
7.178000000000000000e+03
1.413100000000000000e+04
9.648000000000000000e+03
7.641000000000000000e+03
1.135500000000000000e+04
9.912000000000000000e+03
1.048100000000000000e+04
1.017500000000000000e+04
1.219200000000000000e+04
1.172600000000000000e+04
1.516700000000000000e+04
1.290900000000000000e+04
5.152000000000000000e+03
1.063200000000000000e+04
1.797800000000000000e+04
5.961000000000000000e+03
6.231000000000000000e+03
1.414400000000000000e+04
6.771000000000000000e+03
1.797800000000000000e+04
7.311000000000000000e+03
1.081100000000000000e+04
9.526000000000000000e+03
1.025400000000000000e+04
9.798000000000000000e+03
1.182000000000000000e+04
1.227400000000000000e+04
1.480600000000000000e+04
1.373500000000000000e+04
1.290400000000000000e+04
1.538500000000000000e+04
5.334000000000000000e+03
5.598000000000000000e+03
5.861000000000000000e+03
6.124000000000000000e+03
6.388000000000000000e+03
6.651000000000000000e+03
1.413100000000000000e+04
7.178000000000000000e+03
1.003900000000000000e+04
9.583000000000000000e+03
1.143300000000000000e+04
1.281600000000000000e+04
1.443000000000000000e+04
1.336100000000000000e+04
1.294200000000000000e+04
4.737000000000000000e+03
1.013300000000000000e+04
1.797800000000000000e+04
5.511000000000000000e+03
5.768000000000000000e+03
1.348300000000000000e+04
6.866000000000000000e+03
1.797800000000000000e+04
6.798000000000000000e+03
7.056000000000000000e+03
1.102900000000000000e+04
1.335100000000000000e+04
1.403800000000000000e+04
1.297300000000000000e+04
1.293100000000000000e+04
1.288400000000000000e+04
1.532500000000000000e+04
4.926000000000000000e+03
5.178000000000000000e+03
5.431000000000000000e+03
5.683000000000000000e+03
5.935000000000000000e+03
6.187000000000000000e+03
1.413100000000000000e+04
6.690000000000000000e+03
6.943000000000000000e+03
1.363000000000000000e+04
1.256800000000000000e+04
1.290700000000000000e+04
1.285500000000000000e+04
4.367000000000000000e+03
9.622000000000000000e+03
1.797800000000000000e+04
5.110000000000000000e+03
5.357000000000000000e+03
1.277700000000000000e+04
7.235000000000000000e+03
1.797800000000000000e+04
6.344000000000000000e+03
6.591000000000000000e+03
1.797800000000000000e+04
1.287400000000000000e+04
1.281600000000000000e+04
4.195000000000000000e+03
1.522200000000000000e+04
4.559000000000000000e+03
4.802000000000000000e+03
5.045000000000000000e+03
5.288000000000000000e+03
5.530000000000000000e+03
5.772000000000000000e+03
1.413100000000000000e+04
6.256000000000000000e+03
6.498000000000000000e+03
1.020200000000000000e+04
4.044000000000000000e+03
1.516000000000000000e+04
4.941000000000000000e+03
1.753900000000000000e+04
4.747000000000000000e+03
5.164000000000000000e+03
1.595900000000000000e+04
6.862000000000000000e+03
1.797800000000000000e+04
5.937000000000000000e+03
6.175000000000000000e+03
1.797800000000000000e+04
6.650000000000000000e+03
4.124000000000000000e+03
4.230000000000000000e+03
4.462000000000000000e+03
4.696000000000000000e+03
4.930000000000000000e+03
5.164000000000000000e+03
5.398000000000000000e+03
1.413100000000000000e+04
5.865000000000000000e+03
6.098000000000000000e+03
1.155600000000000000e+04
6.565000000000000000e+03
1.693900000000000000e+04
4.419000000000000000e+03
9.648000000000000000e+03
1.569700000000000000e+04
5.108000000000000000e+03
1.797800000000000000e+04
5.568000000000000000e+03
5.797000000000000000e+03
1.791800000000000000e+04
6.256000000000000000e+03
1.413100000000000000e+04
1.193000000000000000e+04
1.544200000000000000e+04
4.785000000000000000e+03
1.797800000000000000e+04
5.229000000000000000e+03
5.452000000000000000e+03
1.713400000000000000e+04
5.896000000000000000e+03
1.413100000000000000e+04
1.318000000000000000e+04
4.504000000000000000e+03
1.797800000000000000e+04
4.920000000000000000e+03
5.135000000000000000e+03
1.630000000000000000e+04
5.565000000000000000e+03
1.413100000000000000e+04
1.689600000000000000e+04
7.970000000000000000e+03
4.650000000000000000e+03
4.842000000000000000e+03
1.541100000000000000e+04
5.261000000000000000e+03
1.413100000000000000e+04
1.721900000000000000e+04
1.045000000000000000e+04
6.097000000000000000e+03
1.134600000000000000e+04
4.977000000000000000e+03
1.413100000000000000e+04
1.797800000000000000e+04
1.434300000000000000e+04
5.791000000000000000e+03
1.797800000000000000e+04
1.418600000000000000e+04
1.797800000000000000e+04
1.689600000000000000e+04
5.505000000000000000e+03
1.797800000000000000e+04
5.902000000000000000e+03
1.689600000000000000e+04
5.240000000000000000e+03
1.797800000000000000e+04
5.624000000000000000e+03
1.689600000000000000e+04
1.797800000000000000e+04
5.368000000000000000e+03
1.533200000000000000e+04
5.741000000000000000e+03
1.256700000000000000e+04
5.494000000000000000e+03
5.674000000000000000e+03
5.462000000000000000e+03
5.619000000000000000e+03
6.057000000000000000e+03
