1.794818152667587583e+03
1.812606204856283512e+03
1.829699787430951119e+03
1.848238649959844224e+03
1.866649822601929827e+03
1.899128957227552746e+03
1.936290969811452442e+03
1.973530581694294369e+03
1.998858142028996554e+03
2.031941126593206036e+03
2.065432987960352875e+03
2.110365446795817206e+03
2.135992017085443877e+03
2.159703530076492370e+03
2.189754742100441035e+03
2.216901092525220065e+03
2.238254697575282535e+03
2.270936895192198790e+03
2.300840173363484155e+03
2.318715310010124540e+03
2.330911252598393730e+03
2.385632274836417764e+03
2.438710691204224531e+03
2.432482625508802357e+03
2.458809479891547653e+03
2.496957262481021189e+03
2.563731958820992531e+03
2.578172471095394485e+03
2.577238547121244665e+03
2.574694900220191812e+03
1.831385809413443212e+03
1.849904189771894380e+03
1.868118936316279587e+03
1.884963880342698758e+03
1.921344353626337124e+03
1.958056413389850150e+03
1.986983672031034075e+03
2.025018634323272863e+03
2.062551900225691497e+03
2.101415234398639313e+03
2.126427270335769208e+03
2.149054987817396068e+03
2.181824875954490835e+03
2.213221800200759844e+03
2.246018426157279464e+03
2.269650484198086360e+03
2.290288762188135024e+03
2.309232938620644290e+03
2.328514427535699724e+03
2.381612804397489526e+03
2.449806439363699155e+03
2.459768939730202419e+03
2.464276251752559347e+03
2.522391680483784512e+03
2.587862517004608435e+03
2.593058348085791749e+03
2.565969760951083117e+03
2.565933531773864161e+03
2.574639799787876200e+03
1.868910989595633055e+03
1.886931307919852543e+03
1.905251361829312827e+03
1.943279885682823533e+03
1.975803543215056834e+03
2.014310899055894879e+03
2.050787026838705515e+03
2.086497088938332581e+03
2.114739252012138422e+03
2.140776645956529592e+03
2.177994665275148691e+03
2.217052136461515602e+03
2.243602606232173457e+03
2.264880057444266640e+03
2.294495502046019737e+03
2.326596325307163170e+03
2.345533915739311851e+03
2.363414455549582726e+03
2.446690017017152513e+03
2.470814838661819977e+03
2.476198717341531847e+03
2.554233732079237598e+03
2.593405758074906771e+03
2.555461170471944570e+03
2.551247346386286154e+03
2.581542018876438306e+03
2.621490463824078688e+03
2.649575852059226236e+03
1.906753339419831264e+03
1.925819828458204256e+03
1.962233451959530839e+03
1.999070093179103196e+03
2.036735673762050283e+03
2.072649607873715468e+03
2.102784267710324002e+03
2.133039082182128368e+03
2.179430264778649416e+03
2.213774341496319266e+03
2.236596859144950031e+03
2.266383136725826262e+03
2.301690978829362393e+03
2.328222317703925455e+03
2.345425142235467774e+03
2.376257716594846443e+03
2.416214156992765766e+03
2.446581717357693378e+03
2.467930929848301730e+03
2.551490012628757086e+03
2.589377491304965133e+03
2.547517443534478844e+03
2.578184366482474616e+03
2.606799263360778241e+03
2.676232661279257627e+03
2.691884024444167608e+03
2.661498306081642113e+03
1.945356264369336259e+03
1.982476909098181295e+03
2.021300286500543507e+03
2.057525663313958830e+03
2.092009924715834131e+03
2.125067151545654724e+03
2.169070905695638430e+03
2.206281359190963030e+03
2.230333305175862733e+03
2.264100778309719772e+03
2.299509501546862793e+03
2.322563028145522821e+03
2.351670506212349665e+03
2.388707357428319483e+03
2.423595241158292993e+03
2.440594794452810220e+03
2.455801255036163639e+03
2.529737912655030868e+03
2.584489144524745370e+03
2.571432801616977031e+03
2.585481473536455724e+03
2.655998404102829682e+03
2.704046072117118456e+03
2.679198038786400957e+03
2.685509818951837133e+03
2.689425828099255796e+03
2.023899433524385586e+03
2.062499250939808917e+03
2.099936308142500820e+03
2.139881577650833606e+03
2.180119319257995357e+03
2.211435086918963407e+03
2.246152391294611789e+03
2.280992058536960485e+03
2.313645903069362703e+03
2.349282400323960246e+03
2.382713394457007780e+03
2.408102706817161106e+03
2.422831073151980490e+03
2.444167599896411048e+03
2.474401012432212156e+03
2.561897980138870935e+03
2.584168089455818063e+03
2.612352385225070066e+03
2.668215939195494229e+03
2.728335053571753178e+03
2.719546192152504773e+03
2.734420034374115858e+03
2.760719759512256132e+03
2.813899308807971465e+03
2.892626074119511031e+03
2.103984480219498437e+03
2.144383529859029295e+03
2.183257905034812666e+03
2.219474378798059206e+03
2.257580873621384853e+03
2.295878810703232830e+03
2.334066724768482345e+03
2.367435467691688700e+03
2.393153493931366938e+03
2.422604586603600637e+03
2.454207358138836753e+03
2.488437228359366145e+03
2.529119050668923592e+03
2.558557900625965885e+03
2.599126454183768146e+03
2.669217269732448585e+03
2.738431518162155044e+03
2.757839954007969482e+03
2.780573999645179811e+03
2.811551191335649946e+03
2.876832025036256709e+03
2.921262872839907686e+03
2.947405265158447037e+03
2.931355150613613205e+03
2.186049984462290013e+03
2.225921354407924355e+03
2.266329664842975944e+03
2.306081044925524111e+03
2.343345504290471126e+03
2.377945064269943487e+03
2.412793285890767947e+03
2.449555999993342539e+03
2.487625756021722282e+03
2.525307545850623228e+03
2.553993014937592761e+03
2.578331582210820216e+03
2.603311104085574698e+03
2.683796659979647302e+03
2.752052634406875313e+03
2.787542432300606833e+03
2.824463169974688753e+03
2.875758044323779814e+03
2.930495113092756583e+03
2.943683233442528945e+03
2.962294156899797599e+03
2.961052149059531075e+03
2.979158369617040080e+03
2.269473540501996922e+03
2.310881396370934908e+03
2.350504246119107393e+03
2.388974171636843948e+03
2.427934437021470330e+03
2.468466700724271050e+03
2.506759138603045358e+03
2.541036710810211844e+03
2.571276203935060039e+03
2.601086039375833025e+03
2.635039493847679296e+03
2.669271038678686182e+03
2.751124120075573046e+03
2.800195404178767603e+03
2.863155481398055599e+03
2.918149533180951948e+03
2.971300718101622806e+03
2.981344316518111100e+03
2.991493483984287195e+03
3.020550746941935358e+03
3.058921886343824099e+03
3.083112060067827770e+03
2.354096677728331088e+03
2.395324642058145855e+03
2.437085668399104179e+03
2.478155589935181069e+03
2.517141515281424745e+03
2.552543217416119660e+03
2.586975887996640722e+03
2.623887999582322209e+03
2.661591759844576245e+03
2.698103214718674280e+03
2.733345258717425622e+03
2.798066188280258302e+03
2.866507773612421261e+03
2.936249285248633896e+03
2.999470239786631282e+03
3.024330307469487707e+03
3.049687961985692709e+03
3.084349334715683199e+03
3.121569480258319800e+03
3.144890381436863663e+03
3.170316851917786153e+03
2.439996800401340352e+03
2.482787679307191411e+03
2.523739038468634135e+03
2.562684696882475237e+03
2.601455603397242612e+03
2.641597052580852505e+03
2.680796028349267544e+03
2.718847468204878169e+03
2.753991343304163365e+03
2.781537869793934988e+03
2.858898694942860402e+03
2.938216546991402993e+03
3.010273743889673824e+03
3.051130611197138933e+03
3.095632803160684034e+03
3.133040891959424698e+03
3.170711691243594942e+03
3.202719878761603468e+03
3.190961346371210766e+03
3.205200590529475448e+03
2.526954395997611300e+03
2.569124954585786782e+03
2.610493631592566999e+03
2.652439344587354299e+03
2.693743814563888009e+03
2.733138969419138448e+03
2.767780563310828711e+03
2.801758831056165491e+03
2.837466043450210691e+03
2.925812154809378626e+03
3.008425236869381024e+03
3.061664160709558928e+03
3.119934569165373887e+03
3.181091042974860557e+03
3.220598225721685594e+03
3.249714183278939799e+03
3.253830508820809428e+03
3.279148525733336101e+03
3.316049674041250000e+03
2.614597532679557389e+03
2.658134124039507697e+03
2.701019187408403468e+03
2.742412696571289871e+03
2.780613290753374258e+03
2.818035058500275682e+03
2.856564433109980655e+03
2.894649440080288059e+03
2.987604113128520567e+03
3.061241829336400315e+03
3.126791415660359689e+03
3.197556431350101775e+03
3.257386779457533066e+03
3.301474378885553506e+03
3.315872333259858351e+03
3.345824213665151547e+03
3.394044359764041019e+03
3.431651943652259433e+03
2.703496971037041021e+03
2.747161839624883669e+03
2.788987327728699711e+03
2.829481280766560303e+03
2.870685389424173536e+03
2.911619725439025842e+03
2.951777381160601635e+03
3.039168742903772909e+03
3.119328045053122878e+03
3.198337140817069212e+03
3.273569966218654827e+03
3.323651953481591590e+03
3.365349706493612757e+03
3.399621977087394953e+03
3.449305266793455303e+03
3.503962740744137591e+03
3.540764890030092829e+03
2.792856661523653656e+03
2.836235492336074003e+03
2.879155576991310681e+03
2.922666291648835340e+03
2.964619690935671315e+03
3.003456632925856411e+03
3.092815354266926079e+03
3.180220721276026779e+03
3.267829898930709987e+03
3.334993212273415793e+03
3.389370005807092639e+03
3.441310799684621998e+03
3.498473618673339388e+03
3.550147006510365372e+03
3.589025020909780324e+03
3.613151615928412866e+03
2.882869237171794794e+03
2.927536757740445410e+03
2.971337864428728153e+03
3.013356403011434395e+03
3.053082768167911127e+03
3.149002465904185101e+03
3.244124621376249706e+03
3.326963223259533606e+03
3.397203015362609676e+03
3.461106651771448014e+03
3.529635254796852223e+03
3.587141504641188931e+03
3.636717793670512037e+03
3.654240034418978667e+03
3.677639310364475477e+03
2.973849931159092193e+03
3.018522069456919326e+03
3.061673136211161818e+03
3.103422758278724359e+03
3.205486934370770996e+03
3.301797073961379738e+03
3.385544178282494158e+03
3.459777418440661677e+03
3.535143213356915567e+03
3.605342263747997549e+03
3.667259792434024348e+03
3.696142680146607745e+03
3.715616756470823020e+03
3.746186998143136861e+03
3.065145379450806558e+03
3.109451139840319684e+03
3.153015385374953439e+03
3.259357059229570496e+03
3.357149611646728772e+03
3.442855341303507885e+03
3.524705587474996719e+03
3.606857397388449499e+03
3.677066679918395948e+03
3.724939289336132788e+03
3.765018837334468117e+03
3.797771246098223855e+03
3.827367912921802144e+03
3.156832181660462993e+03
3.201915459427474616e+03
3.310891676637628279e+03
3.409357628023129564e+03
3.502495311192322333e+03
3.590014833645530871e+03
3.672712342308016105e+03
3.737385143399659682e+03
3.786808885215757527e+03
3.834607049524802278e+03
3.872763339602949145e+03
3.917921211757828587e+03
3.249213760146218192e+03
3.360945175146286601e+03
3.462819126475400481e+03
3.559484602723523494e+03
3.653487672085663689e+03
3.736405565968681458e+03
3.803437638709632665e+03
3.860051890801423724e+03
3.916221835955321694e+03
3.967765657401735552e+03
4.013070485240570633e+03
3.482053377687692318e+03
3.593771698232244034e+03
3.701230423509869070e+03
3.797820135059021140e+03
3.883194808205566005e+03
3.964556430612235545e+03
4.045885444722040120e+03
4.109352009810608251e+03
4.167064876838921919e+03
4.201480381426663371e+03
3.716986950659662398e+03
3.829789948057925812e+03
3.933584054673175615e+03
4.031777203699287838e+03
4.128273896919117760e+03
4.210203953660179650e+03
4.283071807283909038e+03
4.327740687194646853e+03
4.380868195467169244e+03
3.953785321899124028e+03
4.067237464572142017e+03
4.174962810307419204e+03
4.274276396118557386e+03
4.363647182763778801e+03
4.437346509375361165e+03
4.508670683137345804e+03
4.576238702638527684e+03
4.191957245521240111e+03
4.307956873452071704e+03
4.413790342577549382e+03
4.508682809228829683e+03
4.599348855140535306e+03
4.684882952211486554e+03
4.778341521639020357e+03
4.431874397078801849e+03
4.545807060914396970e+03
4.652626092972986044e+03
4.753769265435988018e+03
4.853474815118115657e+03
4.941156418014540577e+03
4.672423881398290177e+03
4.787725791634657071e+03
4.898031045815275320e+03
5.001304308115733875e+03
5.091049420697257119e+03
4.913978942901554547e+03
5.031280347702429026e+03
5.138457016811484209e+03
5.232142624278641051e+03
5.156735860428473643e+03
5.271097347525843361e+03
5.379650737427933564e+03
5.399514880808266753e+03
5.515540502835609914e+03
5.643133376956966458e+03
