7.105688367129135941e+02
7.952110187110187098e+02
8.701094629156010569e+02
9.412548028311425696e+02
1.004303455182774201e+03
1.123871655104063393e+03
1.234313086419753063e+03
1.344874937965260642e+03
1.449699450823764437e+03
1.548715434891905488e+03
1.650203853955375280e+03
1.754118009235505497e+03
1.850930980799169674e+03
1.962239073196419213e+03
2.068669333333333270e+03
2.171543149946062385e+03
2.283575724439584519e+03
2.391383037694013183e+03
2.495559169938306241e+03
2.614514236902050015e+03
2.884267605633802759e+03
3.171643203883495062e+03
3.474681532663316375e+03
3.781813350615683703e+03
4.100501676727029007e+03
4.418274999999999636e+03
4.746644906743184947e+03
5.050774169741697733e+03
5.392815267175572444e+03
5.742860079051383764e+03
6.412637656903765674e+03
7.156261798753339463e+03
7.913105113636363967e+03
8.680953815261043928e+03
9.511094882729210440e+03
1.022154008908686046e+04
1.107839458186101365e+04
1.200672319201995015e+04
1.283974901960784337e+04
1.367267302452316108e+04
8.735022924095771941e+02
9.470980885311871589e+02
1.009663021868787268e+03
1.070542322834645574e+03
1.185880392156862854e+03
1.289870496592015570e+03
1.397258349705304454e+03
1.493205708661417248e+03
1.596304369414101302e+03
1.697085384229030751e+03
1.796802030456852890e+03
1.893601742696053407e+03
2.002336108220603592e+03
2.105582631578947257e+03
2.201649281532730129e+03
2.309416306695464300e+03
2.416929392446633756e+03
2.524351441241685279e+03
2.637948790095666936e+03
2.922591041303083330e+03
3.198773902585688575e+03
3.502207218419414858e+03
3.794995507060333694e+03
4.113987350199733555e+03
4.429238324175824346e+03
4.739301136363636033e+03
5.059620512820512886e+03
5.401799696509863679e+03
5.746933281004709897e+03
6.436372189841798900e+03
7.123510150044130569e+03
7.894906954887218490e+03
8.617685884691849424e+03
9.426675078864353054e+03
1.021641731409544991e+04
1.110893301997649905e+04
1.193841995073891667e+04
1.280108819714656238e+04
1.349051147098515503e+04
1.010656930693069285e+03
1.073450759431651250e+03
1.130154408183146643e+03
1.238650701499758043e+03
1.344690406976744271e+03
1.443974745021855369e+03
1.540764907135874864e+03
1.640069985214391409e+03
1.741177877428998499e+03
1.832405935613682004e+03
1.941511995916283922e+03
2.038165378670788186e+03
2.140226917057902938e+03
2.245136747624076179e+03
2.346794652406417299e+03
2.447596861471861303e+03
2.567871145374449497e+03
2.681592075892857338e+03
2.952059434506636080e+03
3.238469497607655285e+03
3.525479038224414126e+03
3.806227099236641152e+03
4.136995379537954250e+03
4.422034670292317969e+03
4.749200562983814052e+03
5.081600000000000364e+03
5.387347076461768665e+03
5.750253302253302536e+03
6.416044591246903110e+03
7.132500000000000000e+03
7.892607276119402741e+03
8.646114965312190179e+03
9.291988601036269756e+03
1.021934917127071822e+04
1.093826998841251407e+04
1.183352618757612618e+04
1.274119562419562499e+04
1.360355465587044455e+04
1.130185651963160353e+03
1.187934751087481800e+03
1.294506717850287941e+03
1.391340527577937564e+03
1.492378495660559338e+03
1.589151236063984470e+03
1.685894814090019509e+03
1.785868811881188094e+03
1.876182951146560299e+03
1.981772382397572073e+03
2.084537909836065410e+03
2.182226258432797295e+03
2.282038865546218403e+03
2.388389451251997798e+03
2.483585483870967892e+03
2.602001095290252124e+03
2.715999445061043389e+03
2.973382285714285899e+03
3.256914251921939467e+03
3.540135613927916893e+03
3.850810246679317061e+03
4.129857049608354828e+03
4.429717362045760638e+03
4.771728291316526338e+03
5.065757029560201772e+03
5.421114264376400570e+03
5.738021538461538512e+03
6.447613673805601138e+03
7.122497386759581786e+03
7.880423398328690382e+03
8.633027559055117308e+03
9.418663201663201107e+03
1.016564945054945019e+04
1.099995138888888869e+04
1.184899390243902417e+04
1.264524968152866313e+04
1.358964112903225760e+04
1.241053110047846985e+03
1.347136645962732928e+03
1.443724582338902110e+03
1.539806142034548884e+03
1.634490830115830022e+03
1.737488519785051267e+03
1.825619704433497645e+03
1.930750374438342533e+03
2.024258308157099691e+03
2.122291390728476927e+03
2.223803608247422744e+03
2.325027690700104358e+03
2.423527763088312895e+03
2.537154218162278539e+03
2.643854812398042213e+03
2.744398786541643858e+03
3.017968072976054827e+03
3.293156065959952684e+03
3.572311246200607911e+03
3.877530599369085394e+03
4.167773584905660755e+03
4.470565480188045512e+03
4.790832985386221480e+03
5.086546236559140198e+03
5.438848327137546221e+03
5.751406441717791495e+03
6.431697882736156316e+03
7.152747176368375222e+03
7.856723756906077142e+03
8.588765107212475414e+03
9.392105263157895024e+03
1.017216157205240233e+04
1.095169115958668226e+04
1.182089818181818191e+04
1.260308607594936620e+04
1.356869559412550007e+04
1.452171009000473759e+03
1.543822748815165824e+03
1.639075309818875212e+03
1.733314299424184355e+03
1.824733753637245400e+03
1.923921078431372507e+03
2.014728754940711497e+03
2.109234265734265591e+03
2.211538461538461434e+03
2.307915983606557347e+03
2.401969430051813561e+03
2.512254736842105103e+03
2.619741333333333387e+03
2.715818378378378384e+03
2.822503829321663034e+03
3.084360906515580609e+03
3.355770128354725784e+03
3.647075060532687530e+03
3.946026365348399395e+03
4.234107950872657057e+03
4.523915163660654798e+03
4.823986896551724385e+03
5.157325214899713501e+03
5.458005899705014599e+03
5.798858555133079790e+03
6.475112916328188476e+03
7.167867241379310144e+03
7.907125803489439932e+03
8.638298347910593293e+03
9.378904810644831741e+03
1.019009021739130367e+04
1.092507525655644167e+04
1.174663995215310933e+04
1.264400000000000000e+04
1.346020871862615604e+04
1.648865184484389829e+03
1.742757849666983930e+03
1.826412158927716519e+03
1.921957971014492841e+03
2.010414111922141046e+03
2.102738317757009554e+03
2.196762543467461455e+03
2.300969696969696997e+03
2.391478815722307445e+03
2.491427906976743998e+03
2.601106505771248521e+03
2.695975531914893509e+03
2.801742057081313760e+03
2.902648117839607039e+03
3.157848143982002057e+03
3.426450900639163137e+03
3.726974683544303844e+03
4.000202618453865398e+03
4.276598460551635981e+03
4.590986675549633219e+03
4.883072902338376480e+03
5.205460227272727025e+03
5.518092375366569286e+03
5.831113464447806109e+03
6.509251008878127323e+03
7.206771477663230144e+03
7.911256153144940981e+03
8.662793804453049233e+03
9.386952040816326189e+03
1.014757311827956983e+04
1.095521129943502820e+04
1.176538690476190459e+04
1.251458478802992431e+04
1.334816927083333394e+04
1.835239791073124479e+03
1.928896122546673041e+03
2.014683526011560616e+03
2.103214494163424206e+03
2.200857283464566990e+03
2.292786852589641512e+03
2.381251132360342126e+03
2.483758039816232667e+03
2.585614270941054656e+03
2.681110178384050414e+03
2.777013241525423837e+03
2.880519075765717389e+03
2.973386956521739194e+03
3.233905109489051029e+03
3.514983159117305604e+03
3.796986762936221567e+03
4.071215661901802378e+03
4.380824742268041518e+03
4.663732712765957331e+03
4.950629198080877359e+03
5.280533096085408943e+03
5.576025641025640653e+03
5.920029567854435300e+03
6.551129109863672966e+03
7.208797446808510358e+03
7.954202543142597278e+03
8.660657389635316576e+03
9.399401215805472020e+03
1.015374438502673729e+04
1.100954586636466593e+04
1.171948578199052099e+04
1.252465841584158443e+04
1.336799609882964978e+04
2.030586372360844507e+03
2.112050724637681014e+03
2.202941033138401508e+03
2.297674901185770977e+03
2.383210578842315499e+03
2.477963654719838360e+03
2.581434715821812460e+03
2.670210990150336784e+03
2.772413648293963433e+03
2.868873538788522637e+03
2.967365840517241395e+03
3.070587206123565011e+03
3.335627749576988208e+03
3.587625217896571939e+03
3.865225090036014535e+03
4.144170398009950077e+03
4.440043786220218863e+03
4.743639387890884791e+03
5.016346127484578574e+03
5.352725657427149599e+03
5.661887665198238210e+03
5.967109682299545966e+03
6.623165861513687560e+03
7.308991460290350005e+03
7.994605263157895024e+03
8.669115789473684345e+03
9.456723123732252134e+03
1.016107264957265033e+04
1.097803811659192797e+04
1.178893846153846243e+04
1.262676089663760831e+04
1.339613932291666606e+04
2.215055771096023363e+03
2.301523039215686367e+03
2.385481188118812042e+03
2.481674686716792166e+03
2.580558659217876993e+03
2.668517737789203238e+03
2.765614144565782681e+03
2.867422995780590554e+03
2.960429487179487296e+03
3.056386363636363512e+03
3.159095238095238074e+03
3.419519796380090611e+03
3.688363370392042270e+03
3.962985489721886552e+03
4.246317727840199950e+03
4.527158812136862252e+03
4.799065202927478822e+03
5.117660468319559186e+03
5.424857448325017685e+03
5.705033625730994572e+03
6.071954441913439950e+03
6.699206924315620199e+03
7.383419880034275593e+03
8.043261538461538294e+03
8.784516283524904793e+03
9.555324847250509265e+03
1.021483936170212837e+04
1.101947303370786540e+04
1.178053294117647056e+04
1.265241955445544590e+04
1.343367963683527887e+04
2.395767373090191995e+03
2.488737288135593190e+03
2.581934947049924176e+03
2.667510714285714130e+03
2.762798245614035295e+03
2.860255096706743188e+03
2.948473294553146388e+03
3.050034371643394024e+03
3.153111413043478478e+03
3.249102578167854972e+03
3.518474373576309972e+03
3.782692760447322144e+03
4.047537250151423450e+03
4.325174921630094104e+03
4.591175177763412648e+03
4.885285140562248671e+03
5.185373443983402467e+03
5.505465763195435102e+03
5.781838945827233147e+03
6.102292959878879628e+03
6.778746365105008408e+03
7.453845227858985709e+03
8.139365122615803557e+03
8.809232091690544621e+03
9.536376767676767486e+03
1.032660235798499525e+04
1.111487950450450444e+04
1.188723349056603729e+04
1.268757496902106504e+04
1.349407272727272721e+04
2.591018081366147726e+03
2.671792491121258081e+03
2.766966632443532035e+03
2.863240249609984403e+03
2.948772870662460718e+03
3.054815409309791448e+03
3.143306199460916559e+03
3.240173652694610610e+03
3.337150110375275744e+03
3.612941714285714170e+03
3.858665683962264211e+03
4.119152912621359064e+03
4.400665827564505889e+03
4.678747238466537056e+03
4.993379959650302226e+03
5.293154273801251293e+03
5.574070050035739769e+03
5.905824314306893939e+03
6.194248858447488601e+03
6.847879352226720584e+03
7.514272570937231649e+03
8.231133333333333212e+03
8.921649951783992947e+03
9.644877032520325884e+03
1.042396359743040739e+04
1.113716498316498291e+04
1.198429369797859727e+04
1.275693804213135081e+04
1.352132036316472113e+04
2.775406138107417064e+03
2.864659772492243974e+03
2.950489016736401481e+03
3.051107921318447552e+03
3.145214170692431708e+03
3.248488864747419939e+03
3.337281318681318680e+03
3.446497216035634665e+03
3.697533640023001681e+03
3.959429590017825376e+03
4.222528151774786238e+03
4.503207726409119459e+03
4.770371819960861103e+03
5.086729491525423327e+03
5.371534217877095216e+03
5.666670740474478407e+03
5.963140532544378402e+03
6.289649350649350708e+03
6.931571080422420891e+03
7.606385677308024242e+03
8.273820419325433249e+03
8.976010587102982754e+03
9.695058943089430613e+03
1.053618230852211491e+04
1.117920945945946005e+04
1.195403176470588187e+04
1.276085148514851426e+04
1.364004172099087373e+04
2.961539144050104369e+03
3.052292592592592428e+03
3.147034740780331504e+03
3.249548404542996195e+03
3.337218271334792007e+03
3.446952856350526872e+03
3.534928771733034409e+03
3.794941483198146216e+03
4.036815035799522775e+03
4.316487654320987531e+03
4.617416506717850098e+03
4.856580708661417702e+03
5.179054458815520775e+03
5.463447017543860056e+03
5.751416184971098119e+03
6.049302377414561306e+03
6.389712413261372603e+03
7.008641171684295841e+03
7.652354058721934052e+03
8.314434306569342880e+03
9.101901846452867176e+03
9.729718940936863874e+03
1.052122032085561477e+04
1.131902265005662593e+04
1.210662500000000000e+04
1.278005816831683114e+04
1.368876178010471267e+04
3.153876865671642008e+03
3.248771259418729642e+03
3.344429039301310240e+03
3.435775330396475965e+03
3.532501954215521891e+03
3.632957555178268194e+03
3.880006993006993071e+03
4.160642943305187146e+03
4.399888406695597951e+03
4.685607969151670659e+03
4.986245182724252118e+03
5.244527967257844466e+03
5.540347183098591813e+03
5.866485443959242730e+03
6.152609902475618583e+03
6.475793663060278050e+03
7.086829108748977887e+03
7.774317667536988665e+03
8.425661482159195657e+03
9.113395551257253828e+03
9.895274127310061886e+03
1.062440496760259157e+04
1.137604643261608180e+04
1.215384004739336524e+04
1.283490976514215072e+04
1.375010574412532696e+04
3.346187601957585684e+03
3.443537658053875930e+03
3.541851645287228166e+03
3.635262979683972844e+03
3.737245283018868122e+03
3.987975294117647081e+03
4.244901032179720460e+03
4.498478696741854947e+03
4.776557355800388905e+03
5.045000000000000000e+03
5.345889423076922867e+03
5.656818763326225962e+03
5.945710102489018936e+03
6.237636500754148074e+03
6.564094090202177540e+03
7.197274380165289585e+03
7.852554489973845193e+03
8.531734562211981029e+03
9.223949416342413315e+03
9.980472652218782969e+03
1.066288912809472640e+04
1.147734846765039765e+04
1.215250414201183412e+04
1.300466042446941356e+04
1.381827129750982931e+04
3.545204671857619360e+03
3.639484797297297519e+03
3.745166761850371131e+03
3.836349682631275300e+03
4.085744213649851645e+03
4.322754278728606550e+03
4.602431372549019216e+03
4.875995445673389440e+03
5.183844129554656320e+03
5.446362439362439545e+03
5.750637275985663109e+03
6.039803834808260035e+03
6.344901215805471111e+03
6.665229623824451664e+03
7.289687707641195630e+03
7.990370697263901093e+03
8.664858208955223745e+03
9.325892262487757762e+03
1.012919937694704095e+04
1.078644793926247257e+04
1.160337543053961053e+04
1.225674584323040290e+04
1.307318648310388016e+04
1.402103937007874083e+04
3.746749430523917908e+03
3.839133563615429011e+03
3.930347093023255638e+03
4.195129729729729661e+03
4.448911509900990495e+03
4.713004467134652259e+03
4.986815303430079439e+03
5.270222297756627995e+03
5.537395673412421274e+03
5.837774820143885336e+03
6.159403273809523853e+03
6.474762490392005930e+03
6.745315499606608682e+03
7.402772575250835871e+03
8.035887125220458984e+03
8.704540465116278938e+03
9.403484282907662418e+03
1.016181742738589128e+04
1.088874726477024160e+04
1.157743750000000000e+04
1.234460215053763386e+04
1.321909205548549835e+04
1.403164116094986821e+04
3.937060975609756042e+03
4.032423529411764775e+03
4.285239709443098945e+03
4.553728294815739901e+03
4.800609254498715018e+03
5.095719414893616886e+03
5.375622344071281987e+03
5.647770965468639588e+03
5.948064586357038934e+03
6.243700374531835223e+03
6.578452012383901092e+03
6.866121428571428623e+03
7.495898904802022116e+03
8.106066430469441912e+03
8.853247879359094441e+03
9.498027750247769291e+03
1.023721265560165921e+04
1.098460416666666606e+04
1.172587571921749077e+04
1.244324519230769147e+04
1.324448040455120099e+04
1.408976052631578932e+04
4.158892857142856883e+03
4.386844036697248157e+03
4.655608475648324202e+03
4.923022771633050979e+03
5.176678690714762524e+03
5.461311939268461174e+03
5.779815395580898439e+03
6.055975036710719905e+03
6.361858761329304798e+03
6.640583268783888343e+03
6.957992811501597316e+03
7.612403225806451701e+03
8.249154602323502331e+03
8.916652830188679218e+03
9.608255467196819154e+03
1.036095798319327696e+04
1.099065065502183461e+04
1.183038780207134550e+04
1.254163811821471609e+04
1.340397204574332864e+04
1.407574703557312205e+04
4.666305362776025504e+03
4.919889896373057127e+03
5.174389886892880895e+03
5.448791352093342539e+03
5.750676803394625495e+03
6.002048621190130689e+03
6.312420029895366497e+03
6.609111538461538657e+03
6.927746031746031804e+03
7.221207008964955094e+03
7.877735064935064656e+03
8.500226363636364113e+03
9.185851247600767238e+03
9.943408722109534210e+03
1.065855957446808497e+04
1.132767522321428623e+04
1.212602934272300445e+04
1.285290342298288488e+04
1.372849290322580600e+04
1.449099865771812074e+04
5.183068393094289604e+03
5.444164730006835271e+03
5.734076652601968817e+03
6.005505430847211755e+03
6.308772727272727025e+03
6.597932567049808313e+03
6.907682464454976071e+03
7.186519838056679873e+03
7.518192147034252230e+03
8.141301671064204129e+03
8.758652495378928506e+03
9.441640350877192759e+03
1.019121030927835091e+04
1.081974141630901249e+04
1.158260742407199177e+04
1.235742399049881169e+04
1.309185749690210650e+04
1.380238967741935448e+04
1.469254274084124881e+04
5.734429172510518583e+03
6.017577424023154890e+03
6.309681784386617437e+03
6.561327756653992765e+03
6.882172034564022397e+03
7.147090836012861473e+03
7.493418952618453659e+03
7.805700598802394779e+03
8.405477130044842852e+03
9.046000942507069340e+03
9.804807385229540159e+03
1.044744849115504621e+04
1.108680370774263974e+04
1.197434837962962956e+04
1.267192178098676231e+04
1.335293859649122896e+04
1.431662516556291303e+04
1.494215089163237280e+04
6.319940564635958253e+03
6.565291571753986318e+03
6.868105633802816556e+03
7.150306024096385954e+03
7.468655086848635619e+03
7.783599659284497648e+03
8.056086805555555657e+03
8.715988990825688234e+03
9.351818882466281138e+03
1.010009174311926654e+04
1.078024226254002133e+04
1.150841517857142935e+04
1.217901754385964887e+04
1.286990267639902595e+04
1.365980612244897929e+04
1.438307427055702829e+04
1.538440616246498575e+04
6.876271305707584361e+03
7.150183640737770475e+03
7.469100743187448643e+03
7.755784745762712191e+03
8.059681699913269767e+03
8.381749330954504330e+03
8.994439252336449499e+03
9.718902270483711618e+03
1.035892687950566506e+04
1.097433405172413768e+04
1.177023295454545405e+04
1.255701071428571413e+04
1.324066004962779152e+04
1.408793098958333394e+04
1.473346891891891937e+04
1.560680818053596704e+04
7.475897689768977216e+03
7.774831212892281656e+03
8.063293760831888903e+03
8.370261565836299269e+03
8.666256596906277991e+03
9.284250000000000000e+03
9.990093561368208611e+03
1.070742222222222154e+04
1.138380926130099215e+04
1.200910829493087476e+04
1.280747279322853683e+04
1.348519496855345824e+04
1.423511140235910898e+04
1.512180055020632790e+04
1.587131857142857189e+04
8.060335640138408053e+03
8.366303730017762064e+03
8.677189262966332535e+03
8.960199628597956689e+03
9.643549364613880243e+03
1.034461396303901347e+04
1.089857905982906050e+04
1.171438757062146942e+04
1.245538561320754707e+04
1.311344907975460046e+04
1.399083591731266097e+04
1.464596241610738252e+04
1.540652294853963758e+04
1.612294614264919983e+04
8.649063405797101950e+03
8.947218518518518977e+03
9.284668886774499697e+03
9.982009027081243403e+03
1.066813052631579012e+04
1.134856641053787098e+04
1.196520068807339521e+04
1.266926642771804109e+04
1.346762609786700159e+04
1.418128422425032659e+04
1.497009659863945490e+04
1.577340709219858218e+04
1.656058259587020802e+04
9.280722697056029574e+03
9.627194741966894071e+03
1.033156908904810734e+04
1.087983173588924365e+04
1.164639281705948451e+04
1.236953918128654914e+04
1.303584409257003608e+04
1.383126785714285688e+04
1.454041544607190372e+04
1.529679034482758652e+04
1.608768505079825809e+04
1.687352615844544198e+04
9.963329670329670989e+03
1.061766422594142205e+04
1.132260175054704632e+04
1.191516761687571307e+04
1.267348090692124060e+04
1.346622681704260685e+04
1.412888975356679657e+04
1.496444429347826008e+04
1.563376264044943855e+04
1.648424780058650867e+04
1.736938939393939290e+04
1.128843681917211325e+04
1.193019020501138948e+04
1.267839094159713932e+04
1.338512686567164201e+04
1.405880283505154694e+04
1.491913396481732161e+04
1.558604055944056017e+04
1.648136310395314649e+04
1.733359969788519811e+04
1.804406583072100329e+04
1.265261638954869341e+04
1.332207911001236062e+04
1.402785109114249099e+04
1.489602159244264476e+04
1.562739215686274474e+04
1.641081222707423512e+04
1.729784638554216872e+04
1.802048982785602493e+04
1.880349594813614385e+04
1.409032818532818601e+04
1.487572139973082085e+04
1.562645454545454595e+04
1.638364876632801133e+04
1.718403437967114951e+04
1.791711197511664068e+04
1.869644444444444525e+04
1.960703523489932923e+04
1.560919107391910802e+04
1.638091014492753675e+04
1.711997023809523671e+04
1.790119875776397384e+04
1.864960513643659579e+04
1.953093322203672869e+04
2.021732418524871537e+04
1.713167708333333212e+04
1.793852410575427712e+04
1.869467363344051410e+04
1.952215333333333183e+04
2.020684246575342331e+04
2.102030619469026715e+04
1.868241573033707755e+04
1.957914524207011709e+04
2.029854639175257762e+04
2.103835752212389343e+04
2.192124954128440368e+04
2.035617039586919054e+04
2.112863587921847284e+04
2.190368498168498263e+04
2.288613498098859418e+04
2.192978388278388229e+04
2.281850378787878799e+04
2.368901757812500000e+04
2.356677281553397916e+04
2.429022244488977958e+04
2.537318801652892580e+04
