1.794818467268031782e+03
1.812982103590878296e+03
1.830984922301328652e+03
1.849291455740607262e+03
1.867612820673624583e+03
1.902492092716729985e+03
1.939486886796457838e+03
1.973199128794874696e+03
2.005122451786215606e+03
2.041999528603940917e+03
2.072996490668260321e+03
2.112280097885116447e+03
2.136970936518749113e+03
2.164519333015854954e+03
2.194817355028292241e+03
2.230028430737657800e+03
2.252971136843226304e+03
2.271702234460980435e+03
2.296354928510787431e+03
2.322745040812947082e+03
2.361528158880902538e+03
2.407758301726047193e+03
2.437743328921672855e+03
2.465750442528578787e+03
2.494696124282515484e+03
2.528402231036045123e+03
2.557980918193302386e+03
2.569568000484438471e+03
2.573841005211914762e+03
2.579839298626439813e+03
2.628298281982876233e+03
2.664321980243481903e+03
2.663671618022680832e+03
2.673683365612398575e+03
2.723309396670409114e+03
2.781940130853001392e+03
2.841014579050812699e+03
2.854587515071468260e+03
2.871529483787505796e+03
2.861748462312333686e+03
1.831382020767981658e+03
1.850108596787204760e+03
1.868552602517293735e+03
1.886616274169688722e+03
1.923249932760170395e+03
1.959496609133459970e+03
1.993474139484891793e+03
2.030480306539885305e+03
2.064845767701685872e+03
2.102836472107307600e+03
2.129168715635198623e+03
2.159479796591250306e+03
2.191053418378960487e+03
2.222343899022151618e+03
2.248555411038561488e+03
2.274706574124977124e+03
2.301434543258360918e+03
2.329358976994717978e+03
2.346719262703818913e+03
2.401910599687003014e+03
2.441333645763312234e+03
2.469656360092719751e+03
2.504103966464585028e+03
2.544246778840806655e+03
2.579378567368303720e+03
2.594353227793955284e+03
2.583571608027936236e+03
2.588797907003340697e+03
2.616175502233877978e+03
2.681231108403999315e+03
2.676071838950282654e+03
2.707388656403661116e+03
2.760127802670013807e+03
2.811153232099882189e+03
2.859703360680160131e+03
2.886419827915720361e+03
2.885659027637882900e+03
2.885219813169239842e+03
2.827629711396086805e+03
1.868925168661389534e+03
1.887528033782708917e+03
1.906270451033690733e+03
1.944051573585786855e+03
1.979739824974029489e+03
2.016613578139146512e+03
2.052168306916894380e+03
2.088636977525724433e+03
2.120081322842722329e+03
2.152881583227944702e+03
2.184739920482408252e+03
2.217721564619496803e+03
2.246707325854086321e+03
2.272398433005894276e+03
2.303958875006686412e+03
2.333762031539642521e+03
2.356231870637265729e+03
2.379629243108788160e+03
2.436837650222726097e+03
2.466572253739078860e+03
2.513308962776325188e+03
2.563246168015741659e+03
2.593112058892272671e+03
2.582145243626298907e+03
2.585976430165157126e+03
2.609205164740535565e+03
2.668483110127984673e+03
2.691148756623354075e+03
2.700361721623515223e+03
2.706373439379085994e+03
2.774302913075826837e+03
2.815388596095885532e+03
2.895686809431623260e+03
2.907216485340917188e+03
2.906884828825257500e+03
2.843193679245106523e+03
2.859977716044252702e+03
2.866955986431168640e+03
1.906730883210057527e+03
1.925967687866718961e+03
1.963586729413498688e+03
2.001343239102622647e+03
2.038366968428344990e+03
2.074094266730408890e+03
2.108489744723683543e+03
2.142691975224411635e+03
2.179766988760998629e+03
2.211790118477244960e+03
2.241149905986597332e+03
2.270658144700081266e+03
2.306197752668674184e+03
2.334573603328912213e+03
2.359425960748928901e+03
2.390117514567954004e+03
2.417204016047445293e+03
2.451734882666979956e+03
2.503329395100999591e+03
2.566022714951482158e+03
2.596946255415766700e+03
2.585380725041621190e+03
2.602993438904986760e+03
2.635123156641751848e+03
2.685558781939399978e+03
2.716214195203631334e+03
2.711587990117538084e+03
2.724633762898466102e+03
2.799797795185853829e+03
2.867223570691139230e+03
2.931825234401319904e+03
2.930273375494595257e+03
2.870776040631829801e+03
2.860991670125262772e+03
2.865900111642935371e+03
2.916747856639705333e+03
2.925404535162258071e+03
1.945370426703887460e+03
1.983699052908823887e+03
2.022161970582672893e+03
2.059053876167649378e+03
2.095233438645527713e+03
2.131868168665216217e+03
2.169617790908645475e+03
2.203357342861045254e+03
2.235670097396956407e+03
2.265592075121229755e+03
2.299852106566834209e+03
2.331536147743973743e+03
2.360476334422854507e+03
2.395771453320014189e+03
2.423115857988772404e+03
2.437391972938070012e+03
2.485769965877560480e+03
2.553589599828428618e+03
2.597781111032189528e+03
2.604641984225360375e+03
2.622279370203037615e+03
2.663494950336912098e+03
2.723822765590899508e+03
2.721582858888256851e+03
2.727515546390478903e+03
2.733528438169556011e+03
2.806256592952863684e+03
2.886137657977555591e+03
2.945147254578754200e+03
2.928751539651102121e+03
2.901835523886462397e+03
2.899458004127189270e+03
2.915433831611053847e+03
2.936262281944976621e+03
2.983383166058736606e+03
3.021488684576664582e+03
2.023903803297386503e+03
2.063200268897407113e+03
2.101806971276553213e+03
2.140734894060286479e+03
2.179972111563474755e+03
2.214636960139973326e+03
2.249886223864710246e+03
2.283191261347970340e+03
2.320297938756659278e+03
2.355312479182446168e+03
2.388544239030767130e+03
2.415960125155645073e+03
2.435325147199765979e+03
2.460884296480391185e+03
2.493844765894661577e+03
2.573777909524486404e+03
2.615540163522719013e+03
2.643249190620927038e+03
2.687766803425472972e+03
2.745334534816990526e+03
2.754272980218257999e+03
2.765660847600547186e+03
2.787121775989762227e+03
2.824981117585848551e+03
2.872992054112755795e+03
2.948651265042882187e+03
2.968990090998982396e+03
2.949447253008370808e+03
2.948012501385535415e+03
2.979690285347071949e+03
3.038912990589562014e+03
3.033916798002775977e+03
3.081059877134601265e+03
3.058637188466398584e+03
3.051923751322142380e+03
2.104008430437353127e+03
2.144518399891527679e+03
2.184397601085080169e+03
2.222601689909252855e+03
2.260192412033605251e+03
2.298041418160582907e+03
2.336721329408848305e+03
2.371813549270130352e+03
2.403224458133078770e+03
2.433291083080693170e+03
2.464454461077418273e+03
2.499820214938669778e+03
2.536234762502336707e+03
2.566667545636186333e+03
2.622597246160021768e+03
2.680341766406812894e+03
2.741028886135649373e+03
2.780664963793425159e+03
2.797309860824675980e+03
2.825814978558344137e+03
2.866231751143874590e+03
2.900655714791831087e+03
2.943467790545073512e+03
2.963028053053224085e+03
2.982069011559960927e+03
2.988879416628569288e+03
3.016243788416768439e+03
3.053508362897483494e+03
3.090767519325632747e+03
3.114283504930192066e+03
3.135765213658388348e+03
3.134235478357864849e+03
3.108554666412176175e+03
3.171232712947294658e+03
2.186045989725942491e+03
2.226884448888416500e+03
2.267188362836001943e+03
2.307195857278715266e+03
2.346122765395425176e+03
2.382983945505504380e+03
2.418710688778978238e+03
2.454174518634926244e+03
2.491776542858461653e+03
2.528074624026442507e+03
2.559416971047797233e+03
2.587853125270770761e+03
2.616347971337129366e+03
2.689623136712623364e+03
2.757741076075950787e+03
2.808124910519296918e+03
2.839664262087465886e+03
2.881751555642577387e+03
2.923719945104445742e+03
2.955631657411520791e+03
2.994015374823524780e+03
3.008152918193626192e+03
3.021557178165982350e+03
3.050176093679951464e+03
3.078003145947328903e+03
3.119205083804378773e+03
3.159732501720186519e+03
3.181783322063993182e+03
3.189037271632120792e+03
3.189761806509300641e+03
3.212506100444138610e+03
3.243651208641267203e+03
3.236293420086650258e+03
2.269484768515602354e+03
2.311239746155517423e+03
2.352098594813328873e+03
2.391692774156378164e+03
2.430554413401308011e+03
2.469544310982410479e+03
2.508572399815853259e+03
2.544796760994508531e+03
2.577861954664011137e+03
2.609709350742805782e+03
2.643324448964659950e+03
2.676633166472476205e+03
2.756185110545098723e+03
2.818314580649734125e+03
2.872111868642694844e+03
2.925238078218959345e+03
2.970682097393399545e+03
3.003453350791606226e+03
3.032211616015068103e+03
3.056215205765157407e+03
3.082387434519992439e+03
3.093676707813686789e+03
3.134469032889613118e+03
3.163072816013596366e+03
3.220260105698172538e+03
3.244284128313726796e+03
3.244403623418455936e+03
3.279379769372223109e+03
3.310590496347053431e+03
3.311816361018985845e+03
3.343111217251768721e+03
3.339953110909286806e+03
2.354095776098714850e+03
2.396209843792028551e+03
2.437709436867431123e+03
2.478596477197729200e+03
2.518640462823409507e+03
2.557166703869862886e+03
2.593398484690508667e+03
2.629310580780087093e+03
2.665456172959406558e+03
2.701276467863602193e+03
2.736539561060232700e+03
2.811568568186443827e+03
2.878062178157078051e+03
2.944525860344312150e+03
3.004594247934208397e+03
3.045144396624128603e+03
3.076914520834549876e+03
3.103782535147622639e+03
3.133890322605085657e+03
3.159721927202666848e+03
3.186393293290821020e+03
3.222010587667647542e+03
3.261246754331816646e+03
3.299227107681965663e+03
3.344206516630523311e+03
3.357022831263603166e+03
3.386566263236904433e+03
3.399984668686961413e+03
3.395654180461945998e+03
3.431113982030441548e+03
3.434299132456315874e+03
2.439986962568346371e+03
2.482892157396835955e+03
2.524793348492865334e+03
2.565656881646854345e+03
2.604820478486562934e+03
2.643637976257216451e+03
2.682405081680296007e+03
2.720573013354806790e+03
2.757495862099051919e+03
2.791223593190795782e+03
2.869679074604867765e+03
2.945126324062112417e+03
3.016373437511150769e+03
3.076006373423266723e+03
3.120688048292166059e+03
3.150424605366779360e+03
3.186918303170856234e+03
3.215875659451251977e+03
3.235896755893273166e+03
3.264263640420057982e+03
3.310282855750360341e+03
3.350332276619761160e+03
3.393414715363800951e+03
3.427117839551495763e+03
3.441683591130626155e+03
3.486761222561890463e+03
3.476474861640248946e+03
3.484577254317936877e+03
3.489290053898838323e+03
3.503914659821710757e+03
2.526950257139251789e+03
2.570048766144367164e+03
2.612044952857214867e+03
2.653392267400064156e+03
2.694392350716573674e+03
2.734765566755079362e+03
2.772426756187351202e+03
2.809754312264883083e+03
2.844684761578764210e+03
2.929837215293691315e+03
3.011558447741704640e+03
3.079454388547634608e+03
3.140800267426004666e+03
3.191957289426540228e+03
3.231056762202710161e+03
3.265728431053444183e+03
3.293295380433175069e+03
3.328347036727647719e+03
3.358148353366304946e+03
3.401715123885586308e+03
3.445644782012982432e+03
3.492715466226004992e+03
3.511083982593827386e+03
3.546192055571754281e+03
3.544001972342097815e+03
3.537010458222880970e+03
3.578268774461273097e+03
3.574443212627076718e+03
3.593044077528397338e+03
2.614593815934560098e+03
2.658346447776048990e+03
2.701348366958533006e+03
2.743427621655592702e+03
2.783946053174763165e+03
2.823147941059988625e+03
2.861234043299013138e+03
2.898172740113307100e+03
2.988725592277064607e+03
3.071291444271957062e+03
3.144214523730371639e+03
3.207257256641067670e+03
3.265611620177314762e+03
3.312869304038609698e+03
3.348899148031700861e+03
3.385453311758225937e+03
3.418268146100851482e+03
3.441271517053758089e+03
3.498737157971291253e+03
3.538052389845652215e+03
3.560740073824976662e+03
3.603676824968682467e+03
3.610301508248249320e+03
3.623627443304882945e+03
3.666908325395713291e+03
3.659103763755070304e+03
3.685125261026367752e+03
3.714542265494084859e+03
2.703491022905280261e+03
2.747628141708167277e+03
2.790463476313575029e+03
2.832471446519601614e+03
2.873095297596495129e+03
2.913064328943395594e+03
2.952900075722734073e+03
3.045427631827662481e+03
3.131408521936945363e+03
3.207108934142743692e+03
3.277535631273427498e+03
3.338313797990728744e+03
3.390106731968816348e+03
3.429841731829453693e+03
3.466902406085908751e+03
3.503405134920553792e+03
3.530088573703146267e+03
3.571906272828477540e+03
3.614988024137921911e+03
3.639677145468305753e+03
3.675448781154905646e+03
3.682028200615372953e+03
3.726945088996909362e+03
3.769084850664939950e+03
3.762170496355558043e+03
3.759642832820070907e+03
3.805974193735655717e+03
2.792835170354229831e+03
2.837134970882960260e+03
2.880329565949781681e+03
2.922919395379124580e+03
2.964832368552302796e+03
3.005102776456849824e+03
3.100542428629793903e+03
3.188281396610705997e+03
3.270513383571248596e+03
3.344821978125034093e+03
3.408142755247199602e+03
3.464618183106563720e+03
3.510740582969012394e+03
3.548857082684283796e+03
3.578992582594432406e+03
3.611420832986408641e+03
3.653512307181571032e+03
3.708262935707261022e+03
3.728973438835590514e+03
3.767454407703240122e+03
3.778576620935513802e+03
3.815779984835986852e+03
3.842126533873779863e+03
3.870467147492089225e+03
3.857518940730974464e+03
3.876824071022907901e+03
2.882847754184750556e+03
2.927628223736485779e+03
2.971501942528749169e+03
3.014487166175059428e+03
3.056292520391510152e+03
3.154498763156621862e+03
3.246694269643453026e+03
3.332639744188161330e+03
3.409851132256339042e+03
3.478531799914804651e+03
3.539024010932023884e+03
3.585852801734553850e+03
3.628129602239934229e+03
3.660551866704567601e+03
3.690178094385972145e+03
3.738892613201888707e+03
3.786336913706473752e+03
3.812516528973340883e+03
3.844748398306568106e+03
3.889399804085945107e+03
3.900877434814061871e+03
3.939215065374082769e+03
3.974994014335477459e+03
3.953637923680779750e+03
4.000170933404875086e+03
2.973813791682441661e+03
3.018889286127980540e+03
3.063041813563860160e+03
3.105909131058240291e+03
3.207575323725315684e+03
3.303852434405774602e+03
3.392762425873915163e+03
3.472208758898393171e+03
3.546129751005677917e+03
3.609368118258475533e+03
3.663879388143812321e+03
3.704348908772578852e+03
3.738032800975254759e+03
3.770177871135574151e+03
3.834445804553459766e+03
3.865816710400379634e+03
3.912028340358883725e+03
3.936571918778887266e+03
3.977897964590022184e+03
3.990690794584776086e+03
4.017692613221795909e+03
4.105444195301056425e+03
4.123922672369436441e+03
4.132261640063375125e+03
3.065161632515177189e+03
3.110322628665909633e+03
3.154438367732194365e+03
3.260599809343162633e+03
3.359718790737274048e+03
3.451310529015929660e+03
3.533813802503254465e+03
3.611445215690277564e+03
3.676300651040694902e+03
3.734388680165715414e+03
3.781621900879996247e+03
3.821087017875931906e+03
3.850406021726263134e+03
3.910680831123880580e+03
3.961333765903755648e+03
3.976027222136659020e+03
4.020810058333124744e+03
4.054466830398469028e+03
4.103428170331048022e+03
4.159196908788940164e+03
4.196554748213776293e+03
4.182437271755317852e+03
4.225326239144868850e+03
3.156825504749288939e+03
3.202341631627376955e+03
3.311568282477925095e+03
3.413925732040451294e+03
3.509498191251932894e+03
3.594916204497567833e+03
3.674756521434398564e+03
3.745564291885464627e+03
3.808421222898334236e+03
3.859509906650997891e+03
3.896850743180786139e+03
3.934277126477435104e+03
3.993491667220116597e+03
4.033509597472359474e+03
4.083421395365877743e+03
4.118770929252716996e+03
4.165899125142389494e+03
4.187213784574920282e+03
4.222183439888818612e+03
4.314057140776250890e+03
4.325867277252733402e+03
4.335851739940583684e+03
3.249203182244147229e+03
3.361861876947654764e+03
3.467037254428056713e+03
3.564302333115266720e+03
3.656066267337565932e+03
3.738642075867089261e+03
3.813620184042956680e+03
3.880013174293973861e+03
3.934239130878824199e+03
3.981884560907129980e+03
4.018528319961252237e+03
4.075841051356052958e+03
4.117333793141509886e+03
4.162442917169872089e+03
4.210852279509058462e+03
4.261309920158731984e+03
4.329264793361965530e+03
4.376105769286994473e+03
4.395220938030177422e+03
4.374273681993199716e+03
4.416513773111425508e+03
3.482028602520785171e+03
3.595073929002982823e+03
3.702039464523823426e+03
3.801293371018064136e+03
3.892942389225206625e+03
3.975610414695034251e+03
4.053585435044978567e+03
4.116079860932260999e+03
4.173084230808896791e+03
4.219361809158795950e+03
4.283818485940502796e+03
4.347861967302465928e+03
4.405945411914090982e+03
4.463272499652775878e+03
4.524014143949314530e+03
4.561605042526331999e+03
4.571319874122561487e+03
4.598031000211006358e+03
4.618585154574263470e+03
4.597964738309273343e+03
3.716981430511613326e+03
3.831450300398562376e+03
3.938646665620142358e+03
4.037870021256184373e+03
4.130425310105606513e+03
4.213312243243920420e+03
4.289990190792876092e+03
4.351540032653868366e+03
4.412003219658722628e+03
4.502512365803839202e+03
4.581676129596212377e+03
4.655925110903400309e+03
4.705020330938041297e+03
4.727657202379032242e+03
4.745611327156278094e+03
4.779836689903339902e+03
4.774911121844598711e+03
4.811478477601933264e+03
4.830352323131861340e+03
3.953805330371549189e+03
4.068844582424631426e+03
4.176718132172205515e+03
4.276339329645912585e+03
4.369994132716131389e+03
4.454559084987069582e+03
4.530985370666854578e+03
4.596845209137603888e+03
4.714709216827941418e+03
4.800535511043000042e+03
4.859340120942575595e+03
4.897029630786444613e+03
4.934452115531275012e+03
4.976904559097071797e+03
4.976674714344433596e+03
5.018870954885743231e+03
5.061247558974627282e+03
5.109016463375562125e+03
4.192003432762195189e+03
4.308247931175752456e+03
4.417121328858902416e+03
4.517465343773754284e+03
4.610595256784574303e+03
4.695343223661173397e+03
4.777701875852924786e+03
4.913364817493994451e+03
4.999284893693050435e+03
5.059755070912501651e+03
5.101599937043871250e+03
5.140963554677871798e+03
5.183849997295234971e+03
5.239033141915923807e+03
5.271699265070452384e+03
5.324420332093764046e+03
5.370838363072400170e+03
4.431884801665019040e+03
4.548215637461848019e+03
4.657086880345240388e+03
4.758235678409294451e+03
4.853407335465859433e+03
4.940136706402157870e+03
5.087612958795279155e+03
5.197927813565775978e+03
5.264050800077034182e+03
5.326204801201731243e+03
5.379262875135223112e+03
5.430294811942804699e+03
5.479380220421093327e+03
5.544486042720282057e+03
5.507579356192524756e+03
5.530539505061228738e+03
4.672400057595143153e+03
4.789030308590853565e+03
4.898966842301078032e+03
5.000652556101545088e+03
5.096844479211966245e+03
5.261426498964550774e+03
5.385027821080953800e+03
5.470460436435149859e+03
5.548050671800269811e+03
5.604263100646986459e+03
5.663417926959969009e+03
5.679902941870053837e+03
5.707065368959718398e+03
5.728609796817365350e+03
5.722563048659678316e+03
4.913980199256506239e+03
5.031371300563234399e+03
5.141549617321591541e+03
5.241800528407798083e+03
5.426323756609034717e+03
5.568395094217399674e+03
5.682852750826152260e+03
5.757903888199726680e+03
5.824365686939585430e+03
5.864838739542466101e+03
5.910151546523811703e+03
5.886293318217924934e+03
5.903168313478482560e+03
5.916951832354494400e+03
5.156700743647367744e+03
5.273683259572718271e+03
5.384846196057727866e+03
5.580070655760730006e+03
5.747855303224614545e+03
5.883929751640934228e+03
5.964873395186995367e+03
6.031126017391219648e+03
6.054316999147052229e+03
6.112857450573316783e+03
6.102088660823910686e+03
6.136084470787071041e+03
6.161493975762645277e+03
5.399612019157682880e+03
5.517636435571898801e+03
5.729452894000019114e+03
5.911458021300401924e+03
6.065614077332276793e+03
6.170915284017222803e+03
6.245770604078298675e+03
6.305497980406726128e+03
6.298434216150208158e+03
6.353774848458413544e+03
6.362262313934256781e+03
6.429234093227751146e+03
5.643139758160944439e+03
5.872798634042211233e+03
6.071901808874625203e+03
6.237521142273987607e+03
6.366096983771360101e+03
6.438971753814888871e+03
6.489486939194115621e+03
6.517120977227563344e+03
6.585533113605686594e+03
6.622266311063547619e+03
6.667761570550476790e+03
6.132620496343382001e+03
6.360613045218701700e+03
6.558283936093425837e+03
6.722125476320770758e+03
6.846912495823038626e+03
6.914595146725218001e+03
6.995470065297854489e+03
7.054180805002760280e+03
7.111759447697112591e+03
7.151777965530895017e+03
6.622726152065276437e+03
6.854220657830570417e+03
7.051519481720038129e+03
7.211631613551881856e+03
7.347757440367140589e+03
7.435763298774759278e+03
7.518368556202468426e+03
7.568214586676056570e+03
7.592623405217035724e+03
7.114603454818857244e+03
7.346579593961363571e+03
7.548587001283496647e+03
7.712805582808159670e+03
7.862806052373147395e+03
7.929858957059225759e+03
7.975069747706117596e+03
8.031475121623508130e+03
7.608194466400534111e+03
7.839461546057731539e+03
8.050090546044919392e+03
8.201458874898411523e+03
8.331872765739997703e+03
8.419847116522663782e+03
8.477756017769444952e+03
8.101411731152634275e+03
8.332447522166770796e+03
8.530425255482752618e+03
8.691981073860868491e+03
8.813342530028670808e+03
8.905834717649986487e+03
8.595690320421175784e+03
8.823738016119281383e+03
9.024764087444118559e+03
9.186662712551402365e+03
9.341111140004468325e+03
9.091586915609070275e+03
9.325733285687409079e+03
9.539149942216236013e+03
9.675830867335536823e+03
9.588136480733262943e+03
9.812761196396524610e+03
1.001956534037679739e+04
1.008401377313511875e+04
1.032420755634035231e+04
1.057912735940996390e+04
