7.092423596304192870e+02
7.961651630811936684e+02
8.714719618203511118e+02
9.419356252106505281e+02
1.008595627503337823e+03
1.131221563786008119e+03
1.247483248896878649e+03
1.361664926590538244e+03
1.473453788373612042e+03
1.582571662571662500e+03
1.693395816175259370e+03
1.801629396151294031e+03
1.911611483093404786e+03
2.023260480054090522e+03
2.135180683760683678e+03
2.245542393369020829e+03
2.357084965034965080e+03
2.466908850026497021e+03
2.581416219119226753e+03
2.698707259528130635e+03
2.983621019108280052e+03
3.280760372237301453e+03
3.729001672240802691e+03
4.217811564625850224e+03
4.661306315025405638e+03
5.110740025740025885e+03
5.539537625645205480e+03
5.991651749856569040e+03
6.442229003021147946e+03
6.911909119796631785e+03
8.743662306777645199e+02
9.454626340482574278e+02
1.011500414250207086e+03
1.072981779382797185e+03
1.192379697413372469e+03
1.301032081251007639e+03
1.412274427603998674e+03
1.521243736867625557e+03
1.627155180801037886e+03
1.736702548186867034e+03
1.845344912742838233e+03
1.948707179572210180e+03
2.059887156270959167e+03
2.165713608666215350e+03
2.276221537407978303e+03
2.386478245796498413e+03
2.497289875416739960e+03
2.612687366548042519e+03
2.723659524666906691e+03
3.008662511627906952e+03
3.299811705814401193e+03
3.740602779506326442e+03
4.228337834796308925e+03
4.674241105769230671e+03
5.124419033000767740e+03
5.559980790043289744e+03
6.012545584452700496e+03
6.448115015015015160e+03
6.914293430195830297e+03
1.011670963477111172e+03
1.073231976459048610e+03
1.132862197695179248e+03
1.245637620578778069e+03
1.354993113388853317e+03
1.462080825864276676e+03
1.566670942912123110e+03
1.671731809401159126e+03
1.778522310563037536e+03
1.881575722921091256e+03
1.991917450883275478e+03
2.096433522159280074e+03
2.205584835720303090e+03
2.310804973599046207e+03
2.422099172128320333e+03
2.526220460090623874e+03
2.645171919263455948e+03
2.752399820948970500e+03
3.035328023708093951e+03
3.331676064441887320e+03
3.765921297252633849e+03
4.243412304250558918e+03
4.703973854641400976e+03
5.131128400711924769e+03
5.570359257265877204e+03
6.012250425894378168e+03
6.443471816283924454e+03
6.904862209667294337e+03
1.133061102106969201e+03
1.190333011116481430e+03
1.298560874421573317e+03
1.402127619047618964e+03
1.509239140811455854e+03
1.613380306415576115e+03
1.716984442662389711e+03
1.822139764097592433e+03
1.922590923877683736e+03
2.028870872350911668e+03
2.135490117920611283e+03
2.239967292854746574e+03
2.347552555612158358e+03
2.455493984187005935e+03
2.559875955524669735e+03
2.679423375706214756e+03
2.784314887540164364e+03
3.065449898505259171e+03
3.353909438288116235e+03
3.789906957595718268e+03
4.272534255746485542e+03
4.711220766849250140e+03
5.146956191440871407e+03
5.613416150740242301e+03
6.037624929178470666e+03
6.481633760811213506e+03
6.959714555171330176e+03
1.243781899584266057e+03
1.350027464676932823e+03
1.454355819477434579e+03
1.556089987325728771e+03
1.657349849134508531e+03
1.762357817250760036e+03
1.862571888584768885e+03
1.970160487804878130e+03
2.070824918032787082e+03
2.176069913850231842e+03
2.277861924686192651e+03
2.387930315361139492e+03
2.490485606579848991e+03
2.601801945795691609e+03
2.707644815465729152e+03
2.820033155080213874e+03
3.095217863720073638e+03
3.379928380952380849e+03
3.824861785273550140e+03
4.310645679839250079e+03
4.752010727056019277e+03
5.183776372375411484e+03
5.636131543624161168e+03
6.058391292055413942e+03
6.513445040214477558e+03
6.939970018738288672e+03
1.451771148989899075e+03
1.550339842519685135e+03
1.650595140422846271e+03
1.749016790749247548e+03
1.847868387507966872e+03
1.950402440982816870e+03
2.049113143412107547e+03
2.152185609157808813e+03
2.253179279576999306e+03
2.356340237180557779e+03
2.458546867083262896e+03
2.566574362485024722e+03
2.673592201039861266e+03
2.780601299157303401e+03
2.890083437110834438e+03
3.168928150331613779e+03
3.442785469760365231e+03
3.889978225143796408e+03
4.383777182406786778e+03
4.827026956106869875e+03
5.256444556962025672e+03
5.705533422818792133e+03
6.130579988694177700e+03
6.600817557479845163e+03
7.027444340212632596e+03
1.648634645669291331e+03
1.745607768829938323e+03
1.839207950585999470e+03
1.937461844830332893e+03
2.034877508428319061e+03
2.135780353379802364e+03
2.231802844531633127e+03
2.337181893412777299e+03
2.437067402575681626e+03
2.542160907859078634e+03
2.643093664383561645e+03
2.751094775212636705e+03
2.854808921671935423e+03
2.966291058069112751e+03
3.238013812154696097e+03
3.507866755369701423e+03
3.961896381578947512e+03
4.458754303599373998e+03
4.892930088284419071e+03
5.349939486397151995e+03
5.779093766792047063e+03
6.220921985815602966e+03
6.677119282511211168e+03
7.121515855572998589e+03
1.836879051383399201e+03
1.933578579373907587e+03
2.026096820578367215e+03
2.124999194068343058e+03
2.220385015439622748e+03
2.321321833415475794e+03
2.415901077050538333e+03
2.521585222502098986e+03
2.622858016304347984e+03
2.721594919327154003e+03
2.827496957050947458e+03
2.933720197217819987e+03
3.037062243624041457e+03
3.306580062649714364e+03
3.587457546269795785e+03
4.041402806438299649e+03
4.540247980251346235e+03
4.989277591170824962e+03
5.441065900383141525e+03
5.874688732774925484e+03
6.321794126033647444e+03
6.758092709270927116e+03
7.222260252365930683e+03
2.026026353617633049e+03
2.121426801801801957e+03
2.213035945595855083e+03
2.310719470328592251e+03
2.406141065830720891e+03
2.505111407605069871e+03
2.607037630779615029e+03
2.703896863279918307e+03
2.808555344500086449e+03
2.910379147747118623e+03
3.016529401346085706e+03
3.120491306685786185e+03
3.388378543635352798e+03
3.658565907786493426e+03
4.122350808122669150e+03
4.636653637596023145e+03
5.088245953128775000e+03
5.533998973042362195e+03
5.982241838955385901e+03
6.435317045127910205e+03
6.882900453857791035e+03
7.324267766497461707e+03
2.211590357547322583e+03
2.306333170174579664e+03
2.398593487913172339e+03
2.497241522606383114e+03
2.594912678421494547e+03
2.693030045832626001e+03
2.792876888736263936e+03
2.899138110975821746e+03
2.997083230688017011e+03
3.101541065383930345e+03
3.204352209197475077e+03
3.469749441132637912e+03
3.743394067796610216e+03
4.215098538622129126e+03
4.742449054023250937e+03
5.207103734439833715e+03
5.645577351645503768e+03
6.094245132986015960e+03
6.552715197215777152e+03
6.997547531992687254e+03
7.461886217948717785e+03
2.397819003781029096e+03
2.491673797678275150e+03
2.585163432586149156e+03
2.683750169147496763e+03
2.778685685001708407e+03
2.884090500086520024e+03
2.982422693048502879e+03
3.082706392774924552e+03
3.187560279870828708e+03
3.284490843155031598e+03
3.558902159624413343e+03
3.827634302325581302e+03
4.309844486531986149e+03
4.839184657785944182e+03
5.311947821806546926e+03
5.759679038159958509e+03
6.221389304516486845e+03
6.682836358313817072e+03
7.131785340314136192e+03
7.586243129647591559e+03
2.585248912679825935e+03
2.678932466655411190e+03
2.773953103683492373e+03
2.875140244954286572e+03
2.972461082024432926e+03
3.072518093556928306e+03
3.170877030162413121e+03
3.268867893881970758e+03
3.374979882955376524e+03
3.643552741020793746e+03
3.907548713951675836e+03
4.393681414055884488e+03
4.955839953542392323e+03
5.421045183714001723e+03
5.885482822410148401e+03
6.371479201798762915e+03
6.817372705743043298e+03
7.277782418952618173e+03
7.748418277104487061e+03
2.771594649855171156e+03
2.872613753877973068e+03
2.965663938707992202e+03
3.063918309859154760e+03
3.163290242165242034e+03
3.262799315438659505e+03
3.362459548104956411e+03
3.472679600886917797e+03
3.730181333333333441e+03
3.999654080629301916e+03
4.499617886178862136e+03
5.057497423887587502e+03
5.540988953050464261e+03
6.027565916398713853e+03
6.499854747015349858e+03
6.962369193886725043e+03
7.413733228346456599e+03
7.913697110594486730e+03
2.965787567473445961e+03
3.060086704185719100e+03
3.156923049582370822e+03
3.256852005035065758e+03
3.354986909090909194e+03
3.465451595058085786e+03
3.563184004474273024e+03
3.823342176086120617e+03
4.081939441915693806e+03
4.607981613670776824e+03
5.189947980997624654e+03
5.667242570485141187e+03
6.159172133369476796e+03
6.660433929601846103e+03
7.117436341537526459e+03
7.570862156987875096e+03
8.073647494113690300e+03
3.157296836118023293e+03
3.250940944175193181e+03
3.348762613430127203e+03
3.451223140495867938e+03
3.547770744384629779e+03
3.648817396205147361e+03
3.912761969373909778e+03
4.188200561009817648e+03
4.713030806204938017e+03
5.312181621361558427e+03
5.834929847268961566e+03
6.310267198679141075e+03
6.795918319719953615e+03
7.271396859605911231e+03
7.775251789199739505e+03
8.267940533151058844e+03
3.350538042491374654e+03
3.448567627087539222e+03
3.549615341753343273e+03
3.646623732632369411e+03
3.747755175688509098e+03
4.008543461237274641e+03
4.275658324924318549e+03
4.815433708360908895e+03
5.452505247742250504e+03
5.970214210802307207e+03
6.486593837535014245e+03
6.980509512485136838e+03
7.469172944130571523e+03
7.951325297225891518e+03
8.444858778625954074e+03
3.546322508814251250e+03
3.644547757553011706e+03
3.747632858499525355e+03
3.849689721421709692e+03
4.105508702531645213e+03
4.367668024439918554e+03
4.949175666591978370e+03
5.572024938271604697e+03
6.143832442544094192e+03
6.647612866495872368e+03
7.170631738340399352e+03
7.665346547314577947e+03
8.149496134453781451e+03
8.658738961497703713e+03
3.744724805465932604e+03
3.842086864813039483e+03
3.944750242577139488e+03
4.205834633073385703e+03
4.468624819921794369e+03
5.068542338251986621e+03
5.739506925207756467e+03
6.283978602383532234e+03
6.832633410672853643e+03
7.353038508934072524e+03
7.868805148256760731e+03
8.376338820301783926e+03
8.864185770750988013e+03
3.941658716307931172e+03
4.039521457965902300e+03
4.309820056611402833e+03
4.572091382181515655e+03
5.189718850574712633e+03
5.899470271655561191e+03
6.479185441461389019e+03
7.035843555555555213e+03
7.558092994030788759e+03
8.072141055426484854e+03
8.610660014005601624e+03
9.102085075174183658e+03
4.148151677585864491e+03
4.406535743464051848e+03
4.668513558965734774e+03
5.332055880289923152e+03
6.072178160919540460e+03
6.682171007927519895e+03
7.259464220739841949e+03
7.797147409076279473e+03
8.324468569486918568e+03
8.844552020021452336e+03
9.374208036049567454e+03
4.662118202813352582e+03
4.921821867586802000e+03
5.708176714669270041e+03
6.610037006121313425e+03
7.296126551619739985e+03
7.872597675169518880e+03
8.456297427101200810e+03
9.031577495462794104e+03
9.592306457776079696e+03
1.014702884615384573e+04
5.187745180589407937e+03
6.320375198307773644e+03
7.445782622044826894e+03
8.208155622489959569e+03
8.848437500000000000e+03
9.462849791903139703e+03
1.007061157684630780e+04
1.069915649978965121e+04
1.129502426113806723e+04
9.187779539448849391e+03
9.797667064914376169e+03
1.043018807724601174e+04
1.103595950704225288e+04
1.164932980193459298e+04
1.234528135593220395e+04
1.296293383838383852e+04
1.358027363445378069e+04
1.043618395632087413e+04
1.107425033112582787e+04
1.175282164421737070e+04
1.237383939835031561e+04
1.306473804679552450e+04
1.370505349576271146e+04
1.440254258849557482e+04
1.172205465493283918e+04
1.242417924987822698e+04
1.309041518084564450e+04
1.376933563829787272e+04
1.442524031007751910e+04
1.515257225433526037e+04
1.309925382262996936e+04
1.379432569296375186e+04
1.449249721913236863e+04
1.528157517482517505e+04
1.594568258766626423e+04
1.450837917594654755e+04
1.528391841491841478e+04
1.600751577669902872e+04
1.675980973451327372e+04
1.599888538508186866e+04
1.676123072060682534e+04
1.754265371955233786e+04
1.752168704799473926e+04
1.833158316221765926e+04
1.907921631205673839e+04
