4.860707122608079771e+03
4.641361293670010127e+03
4.475679707433237127e+03
4.337810779046340031e+03
4.225394040286332711e+03
4.035712689020381276e+03
3.884423999999999978e+03
3.759928478331704355e+03
3.653892676561735243e+03
3.563170759659462874e+03
3.486946075197889058e+03
3.412182677949228491e+03
3.348197489539748858e+03
3.289237193575655056e+03
3.237797537619699142e+03
3.187112629757785271e+03
3.138520377820535032e+03
3.087036067892503524e+03
3.049794835007173788e+03
3.007916061046511459e+03
2.905676415448068838e+03
2.817265928515928408e+03
2.848197693920335496e+03
2.915412139122528060e+03
2.952954832442933366e+03
2.989721447028423881e+03
3.011574508733624498e+03
3.040550778995960627e+03
3.065756904400606800e+03
3.089641967422548532e+03
3.133969856291622818e+03
3.189457296055151346e+03
3.227930174563591208e+03
3.291761476147614758e+03
3.376559009227780280e+03
3.463207165109034122e+03
3.533585555555555402e+03
3.655668646080760027e+03
3.733677215189873550e+03
3.853677613941018990e+03
4.453152516522623046e+03
4.303609747955266357e+03
4.185988097206150087e+03
4.082145645399376917e+03
3.910400681596884169e+03
3.762710649266956807e+03
3.651767520541324302e+03
3.556302423263327910e+03
3.468587806064536835e+03
3.394279138099901957e+03
3.326229351760447571e+03
3.264110502737680235e+03
3.209840684219352624e+03
3.158232073232751191e+03
3.107118594687232417e+03
3.065067522999479479e+03
3.017443313443313400e+03
2.981681923419412215e+03
2.938738189686260284e+03
2.845343406080954992e+03
2.755298939247830276e+03
2.783042601828761235e+03
2.851103541619670523e+03
2.891770214820178808e+03
2.924561858316221787e+03
2.956172329437346889e+03
2.987503595053206936e+03
3.003386843693421724e+03
3.027879961892664141e+03
3.077123387940048815e+03
3.138166730255627499e+03
3.174140553947912395e+03
3.215624833110814507e+03
3.298356971729755514e+03
3.404385567010309387e+03
3.481898286346047371e+03
3.561728933411903199e+03
3.654684441656210765e+03
3.745293023255813750e+03
4.172106512778235810e+03
4.059517798824297643e+03
3.960771710952689773e+03
3.803627469879518230e+03
3.672616344154805574e+03
3.562468595173405902e+03
3.472131954465287890e+03
3.392558690744921023e+03
3.320527989615447041e+03
3.252993790849673132e+03
3.197952262966633498e+03
3.143061384487072701e+03
3.094043368207897402e+03
3.043925515595704837e+03
3.000537890557569426e+03
2.955139465875371116e+03
2.922963829787233863e+03
2.879514618834080920e+03
2.789927829313543498e+03
2.701150874495483549e+03
2.734070037297969520e+03
2.797528407814956154e+03
2.843460890493381612e+03
2.871480847803881716e+03
2.897350621285791476e+03
2.924479600570613457e+03
2.945556688662267334e+03
2.974615336068160104e+03
3.030347372084928793e+03
3.081732699619771665e+03
3.113339490968801329e+03
3.199789450156459679e+03
3.257080498322951826e+03
3.351588265568708266e+03
3.432831503841931863e+03
3.522597674418604583e+03
3.642975609756097583e+03
3.684220316622691371e+03
3.953156447176832444e+03
3.863856293200450182e+03
3.712909119897959044e+03
3.584331746787244356e+03
3.489166507633587571e+03
3.402395211492418184e+03
3.322117845117845263e+03
3.252861478850500589e+03
3.191495686146833577e+03
3.134359185014788181e+03
3.086892934330839580e+03
3.034043317662860773e+03
2.991791602923678511e+03
2.945923513234788516e+03
2.901738699582753725e+03
2.873420512820512613e+03
2.827387459807073810e+03
2.740246762856085752e+03
2.654245120551090622e+03
2.689970855725506226e+03
2.752178619453160081e+03
2.786747486835806740e+03
2.825895366598777855e+03
2.857190810810810945e+03
2.881912510686805490e+03
2.907177264547090545e+03
2.935080594184576512e+03
2.987427332639611450e+03
3.028177870090634315e+03
3.069666530278232585e+03
3.134881701373504711e+03
3.205674318507890803e+03
3.308514826175869075e+03
3.369693530701754298e+03
3.459678154205607370e+03
3.584390547263681583e+03
3.693031084656084658e+03
3.776846350423254989e+03
3.634314888219438672e+03
3.517505930729084412e+03
3.423135319283790068e+03
3.337432819208141154e+03
3.267041133162611914e+03
3.198616784793814531e+03
3.141711682395053685e+03
3.084427211554242604e+03
3.035295220710255762e+03
2.983624518506112963e+03
2.942218187987784404e+03
2.899737854077253360e+03
2.862271619975639624e+03
2.819244632171770718e+03
2.784132203389830465e+03
2.698618054273583311e+03
2.613337726838586605e+03
2.645148247422680470e+03
2.716445864156018615e+03
2.750302058401148770e+03
2.777941819105691138e+03
2.811551752021563516e+03
2.840033238636363421e+03
2.863934092270820656e+03
2.888783113622096607e+03
2.940330107155202313e+03
2.985621601208459197e+03
3.038692339205243570e+03
3.090939700704225288e+03
3.172667462971810892e+03
3.269990811638590912e+03
3.325493726132024221e+03
3.460622365339578664e+03
3.563812109862671605e+03
3.559026955950032971e+03
3.505839905362775880e+03
3.399084737753977151e+03
3.309230465666929831e+03
3.228877554253128437e+03
3.159876494023904343e+03
3.099725241157556411e+03
3.040509721322099722e+03
2.991292499181133280e+03
2.941823383495948292e+03
2.894057152406417117e+03
2.853728810691930448e+03
2.815587489288774577e+03
2.776127017178552705e+03
2.738910911966262574e+03
2.705451434681875071e+03
2.624447416974169755e+03
2.540671434019832304e+03
2.572406385169927944e+03
2.643611883408071662e+03
2.681013416387158486e+03
2.713102035623409847e+03
2.744088211491772199e+03
2.763399091683224469e+03
2.798591291291291327e+03
2.816765261170547546e+03
2.872831720801658776e+03
2.927860974688326223e+03
2.958896721311475631e+03
3.034301284891448631e+03
3.081692197906755609e+03
3.198225971370143270e+03
3.300335706462212329e+03
3.400179338363319857e+03
3.482040791100123442e+03
3.553437172774868941e+03
3.300774452669711991e+03
3.215550591949487170e+03
3.139389637141498952e+03
3.071428411989796132e+03
3.013531822565091716e+03
2.962632792207792136e+03
2.908445262641138925e+03
2.865407186620301218e+03
2.823152596314907896e+03
2.784822561492790555e+03
2.743142906158861024e+03
2.706113620569840350e+03
2.668924173117522969e+03
2.637038379150303626e+03
2.555479416651282918e+03
2.473881365630364144e+03
2.508727141382868922e+03
2.576624551166965830e+03
2.617879884919683718e+03
2.651042889966811344e+03
2.678460291734197654e+03
2.708698516828294487e+03
2.733157847263980784e+03
2.761661086544535465e+03
2.807856349757113094e+03
2.852726963746223646e+03
2.896676350245499179e+03
2.977293752769162438e+03
3.058713534194165277e+03
3.130187500000000000e+03
3.219155276107162535e+03
3.287955942028985646e+03
3.422645717806531138e+03
3.486024183006536077e+03
3.133552760639139251e+03
3.062082525043726946e+03
2.998097728726807418e+03
2.943674681297402003e+03
2.891181315104166515e+03
2.843261712970573626e+03
2.795466976435446213e+03
2.760203027754415416e+03
2.718499574757611754e+03
2.675620381508850187e+03
2.643282551856370901e+03
2.605868337451464868e+03
2.570828392857142717e+03
2.490878972653362780e+03
2.415996555023923520e+03
2.452020915303375659e+03
2.520626435487502931e+03
2.559628702143028931e+03
2.599813559322034052e+03
2.629167526472983809e+03
2.654880952380952294e+03
2.686605493510413453e+03
2.711659885568976279e+03
2.760315697876783815e+03
2.803508538899430732e+03
2.846041254125412706e+03
2.919413440142412128e+03
2.995276952563488067e+03
3.098199484536082309e+03
3.187748765770707450e+03
3.267544023323614965e+03
3.363752014879107264e+03
3.499425000000000182e+03
2.996082494004795990e+03
2.936036381197681749e+03
2.879010538261997226e+03
2.828062806673209252e+03
2.782852941176470722e+03
2.740527731373204006e+03
2.700040899104275923e+03
2.656945715261181249e+03
2.625753896778663147e+03
2.584141456582633054e+03
2.552601879765915783e+03
2.517734147655829020e+03
2.442529838259899407e+03
2.359893151736044729e+03
2.397293555093554914e+03
2.475282179341657411e+03
2.513993936454038248e+03
2.545260701392470310e+03
2.581320383036935709e+03
2.612598727956056791e+03
2.639130474452554608e+03
2.664330670926517541e+03
2.713323746054016283e+03
2.758753910721098691e+03
2.806886996260905562e+03
2.880278703286807740e+03
2.980765700483091678e+03
3.036469440164355547e+03
3.117668490153173025e+03
3.270321365509123098e+03
3.317519999999999982e+03
3.427614023591087971e+03
2.876333549327717265e+03
2.821003589492576339e+03
2.773320158102766982e+03
2.732307512910211699e+03
2.686300369996636618e+03
2.644596702923181510e+03
2.610146694214875879e+03
2.573823160097663276e+03
2.537556946403385155e+03
2.502052302749018054e+03
2.469230518893509270e+03
2.390704519985057686e+03
2.315069511488704393e+03
2.353398617511520570e+03
2.430836118104829438e+03
2.473515441176470631e+03
2.509545430877375566e+03
2.535060622761091054e+03
2.576337514585764438e+03
2.592551639595464167e+03
2.626366333440825656e+03
2.674676928520877482e+03
2.734002316602316569e+03
2.776107351712614673e+03
2.855248868778280666e+03
2.955996590355577155e+03
3.002524624157594644e+03
3.118373540856031013e+03
3.234471843509187693e+03
3.303060815047022061e+03
3.428864395457581850e+03
2.771480250164581776e+03
2.725719461525677161e+03
2.675714525046071230e+03
2.635351626016260070e+03
2.596167323171775934e+03
2.559980572419774489e+03
2.526831285112359637e+03
2.486236963462220501e+03
2.456030570041359624e+03
2.421149508912331839e+03
2.347881234707321710e+03
2.270488914819136426e+03
2.311035895270270430e+03
2.389946226632817798e+03
2.434579025476131392e+03
2.466224060940372965e+03
2.500683667781494023e+03
2.531471731448763421e+03
2.563093614383136810e+03
2.591535481770833485e+03
2.653498925501432495e+03
2.701224960876369551e+03
2.747601859678782603e+03
2.823484903934126123e+03
2.908933040078201429e+03
2.977991136600625850e+03
3.095586883408071571e+03
3.172364123957091579e+03
3.305995549904640939e+03
3.422068013468013305e+03
2.675180737018425589e+03
2.631618741542625230e+03
2.591722687638912703e+03
2.551566217150760622e+03
2.518503062117235459e+03
2.478718528995756515e+03
2.443037560364872206e+03
2.409965604634322972e+03
2.380010458715596542e+03
2.304390859093495237e+03
2.224116370037160323e+03
2.268217687074829882e+03
2.354855542590431924e+03
2.394974275724275685e+03
2.434134538686519591e+03
2.474766534765404231e+03
2.502641430700447017e+03
2.533183129507682679e+03
2.559975617792421872e+03
2.614107091172214041e+03
2.663156299212598242e+03
2.717348160821214606e+03
2.797927583025830245e+03
2.863636769078295401e+03
2.980165778251599022e+03
3.054763143018654773e+03
3.180844296922148260e+03
3.238043395022335517e+03
3.361868830290737151e+03
2.589061998292057979e+03
2.548970984455958387e+03
2.511540568836154307e+03
2.472212799717912731e+03
2.436747948626471498e+03
2.405791109504878932e+03
2.371963613091973002e+03
2.341298424467099267e+03
2.264243785850860604e+03
2.188552309514409899e+03
2.230522103004291694e+03
2.313469757590021345e+03
2.358973272818961050e+03
2.406513338722716071e+03
2.446814751286449336e+03
2.472689707214005466e+03
2.502171319796954322e+03
2.538357834948212712e+03
2.588293147673140538e+03
2.633768370607028828e+03
2.688302768166090118e+03
2.755599906846763133e+03
2.866646793587174216e+03
2.954103965702036476e+03
3.065631639063392413e+03
3.170836285888820839e+03
3.277336998706338818e+03
3.385815321477428370e+03
2.510540554683411756e+03
2.471070119802678164e+03
2.432159693786718890e+03
2.401531926406926232e+03
2.366043954039759228e+03
2.336719015908250185e+03
2.303559962581852233e+03
2.224531623602005311e+03
2.145293404847040165e+03
2.197730785931393712e+03
2.284840372226199179e+03
2.329034755941732783e+03
2.373026444929116678e+03
2.419606324340005813e+03
2.448581395348837304e+03
2.476154712126085542e+03
2.513543176430748190e+03
2.568291976225854341e+03
2.613683124241197675e+03
2.665234443470639690e+03
2.757896780303030482e+03
2.829182415361293806e+03
2.922713592233009877e+03
3.045935034802784230e+03
3.101692782233189519e+03
3.267373202614378897e+03
3.326458304617505291e+03
2.432780448717948730e+03
2.397273136478213928e+03
2.361012738853503379e+03
2.327475497420781267e+03
2.294318241103037053e+03
2.261264506405425891e+03
2.187951722795405658e+03
2.115002613065326841e+03
2.160944078947368325e+03
2.258329224075417187e+03
2.311423777315296775e+03
2.352239268900581465e+03
2.384581695511880298e+03
2.418819702602230336e+03
2.464566983295119371e+03
2.489144184445973679e+03
2.549051600753295588e+03
2.599263826300696564e+03
2.633303460514640847e+03
2.732299952084331380e+03
2.822129314786192481e+03
2.916125068870523592e+03
3.040820482636845099e+03
3.128991228070175566e+03
3.244047524752475056e+03
3.351424772568229400e+03
2.361491445212959661e+03
2.325884020618556860e+03
2.295306244175209486e+03
2.259700489457831281e+03
2.226488194973343525e+03
2.150816538990375193e+03
2.075726738293127710e+03
2.127013741134751854e+03
2.229276987242394625e+03
2.281246705324196228e+03
2.329100563380281528e+03
2.373173887063041548e+03
2.410319747235387240e+03
2.446349533954727121e+03
2.479833449965010459e+03
2.526348641408342701e+03
2.592960300877559348e+03
2.629840867992766562e+03
2.739190661478599395e+03
2.811812434691745239e+03
2.924631019036954058e+03
3.038930622009569561e+03
3.202013392857142662e+03
3.264772177419354648e+03
3.400858463726884565e+03
2.292314780342516769e+03
2.259298324863542348e+03
2.227459047619047396e+03
2.195875819514076284e+03
2.118346902303415391e+03
2.041357537328697163e+03
2.102990090090090234e+03
2.198199999999999818e+03
2.266924482665950109e+03
2.312341162990547218e+03
2.362921927416895414e+03
2.394933440514469567e+03
2.430015566835871596e+03
2.459109569548203581e+03
2.524491015624999818e+03
2.578715561224489647e+03
2.629046019328117836e+03
2.741005982053838579e+03
2.831927155865023906e+03
2.950447488584474740e+03
3.055020668693009156e+03
3.132482292337411309e+03
3.298486616334934752e+03
3.412390796201606918e+03
2.225826417967262842e+03
2.191449682509140075e+03
2.161696338137904149e+03
2.085085874799357953e+03
2.008353804797353177e+03
2.074445508435932425e+03
2.184682439271255134e+03
2.239313367819221185e+03
2.298138182880514250e+03
2.344860068259385571e+03
2.386383732371269161e+03
2.417976856649395359e+03
2.446204923968139155e+03
2.511914149443561200e+03
2.567363911726525203e+03
2.618893308376228561e+03
2.734058022199797961e+03
2.832476630434782692e+03
2.915056745801968646e+03
3.027371146732429224e+03
3.215545753785384932e+03
3.297177901320361343e+03
3.423608088235293962e+03
2.160465836091103938e+03
2.127044855400354209e+03
2.052187779131140815e+03
1.976832427914751406e+03
2.045809061488673251e+03
2.166421134020618410e+03
2.231046479265237849e+03
2.291012828162291044e+03
2.333872980677858777e+03
2.376743392438942919e+03
2.411221594918842584e+03
2.443233814280429215e+03
2.503498580121703981e+03
2.583892444444444664e+03
2.625117816091953955e+03
2.726333504624871694e+03
2.789205381658429360e+03
2.931701775147928856e+03
3.016660389202761962e+03
3.197633399866932905e+03
3.266239915074309920e+03
3.412889138576778805e+03
2.097014536041417614e+03
2.019899118310436734e+03
1.945815495039054213e+03
2.025433270676691791e+03
2.150104862023652913e+03
2.228430361720307701e+03
2.285807574832009777e+03
2.334536316472114322e+03
2.369666780704755183e+03
2.408946325648415041e+03
2.447701136363636579e+03
2.514302904564315213e+03
2.567336647085404365e+03
2.633964338055691314e+03
2.716659294365455480e+03
2.834536461277557919e+03
2.938090579710144993e+03
3.044003209242618595e+03
3.187532191780821904e+03
3.355795076031860845e+03
3.415445378151260684e+03
1.942641803624104568e+03
1.863725953206239183e+03
1.973740977166707580e+03
2.146368317940106408e+03
2.234321744434278571e+03
2.291480806766428032e+03
2.343597371151850439e+03
2.394237467983900387e+03
2.438249517932896197e+03
2.467015776699029175e+03
2.544843833185448148e+03
2.589946231397023439e+03
2.663936358894105524e+03
2.756823923979877236e+03
2.857330132052821227e+03
3.051981350482315065e+03
3.142230294722412509e+03
3.297841374269005883e+03
3.443220858895705533e+03
3.602089052287581580e+03
1.785461898395721846e+03
1.999943632012762464e+03
2.219156510980513303e+03
2.326974030354131628e+03
2.395469020172910859e+03
2.448524809160305267e+03
2.498413945989520471e+03
2.548278911564626014e+03
2.592261469933184799e+03
2.665973632812500000e+03
2.736342494714587701e+03
2.802453819840364758e+03
2.917310620012277468e+03
3.028034708578913069e+03
3.179344731332867923e+03
3.323660700969425761e+03
3.502354199683042680e+03
3.607247913188647544e+03
3.820194174757281417e+03
2.700845655487804834e+03
2.745877263581488933e+03
2.790813825275657564e+03
2.824253890618052537e+03
2.856029795158286561e+03
2.910913150147202941e+03
2.941183861082737621e+03
2.958876726886291181e+03
3.031728060046189512e+03
3.078567164179104566e+03
3.166336461126005361e+03
3.274402002861230358e+03
3.480832565284178145e+03
3.561591205211726447e+03
3.738764044943820409e+03
3.999468493150684935e+03
4.160303000968054221e+03
4.318814475025484171e+03
2.789182782018659964e+03
2.827583593401694088e+03
2.874000938967136335e+03
2.909117878192534590e+03
2.952763374485596614e+03
2.974440514469453319e+03
3.018862107623318479e+03
3.083931034482758605e+03
3.138767775603392238e+03
3.219502808988764173e+03
3.339508270676691609e+03
3.501558420628525255e+03
3.650072525597269760e+03
3.853308318264014360e+03
4.047127272727272612e+03
4.299988911290322903e+03
4.348939746300211482e+03
2.864012640449438095e+03
2.918445266272189201e+03
2.951551777434312044e+03
2.981214208826695540e+03
3.015411335578002308e+03
3.054804806565064609e+03
3.114780735107731289e+03
3.197029452054794547e+03
3.286419117647059011e+03
3.420338304552590216e+03
3.547112040133779374e+03
3.750007104795737177e+03
3.968166979362101301e+03
4.151691161866931907e+03
4.361299895506792382e+03
4.532213186813186439e+03
2.950881958762886825e+03
2.992066882416396766e+03
3.024189859154929763e+03
3.072808033077377331e+03
3.097049662783568238e+03
3.172717319177173067e+03
3.246161313347608939e+03
3.310143846153845971e+03
3.426637326813366144e+03
3.627737619461337999e+03
3.799511542012926839e+03
4.109663725490196157e+03
4.259597523219814320e+03
4.349108459869848048e+03
4.655245153933865367e+03
3.026154453213077886e+03
3.070432959243945788e+03
3.104652923076922889e+03
3.152392811296534092e+03
3.207576763485477386e+03
3.287801788375558772e+03
3.376151321056845518e+03
3.458553859202714193e+03
3.652490072202166175e+03
3.954353846153846007e+03
4.163259938837920345e+03
4.463009646302250985e+03
4.581263513513513317e+03
4.798366863905325772e+03
3.103559999999999945e+03
3.150949935815147455e+03
3.196090969899665652e+03
3.263085734870317083e+03
3.329350116189000801e+03
3.437065326633166023e+03
3.562410097431355098e+03
3.771601877934272125e+03
4.004872255489021882e+03
4.196721345951629701e+03
4.428469545957917944e+03
4.694895227008149050e+03
4.866881707317073051e+03
3.193953846153846371e+03
3.235542857142856974e+03
3.309426536731634314e+03
3.377856798069187334e+03
3.488618717504332835e+03
3.640165593376264951e+03
3.789018482490272163e+03
4.124933747412008415e+03
4.461625000000000000e+03
4.529474108170310501e+03
4.753389359129383593e+03
5.013006273525721554e+03
3.268606936416184908e+03
3.351692968750000091e+03
3.429698492462311606e+03
3.510812332439678357e+03
3.710248328557784134e+03
3.902980730223123828e+03
4.158640641711230273e+03
4.395798650168729182e+03
4.703057919621749534e+03
4.914049627791563580e+03
5.053666666666666970e+03
3.452955274261603336e+03
3.492346463742166634e+03
3.609261790182868026e+03
3.828025536261491197e+03
4.113439869989165345e+03
4.355316685584562947e+03
4.667565269461078060e+03
4.852585427135678401e+03
5.085896052631578641e+03
5.238418508287292752e+03
3.576992329817833252e+03
3.713717948717948730e+03
3.980841820151679258e+03
4.223893592677345623e+03
4.511775633293123974e+03
4.659154235145385428e+03
5.078256613756613660e+03
5.152990250696379007e+03
5.663014513788099066e+03
3.947066666666666606e+03
4.239001154734411102e+03
4.476902912621359064e+03
4.734521628498727296e+03
4.943684350132625696e+03
5.081371191135734080e+03
5.725768895348836850e+03
5.767900151285930406e+03
4.466429611650485640e+03
4.778849489795918089e+03
4.840180371352785187e+03
5.287198060941827862e+03
5.471579250720461459e+03
5.654268365817091762e+03
6.178367924528301955e+03
4.958789333333333161e+03
5.232969486823855732e+03
5.438679597701149760e+03
5.769245112781954958e+03
6.045550156739812337e+03
6.432880913539966969e+03
5.479344380403457762e+03
5.720007496251873818e+03
6.045916797488225711e+03
6.285811382113821310e+03
6.435876897133221064e+03
6.087884555382215694e+03
6.291630894308943425e+03
6.550996621621621671e+03
6.891264448336251917e+03
6.547342905405404963e+03
6.795273043478260661e+03
7.162194899817850455e+03
7.198441818181818235e+03
7.923779693486590077e+03
7.808718503937007881e+03
