1.794816733169177951e+03
1.812959842735828943e+03
1.830979623262674295e+03
1.849125715610274028e+03
1.866993928394971363e+03
1.902783938822537493e+03
1.936802589771780276e+03
1.975420443774242131e+03
2.003737117537068343e+03
2.036688023408722529e+03
2.071543972733368719e+03
2.109342912514563068e+03
2.140600676755316272e+03
2.164062364149062432e+03
2.192217029157328398e+03
2.221510878062473239e+03
2.252506647371775216e+03
2.278970275025235878e+03
2.299836871111347591e+03
2.322583412029061492e+03
2.351791489362575248e+03
2.404994590118681117e+03
2.437440074914669822e+03
2.465432060809673203e+03
2.488880355862275337e+03
2.516367061282815484e+03
2.548127567024652762e+03
2.563045902191803179e+03
2.579805494009459380e+03
2.625843767920232949e+03
1.831377964106066884e+03
1.850068764238870017e+03
1.868472526821483598e+03
1.886700430829874449e+03
1.922586503970537024e+03
1.959330356194553360e+03
1.991633186848696596e+03
2.028649106080002412e+03
2.064427196462157099e+03
2.100235587562890487e+03
2.132197347826777786e+03
2.156632906071036814e+03
2.188532773931378870e+03
2.219393445570090080e+03
2.253075801804823186e+03
2.274614712532121757e+03
2.298779008361960678e+03
2.324984761112521483e+03
2.345497134364691192e+03
2.398792244332802056e+03
2.443476618314201460e+03
2.485382297086635390e+03
2.498928925710639305e+03
2.535971522023000034e+03
2.565857156128711267e+03
2.576526839523346098e+03
2.596277534818607364e+03
2.631329856956112508e+03
2.646885105724198183e+03
1.868913369524246264e+03
1.887522372660704377e+03
1.906214842842263351e+03
1.943561529191264071e+03
1.978956995303095027e+03
2.016441587949441328e+03
2.052723306666784538e+03
2.088445368380444052e+03
2.120343267988089792e+03
2.148864974191819329e+03
2.186279566257350325e+03
2.219713973706859178e+03
2.247027385306954784e+03
2.270749331757037908e+03
2.303281684814060554e+03
2.340317852420659165e+03
2.358752708886662276e+03
2.376585643850719862e+03
2.435495149974647120e+03
2.485287509342329031e+03
2.512662500612734675e+03
2.553393081216448536e+03
2.574670078759640091e+03
2.563739394908690429e+03
2.582462448181508080e+03
2.649278960827665742e+03
2.674132030894619675e+03
2.673629443457644811e+03
1.906738696937975874e+03
1.925940548390265803e+03
1.963714225457634257e+03
2.000576096767201307e+03
2.038223610817191911e+03
2.075784610833153238e+03
2.107205264474146588e+03
2.139983564997768553e+03
2.182902438856220670e+03
2.215670398919371110e+03
2.240015944414303704e+03
2.268983806646561334e+03
2.306696455205556049e+03
2.340126443325209493e+03
2.360346533531244859e+03
2.381675806021791232e+03
2.413356450937119007e+03
2.458249119418808732e+03
2.509122916274212457e+03
2.554275349514204663e+03
2.582918684527954156e+03
2.571320843513863565e+03
2.608539408455402736e+03
2.665860326464917307e+03
2.695065033445382142e+03
2.714955556795718621e+03
2.690703756490859632e+03
1.945366870297217019e+03
1.983544561266222217e+03
2.021849758599086954e+03
2.060239859864154369e+03
2.095473549689822903e+03
2.129074922251991666e+03
2.171682707434118129e+03
2.207893512773280690e+03
2.233786222081722372e+03
2.265318481348310797e+03
2.304327436501430839e+03
2.336578841504741376e+03
2.361300535054868760e+03
2.390244097528855491e+03
2.417694063703903794e+03
2.438148164763221757e+03
2.488750543505780570e+03
2.546610451648269191e+03
2.586852579432863422e+03
2.588796922571035793e+03
2.614217282711262214e+03
2.693526945038395752e+03
2.720409596347843035e+03
2.710442641379217548e+03
2.719393342327563460e+03
2.729313023654657627e+03
2.023902522942344604e+03
2.063410376539009121e+03
2.101712102799473541e+03
2.140399253162670448e+03
2.181648284069946840e+03
2.214228076003475053e+03
2.248501962939606528e+03
2.284194897908501389e+03
2.322162974421267336e+03
2.356522813034982846e+03
2.385054472107141464e+03
2.412038140527526593e+03
2.434263340188404527e+03
2.461987329618006697e+03
2.495652998035631299e+03
2.566531554639189380e+03
2.602953344608155476e+03
2.634997183748523184e+03
2.693940560562248720e+03
2.745063135513623365e+03
2.743816437949931242e+03
2.762426703795465073e+03
2.785724975545811958e+03
2.819194085811627247e+03
2.881489940505545292e+03
2.104003515881443491e+03
2.144546590474152254e+03
2.184675260369474472e+03
2.222158939036805805e+03
2.259609861805234686e+03
2.298441775670711195e+03
2.338102360886537554e+03
2.371531553500709833e+03
2.400134508553643172e+03
2.431175633283618026e+03
2.464352300392400593e+03
2.500053486393251205e+03
2.537701222610672176e+03
2.564324761541658063e+03
2.614786173596909975e+03
2.678948217270368787e+03
2.746906532968659121e+03
2.769639511324968225e+03
2.798920028917817490e+03
2.826687756959608123e+03
2.869345467919974908e+03
2.909083955974598211e+03
2.945227954476676132e+03
2.958286285861001033e+03
2.186035375462433876e+03
2.226843111211627274e+03
2.267126209674238453e+03
2.307127073824081890e+03
2.346651176124288668e+03
2.382399970952494186e+03
2.417427699750840929e+03
2.453786944768095509e+03
2.491405358446356331e+03
2.529083389681038170e+03
2.559857774290279849e+03
2.585557388675148559e+03
2.613294346152490562e+03
2.686279447791865095e+03
2.758825717593131685e+03
2.800906053475123827e+03
2.841218988636777794e+03
2.879731420545617766e+03
2.924675137901220751e+03
2.952991066476605283e+03
2.978747688896512500e+03
2.989381329906209430e+03
3.001807691805946433e+03
2.269473058864485211e+03
2.311252450925415360e+03
2.352263672771631263e+03
2.391354495050483365e+03
2.430283904741794231e+03
2.469730346417814417e+03
2.508611092952828130e+03
2.545424408754337492e+03
2.577604457821511460e+03
2.608050576985499447e+03
2.641750431408138866e+03
2.675076887361435638e+03
2.755263535203788706e+03
2.814481987925019439e+03
2.871633360329736661e+03
2.920251424351137757e+03
2.972921900926444323e+03
3.000133123151002565e+03
3.015605380095986675e+03
3.042639589485906527e+03
3.070802259997157307e+03
3.089973041423460927e+03
2.354099996666710922e+03
2.396137456091430977e+03
2.437672764942260983e+03
2.478803838062582145e+03
2.519084618983610198e+03
2.556737695561395412e+03
2.592317963214803513e+03
2.628198090257028070e+03
2.664645787190272131e+03
2.700546874430282969e+03
2.736438087977122905e+03
2.809202462092624955e+03
2.875928991497908555e+03
2.940533035721604847e+03
3.002934845339177627e+03
3.040605567146054000e+03
3.068635779960041873e+03
3.095622031133164000e+03
3.130693296186222597e+03
3.152982494820904776e+03
3.176174123178175705e+03
2.439992172461189966e+03
2.482998063073502180e+03
2.524937863027964340e+03
2.565372888086638795e+03
2.604602696046256369e+03
2.643462114491716420e+03
2.682342403184554314e+03
2.720662353745755354e+03
2.757346823256995322e+03
2.789554071246093827e+03
2.867806857209463033e+03
2.943083200332539036e+03
3.014390280353670732e+03
3.068549334580535742e+03
3.110568379629022274e+03
3.145730490612468202e+03
3.180840093637682003e+03
3.208916171711814513e+03
3.223520135444228345e+03
3.250473214993924557e+03
2.526946282657333086e+03
2.570013895305923143e+03
2.612033715570532422e+03
2.653269908612386189e+03
2.694516479043316849e+03
2.734630388751263581e+03
2.772207405120576823e+03
2.808131889966264680e+03
2.843365304324625868e+03
2.929114740770302433e+03
3.012093196234869993e+03
3.076146153636613235e+03
3.134094803253362443e+03
3.187555421290019240e+03
3.228820063259864128e+03
3.258684577701716080e+03
3.285599011421502382e+03
3.315415209917586253e+03
3.348262734929781345e+03
2.614593365394450757e+03
2.658342170651743345e+03
2.701177686262555653e+03
2.743484646102881925e+03
2.783581991682443004e+03
2.822658156855807647e+03
2.860586900748603512e+03
2.897658829693970347e+03
2.989037154673411351e+03
3.069754891552110166e+03
3.137884349582524464e+03
3.205292161747755017e+03
3.261248275751439905e+03
3.309652583717017478e+03
3.338475478524831942e+03
3.371847887211424677e+03
3.410750184415358945e+03
3.439693640798052911e+03
2.703482354367567041e+03
2.747687462559368214e+03
2.790612408336156932e+03
2.832059188922723934e+03
2.872671615089594980e+03
2.912891865786915332e+03
2.952441546300633036e+03
3.043906572635019074e+03
3.128635989728255026e+03
3.204718762509802218e+03
3.276682453034541595e+03
3.332157178761552132e+03
3.383701792156403371e+03
3.422606571223813717e+03
3.461514916682134754e+03
3.499911222560814167e+03
3.531235348789958607e+03
2.792849969099709142e+03
2.837090988322461726e+03
2.880426273371118441e+03
2.922963908588406412e+03
2.964604537004085614e+03
3.004558599537132523e+03
3.099268786453248140e+03
3.186102592600026128e+03
3.269633284082657610e+03
3.340794583862510081e+03
3.400335041265787822e+03
3.460113526975184868e+03
3.506993320793439125e+03
3.550592700663302821e+03
3.581664558474873957e+03
3.607373373421696670e+03
2.882847776881654681e+03
2.927684785221916627e+03
2.971601281082934292e+03
3.014144407816949297e+03
3.055644746432740249e+03
3.154144438994374923e+03
3.246305382577716500e+03
3.330045333400886648e+03
3.407036352773952785e+03
3.474791446993233876e+03
3.539318898085607088e+03
3.587612001082601637e+03
3.631304421965732672e+03
3.655955600627278727e+03
3.683480894223819632e+03
2.973820621495042815e+03
3.018939362215541223e+03
3.063029820067862602e+03
3.105662152777873871e+03
3.207606295953341487e+03
3.303230889188408582e+03
3.390834712114547528e+03
3.469920844130629121e+03
3.543924490122384213e+03
3.607603356786360109e+03
3.663560764575957819e+03
3.701067065614812691e+03
3.726835416300645193e+03
3.760660837616210301e+03
3.065136136456866097e+03
3.110330125712443987e+03
3.154371034295046684e+03
3.260069438403681943e+03
3.358392398986691660e+03
3.450083977508623320e+03
3.530292355915572898e+03
3.609157546193618145e+03
3.677014979640389811e+03
3.731272152347470637e+03
3.775415687599442663e+03
3.810292553215087082e+03
3.844399280532548346e+03
3.156821349698532231e+03
3.202300363866016141e+03
3.311234693932531172e+03
3.412946845751330784e+03
3.508738265742857948e+03
3.593183034834921273e+03
3.673642592116430478e+03
3.742931133830385079e+03
3.798822107653414605e+03
3.852209697952477654e+03
3.893623466859453856e+03
3.922879595494948262e+03
3.249195998994866386e+03
3.361581805395378069e+03
3.466558862370399765e+03
3.564555093710064739e+03
3.654972374758895512e+03
3.737463313266110617e+03
3.810710181312247641e+03
3.872379190294604541e+03
3.930619725067314903e+03
3.975958158934960920e+03
4.014066366782806654e+03
3.482044517517866552e+03
3.595158023185382717e+03
3.701578246456443139e+03
3.799870541407178280e+03
3.890053992031453163e+03
3.974699758495125025e+03
4.050296742995907607e+03
4.112122447381624625e+03
4.168007305918780730e+03
4.211452397690749422e+03
3.716991660841129487e+03
3.831000349271756022e+03
3.937653965216060897e+03
4.037749740971196388e+03
4.130194766147028531e+03
4.212381379822931194e+03
4.287329984397863882e+03
4.344660562014138122e+03
4.402908123661229183e+03
3.953801165209488317e+03
4.068538630026363535e+03
4.176371520185140071e+03
4.276714962380666293e+03
4.367929589967202446e+03
4.448577346262070932e+03
4.525716624078304449e+03
4.591619219918988165e+03
4.191997869538919986e+03
4.307966479361457459e+03
4.416098510698106111e+03
4.515404494382180019e+03
4.609544098603556449e+03
4.691831615712014354e+03
4.775880193947806220e+03
4.431855893765460678e+03
4.547897799928137829e+03
4.657082564313980583e+03
4.757403753822372892e+03
4.852517839693298811e+03
4.939037802264469974e+03
4.672390648781924938e+03
4.788860459254244233e+03
4.899025652789445303e+03
5.001423295827045877e+03
5.092700123850805539e+03
4.914011039822287785e+03
5.031564675467427151e+03
5.140995789331020205e+03
5.240159508951315729e+03
5.156716888257942628e+03
5.274064458269925126e+03
5.384897042300276553e+03
5.399619677703042726e+03
5.517484134333106340e+03
5.643147951026341616e+03
