1.848732048872793257e+03
1.888835561543400672e+03
1.929380141384043554e+03
1.969623136860068826e+03
2.010642129953944959e+03
2.090492471209620362e+03
2.173473131104905406e+03
2.250442288743070094e+03
2.334216348415160155e+03
2.404498529254244204e+03
2.494792454451950562e+03
2.555201872949635799e+03
2.614741350295778830e+03
2.705434780511295685e+03
2.776712301254075555e+03
2.842933631839867758e+03
2.910181876130758610e+03
2.984192450966482284e+03
3.073049672273599299e+03
3.141757993168529083e+03
3.328205711052832157e+03
3.488791744043722247e+03
3.673840412182270939e+03
3.785095994062269710e+03
3.982948447860253054e+03
4.185031618078004612e+03
4.352834718564693503e+03
4.541086796390212839e+03
4.708937498287477865e+03
4.815824517811244732e+03
5.240675857077406363e+03
5.560794595153593946e+03
5.832886626270461420e+03
6.142179651158425258e+03
6.613457222704660126e+03
7.145134756095885677e+03
7.406819360550704005e+03
7.696021983090685353e+03
7.969425627711023481e+03
8.163239979237824627e+03
1.916770721709158124e+03
1.957400208341131474e+03
1.998316374639109881e+03
2.039010521651467343e+03
2.119248119852592026e+03
2.205849580818765389e+03
2.289495490527341644e+03
2.348916412634927383e+03
2.444784996316288925e+03
2.511326172163205683e+03
2.571187679862283403e+03
2.664952666283107192e+03
2.741145859068525624e+03
2.824170207138562091e+03
2.890922884947730836e+03
2.971213864951615051e+03
3.043934006107241203e+03
3.095354418209149117e+03
3.163246587843611451e+03
3.363127876151806049e+03
3.525290682048843792e+03
3.627475053634716915e+03
3.867485634484912225e+03
4.069069346132722330e+03
4.215881201910414347e+03
4.403754705897616986e+03
4.553528944266728104e+03
4.697194699583406873e+03
4.896885474313214218e+03
5.260181529981407039e+03
5.509793154226967090e+03
5.931336119179571142e+03
6.525875670688409627e+03
6.855954285684945717e+03
7.077537417154813738e+03
7.390150210144284756e+03
7.617939007265922555e+03
7.818772205975160432e+03
8.293197301400412471e+03
1.983736019371087423e+03
2.024818704986234025e+03
2.065754903484945316e+03
2.148971051898686710e+03
2.235803961686322964e+03
2.296196482541331534e+03
2.390630200275230891e+03
2.467113013430617229e+03
2.533977907386486095e+03
2.625582827450271452e+03
2.694626200274226903e+03
2.776396495079377019e+03
2.857076513320724644e+03
2.932341582650077726e+03
2.979105772415697174e+03
3.029662787235124142e+03
3.120571301801190657e+03
3.222176545575954606e+03
3.395168914844928622e+03
3.508025073326491110e+03
3.715447144575138282e+03
3.915334393608425671e+03
4.074076691595113061e+03
4.299771157639702324e+03
4.495623477979609561e+03
4.626697211264828184e+03
4.778233874253142858e+03
4.954775579457143067e+03
5.259417990385297344e+03
5.732687057923653811e+03
6.209253727331030859e+03
6.512225022415690546e+03
6.696768109177531187e+03
7.036386429054272412e+03
7.155477010449489171e+03
7.626504246928820066e+03
8.006981099984294815e+03
8.506030469562007056e+03
2.049733571335862052e+03
2.091121920703614705e+03
2.173859959455836361e+03
2.252369452259447371e+03
2.334450940499424178e+03
2.416051074873685593e+03
2.493213585398467330e+03
2.577189620068102613e+03
2.639249527183540067e+03
2.725009141733529759e+03
2.814033802925947839e+03
2.879193690228953983e+03
2.922794762768261080e+03
2.990497871650017714e+03
3.106235493779465287e+03
3.192873958366350507e+03
3.250515475154925298e+03
3.414896279779464294e+03
3.587478194175475892e+03
3.784243893881316581e+03
3.952722639972986599e+03
4.178874780355506118e+03
4.349487596238677725e+03
4.468844878747176153e+03
4.618433534984002108e+03
4.797435133207834042e+03
4.936586021784530203e+03
5.351210832244809353e+03
5.837720413659960286e+03
6.105075692079493820e+03
6.349174892413549969e+03
6.656977431752189659e+03
6.942257784801527123e+03
7.352150128511098956e+03
7.730261407106834668e+03
8.213204553833626051e+03
8.482469681183962166e+03
2.114854355808261516e+03
2.198763547524928072e+03
2.278541179074220508e+03
2.364079948808570407e+03
2.438791786880721247e+03
2.524430151165598545e+03
2.588673000426743329e+03
2.667683505081701696e+03
2.763031848024277224e+03
2.824852756886543375e+03
2.879906056156990417e+03
2.961369028102450557e+03
3.067365475025868818e+03
3.142445726090496009e+03
3.201563883224559504e+03
3.275647962948186432e+03
3.453863808677013822e+03
3.650121448345324097e+03
3.811865332891626167e+03
4.029857670950741522e+03
4.205912733784363809e+03
4.301088309777642280e+03
4.463484255501030930e+03
4.651824123184010205e+03
4.813980755166151539e+03
5.021616976891315062e+03
5.459163541544355212e+03
5.737127203476720751e+03
6.037278513489389297e+03
6.373669346735019644e+03
6.616865596155484127e+03
7.087032985860562803e+03
7.462550915855830681e+03
7.882524353578297450e+03
8.078706853786692591e+03
8.300864428096951087e+03
2.242767967318346564e+03
2.323824020291734541e+03
2.406306035378343040e+03
2.487981780053645707e+03
2.560192864321072193e+03
2.652886261910337907e+03
2.723406671012194693e+03
2.803247392763387779e+03
2.882879895876865703e+03
2.964383163239827354e+03
3.043732845712960170e+03
3.115635833576189270e+03
3.197390740058441679e+03
3.275421847043427533e+03
3.342867916966112716e+03
3.526304367685295801e+03
3.710749001624852554e+03
3.895234294166278232e+03
4.037169734371519553e+03
4.187581383056112827e+03
4.389261700350398314e+03
4.536770997381985580e+03
4.733378288426981271e+03
4.948601582163486455e+03
5.122972882403992116e+03
5.454581251480989522e+03
5.776938720551149345e+03
6.074989884674825589e+03
6.411829434694186602e+03
6.803545533031194282e+03
7.227396485264280273e+03
7.482088036788020872e+03
7.791089372768611611e+03
8.031445606318061436e+03
8.271115498091168774e+03
2.367996519205627465e+03
2.450338781381973604e+03
2.532346099493350266e+03
2.614949023262375249e+03
2.695273450129123376e+03
2.780176289832073508e+03
2.855567950969137200e+03
2.937145490048967531e+03
3.015711035496117347e+03
3.094476875449843192e+03
3.172216041354357912e+03
3.246644314838720220e+03
3.316588784311661129e+03
3.391680725214688664e+03
3.574503628629611740e+03
3.756354463721830143e+03
3.911239447512457900e+03
4.100794143272616566e+03
4.254183393820804667e+03
4.416456280299353239e+03
4.620610836123269110e+03
4.819229098134767810e+03
4.995813738045729224e+03
5.158668702198351639e+03
5.488376351265597805e+03
5.796688271479078139e+03
6.194743626986161871e+03
6.527958458954461094e+03
6.882333619430809449e+03
7.121617966471801083e+03
7.421822702931292042e+03
7.844114916440056732e+03
8.213769399980563321e+03
8.520501155593718067e+03
2.490945039415158135e+03
2.574350160069081994e+03
2.656868621354201423e+03
2.739427771582622881e+03
2.820784506023792801e+03
2.900972587285139525e+03
2.977612102526937633e+03
3.059842663193188855e+03
3.140337430851165664e+03
3.211109630542228842e+03
3.290409489628621486e+03
3.368673126273039998e+03
3.437375409569131534e+03
3.625542738927301343e+03
3.797714394927117155e+03
3.979682331468539360e+03
4.131872342326020771e+03
4.315504490566818276e+03
4.520331441975109556e+03
4.694999627467061146e+03
4.879256311507397186e+03
5.038814238691544233e+03
5.201290518279044591e+03
5.536179164283791579e+03
5.889474007718943540e+03
6.289934737225881690e+03
6.558309992995714310e+03
6.878924987234727269e+03
7.239966554192240437e+03
7.552342143527653207e+03
7.911176142657986020e+03
8.218047914733069774e+03
8.553154065212045680e+03
2.611935491318260119e+03
2.695491246043606225e+03
2.778258472590686324e+03
2.859330998585639009e+03
2.939886897118979050e+03
3.021521165099333757e+03
3.101988571378371944e+03
3.178843380497236012e+03
3.258293601735473203e+03
3.330403874171739062e+03
3.404871021486406789e+03
3.485400547473307597e+03
3.671889941080730296e+03
3.851722038678878562e+03
4.021477519082001436e+03
4.213221292355672631e+03
4.394257418141508424e+03
4.564757597197932228e+03
4.736222477257730134e+03
4.907245476310030426e+03
5.077532296915816914e+03
5.253513214709759268e+03
5.621397874091536323e+03
5.964297983553175982e+03
6.279637808525585569e+03
6.710490274501283238e+03
7.054346231330556293e+03
7.380737723768746946e+03
7.671467079412105704e+03
8.077435217978833862e+03
8.433429504713245478e+03
8.789824260377272367e+03
2.731228062338399468e+03
2.814427194350628724e+03
2.897289808408371755e+03
2.978813930815556432e+03
3.060856504397834669e+03
3.140072299568640574e+03
3.218905354209868165e+03
3.295660245313743872e+03
3.374089168214730762e+03
3.454864862690591508e+03
3.533248574535916759e+03
3.717620936768868432e+03
3.892270437766871510e+03
4.085819416333310983e+03
4.268573986232137941e+03
4.436954699963771418e+03
4.609081834523094585e+03
4.782604521863857371e+03
4.956504405472548569e+03
5.138989339139818185e+03
5.316345942543673118e+03
5.659342998359551530e+03
6.007509525038499305e+03
6.450464024744549533e+03
6.757746559589641947e+03
7.078020335730533589e+03
7.447568843799135720e+03
7.771067695821102461e+03
8.021454139436538753e+03
8.380095757622766541e+03
8.761518107622374373e+03
2.849035976874763946e+03
2.932356785501316608e+03
3.015563211972427325e+03
3.096213143636084624e+03
3.177422686700335817e+03
3.257215107691132744e+03
3.337536490053657417e+03
3.418068882305168245e+03
3.496471429771380826e+03
3.572180741126067005e+03
3.760066379260233134e+03
3.948444453217503451e+03
4.135331158930036509e+03
4.309447756386981382e+03
4.484763928467831647e+03
4.655968578621487723e+03
4.833383251862544967e+03
5.016516115232276206e+03
5.193028565924324539e+03
5.362781880251014627e+03
5.729343551662094796e+03
6.100500379220547075e+03
6.462193280627207969e+03
6.799712754891195800e+03
7.131174095511342784e+03
7.477641641700306536e+03
7.799830270787546397e+03
8.202365762350085788e+03
8.564274028670135522e+03
8.908664888410630738e+03
2.965536284064757183e+03
3.048632662332458494e+03
3.131599461762984447e+03
3.213160421371204848e+03
3.294362196454869263e+03
3.375899785885283563e+03
3.455029877554579343e+03
3.532085944937222848e+03
3.610132018246444204e+03
3.802883982753222426e+03
3.996006889723164022e+03
4.175002827378283655e+03
4.356075616941176122e+03
4.533516458289287584e+03
4.709330418580133482e+03
4.882362914730102602e+03
5.063479280571920754e+03
5.239246446313718479e+03
5.431641706659654119e+03
5.819476973691614148e+03
6.165269677813339513e+03
6.514593957069486351e+03
6.866843460841118940e+03
7.161560514973231875e+03
7.495757498738659706e+03
7.923183174389984742e+03
8.288707288080231592e+03
8.577824891886230034e+03
8.792261524010373250e+03
3.080877334255418646e+03
3.164188546942987614e+03
3.246392904374073169e+03
3.329437514173955151e+03
3.410131513188990539e+03
3.488965968467160565e+03
3.569202182896783142e+03
3.648964284240495999e+03
3.843074863141312107e+03
4.033766492506726081e+03
4.217353642878396386e+03
4.402921848968003360e+03
4.577601399701733499e+03
4.762508156408463037e+03
4.933390399493212499e+03
5.103802851729590657e+03
5.301945624267505991e+03
5.500299846009174871e+03
5.854713111317750190e+03
6.206869484311898304e+03
6.535981056951488426e+03
6.857480633932854289e+03
7.283354169844406897e+03
7.619023432725843122e+03
7.996417672174501604e+03
8.279586820905464265e+03
8.593914199647213536e+03
8.862448624990445751e+03
3.195184630451978137e+03
3.278799829741784379e+03
3.361226949166454688e+03
3.441999169286874348e+03
3.523965158525216339e+03
3.604472011917018790e+03
3.683526952570745834e+03
3.881029646993016740e+03
4.070536502854477021e+03
4.263249783990726428e+03
4.446602595942169501e+03
4.628680700152588543e+03
4.799938374885656231e+03
4.975638968255875625e+03
5.166536255146807889e+03
5.357912188647545008e+03
5.539160307380589984e+03
5.885360951699239195e+03
6.231112856374175863e+03
6.597131827991264799e+03
6.949827370499947392e+03
7.339121390632859402e+03
7.618127645079280228e+03
8.023763151757996638e+03
8.304966666787348004e+03
8.575272346301801008e+03
8.894092597486500381e+03
3.308565389467098612e+03
3.391664355361969228e+03
3.474631371197873705e+03
3.556598130644631055e+03
3.636659677079890116e+03
3.717428426158388902e+03
3.914625329506971866e+03
4.109716011516355138e+03
4.298262284384059967e+03
4.486179790282304566e+03
4.667082083089449043e+03
4.844402436369058705e+03
5.032985809268976482e+03
5.218057783154709796e+03
5.391882129238984817e+03
5.573769481570213429e+03
5.921336300371946891e+03
6.274176583993536951e+03
6.686907772085723991e+03
7.018239986830803900e+03
7.358565759150991653e+03
7.678087203282948394e+03
7.993523083729238351e+03
8.271832538641683641e+03
8.512346220036697559e+03
8.788498388462139701e+03
3.421111567774841205e+03
3.504373182593598358e+03
3.586517538889783282e+03
3.668750755617929372e+03
3.750587483402167891e+03
3.948531700172085948e+03
4.145547771062389074e+03
4.336667140906806708e+03
4.527049215299768548e+03
4.708023187666960439e+03
4.895033811178440374e+03
5.078531655116551519e+03
5.256023942052500388e+03
5.434419508800098811e+03
5.621928458874282114e+03
5.962335732837137584e+03
6.362067120312412044e+03
6.708411736588714120e+03
7.055274988957661662e+03
7.392945490417672772e+03
7.656723233897866521e+03
7.986484749803865270e+03
8.343231847740358717e+03
8.617372747478200836e+03
9.070734426466844525e+03
3.532903193935615036e+03
3.616216289489491828e+03
3.699021842815145646e+03
3.780362816970885888e+03
3.982673124539217952e+03
4.177774460871783958e+03
4.375411331184116534e+03
4.560962887299604517e+03
4.750607879206714642e+03
4.938539508704380751e+03
5.114296419136198892e+03
5.294136147635987072e+03
5.472261243944939451e+03
5.655051362364901252e+03
6.016798577316794763e+03
6.400561838914231885e+03
6.743675494686972343e+03
7.093657826478704919e+03
7.417665654632001861e+03
7.651660942893224274e+03
7.965171171617602340e+03
8.493429892921454666e+03
8.900591007453662314e+03
9.312734395428327844e+03
3.644009622494601444e+03
3.727094585316054236e+03
3.809259250348598016e+03
4.012942411881053431e+03
4.210727775726878463e+03
4.408955502797708505e+03
4.596414309469487307e+03
4.789951859916945978e+03
4.970912855161246625e+03
5.150531040485248923e+03
5.336752688630960620e+03
5.514767490491898570e+03
5.691544013355686729e+03
6.069998879923467939e+03
6.419974784351120434e+03
6.760904466112044247e+03
7.107527673621817485e+03
7.426452203504158206e+03
7.721850358026557842e+03
8.194183856380004727e+03
8.572299929766566493e+03
8.947423081020906466e+03
9.380844626236137628e+03
3.754491642098530519e+03
3.837696981359491019e+03
4.041746309372108044e+03
4.244378537776179655e+03
4.439695924764691881e+03
4.633064867456125285e+03
4.824045647457917767e+03
5.008085375691198351e+03
5.196018544071620454e+03
5.374937513534522623e+03
5.552307137722965308e+03
5.737150055895610421e+03
6.104332076478039198e+03
6.455165529264557335e+03
6.813623791763393456e+03
7.135307379642605156e+03
7.542523580396750731e+03
7.856893394522626295e+03
8.259013678636354598e+03
8.667917136841288084e+03
9.069495949235788430e+03
9.432803288516915927e+03
3.864402688036855125e+03
4.070669783539334276e+03
4.273359596109246922e+03
4.472094697162818193e+03
4.668197214289768453e+03
4.857959042818106354e+03
5.046511896219415576e+03
5.231873358376579745e+03
5.409034197253049570e+03
5.593140182652512522e+03
5.779135251737128783e+03
6.133655193506177056e+03
6.497551638595054101e+03
6.825076498667614032e+03
7.185979781026884666e+03
7.551305583201782611e+03
7.945471785741287022e+03
8.364609507421857415e+03
8.730977985234496373e+03
9.098415123062635757e+03
9.488112604434092646e+03
4.136980601616168315e+03
4.343510932216790934e+03
4.545301775708695459e+03
4.743967937392779277e+03
4.941144111761231215e+03
5.129404701054771976e+03
5.322890936222049277e+03
5.504501661733282162e+03
5.685286161560256005e+03
5.863512312814037614e+03
6.224212531382875568e+03
6.591915487249951184e+03
6.972178625151041160e+03
7.344251541815880046e+03
7.737066429118278393e+03
8.115564053810965561e+03
8.518373386084997037e+03
8.882488261758551744e+03
9.295822276190821867e+03
9.615196501490434457e+03
4.406881934943792658e+03
4.612895154446461675e+03
4.815455344988526122e+03
5.012651078441991558e+03
5.211689827942173906e+03
5.401504214498656438e+03
5.589247018543361264e+03
5.776312826311645040e+03
5.959180868089547403e+03
6.326346558783048749e+03
6.703698153641124918e+03
7.065342033517475102e+03
7.441854673510736575e+03
7.803117099682169282e+03
8.194967024575940741e+03
8.580595901796115868e+03
8.942593579186122952e+03
9.410344243521700264e+03
9.720057442282422926e+03
4.674570454797123602e+03
4.880211587583003165e+03
5.084056093106059052e+03
5.281120530445657096e+03
5.476107398515066961e+03
5.671135411434569505e+03
5.861429597472186288e+03
6.044084446082834802e+03
6.423218613317590098e+03
6.789858024050480708e+03
7.162134065750821719e+03
7.543958857410830205e+03
7.934607961821509889e+03
8.296008757930851061e+03
8.731916644041577456e+03
9.084959683961313203e+03
9.425924093072489995e+03
9.778488552503649771e+03
4.940405818545114926e+03
5.145856364254923392e+03
5.348716282150639017e+03
5.548315234012674409e+03
5.744223897419336936e+03
5.936062972288771562e+03
6.133276833675368835e+03
6.499784691265341280e+03
6.867788366136550394e+03
7.255465061463287384e+03
7.621829528774319442e+03
8.036672521240552669e+03
8.440297336269899461e+03
8.746889343899969390e+03
9.134887844425962612e+03
9.456434935459365079e+03
9.888679154858427864e+03
5.204671759330796704e+03
5.410360810970643797e+03
5.612189147802781918e+03
5.813252355111106226e+03
6.011514128616104244e+03
6.203967221394368607e+03
6.582606680680467434e+03
6.951919172045209052e+03
7.336348937227843635e+03
7.725636860765248457e+03
8.118074489635726422e+03
8.472614480807922519e+03
8.821177714900437422e+03
9.243808709024568088e+03
9.544696888878026584e+03
9.900460790646109672e+03
5.467596015817705847e+03
5.673001376855592753e+03
5.876776448995452483e+03
6.074553678301220316e+03
6.272002138375607501e+03
6.658003539719234141e+03
7.032383402419348386e+03
7.410819269387518034e+03
7.784025451112794144e+03
8.171995884998772453e+03
8.544046924885918997e+03
8.868283359110610036e+03
9.269513552136531871e+03
9.608689930289241602e+03
1.002389460023856736e+04
5.729363798963579029e+03
5.934412378382445240e+03
6.137249475895127944e+03
6.336910308915644237e+03
6.728558227618296769e+03
7.113920993516250746e+03
7.482536534240020046e+03
7.859996746928885841e+03
8.233510020475776400e+03
8.585372733060632527e+03
9.018528042763502526e+03
9.344352107905860976e+03
9.792242488249565213e+03
1.020736396505305311e+04
5.990125780431240855e+03
6.195589464431353917e+03
6.398174328935047015e+03
6.796115308325566730e+03
7.184267585317431440e+03
7.556475032668593485e+03
7.919560242230724725e+03
8.291333127041794796e+03
8.669008816630659567e+03
9.088078986647418787e+03
9.492896924815580860e+03
9.909880994924586048e+03
1.029677394262006783e+04
6.250008788450756583e+03
6.455310603870308114e+03
6.858641655574209835e+03
7.248024018651783990e+03
7.633718703537685542e+03
7.996171023859349589e+03
8.375994307733439200e+03
8.775280555382563762e+03
9.172760555258988461e+03
9.611133756122057093e+03
1.001133432208600425e+04
1.041370108904086192e+04
6.509117245911862483e+03
6.917639623540711000e+03
7.314559862936413083e+03
7.696585712273539684e+03
8.069559600814114674e+03
8.442434744468298959e+03
8.858703131235022738e+03
9.248222872762033148e+03
9.663791931412250051e+03
1.005864102415955313e+04
1.048503799905988126e+04
7.025354722511072396e+03
7.432477744514891128e+03
7.829028335270167190e+03
8.222433904137542413e+03
8.611686481028622438e+03
8.988890470491913220e+03
9.388298194627855992e+03
9.806773361542729617e+03
1.021766009450899583e+04
1.060832888162740710e+04
7.539403794494004615e+03
7.949066467571890826e+03
8.345021444535808769e+03
8.741391776616872448e+03
9.131742362119357495e+03
9.530059572301241133e+03
9.905438684431837828e+03
1.029510472055244281e+04
1.065072331793124613e+04
8.051683585373508322e+03
8.460093425740218663e+03
8.863472163923164771e+03
9.258039188300490423e+03
9.626269377290302145e+03
1.001648588410848970e+04
1.041643058877660224e+04
1.079343229642103870e+04
8.562511887564227436e+03
8.970369779686761831e+03
9.373932807679888356e+03
9.764153303534742008e+03
1.015589894988618835e+04
1.053175048679174142e+04
1.092173113116073546e+04
9.072133672788295371e+03
9.477992001472863194e+03
9.886441716714103677e+03
1.028093281253761597e+04
1.064766988955858869e+04
1.105931357021121585e+04
9.580741593272588943e+03
9.988499027576088338e+03
1.038631307443164951e+04
1.079360304677420208e+04
1.118454436248931779e+04
1.008848892110704946e+04
1.049854409208985817e+04
1.090449968455535054e+04
1.128329178587875140e+04
1.059549945306833251e+04
1.099884891461809639e+04
1.140857645490657524e+04
1.110187410684714996e+04
1.150568272080137649e+04
1.160769608766480633e+04
