1.580558876050420258e+04
1.535462814586543391e+04
1.501990045477513922e+04
1.474496009975062407e+04
1.456428366336633735e+04
1.429988916135360523e+04
1.415164530332680988e+04
1.407623725490196011e+04
1.407089245189935900e+04
1.411606175298804737e+04
1.417777805737292329e+04
1.423826690391459124e+04
1.431588026721479946e+04
1.441913326392503950e+04
1.452118713758566082e+04
1.470714224369296790e+04
1.476098970747562271e+04
1.485555726027397213e+04
1.499492217898832678e+04
1.510943693693693604e+04
1.539527003484320630e+04
1.576328459687123905e+04
1.614323815461346567e+04
1.643552280025690561e+04
1.680717065073041158e+04
1.723736657496561384e+04
1.761976136363636397e+04
1.795591526661796888e+04
1.846918802122820489e+04
1.880212373540856061e+04
1.496010171198388707e+04
1.465407539682539755e+04
1.445132989183874088e+04
1.424055744888023401e+04
1.406704704170708101e+04
1.384795620789220447e+04
1.388757482993197300e+04
1.382242112950340743e+04
1.388311515748031525e+04
1.393963717693836952e+04
1.401998340874811402e+04
1.406952308472856384e+04
1.420028681771369702e+04
1.427633524206142647e+04
1.440789229144667297e+04
1.454898606645230393e+04
1.461564772727272793e+04
1.478894716565767703e+04
1.489571699164345409e+04
1.520824481566820214e+04
1.556701610017889107e+04
1.589488601355514402e+04
1.617808750792644241e+04
1.662030151415404907e+04
1.695619551934826814e+04
1.738238132022471837e+04
1.781908793604651146e+04
1.819302020958083813e+04
1.871417236024844897e+04
1.438273127753303925e+04
1.416401841085271371e+04
1.402662168674698842e+04
1.383756279961649125e+04
1.371469889899473492e+04
1.365929092654824854e+04
1.369154576271186488e+04
1.374645058708414945e+04
1.377942920572274306e+04
1.384286198305929247e+04
1.395051767676767668e+04
1.401498367346938721e+04
1.418620560747663512e+04
1.421190271966527143e+04
1.429769487043892150e+04
1.444030488459473963e+04
1.458430136239782041e+04
1.468286486486486501e+04
1.502543003997715641e+04
1.539096213017751506e+04
1.569421245421245476e+04
1.608221112515802815e+04
1.642160509138381167e+04
1.678157171717171877e+04
1.723242527932960729e+04
1.759413030957523370e+04
1.800796879643387729e+04
1.846646502690238412e+04
1.394720709491850357e+04
1.385347202295552415e+04
1.363440673943996262e+04
1.355727281368821241e+04
1.351634255725190815e+04
1.353222500000000036e+04
1.355594864341085304e+04
1.363627058823529478e+04
1.366690909090909008e+04
1.377440310465698531e+04
1.386539736441966488e+04
1.400941688111168332e+04
1.411174830640958862e+04
1.419517386722866104e+04
1.430415048025613578e+04
1.447324633749321765e+04
1.452969112814895925e+04
1.483985738539898193e+04
1.517447599531615924e+04
1.553348181818181729e+04
1.585564205256570676e+04
1.622398577892695539e+04
1.662843842034805857e+04
1.709126319444444380e+04
1.749049605734767101e+04
1.788791635825314734e+04
1.826678277439024532e+04
1.367076623992413442e+04
1.350608593012275742e+04
1.341560888049126152e+04
1.341725677603423719e+04
1.342853544061302637e+04
1.347621276595744712e+04
1.352827672035139040e+04
1.361568873517786596e+04
1.366846384039900295e+04
1.383023287671232902e+04
1.386056646216768968e+04
1.393354545454545405e+04
1.408318782791185731e+04
1.420415053191489278e+04
1.427372272971520761e+04
1.440623747276688482e+04
1.473051352874859003e+04
1.506336326530612314e+04
1.537243983152827968e+04
1.578985696439725143e+04
1.611048229233741222e+04
1.654560788243153002e+04
1.691317711922811941e+04
1.725511702127659737e+04
1.775419440353460959e+04
1.818055699088145775e+04
1.330202345215759851e+04
1.323061578205730439e+04
1.321996551724137862e+04
1.321293111638954906e+04
1.329305430081691520e+04
1.334982912621359173e+04
1.338601860009789561e+04
1.352698160119343629e+04
1.358887343043696637e+04
1.363057974683544307e+04
1.378068209876543187e+04
1.388856852527358024e+04
1.396914225500526845e+04
1.409566631073144708e+04
1.424398590021691962e+04
1.458818079730488535e+04
1.486604342790966984e+04
1.521898082684242036e+04
1.561455093167701853e+04
1.590491176470588289e+04
1.631578160158835271e+04
1.671044186046511459e+04
1.713282956152758197e+04
1.756168932748537918e+04
1.794867873303167289e+04
1.309880262541022057e+04
1.306455058823529362e+04
1.309775711574952584e+04
1.313253301435406684e+04
1.316644766039556271e+04
1.328956436612824291e+04
1.332183719782930530e+04
1.342134215784215849e+04
1.353951392405063234e+04
1.362239324116743410e+04
1.372807987551867154e+04
1.385024330005254888e+04
1.400032674853176650e+04
1.411075297297297220e+04
1.441138637632607424e+04
1.471384726224783844e+04
1.505211449016100232e+04
1.542820604565083340e+04
1.581995527156549542e+04
1.621571447455386624e+04
1.661575068306010871e+04
1.696912605633802741e+04
1.736829142441860313e+04
1.780534159159159026e+04
1.296961505882352867e+04
1.298387819905213291e+04
1.301001146131805217e+04
1.310504738878143144e+04
1.318010024449877710e+04
1.321908871365204504e+04
1.332696005991013408e+04
1.344117661943319763e+04
1.350964672801635970e+04
1.364898910788381727e+04
1.377298579694897489e+04
1.387902076677316290e+04
1.398405980603448188e+04
1.433847039106145166e+04
1.463243713956170723e+04
1.499394328358208986e+04
1.533591923551171385e+04
1.570561670918367417e+04
1.610237005277044773e+04
1.648670231607629466e+04
1.685835533707865034e+04
1.730681104651162968e+04
1.770384407796102096e+04
1.293706232159847787e+04
1.298152687140115086e+04
1.302275508228460785e+04
1.309288655256723723e+04
1.319935264982664739e+04
1.327821782674011047e+04
1.335893924050632995e+04
1.346035348360655735e+04
1.363086496350364905e+04
1.370522748815165869e+04
1.385249385355424965e+04
1.395854137371552133e+04
1.429208907563025241e+04
1.456236678200692040e+04
1.488146634901727157e+04
1.529439221741815891e+04
1.568418094629156076e+04
1.602622493403693989e+04
1.639904625850340017e+04
1.682687464788732541e+04
1.720896661828737342e+04
1.763065767790262180e+04
1.293738053949903588e+04
1.296330746847720729e+04
1.307458230958230888e+04
1.316484634510193973e+04
1.323170617780010070e+04
1.333088414634146284e+04
1.347119246646026841e+04
1.359247541841004204e+04
1.373131193633952171e+04
1.379199839486356359e+04
1.391202819956616077e+04
1.421833949579832006e+04
1.453821412037037044e+04
1.489261616766466977e+04
1.527471836228287793e+04
1.565931879409878093e+04
1.592924473684210534e+04
1.637856928327645073e+04
1.682994487632508753e+04
1.716639607558139687e+04
1.765537528259231476e+04
1.298994376528117391e+04
1.307272007912957451e+04
1.311993516209476365e+04
1.322419283190307942e+04
1.334928008192524248e+04
1.346150363070539424e+04
1.357661974789915985e+04
1.366575530785562660e+04
1.379845018847603751e+04
1.389015958605664491e+04
1.423971009588268498e+04
1.455949446709376753e+04
1.485171848739495726e+04
1.526247230864965786e+04
1.560160295060936551e+04
1.596745929847783009e+04
1.643365178571428623e+04
1.681332198581560442e+04
1.707362481857764942e+04
1.758037471783295769e+04
1.304854942871336243e+04
1.313879658463083797e+04
1.326306469689251207e+04
1.336742444559051000e+04
1.348139999999999964e+04
1.359915230037017500e+04
1.367233653846153902e+04
1.377677014602487907e+04
1.391366831140350951e+04
1.420645104697226998e+04
1.453338200934579436e+04
1.488645498489426063e+04
1.528004315196998141e+04
1.566937580853816326e+04
1.600019399999999951e+04
1.638582105987611794e+04
1.678076917613636397e+04
1.719830645161290158e+04
1.760106122448979659e+04
1.319772994923857914e+04
1.327445897435897496e+04
1.338738940809968881e+04
1.349779978980557098e+04
1.359166028708134036e+04
1.373177495952509526e+04
1.383820687772925703e+04
1.396543331488655167e+04
1.426680136986301295e+04
1.463459042553191466e+04
1.487315706488781143e+04
1.527316708542713604e+04
1.560677475728155332e+04
1.600168628762541812e+04
1.641314661134163180e+04
1.678054739843193238e+04
1.720418335787923570e+04
1.753008012093726211e+04
1.333564888658725977e+04
1.343278219895288021e+04
1.351897564849126502e+04
1.365772810317033873e+04
1.376359347826086923e+04
1.389778996692392502e+04
1.401152760736196251e+04
1.427978071182548774e+04
1.463486350148368001e+04
1.500782371007370966e+04
1.538019377382465063e+04
1.565082605863192111e+04
1.606029399865138294e+04
1.641669097222222263e+04
1.680908810888252265e+04
1.717041740412979198e+04
1.770312930374904317e+04
1.346820168954593464e+04
1.357712834224598919e+04
1.371933459869848230e+04
1.378548385331143982e+04
1.394374222222222306e+04
1.402468367919237244e+04
1.434125940938042913e+04
1.469568663870581258e+04
1.498978866296980959e+04
1.533331702668360776e+04
1.573759736842105303e+04
1.608195731707317100e+04
1.649730672268907438e+04
1.688215028901733967e+04
1.727977529761904589e+04
1.761909021406727697e+04
1.364568466522678136e+04
1.374202730748225076e+04
1.391504273029966680e+04
1.397302069351230421e+04
1.409343431483578752e+04
1.437916511085180900e+04
1.472820675105485316e+04
1.507828047263681583e+04
1.542990314304041021e+04
1.579284712111184672e+04
1.614879234972677659e+04
1.650232278481012690e+04
1.693576090116279011e+04
1.737009827456864150e+04
1.773458487654320925e+04
1.386340287769784118e+04
1.393730988274706942e+04
1.407337860780984738e+04
1.419075200458190193e+04
1.451269544648137162e+04
1.480451124620060727e+04
1.519761044682190004e+04
1.543938193548387062e+04
1.587098262032085586e+04
1.621909566414315123e+04
1.660987083037615230e+04
1.703480425219941390e+04
1.740238084464555141e+04
1.779550776397515438e+04
1.402153216704288934e+04
1.413870474014848696e+04
1.425736994219653207e+04
1.455661465157832026e+04
1.490529274292742957e+04
1.523458111533586816e+04
1.551718790637191159e+04
1.596287929871881352e+04
1.624506154910096848e+04
1.669838108882521556e+04
1.702000661764705728e+04
1.749184866920152126e+04
1.790920924764890151e+04
1.422969284064665044e+04
1.437701989467524800e+04
1.467524472573839739e+04
1.495348698884758414e+04
1.529738122605363969e+04
1.563255592105263167e+04
1.596642789438050022e+04
1.637151048951048870e+04
1.671152086330935344e+04
1.719293149664929297e+04
1.755443108728943480e+04
1.796067350157728652e+04
1.444356205673758814e+04
1.474343890577507591e+04
1.504058124999999927e+04
1.539274903225806520e+04
1.570023806366047756e+04
1.613727247769389214e+04
1.650132059447983193e+04
1.688070575382374227e+04
1.720444727000748026e+04
1.759234334103156289e+04
1.795576284584980385e+04
1.496223723536737270e+04
1.528488582424631204e+04
1.564043584656084568e+04
1.603178020477815699e+04
1.635813904494382041e+04
1.668200576368876136e+04
1.702179925925926000e+04
1.747023871461362069e+04
1.782913354281225475e+04
1.827127611336032351e+04
1.559059141914191423e+04
1.594876546566961224e+04
1.625111033519552984e+04
1.662965061107117072e+04
1.694396605166051813e+04
1.738959222560975468e+04
1.773285457388584837e+04
1.814166934835076609e+04
1.853402561983471242e+04
1.620080209059233493e+04
1.661333932422717407e+04
1.689169734904270808e+04
1.728377634571645103e+04
1.761028904428904571e+04
1.801316227018385325e+04
1.842998684210526335e+04
1.885087320371935857e+04
1.686446431199411381e+04
1.724372293716881177e+04
1.754299612703330786e+04
1.797551157222665643e+04
1.834221375921375875e+04
1.874474432296047235e+04
1.910684641932700470e+04
1.751601857585139442e+04
1.793559203187251114e+04
1.829956336876533169e+04
1.863901338912133724e+04
1.906342291128337820e+04
1.944351809355692967e+04
1.828672035977105406e+04
1.862671213389121476e+04
1.903649397590361332e+04
1.938140228873239539e+04
1.980219801084990831e+04
1.899286855670103250e+04
1.935355233069481255e+04
1.977345618789521177e+04
2.010647460757155932e+04
1.967345413669064874e+04
2.003908931860036682e+04
2.051823863636363603e+04
2.046582797731569008e+04
2.074982466281310190e+04
2.121874777448071109e+04
