1.848732048844909741e+03
1.888212629947416644e+03
1.927039650830789697e+03
1.968221807167284624e+03
2.009566930182218357e+03
2.083741710897007124e+03
2.169617510479745761e+03
2.238412131740938548e+03
2.328926913883699854e+03
2.393665652726089320e+03
2.485694866316663138e+03
2.531116343619278268e+03
2.613733726264717916e+03
2.689170296903947929e+03
2.722459742374820053e+03
2.799437491286513705e+03
2.912424162137872827e+03
2.993189143829802106e+03
3.061284643123676688e+03
3.121119934827712768e+03
3.287281760087540079e+03
3.510565891314469809e+03
3.663603964849676686e+03
3.764744004624075387e+03
3.932840414162314573e+03
4.176603699297790627e+03
4.377970071950350757e+03
4.496446528053841575e+03
4.613308854523762420e+03
4.779182982604038443e+03
5.270338649863359024e+03
5.524453321156009224e+03
5.734226880601770063e+03
5.833637398791013766e+03
6.325687065577707472e+03
7.238235570201889459e+03
7.509450359003150879e+03
7.921091473581756873e+03
8.253474907496027299e+03
8.307980148428068787e+03
1.916770720008329590e+03
1.957163401281229653e+03
1.997690871290848690e+03
2.036370261772192180e+03
2.118805553136288381e+03
2.198000809930490504e+03
2.285243993234962090e+03
2.345531337871837422e+03
2.431148980315701920e+03
2.488609342260572248e+03
2.570105025962025593e+03
2.646424700922051670e+03
2.712276824704870705e+03
2.806748611533077110e+03
2.899175283320008930e+03
2.973382190543619799e+03
3.036941228669627890e+03
3.080755991251995965e+03
3.127196710016525685e+03
3.370331633022162805e+03
3.491528898063256293e+03
3.604730514383215450e+03
3.852940060583186551e+03
4.082091880635992766e+03
4.207417290586196941e+03
4.335277546355922823e+03
4.509725838677130014e+03
4.698110694027741374e+03
4.937088677253776950e+03
5.233146915457859905e+03
5.394767704640474221e+03
5.778763928215049418e+03
6.495198384212420024e+03
6.939057872928583492e+03
7.168875691825040121e+03
7.567392619380376345e+03
7.674984332732983603e+03
7.887504765420545482e+03
8.305543954566721368e+03
1.983736018142552666e+03
2.023881923508349701e+03
2.064154273165037011e+03
2.146836739188075626e+03
2.230416508740597237e+03
2.291590449134065693e+03
2.384576136106848935e+03
2.451793912990488025e+03
2.531425801707775463e+03
2.619091618952201770e+03
2.685085794489547425e+03
2.763656580751500769e+03
2.860614223909597513e+03
2.923913865103706030e+03
2.954716126817262193e+03
3.007139988506876762e+03
3.093020819741704145e+03
3.212131654422485553e+03
3.347733029862609783e+03
3.479259923253384841e+03
3.738120554777046436e+03
3.892346139582739397e+03
4.044910579011087520e+03
4.270663495634440551e+03
4.474044745166746907e+03
4.713851104421416494e+03
4.809308429096672626e+03
4.948705898081957457e+03
5.184933465366547352e+03
5.608760104344215506e+03
6.189202483245559051e+03
6.606851911579010448e+03
6.752728531193335584e+03
7.117681770273619804e+03
7.092122853843809025e+03
7.608713468596544772e+03
7.989280377997127289e+03
8.527237117528395174e+03
2.049733570616661382e+03
2.091003961373382481e+03
2.172159486402030325e+03
2.245190093688000616e+03
2.335077069489931546e+03
2.410938846266959899e+03
2.488560427820976656e+03
2.577122604708595645e+03
2.630312267840246477e+03
2.713592271190184874e+03
2.810731931284823986e+03
2.859581157297577647e+03
2.889441197046931393e+03
2.973667542911104647e+03
3.111976558903005298e+03
3.189572351171232640e+03
3.232196789230436025e+03
3.385860282939799617e+03
3.623360376668459594e+03
3.780807201973700103e+03
3.933842273224447126e+03
4.168916468790296676e+03
4.366760009783875830e+03
4.531875106683746708e+03
4.601929682742171281e+03
4.762016057436293522e+03
4.891495845346151327e+03
5.270479253172065910e+03
5.787747089286390292e+03
6.058830972460440535e+03
6.337859429074421314e+03
6.672925743386867907e+03
6.931465279030308011e+03
7.291904704917848903e+03
7.691518313006849894e+03
8.096440115247495669e+03
8.262296621519553810e+03
2.114854355904483782e+03
2.196019396572257847e+03
2.278527709136383237e+03
2.367660756431645950e+03
2.430594377151575827e+03
2.522373835928535755e+03
2.582891583175436608e+03
2.658349660883601700e+03
2.753555644650882641e+03
2.797564783618730416e+03
2.850250647943169497e+03
2.961985838430389322e+03
3.075161902455684412e+03
3.132750540543678198e+03
3.166756715717639509e+03
3.232822222084309942e+03
3.484165456869237914e+03
3.667107129730703946e+03
3.813369833714171364e+03
4.032135639684465787e+03
4.214186484144795941e+03
4.339888970010268167e+03
4.451511196632483916e+03
4.616969137028518162e+03
4.793255123228541379e+03
4.994225012837905524e+03
5.403224342150205302e+03
5.670695763687250292e+03
6.015686810813128432e+03
6.332949841118481345e+03
6.601175545727280223e+03
7.043473396621753636e+03
7.365312230739226834e+03
7.708060069976236264e+03
7.746814180500803559e+03
8.087155582289753511e+03
2.242767966724728012e+03
2.324213293406310640e+03
2.402345919745985157e+03
2.481985657986505430e+03
2.556260935440135654e+03
2.646610898143364921e+03
2.705451951597128300e+03
2.791131651047805008e+03
2.891334215466980822e+03
2.971362904998356498e+03
3.030831056070286650e+03
3.102123533278216200e+03
3.186967479368118802e+03
3.276209976840307263e+03
3.359535768322973581e+03
3.522936800751399460e+03
3.722945895414072311e+03
3.891687487930428233e+03
4.052254467835241940e+03
4.170427149636516333e+03
4.389004650022015994e+03
4.520396405913665149e+03
4.698465417155554860e+03
4.896840713134924954e+03
5.045777599040441601e+03
5.405340430370538343e+03
5.718572225827667353e+03
6.032459750520109083e+03
6.447136590043913202e+03
6.648092934017795415e+03
7.031376474352375226e+03
7.245983355118503823e+03
7.577349467238387660e+03
7.752452895346267724e+03
8.057741294214041773e+03
2.367996515828191605e+03
2.449445426692580440e+03
2.531954068230611028e+03
2.609897962572122651e+03
2.691574657355761246e+03
2.782026119350201498e+03
2.858500693301828960e+03
2.934839105611447849e+03
3.012542505988808898e+03
3.091676596797955426e+03
3.172244640413499383e+03
3.252843712899647016e+03
3.323439097472116373e+03
3.390020818198863253e+03
3.572118938861993684e+03
3.738380277616795411e+03
3.902836232475428460e+03
4.088841423102514909e+03
4.227197909983436148e+03
4.388927427815841838e+03
4.571807804880309050e+03
4.758369516814481358e+03
4.962401956823970067e+03
5.140291834503755126e+03
5.438008000956268006e+03
5.787038578671627874e+03
6.122836880921419834e+03
6.435599380754324557e+03
6.735706217093817031e+03
6.977653518206509034e+03
7.245551468528861733e+03
7.649992154428189679e+03
8.338504612374952558e+03
8.809804018004959289e+03
2.490945039049850038e+03
2.572999715671569902e+03
2.656985882865159510e+03
2.738823893918057820e+03
2.820501507598153239e+03
2.897223005862234004e+03
2.974630301729156145e+03
3.059100899655705234e+03
3.140336274948029768e+03
3.210848887902395290e+03
3.286172067046310531e+03
3.365367443233190443e+03
3.430697956637263360e+03
3.612928981350055892e+03
3.793630047799018030e+03
3.965167188423607968e+03
4.115164651413148931e+03
4.289834502179837727e+03
4.500939195552256933e+03
4.677437400066404734e+03
4.860706955733760879e+03
4.994577872190407106e+03
5.152996030123632409e+03
5.525019486074419547e+03
5.850006022264380590e+03
6.195530838529219182e+03
6.408443583995896915e+03
6.728459535572405912e+03
7.207927901404088516e+03
7.597677278100437434e+03
8.106610954893500093e+03
8.509755689833204087e+03
8.901344158954163504e+03
2.611935490489225685e+03
2.695085554261284415e+03
2.777197155121928972e+03
2.856592071300512544e+03
2.938870760116970359e+03
3.020761105995601156e+03
3.099141369951212255e+03
3.175999216882041765e+03
3.252157452500753152e+03
3.324070203959095124e+03
3.399101749747873782e+03
3.476166501938639158e+03
3.665073492074316619e+03
3.837857411237478118e+03
4.009678882526330199e+03
4.209216720699355392e+03
4.383590072345037697e+03
4.557369929463407061e+03
4.702392402383750778e+03
4.869223256343445428e+03
5.063486546807760533e+03
5.257517886273791191e+03
5.581258776682805546e+03
5.864943794559490016e+03
6.132041132635275062e+03
6.632136007618766598e+03
7.076928874655473919e+03
7.450763412274067377e+03
7.862697791941608557e+03
8.232523020010265100e+03
8.591410542978082958e+03
8.823817934486512968e+03
2.731228062844678334e+03
2.813569515193859388e+03
2.897223820983138467e+03
2.978011052377748456e+03
3.058779494100409011e+03
3.137388767355585969e+03
3.211948956523014203e+03
3.291033361785527177e+03
3.372318801720099600e+03
3.451271553673956532e+03
3.526831640909734688e+03
3.711025421074557471e+03
3.882913439854576154e+03
4.082965821996941031e+03
4.255916676183208438e+03
4.428546630911959255e+03
4.581046657473598316e+03
4.753734133865873446e+03
4.957791780663234931e+03
5.118914826740972785e+03
5.299962194863372133e+03
5.581402774090298408e+03
5.903414125690793298e+03
6.433288719489875803e+03
6.827661856818181150e+03
7.175020089404826649e+03
7.564768341858595704e+03
7.881832610371170631e+03
7.984276907297577964e+03
8.351278642054341617e+03
8.777531093862919079e+03
2.849035975878983663e+03
2.932114103831664579e+03
3.014647660118338990e+03
3.094101592943376090e+03
3.173348891256812749e+03
3.256418871849309198e+03
3.337269183922717275e+03
3.414403974323628518e+03
3.491765700972974173e+03
3.567739332569184626e+03
3.749577643244495903e+03
3.948128032886656456e+03
4.128230140369456421e+03
4.300107095081843909e+03
4.462558891094888168e+03
4.645617897087927304e+03
4.832621348130170190e+03
5.002278185823199237e+03
5.156958135141017920e+03
5.312333169231778811e+03
5.661133704908424988e+03
6.078042268813599549e+03
6.498488144210647988e+03
6.877632229051031572e+03
7.180049854959398544e+03
7.529435600525083828e+03
7.756556655153716747e+03
8.212517043231116986e+03
8.623558310538710430e+03
9.015247135989638991e+03
2.965536283621826442e+03
3.047791808539516751e+03
3.129899988783374283e+03
3.213109729280598913e+03
3.293663322088193127e+03
3.373064429108815148e+03
3.452392902612870785e+03
3.527497836120550801e+03
3.603631386014397776e+03
3.802501775488766270e+03
3.989228091609591502e+03
4.165388703422564504e+03
4.340580601299709997e+03
4.528049126731631986e+03
4.706643775935525809e+03
4.870543005724763134e+03
5.040050150833902990e+03
5.208534622597255293e+03
5.383242823536492324e+03
5.815913375572259611e+03
6.185167467990102523e+03
6.555882521824210016e+03
6.894798650182611709e+03
7.143612269385761465e+03
7.464184298178954123e+03
7.958859625006494753e+03
8.362117987881400040e+03
8.597152018332408261e+03
8.717316832129701652e+03
3.080877332416566787e+03
3.164148514460102888e+03
3.246223114288080978e+03
3.327871482907597056e+03
3.408357832050766774e+03
3.485493023758571780e+03
3.565102822624768123e+03
3.645812821183295910e+03
3.840832234871783385e+03
4.028872349041424968e+03
4.206752778769204269e+03
4.396242205134981305e+03
4.572949964871213524e+03
4.747685329897123665e+03
4.914656506963952779e+03
5.076127978739011269e+03
5.282288805187897196e+03
5.493415078779587930e+03
5.868978716579382308e+03
6.233628518147879731e+03
6.537368135413637901e+03
6.840718881521052026e+03
7.280704029241643184e+03
7.625194890392372145e+03
8.056845419550386396e+03
8.282751344173822872e+03
8.605456498602008651e+03
8.849695814002914631e+03
3.195184633889436100e+03
3.278274792953964607e+03
3.360144529658800366e+03
3.439969064548532060e+03
3.522179079567546069e+03
3.604022856438345116e+03
3.683823954663438144e+03
3.876576220592741720e+03
4.064090327167392388e+03
4.255815825502636471e+03
4.445545589000210384e+03
4.618124266366912707e+03
4.785117297191185571e+03
4.956511395144101698e+03
5.148916274047054685e+03
5.356886334890772559e+03
5.546655513779838657e+03
5.894019319982120578e+03
6.212021280432969434e+03
6.578350786298980893e+03
6.929934337936054362e+03
7.349165968529509883e+03
7.573751476075638493e+03
8.056226208416088411e+03
8.330510323182537832e+03
8.435218053857817722e+03
8.860915502482752345e+03
3.308565389935286021e+03
3.391035086747420337e+03
3.473673843743003999e+03
3.556350821807471220e+03
3.636863638894551514e+03
3.716256901535353791e+03
3.909847291170136486e+03
4.104037745176058706e+03
4.296370961635874664e+03
4.479090677487602989e+03
4.655524949740411103e+03
4.832546317770447786e+03
5.023555750245919626e+03
5.212711360348347625e+03
5.394195768071670500e+03
5.570439975247294569e+03
5.899538764875677771e+03
6.261756345167508698e+03
6.697577177708540148e+03
7.017378515038822115e+03
7.361710917174474162e+03
7.687076164244454048e+03
7.941683593320352884e+03
8.117136447302780653e+03
8.451808912961590977e+03
8.687876731757800371e+03
3.421111565862227508e+03
3.504248786414073038e+03
3.586388064683948869e+03
3.667758188792551664e+03
3.748494213059240337e+03
3.945101084154118325e+03
4.144043613868223474e+03
4.331841150913095589e+03
4.518156271047037990e+03
4.698911888406594699e+03
4.888254064977049893e+03
5.074177035643655472e+03
5.254239395479787163e+03
5.430298922521703389e+03
5.611977722034281214e+03
5.943642560949275321e+03
6.352294780152744352e+03
6.704105333378807700e+03
7.036303092017032213e+03
7.359469358662495324e+03
7.546577504126624262e+03
7.834714797741610710e+03
8.378022034561588953e+03
8.629559700679068555e+03
9.046353638151436826e+03
3.532903193310071856e+03
3.615844527051830937e+03
3.697982031785146773e+03
3.778854186622733323e+03
3.981368852588628215e+03
4.177061207566957819e+03
4.370190905978613046e+03
4.552964207198588156e+03
4.742225968888496027e+03
4.934482766649957739e+03
5.116652252554319602e+03
5.286693624862127763e+03
5.460294025799504197e+03
5.636614309624062116e+03
6.001358281966692630e+03
6.397014935145283744e+03
6.742219459939328772e+03
7.082290321549006876e+03
7.407591899794368146e+03
7.608760634804515576e+03
7.924995371447691468e+03
8.602981060341719058e+03
9.068621781992113029e+03
9.379133783014258370e+03
3.644009620777151213e+03
3.726417429638271642e+03
3.808368249976575498e+03
4.012732954772255198e+03
4.209733122693375662e+03
4.403973170801010383e+03
4.590709944771635492e+03
4.787334529442307030e+03
4.973228269539540634e+03
5.145835645866061896e+03
5.325237889069300763e+03
5.504097836667234333e+03
5.676441144131609690e+03
6.067559357061133596e+03
6.410152256334084996e+03
6.728053359442657893e+03
7.042216290558564651e+03
7.338354543159470268e+03
7.676152686938030456e+03
8.328354565423949680e+03
8.697957000489792335e+03
9.054848715766089299e+03
9.452301203285016527e+03
3.754491642811229212e+03
3.837432235466967086e+03
4.041628592078330712e+03
4.242002396214792498e+03
4.435513585207202595e+03
4.628235152088614086e+03
4.823520961474350770e+03
5.005234770767340706e+03
5.185442811270379934e+03
5.363202242056292562e+03
5.538942923886229437e+03
5.730848912839250261e+03
6.097911990331177549e+03
6.420903452433332859e+03
6.772733621175627377e+03
7.065278932100960446e+03
7.586086965134395541e+03
7.883102488202656787e+03
8.333537832337609871e+03
8.757560755044605685e+03
9.112385604689156025e+03
9.517311275466854568e+03
3.864402690199957306e+03
4.070254221657013204e+03
4.271100447867125695e+03
4.468539508932988610e+03
4.666435355120055647e+03
4.858772344705489559e+03
5.042649916683373704e+03
5.223010369232907578e+03
5.398589018243966166e+03
5.590593931485775101e+03
5.771139622502500970e+03
6.125389186001488270e+03
6.462656345474186310e+03
6.772376908106634801e+03
7.163208148708041335e+03
7.589519801326101515e+03
8.036368130329705309e+03
8.425355556278309450e+03
8.819178978665586328e+03
9.175495657235094768e+03
9.461097894940001424e+03
4.136980606238161272e+03
4.342423754205507066e+03
4.544975321104655450e+03
4.743207068928451918e+03
4.936589450103339004e+03
5.123713677840448327e+03
5.318243299374847993e+03
5.499978937306356784e+03
5.682487920818472048e+03
5.854163569776492295e+03
6.200987338824024846e+03
6.573208762700285661e+03
6.984078066250758638e+03
7.383241106616499565e+03
7.774920313874911699e+03
8.160176737117038101e+03
8.556898094078755094e+03
8.869575446303044373e+03
9.291006416232185074e+03
9.461045134452077036e+03
4.406881934272104445e+03
4.612278076703788429e+03
4.812859956173720093e+03
5.009632252457219693e+03
5.209412622686069881e+03
5.399847100510859491e+03
5.586316117347620093e+03
5.763757645127445358e+03
5.944345842355148307e+03
6.314935324502946060e+03
6.711638900238203860e+03
7.093351560330002030e+03
7.475703574680019301e+03
7.810454812461491201e+03
8.120275855874678200e+03
8.496322621816498213e+03
8.896020101048292418e+03
9.425700522975148488e+03
9.734749357435959610e+03
4.674570457587680721e+03
4.879341215816090880e+03
5.083124793198851876e+03
5.279001783450697076e+03
5.473011275620336164e+03
5.663235601155131917e+03
5.850457073281865632e+03
6.034941089994629692e+03
6.425074075457228901e+03
6.800765666694636820e+03
7.176106357161779670e+03
7.518421375451356653e+03
7.910294406387193703e+03
8.252112995791874710e+03
8.728890292033318474e+03
9.089038867981453222e+03
9.513303231139361742e+03
9.850872443844078589e+03
4.940405822005739537e+03
5.145700423168085763e+03
5.348267008031790283e+03
5.544738815801612873e+03
5.739081235860639026e+03
5.930983051020404673e+03
6.133994843535330801e+03
6.504952519619749182e+03
6.865017968064270462e+03
7.246304110723802296e+03
7.596428041036921059e+03
8.035120168984740303e+03
8.442160856128983141e+03
8.763159562906157589e+03
9.127825051997613627e+03
9.471219699715826209e+03
9.956810631354182988e+03
5.204671754595875427e+03
5.409559992176010383e+03
5.609885490966234102e+03
5.811259776878626326e+03
6.010899327846716915e+03
6.204590693788608405e+03
6.582439313386672438e+03
6.938112027639707776e+03
7.332788395116436732e+03
7.722562477247210154e+03
8.128226692559339426e+03
8.454260783160512801e+03
8.819535508154027411e+03
9.225584601116046542e+03
9.490186964631207957e+03
9.767302730009811057e+03
5.467596014122568704e+03
5.672250452475916063e+03
5.876357748526247633e+03
6.074286488610295237e+03
6.271608916387808677e+03
6.650820775966346446e+03
7.022628123182759737e+03
7.407916298805827864e+03
7.783783756602646463e+03
8.176887919828549457e+03
8.551376437452088794e+03
8.805151960428682287e+03
9.137924379114896510e+03
9.471105004603759880e+03
9.797646603175164273e+03
5.729363798731880706e+03
5.934215331550684823e+03
6.135804954102463853e+03
6.333046005313504793e+03
6.723400983030402131e+03
7.112773822751858461e+03
7.473713349551546344e+03
7.858411680563486698e+03
8.224284903938625575e+03
8.526300447206773242e+03
8.936961048556313472e+03
9.211739825400381960e+03
9.688209500187362210e+03
1.012935737355036690e+04
5.990125777985163040e+03
6.194282076191827400e+03
6.395308771149871063e+03
6.793824208690002706e+03
7.182999652756261639e+03
7.552399177123899790e+03
7.911128536944821462e+03
8.252903846015329691e+03
8.628945794312281578e+03
9.015523219823104228e+03
9.403125035740366002e+03
9.852470378449846976e+03
1.023279432040779102e+04
6.250008789395473286e+03
6.454789827535993936e+03
6.857898142638193349e+03
7.245839899689037338e+03
7.626000178910250725e+03
7.978419141335531094e+03
8.346643561631904959e+03
8.733844900630983830e+03
9.122514737839112058e+03
9.586480878463553381e+03
1.000449089955646377e+04
1.037955008638825893e+04
6.509117247571999542e+03
6.916849212848024763e+03
7.311805739263578289e+03
7.684751108638940423e+03
8.051223886477986525e+03
8.414447811600050045e+03
8.839946066092195906e+03
9.221890533902147581e+03
9.652723303898093945e+03
1.004179567149624563e+04
1.047605920889462504e+04
7.025354723067863233e+03
7.428261515712864821e+03
7.823158561315600309e+03
8.216612510280909191e+03
8.612418577565094893e+03
8.987336335019153921e+03
9.385499327278730561e+03
9.796652884653936781e+03
1.019466839172074287e+04
1.056530491925059505e+04
7.539403794165846193e+03
7.948870984530050919e+03
8.346330569949985147e+03
8.738166302678620923e+03
9.128233570750775471e+03
9.524962095941406005e+03
9.875808195453855660e+03
1.024975118387424845e+04
1.061997408977592022e+04
8.051683582902196576e+03
8.459572839915048462e+03
8.862858591253190752e+03
9.256359983772277701e+03
9.598063003630855746e+03
1.000149321131080069e+04
1.042237013037365796e+04
1.081228818005943867e+04
8.562511885688851180e+03
8.968878785690772929e+03
9.369614731810219382e+03
9.757724845911503508e+03
1.016286068360462377e+04
1.055180168852903080e+04
1.094515442437692400e+04
9.072133670636771058e+03
9.476549980483487161e+03
9.888833050341841954e+03
1.028951169995753298e+04
1.066238150826552010e+04
1.105778767236645945e+04
9.580741591349828013e+03
9.991571477958803371e+03
1.038822579203692294e+04
1.079519700487676346e+04
1.117444743508369174e+04
1.008848892234703999e+04
1.049831959487099084e+04
1.090170534454822700e+04
1.128009560937710376e+04
1.059549945572507932e+04
1.099548988741878748e+04
1.139257647981555056e+04
1.110187411440323922e+04
1.150597941133062523e+04
1.160769608836249245e+04
