1.848732044198851781e+03
1.888820449890715508e+03
1.929191847085526661e+03
1.970119071335987655e+03
2.010536245543144787e+03
2.086778207760833538e+03
2.174615680684999006e+03
2.251059268321517720e+03
2.334096243314006188e+03
2.410220377930815175e+03
2.485080312263589349e+03
2.535920004028531821e+03
2.643172193209890793e+03
2.723253221807399314e+03
2.774982740768289659e+03
2.824720317403449826e+03
2.914470030098207644e+03
3.019320974999417103e+03
3.089574867197955882e+03
3.144388175781141399e+03
3.320742881776074228e+03
3.501597804904592977e+03
3.700779983565407292e+03
3.815595170671367214e+03
3.987026492120747662e+03
4.196149778872922070e+03
4.363972186909621087e+03
4.498743026174330225e+03
4.664052899184849593e+03
4.862778242245006368e+03
5.277136537779007995e+03
5.561319086913868887e+03
5.862524459789307912e+03
6.097934610221331241e+03
6.491707705172982969e+03
7.239559988065800098e+03
7.579585177821577417e+03
8.016424949769943851e+03
8.298988767392442242e+03
8.418498460308052017e+03
1.916770720434067243e+03
1.957480796701226382e+03
1.998179723040967247e+03
2.038858330167285658e+03
2.122174341810315127e+03
2.201889410000339467e+03
2.280307327650241405e+03
2.362516295976272886e+03
2.437180355726155540e+03
2.493953786034307996e+03
2.598651216625097277e+03
2.673058163200433228e+03
2.737633767700630870e+03
2.809791410154578443e+03
2.906372075979613328e+03
2.984457954007916214e+03
3.047174745160287330e+03
3.098189572357847283e+03
3.176655696876703132e+03
3.360957674608786419e+03
3.554745201358844497e+03
3.696738442671225584e+03
3.869230927493335457e+03
4.059191098936099479e+03
4.209530878787080837e+03
4.360494011597105782e+03
4.538481555130292691e+03
4.797567545818938015e+03
4.991714347382076994e+03
5.254777024243315282e+03
5.530519614191073742e+03
5.822798296226945240e+03
6.412333440096233062e+03
6.975945330836450921e+03
7.323327591047542228e+03
7.623770137567628808e+03
7.811369794056203318e+03
7.972640163494700573e+03
8.255767311506557235e+03
1.983736015091630179e+03
2.024727376633531094e+03
2.065659781612132520e+03
2.147269759332443300e+03
2.227006470510518284e+03
2.308113417722695885e+03
2.391751160512456408e+03
2.459899013077867949e+03
2.550003704994932832e+03
2.626472738228692833e+03
2.701421459914797651e+03
2.780337555817735847e+03
2.864822530181957973e+03
2.940006645928121998e+03
2.992677905335062860e+03
3.056925210555783451e+03
3.140946846140937396e+03
3.221223920603648367e+03
3.400405598961270243e+03
3.582853621094832306e+03
3.740675938205986768e+03
3.905599674808565851e+03
4.052903451671709263e+03
4.257278741663812070e+03
4.491189334096258790e+03
4.717393111731278623e+03
4.802521699768319195e+03
4.948066173224017803e+03
5.260826806507701804e+03
5.576646143136798855e+03
6.082628439434189204e+03
6.641706270182545268e+03
6.927834776099525698e+03
7.122337804937128567e+03
7.370577557184447869e+03
7.580275862876695101e+03
7.895271856098258468e+03
8.328234450880187069e+03
2.049733571603382188e+03
2.091073408096008734e+03
2.174097244175849482e+03
2.250915456375414578e+03
2.338881206452377228e+03
2.417050452717731787e+03
2.499062714915609376e+03
2.577990430943260890e+03
2.650906470874985644e+03
2.735316185808069804e+03
2.815956571114306826e+03
2.890932654828704472e+03
2.943672532985085581e+03
3.019003290614477010e+03
3.114438689984183839e+03
3.179227578062907469e+03
3.246287173832360168e+03
3.457869450651985971e+03
3.623554801300065719e+03
3.765228521057240414e+03
3.923329499503582156e+03
4.142363151775391998e+03
4.377385891993686528e+03
4.556804924500722336e+03
4.668264808217126301e+03
4.794693593736316870e+03
4.965548163647392357e+03
5.289745427021913201e+03
5.756290511025596061e+03
6.223153839330911978e+03
6.499121443631504917e+03
6.827462297247478091e+03
7.007179504411358721e+03
7.363029992102766300e+03
7.661044310445803603e+03
8.094002423120216918e+03
8.413806154537754992e+03
2.114854359708876473e+03
2.196418005641697619e+03
2.281150722157634391e+03
2.366672185675565743e+03
2.443671771247342804e+03
2.524393452804848948e+03
2.597716496488399116e+03
2.681769579018895911e+03
2.762620942047055451e+03
2.838098238016056712e+03
2.902977723868045359e+03
2.982681175577788053e+03
3.071426407419623956e+03
3.128885047310453501e+03
3.193492898332189270e+03
3.286742016097227406e+03
3.490092726116727135e+03
3.639682042895872655e+03
3.798665997496329510e+03
4.000113653256446014e+03
4.209331066286102214e+03
4.389293695291566110e+03
4.492866675181458049e+03
4.665988396266196105e+03
4.845353251289154286e+03
5.001653899183043904e+03
5.365721447866771996e+03
5.852617787768796006e+03
6.164339218361530584e+03
6.457036098887860135e+03
6.752746332799053562e+03
7.069055740529295690e+03
7.344730025504488367e+03
7.753461727159402471e+03
8.162492070051904193e+03
8.445782287635720422e+03
2.242767968755843867e+03
2.327079947651970542e+03
2.408000518402701346e+03
2.490207027634511633e+03
2.566993711526946299e+03
2.651951460308393052e+03
2.728913586843608755e+03
2.816004598629488555e+03
2.889529175453355947e+03
2.965272866404262004e+03
3.035770846959672781e+03
3.113015388973854897e+03
3.207354544965074183e+03
3.290532786346651847e+03
3.358203767234127099e+03
3.519114342423361904e+03
3.702226898156061452e+03
3.882943511295566623e+03
4.072917657286710437e+03
4.201125865445707859e+03
4.405717265380707431e+03
4.582403574277418556e+03
4.706423070006644593e+03
4.890557241718789555e+03
5.105781207630725476e+03
5.497344589808430101e+03
5.838449536064997119e+03
6.170794174942908285e+03
6.452139410404053706e+03
6.774076637502978883e+03
7.211311984047223632e+03
7.560521780883934298e+03
7.962120691514848659e+03
8.148566122122461820e+03
8.471738290538960428e+03
2.367996517845298513e+03
2.451480991654475019e+03
2.533470328521974352e+03
2.614746865814028752e+03
2.698675108120035020e+03
2.782730863036449591e+03
2.857318002375935066e+03
2.936260943033647891e+03
3.014081295055725604e+03
3.096585502118132354e+03
3.179480073755878948e+03
3.251303311767688228e+03
3.320626069961661869e+03
3.391326302990168188e+03
3.576217244007960289e+03
3.760573808531702070e+03
3.930502309731687546e+03
4.097301627346561872e+03
4.274911992847219153e+03
4.433538856028630107e+03
4.598407150858149180e+03
4.797897305736280941e+03
5.019424833482853501e+03
5.191106508522606418e+03
5.526172311269318925e+03
5.852858214294795289e+03
6.189407429025694000e+03
6.552028789285893254e+03
6.962374874972342695e+03
7.262318521601127941e+03
7.575691810260557759e+03
7.910903381813012857e+03
8.262974097608475859e+03
8.544476533961345922e+03
2.490945041791191215e+03
2.574248747443195498e+03
2.657791911355119282e+03
2.739867020538042198e+03
2.821467615070641386e+03
2.901280334530336404e+03
2.980015032791119665e+03
3.061880886797595394e+03
3.140865012210967507e+03
3.215413427859084550e+03
3.292297170403440759e+03
3.370344365448564076e+03
3.441356860204356053e+03
3.626608473963931829e+03
3.808911771668973415e+03
3.982854295744977662e+03
4.157662096637204741e+03
4.308777176837442312e+03
4.506506090578040130e+03
4.703237986320943492e+03
4.882873749509819390e+03
5.050290972479870106e+03
5.222633152099574545e+03
5.561466714891059382e+03
5.895591670148050071e+03
6.313573402358370004e+03
6.624642697308421702e+03
6.972060752601994864e+03
7.372634319119821157e+03
7.657141511740806891e+03
8.023180454079528317e+03
8.376213021196987029e+03
8.702362064178509172e+03
2.611935493541529013e+03
2.695553765126637700e+03
2.778684339532031572e+03
2.860047246641915081e+03
2.941362390174597749e+03
3.022729826694334861e+03
3.101162988984875483e+03
3.181236960857463600e+03
3.259176658723287346e+03
3.334220962964436239e+03
3.409026886090774042e+03
3.483834183035834940e+03
3.677999348592271417e+03
3.854824937763671642e+03
4.036985759395624882e+03
4.205491473307650267e+03
4.393892744437895090e+03
4.577241100857866513e+03
4.738848124294479021e+03
4.921848839500308713e+03
5.103293701168211555e+03
5.267615149822669991e+03
5.626723203074993762e+03
5.991848808918970462e+03
6.329208988265058906e+03
6.728240070876184291e+03
7.066325364648030700e+03
7.368781689587610344e+03
7.724491598645213344e+03
8.089258434706737717e+03
8.467913898667722606e+03
8.750475645707780131e+03
2.731228062008830875e+03
2.814708248917504989e+03
2.897703883176674935e+03
2.979527793669140010e+03
3.060291460604878012e+03
3.142088817737781028e+03
3.219875810692170489e+03
3.298124152236699956e+03
3.376354707313748349e+03
3.454982204569718760e+03
3.533583493273169097e+03
3.720289136913585935e+03
3.902536740182607446e+03
4.084593270221260809e+03
4.269540541127804318e+03
4.443980865069805986e+03
4.614080516686336523e+03
4.786892282849799813e+03
4.971988348431585109e+03
5.144590780912647460e+03
5.326248105999365180e+03
5.688490161277759398e+03
6.034734013110039996e+03
6.446350900989993534e+03
6.805842618003621283e+03
7.103748450567993132e+03
7.471785038052851633e+03
7.839696440814961534e+03
8.075849237694503245e+03
8.418606232488533351e+03
8.772150305919056336e+03
2.849035978543049168e+03
2.932514953414010961e+03
3.015390131497792026e+03
3.097550377927492264e+03
3.177673196733609529e+03
3.258299532363158050e+03
3.338545361691612925e+03
3.418858597177637421e+03
3.496754240071225922e+03
3.574615624437453334e+03
3.763079919779934244e+03
3.950292428970555193e+03
4.137845565849587729e+03
4.316478571567370636e+03
4.486311008587624201e+03
4.664916832893452010e+03
4.842305438220971155e+03
5.015360926116862174e+03
5.201198018939179747e+03
5.384061341651884504e+03
5.736965214656547687e+03
6.121038517949336892e+03
6.450781941498115884e+03
6.821136157471831211e+03
7.175436054615949615e+03
7.536516766047052442e+03
7.815880631669891045e+03
8.205596434919103558e+03
8.604893367389842751e+03
8.961650314623360828e+03
2.965536284206623804e+03
3.049036900880268604e+03
3.131414049274712397e+03
3.213669478063430233e+03
3.294747305586926359e+03
3.376587291345847007e+03
3.456260727003816100e+03
3.534049613693303399e+03
3.611069252281157333e+03
3.805646446293666031e+03
3.996575609676124714e+03
4.179291183501411979e+03
4.358572361485870715e+03
4.537496209827409984e+03
4.711610333830502896e+03
4.887631095396790442e+03
5.076839622667839649e+03
5.254257162144011090e+03
5.431448741745412008e+03
5.821340179522831932e+03
6.146445023581326495e+03
6.521589579332943686e+03
6.891190575334549067e+03
7.204389480306876976e+03
7.524504799628081855e+03
7.913372597764148850e+03
8.325857843311338002e+03
8.622634039556522112e+03
8.938125533720574822e+03
3.080877332687517082e+03
3.164327952878424639e+03
3.247097811989865477e+03
3.329594252855677951e+03
3.411104441260202293e+03
3.490797053769748800e+03
3.569983795027277665e+03
3.648861472689978655e+03
3.843096252079507849e+03
4.036648481829061438e+03
4.220685186219350726e+03
4.405112970700790356e+03
4.579898638795547413e+03
4.762205644371337257e+03
4.940340340774930155e+03
5.114371349141353676e+03
5.306019393510048758e+03
5.502947107717172912e+03
5.861913469330161206e+03
6.215661238200051230e+03
6.557513977279666506e+03
6.923524944931287791e+03
7.265801265230568788e+03
7.613957485063751847e+03
8.055508329322147802e+03
8.312012612154048838e+03
8.736620206567438800e+03
9.078062641522048580e+03
3.195184635087462539e+03
3.278725106275328471e+03
3.361473836022779324e+03
3.443078753815493656e+03
3.524035403222171681e+03
3.604932297685267258e+03
3.685224236251121965e+03
3.882013228066792180e+03
4.073310932551235510e+03
4.262519700516038029e+03
4.447332391601039490e+03
4.633451207394651647e+03
4.808477765935432217e+03
4.983072531715912191e+03
5.168972665629359653e+03
5.360406335878385107e+03
5.543000870597774338e+03
5.895440885454961062e+03
6.257537903326970081e+03
6.610020658701697357e+03
6.948803022465441245e+03
7.315362514122004541e+03
7.693880829515546793e+03
8.118385756341980596e+03
8.405505005818995414e+03
8.709427834379635897e+03
9.117359700014450937e+03
3.308565391582699704e+03
3.391958452784894234e+03
3.474329148695999720e+03
3.556377083774139919e+03
3.638050229183213560e+03
3.718428617905331521e+03
3.916682666205878832e+03
4.109913238162322159e+03
4.301184618706585752e+03
4.489233331646873012e+03
4.672412750242677248e+03
4.851279467778119397e+03
5.033162164147116528e+03
5.213249020329370069e+03
5.395404694037159061e+03
5.580040916844985986e+03
5.937129649446219446e+03
6.304755444993003948e+03
6.673753619848726885e+03
7.015140132498817366e+03
7.366010023357102909e+03
7.750635429679522531e+03
8.090250902416163626e+03
8.460364251540706391e+03
8.784210981859727326e+03
9.151320785652484119e+03
3.421111571324492161e+03
3.504391696253304417e+03
3.586965706783181304e+03
3.669053933896739636e+03
3.750635696248382828e+03
3.950118605019401002e+03
4.146457799964650803e+03
4.338447961226836924e+03
4.527852975372706169e+03
4.712882398029508295e+03
4.895122094191086035e+03
5.075720277757225631e+03
5.252300151577422184e+03
5.438723005968449797e+03
5.622458173439244092e+03
5.975746576920796542e+03
6.354408081269180002e+03
6.707116275240581672e+03
7.061994672333579729e+03
7.449354514945260235e+03
7.748970839716806040e+03
8.162434023319545304e+03
8.597419992569341048e+03
8.884173709424776462e+03
9.303578106484781529e+03
3.532903194305984471e+03
3.616171116453948343e+03
3.698792355474072338e+03
3.780883476115687699e+03
3.982247119422965170e+03
4.179975296379665451e+03
4.374586164215204917e+03
4.564908620966079070e+03
4.752191923040481925e+03
4.936025937068968233e+03
5.116998574648863723e+03
5.296529537342967160e+03
5.478572700169782365e+03
5.661702053892247932e+03
6.027137638656996387e+03
6.391756913431020621e+03
6.762288598724033363e+03
7.139875387241182580e+03
7.490407514171625735e+03
7.806078040595621133e+03
8.175441378630518557e+03
8.724135725778671258e+03
9.094589027229712883e+03
9.473759441942887861e+03
3.644009620638488741e+03
3.727191298051461217e+03
3.809737442521488447e+03
4.013466382202357181e+03
4.212705740232467178e+03
4.408576337274770594e+03
4.599324291720735346e+03
4.789137747809636494e+03
4.973941450737836021e+03
5.154841991794611204e+03
5.335838088654410967e+03
5.520210804520776946e+03
5.698421293075619360e+03
6.074439880405396252e+03
6.431941121785174801e+03
6.791872097728996778e+03
7.146910432978274002e+03
7.503292503425086579e+03
7.899348107843841717e+03
8.379452424624771083e+03
8.757400080404246182e+03
9.101766691375802111e+03
9.454175552930411868e+03
3.754491651509747044e+03
3.837743308792050811e+03
4.042842957541309715e+03
4.244262226176752847e+03
4.442091724279932350e+03
4.633224099765511710e+03
4.825750435022313468e+03
5.011121696671448262e+03
5.197158278958327173e+03
5.378176853698833838e+03
5.556000812050478999e+03
5.740701778291205301e+03
6.105173127999651115e+03
6.473116483229117875e+03
6.835658377647011548e+03
7.202395554844934850e+03
7.630114149775889018e+03
7.991820202568589593e+03
8.394516344207282600e+03
8.794391645408248223e+03
9.151498242918081814e+03
9.511295824962777260e+03
3.864402686792139320e+03
4.071232255275149328e+03
4.273852546792295470e+03
4.472386092286740677e+03
4.667917757362842167e+03
4.860812206385920035e+03
5.048498471604786573e+03
5.233728689184579707e+03
5.416014941643756174e+03
5.597058006391648632e+03
5.774607468718606469e+03
6.144483796499246637e+03
6.507400421687621929e+03
6.867967326419714482e+03
7.259021526314778384e+03
7.666761367977234841e+03
8.070376963970908037e+03
8.442270181852049063e+03
8.836102133467176827e+03
9.174973119587606561e+03
9.529273092425701179e+03
4.136980599590932798e+03
4.343197402645346301e+03
4.546306722502476987e+03
4.746010153223312955e+03
4.940685008398920218e+03
5.133304713352685212e+03
5.324185062127559831e+03
5.508256835233807578e+03
5.689277471842103296e+03
5.872955911617239508e+03
6.232919205778083779e+03
6.616989749670561650e+03
7.013840299506256088e+03
7.403648763133654029e+03
7.797123722553687003e+03
8.179916190957916115e+03
8.567489920962541873e+03
8.883796709649499462e+03
9.284275340970973048e+03
9.528438549004518791e+03
4.406881933415993444e+03
4.613206177285445847e+03
4.815382009269842456e+03
5.014690353612137187e+03
5.211403504674389296e+03
5.403557828313206301e+03
5.592736020356922381e+03
5.779040352093459660e+03
5.962666878932735017e+03
6.336181074869108670e+03
6.716875894450819942e+03
7.104896907189609010e+03
7.496671682023386893e+03
7.865097558747297626e+03
8.181303734216940938e+03
8.571762231642258484e+03
8.954412591599553707e+03
9.379759789806399567e+03
9.805311522329817308e+03
4.674570454910809531e+03
4.880633038734952606e+03
5.083494592623173048e+03
5.282331270961442897e+03
5.478423580141219645e+03
5.672597246428757899e+03
5.862064793109064340e+03
6.051329202907081708e+03
6.425807013160506358e+03
6.805364776401983363e+03
7.188568268104683739e+03
7.554220412530018621e+03
7.942328391181773441e+03
8.284638478826376740e+03
8.697613810569891939e+03
9.118698528198881831e+03
9.554881339050054521e+03
9.934677205165540727e+03
4.940405816534793303e+03
5.146537516524242164e+03
5.349380195621858547e+03
5.548328215514970907e+03
5.745422641042298892e+03
5.939496106738255548e+03
6.132887921902120070e+03
6.511986442098946100e+03
6.882319012541498523e+03
7.260464719265151871e+03
7.628961049265557449e+03
8.022752915350413787e+03
8.412278567269437190e+03
8.811537997150348019e+03
9.204835785381557798e+03
9.596769337930652910e+03
1.002974522186338072e+04
5.204671754022145251e+03
5.410657609991959362e+03
5.613592463064256663e+03
5.813762163023178800e+03
6.010874540871296631e+03
6.205863784011256939e+03
6.588560084620320595e+03
6.957468694986087030e+03
7.342824872821027384e+03
7.719559335918614124e+03
8.122626202310162626e+03
8.511298811877673870e+03
8.903615434217224902e+03
9.314064370214517112e+03
9.664760549804121183e+03
1.002507247765885586e+04
5.467596014882885356e+03
5.673277964472212261e+03
5.876577162101598333e+03
6.076000197567788746e+03
6.275340114825653473e+03
6.659478530371744455e+03
7.038790830450796420e+03
7.412770193118280076e+03
7.795278031803570229e+03
8.203046064215539445e+03
8.599354667105661065e+03
8.947655026528458620e+03
9.337050652365824135e+03
9.717748041892409674e+03
1.008096545575403798e+04
5.729363798664206115e+03
5.934792379248854559e+03
6.137834199096582779e+03
6.337497351757496290e+03
6.731549544355145372e+03
7.114774572189105129e+03
7.484461625746486789e+03
7.872848614166349762e+03
8.263161571568200088e+03
8.636694295405184675e+03
9.043129797976047485e+03
9.378561684806538324e+03
9.757234659379484583e+03
1.013626063269379119e+04
5.990125780741164817e+03
6.195473727097572009e+03
6.398507111011502275e+03
6.796852245375375787e+03
7.186290111275568051e+03
7.567769920285493754e+03
7.940398641320207389e+03
8.320760426191511215e+03
8.702721886241812172e+03
9.117008829575530399e+03
9.460489408255003582e+03
9.871262576909288327e+03
1.021027669776736366e+04
6.250008787172451775e+03
6.455781049389715008e+03
6.859190594725375377e+03
7.252774517918395759e+03
7.639944872077855507e+03
8.008265674905524975e+03
8.392798839738681636e+03
8.794184670311007721e+03
9.154975690852650587e+03
9.551331734863200836e+03
9.948588220873043610e+03
1.031341328668321512e+04
6.509117241918484979e+03
6.918327887549377010e+03
7.315970571604762881e+03
7.702940504578066793e+03
8.084080256471052053e+03
8.454420719806670604e+03
8.854018921713255622e+03
9.222028564036148964e+03
9.607448282247087263e+03
9.992485145093014580e+03
1.041721895194421631e+04
7.025354722650130498e+03
7.432296044425501350e+03
7.833069084325968106e+03
8.223694942820027791e+03
8.608885360027246861e+03
8.980918401430486483e+03
9.374339498712122804e+03
9.773453670185605006e+03
1.018167876179074847e+04
1.055666568127385653e+04
7.539403792386377972e+03
7.948644939042848819e+03
8.346810511267722177e+03
8.736858677168609574e+03
9.123164124151457145e+03
9.506246999947668883e+03
9.898166135107461741e+03
1.028874615045851351e+04
1.071033584276455622e+04
8.051683583287240253e+03
8.460839064627441985e+03
8.862622454815937090e+03
9.251288458743003503e+03
9.632859301911044895e+03
1.002428735943822721e+04
1.044147245531259250e+04
1.083673727759980102e+04
8.562511885780009834e+03
8.971537038337293779e+03
9.373558027829039929e+03
9.766292840798412726e+03
1.016267120249068466e+04
1.055120761857309481e+04
1.095291795752138205e+04
9.072133672935882714e+03
9.479488949618053084e+03
9.885032278454857078e+03
1.028464500472386862e+04
1.066717802476333964e+04
1.106389169854604734e+04
9.580741591812251500e+03
9.990229359036728056e+03
1.039263692103450194e+04
1.079017000179801835e+04
1.118367616945546615e+04
1.008848892348677327e+04
1.049857998004196270e+04
1.090634812465675350e+04
1.129816226794913746e+04
1.059549945338237558e+04
1.100397716458022114e+04
1.141415180872916972e+04
1.110187410879831441e+04
1.151196550132297489e+04
1.160769609083944670e+04
