1.816224320228067427e+03
1.840221600447179981e+03
1.864071040067952481e+03
1.887921146993599905e+03
1.911670920791086246e+03
1.959076024140493473e+03
2.006134111962299585e+03
2.055965131368390757e+03
2.100355888853303441e+03
2.145417368856152734e+03
2.198462564546682188e+03
2.245140448322414613e+03
2.287446682683158997e+03
2.336186879634089564e+03
2.382476208139253231e+03
2.428489119609838326e+03
2.477252338144417081e+03
2.526292989926037080e+03
2.579097559082390035e+03
2.626454673876294692e+03
2.739093250102424463e+03
2.863312248759609702e+03
2.987580106358936519e+03
3.081072522502169249e+03
3.210358685786201931e+03
3.347793427490698832e+03
3.474629181949838312e+03
3.599066263769822854e+03
3.715570512682391382e+03
3.825740314041335296e+03
1.864217431885926999e+03
1.888322983704659237e+03
1.912207244459753383e+03
1.936013792659761293e+03
1.982919200362658103e+03
2.032342332582517429e+03
2.078340018957909251e+03
2.122674412925771321e+03
2.176146099947446601e+03
2.222286572089967194e+03
2.264167533551764336e+03
2.312281988928368719e+03
2.361304080643779344e+03
2.412751541563102364e+03
2.461560343779276991e+03
2.508242482779034617e+03
2.555171915322700897e+03
2.596307274071109987e+03
2.641609124400584278e+03
2.771186581709514940e+03
2.889674734356595309e+03
2.987367730829087577e+03
3.124974565632141548e+03
3.263352327568372402e+03
3.379728039485233694e+03
3.497581420529008028e+03
3.610011511663759848e+03
3.726148308151372476e+03
3.857087134378477003e+03
1.912412992455871972e+03
1.936195733090977910e+03
1.960113306946856028e+03
2.008187376094944739e+03
2.055879650597240470e+03
2.100522117491938388e+03
2.152033251777711484e+03
2.199651402925166167e+03
2.242544358597803239e+03
2.290925354540788248e+03
2.339997131740552504e+03
2.391217144766015281e+03
2.438911835027198777e+03
2.483591302301870201e+03
2.524920618891818322e+03
2.570840543471657384e+03
2.621356729973650090e+03
2.676497559741209443e+03
2.798393306665777800e+03
2.899492982684125764e+03
3.028959454280433420e+03
3.167029275035115461e+03
3.278119159808221866e+03
3.397796720268517220e+03
3.528338610938866168e+03
3.657766197785717850e+03
3.778449736698385095e+03
3.889086168136211199e+03
1.960039285727098331e+03
1.984354132504657628e+03
2.032245871050464984e+03
2.079096281829434702e+03
2.127712780452356583e+03
2.176769943750372477e+03
2.220708996436787857e+03
2.268516586128746894e+03
2.318344387060054032e+03
2.368487503864755126e+03
2.414861052454497894e+03
2.458084370199730529e+03
2.500495993528600593e+03
2.548763828864055085e+03
2.607478158049703779e+03
2.657320030767024036e+03
2.704233597168226424e+03
2.812293440487418138e+03
2.935309998771602750e+03
3.073058981667265471e+03
3.187718491145820735e+03
3.304012912090535792e+03
3.434296405112721914e+03
3.552180160700448596e+03
3.670261617917966760e+03
3.792410094155202842e+03
3.864104457400941556e+03
2.008618335770580643e+03
2.056149321286297436e+03
2.103995062839350339e+03
2.153217715448423405e+03
2.198561297751926304e+03
2.245553278614016563e+03
2.295292971337898052e+03
2.344276593405331823e+03
2.391330450372302948e+03
2.434037217559858163e+03
2.480074693132140965e+03
2.530905737811157451e+03
2.586514108531714555e+03
2.635310437375190304e+03
2.678954352151088187e+03
2.724051535253301154e+03
2.839420285292556400e+03
2.976425262178629509e+03
3.092262746099790547e+03
3.211267180533208375e+03
3.331548442584337863e+03
3.454268432251956710e+03
3.573076377981091355e+03
3.675328955705650969e+03
3.782273802982990219e+03
3.915646622659785407e+03
2.104393096439568126e+03
2.152652439735415101e+03
2.200097550822346420e+03
2.248375485010668854e+03
2.297710932475834852e+03
2.344750249075272222e+03
2.389418657214612722e+03
2.438218761925134913e+03
2.489642145687697848e+03
2.539778569845864695e+03
2.586529748353777450e+03
2.630908020207923073e+03
2.676593885891851642e+03
2.725901655282408683e+03
2.776142008823528158e+03
2.904845227118453295e+03
3.016890956686928348e+03
3.134478982981347599e+03
3.258787081875615968e+03
3.384836109699404005e+03
3.496765751616869693e+03
3.597619777783710560e+03
3.730613332849951803e+03
3.889089988283576986e+03
4.042158554042526703e+03
2.201073613910663425e+03
2.249219028829391391e+03
2.297815450236380912e+03
2.344749941035730444e+03
2.392238467997616681e+03
2.442623087321964704e+03
2.492399595258326372e+03
2.539762990768781037e+03
2.583960551990000113e+03
2.631224336841733930e+03
2.680678462013054741e+03
2.731932497911470364e+03
2.783538246261564836e+03
2.830920769958809160e+03
2.941309668906043498e+03
3.067760327189944746e+03
3.194764988640833963e+03
3.314493500601680353e+03
3.420765754171002300e+03
3.536577543774058995e+03
3.680988026397682461e+03
3.828890866049904616e+03
3.961334896406999178e+03
4.071721279392083034e+03
2.297657284853398323e+03
2.345747388023698477e+03
2.394033866228174247e+03
2.442863422631127378e+03
2.491966644847182124e+03
2.538670823966763237e+03
2.584996459598266938e+03
2.634658871392647143e+03
2.685789280778940793e+03
2.735103854359769230e+03
2.783062654714617565e+03
2.828174748372911381e+03
2.872851558514409589e+03
2.997598894943962932e+03
3.122328001099811900e+03
3.238776269704423157e+03
3.349176537946118970e+03
3.477697024429930934e+03
3.621899683193386409e+03
3.744346351943860100e+03
3.873365770314281235e+03
3.978491537527256696e+03
4.087141241612717295e+03
2.394477946143551890e+03
2.443032714728411520e+03
2.491664406595396031e+03
2.539200743824411802e+03
2.587391275662530916e+03
2.637057405940026001e+03
2.686915100305857777e+03
2.735446280064189978e+03
2.782051685565850676e+03
2.826616681249890462e+03
2.874987911574240115e+03
2.926264496217523629e+03
3.051454153966352806e+03
3.167145714052069252e+03
3.285252587632965970e+03
3.416867312241897253e+03
3.549083504361924042e+03
3.665319531589222152e+03
3.777915857732192308e+03
3.897732387712134368e+03
4.014983718616667375e+03
4.135272148716451738e+03
2.491439309372930438e+03
2.539933915051561144e+03
2.588631653722923147e+03
2.637656774563568433e+03
2.686938557204739936e+03
2.734511277333284397e+03
2.781483615448707496e+03
2.829086741880780210e+03
2.878504798501520781e+03
2.929146320803266008e+03
2.979907489880482899e+03
3.097157123376915479e+03
3.212733372498521476e+03
3.342893832780213870e+03
3.471947244696468715e+03
3.590404307497464288e+03
3.705599449468008970e+03
3.822259110064005654e+03
3.946432170635238435e+03
4.071813209028768597e+03
4.194213019839631670e+03
2.588663091427537438e+03
2.637748661356374669e+03
2.686578744972193817e+03
2.734712226942071084e+03
2.782898320768896156e+03
2.831426070696898478e+03
2.880884551935205309e+03
2.931017361842041737e+03
2.980447247177584359e+03
3.027239070373221693e+03
3.145634789693538551e+03
3.269618923427156915e+03
3.396420238127429911e+03
3.515862461692530815e+03
3.634693248466320711e+03
3.753627864756845611e+03
3.877436132791212913e+03
4.002852758841122068e+03
4.114438702640039992e+03
4.234272116685640867e+03
2.686177589340290979e+03
2.735171320657609613e+03
2.783857983802033687e+03
2.832566177356784465e+03
2.882026545260277999e+03
2.931604114781675889e+03
2.979835746883254160e+03
3.027276326389957376e+03
3.075332973972790114e+03
3.198065866833805103e+03
3.325219716762736425e+03
3.441898449976882148e+03
3.562606017369870187e+03
3.686686990065860755e+03
3.810075159042601626e+03
3.927808873979675354e+03
4.047205940560053023e+03
4.170481250431088483e+03
4.304124994094708200e+03
2.784220979156562407e+03
2.833234464398638011e+03
2.882151275662907665e+03
2.931610448968767741e+03
2.979932812337538053e+03
3.028166357610629348e+03
3.076661372996802129e+03
3.125518824837079592e+03
3.249659935308214699e+03
3.371990563080058564e+03
3.490199778836099995e+03
3.614680905080265347e+03
3.736760465778123489e+03
3.865595827148371882e+03
3.978752152435924472e+03
4.097537976735127813e+03
4.238729749120529959e+03
4.372607693435557849e+03
2.882463603174297077e+03
2.931401063395723668e+03
2.980206069205130007e+03
3.028597147147529995e+03
3.077442519823202019e+03
3.126687145172998953e+03
3.176127930010304681e+03
3.298494220922477780e+03
3.420487838833069418e+03
3.543160674131893302e+03
3.667872166107552403e+03
3.789004154197744811e+03
3.909255044053361416e+03
4.031186223639841046e+03
4.163862734978220942e+03
4.298417154842651144e+03
4.425813257043389058e+03
2.980169327451349545e+03
3.029081217744303558e+03
3.078296268813949155e+03
3.127599201760471260e+03
3.176752145660626411e+03
3.225724615392451142e+03
3.347457358383273458e+03
3.469502909990918852e+03
3.594089681909876617e+03
3.716127736187677328e+03
3.835370710948285250e+03
3.961510014352283179e+03
4.091106334384081947e+03
4.221846941738291207e+03
4.345261378183294255e+03
4.465425675766028689e+03
3.078398232853162881e+03
3.127816517200799808e+03
3.176960026450619807e+03
3.226073597022858394e+03
3.275243116364951220e+03
3.397471648966487464e+03
3.520999127622576907e+03
3.643111388920668105e+03
3.767430829422357874e+03
3.889271791749722524e+03
4.018632492174727759e+03
4.143895299974155932e+03
4.271846897491445816e+03
4.388730706101779106e+03
4.513325908037456429e+03
3.176961338964109927e+03
3.226066128721672612e+03
3.275586418652245811e+03
3.324524458399780542e+03
3.447559563005907421e+03
3.570318328076823036e+03
3.694479947716637980e+03
3.815774559851135109e+03
3.941947923896485008e+03
4.067180050853360171e+03
4.192340991218109593e+03
4.313007807903313733e+03
4.428779662303908481e+03
4.554021071611627121e+03
3.275397753363429729e+03
3.324735958076138104e+03
3.373732279395404476e+03
3.496977778659894284e+03
3.619750283911820134e+03
3.744167721755942239e+03
3.864191980177798996e+03
3.991299113288925582e+03
4.114689223710429360e+03
4.235670766505814754e+03
4.360384365794556288e+03
4.480395145884785961e+03
4.603892789811679904e+03
3.373785312383642122e+03
3.423178921267779970e+03
3.546402583567225065e+03
3.669868411340265084e+03
3.793805293582456216e+03
3.915463170637094208e+03
4.040362717818555666e+03
4.162452331606415100e+03
4.283798907450792285e+03
4.408378413019022446e+03
4.531879072952576280e+03
4.653931018968473836e+03
3.472769487202057462e+03
3.596015934304046823e+03
3.719464923288609953e+03
3.842926241920261418e+03
3.966911976674245125e+03
4.089998913774310950e+03
4.213318794886768956e+03
4.334695829697361660e+03
4.458383688755071489e+03
4.583655985377852630e+03
4.710865086221989259e+03
3.719866661785421911e+03
3.843387141913569849e+03
3.967114465220735838e+03
4.090501488547651206e+03
4.214120323353651656e+03
4.337790854321769984e+03
4.463848910298915143e+03
4.583226979078166551e+03
4.706456997623465213e+03
4.827804693537743333e+03
3.967658661824721094e+03
4.091005898901529690e+03
4.214790828840259564e+03
4.338785933819402089e+03
4.464090361072683663e+03
4.586088126861307501e+03
4.709468799131646847e+03
4.827220224422764659e+03
4.951803585047892739e+03
4.215538107253909402e+03
4.339258126217379868e+03
4.463560891515718140e+03
4.587485119375562135e+03
4.710593552611633640e+03
4.832692285590054780e+03
4.957892871042000479e+03
5.079733739517239883e+03
4.463850243788079752e+03
4.587940616637556559e+03
4.712080447423428268e+03
4.835438805659272475e+03
4.960642675013111329e+03
5.082882603130421558e+03
5.214773414454535668e+03
4.712388295611654939e+03
4.836486689417563866e+03
4.961005624391283163e+03
5.085103884861305232e+03
5.211225362291054807e+03
5.336232266241472644e+03
4.961105039336273876e+03
5.085150148951677693e+03
5.210416211162219042e+03
5.335254925152906253e+03
5.458151632012710252e+03
5.209787235591037643e+03
5.334594034103627564e+03
5.459022583993023545e+03
5.581635685863558137e+03
5.459079025403988453e+03
5.583547796633905818e+03
5.708801601138609840e+03
5.708248305635685938e+03
5.832812540958528189e+03
5.957367887541603523e+03
