6.986289488799540095e+02
7.764900171135196842e+02
8.411352272727273203e+02
8.943959160521837930e+02
9.409011363636363967e+02
1.017821980538065304e+03
1.077103768115942103e+03
1.128837168141592883e+03
1.171038346315158833e+03
1.209309334960341630e+03
1.241555142503097841e+03
1.280653772986683634e+03
1.311470967741935510e+03
1.343586456278763990e+03
1.378032930107526909e+03
1.406496584699453479e+03
1.438557182705718333e+03
1.464429382540809002e+03
1.493468253968253975e+03
1.524965441176470677e+03
1.600071593533487203e+03
1.672174718196457434e+03
1.753996618765849462e+03
1.818478070175438688e+03
1.888757769652650722e+03
1.964754770992366502e+03
2.043334990059642223e+03
2.100124871001031806e+03
2.186755411255411218e+03
2.247092945128779320e+03
2.393217286914765737e+03
2.513129701686121734e+03
2.646859504132231450e+03
2.758467741935483900e+03
2.895631661442006134e+03
2.999568822553897007e+03
3.069738137082601042e+03
3.212940520446096798e+03
3.305974459724950975e+03
3.396745867768594962e+03
8.462336925694838783e+02
9.013337091319052661e+02
9.510338409475465369e+02
9.966181303116147774e+02
1.067241852487135475e+03
1.126146002317497050e+03
1.172163433274544332e+03
1.212319999999999936e+03
1.253809494826536820e+03
1.291486335403726798e+03
1.322655913978494709e+03
1.356161290322580726e+03
1.385871963230466235e+03
1.417309236947791078e+03
1.447311050477489744e+03
1.481621433542101613e+03
1.510021276595744666e+03
1.539263347763347838e+03
1.569327941176470631e+03
1.640552570990023014e+03
1.718732099758648474e+03
1.795280067283431435e+03
1.862752848378615226e+03
1.939859103385178514e+03
2.007983809523809441e+03
2.068131683168316613e+03
2.143971044467425145e+03
2.219588172043010672e+03
2.286885044642857338e+03
2.414830143540669724e+03
2.562082687338501273e+03
2.652857142857142662e+03
2.790010309278350633e+03
2.925338006230529572e+03
3.021553897180762760e+03
3.102353765323992775e+03
3.202535185185185128e+03
3.324641176470588107e+03
3.418076446280991604e+03
9.548407428249859095e+02
1.004684745762711827e+03
1.043838892029395083e+03
1.109490307867730962e+03
1.164113294797687786e+03
1.214633313713949292e+03
1.256032354703415194e+03
1.293455487804877976e+03
1.326645781637717164e+03
1.364010139416983520e+03
1.395393548387096871e+03
1.425180026281208939e+03
1.452909879839786299e+03
1.485274028629856957e+03
1.515784968684759860e+03
1.544888888888888914e+03
1.573299496040316853e+03
1.605908290535583319e+03
1.675533333333333303e+03
1.757558420628525482e+03
1.833976430976430947e+03
1.902535557506584837e+03
1.967537683823529505e+03
2.029566951566951502e+03
2.110205357142857338e+03
2.167565843621399381e+03
2.253185145317545903e+03
2.315998886414253775e+03
2.454403592814371223e+03
2.566384813384813242e+03
2.676679012345678984e+03
2.825193265007320861e+03
2.913298600311041810e+03
3.046669435215947033e+03
3.139156521739130312e+03
3.253775092936803048e+03
3.348349609375000000e+03
3.420192148760330383e+03
1.048293686583991075e+03
1.087228895184136036e+03
1.154071019473081378e+03
1.204496231884058034e+03
1.252433038348082619e+03
1.293486211031175117e+03
1.328737195121951117e+03
1.362821118012422403e+03
1.394955091714105038e+03
1.429322788896061866e+03
1.459825115055884226e+03
1.491636485580147564e+03
1.525475376196990510e+03
1.552442896935933049e+03
1.582012756909992959e+03
1.608958904109588957e+03
1.639669852941176487e+03
1.710448963929393813e+03
1.784674718196457434e+03
1.863402521008403255e+03
1.936045774647887356e+03
2.010827838827838832e+03
2.070356321839080465e+03
2.131854166666666515e+03
2.209910880829015696e+03
2.274505894962486764e+03
2.333857142857142662e+03
2.462470658682634621e+03
2.575167095115681150e+03
2.721744505494505574e+03
2.846902046783625792e+03
2.945456386292834850e+03
3.034177152317880882e+03
3.163419014084507126e+03
3.241231617647059011e+03
3.335318446601941559e+03
3.452340862422997816e+03
1.124886312217194472e+03
1.190406769936890441e+03
1.240976771196283380e+03
1.285350649350649292e+03
1.329052378085490773e+03
1.365053308823529505e+03
1.399436057392389330e+03
1.432409783989834750e+03
1.460596899224806293e+03
1.497869220607661873e+03
1.527526244952893649e+03
1.557970467032967008e+03
1.585554082344731341e+03
1.613704755145493209e+03
1.646821997105643959e+03
1.679765878877400382e+03
1.746469183359013869e+03
1.822341129032258095e+03
1.893090219224283373e+03
1.967284710017574753e+03
2.032697610294117567e+03
2.108943540669856247e+03
2.171013972055888189e+03
2.227000000000000000e+03
2.305004301075268813e+03
2.366143973214285779e+03
2.509354916067146405e+03
2.616793059125964191e+03
2.741164835164835040e+03
2.853343108504398970e+03
2.938724727838258332e+03
3.042480132450330984e+03
3.157886363636363512e+03
3.262759704251386211e+03
3.365679133858267505e+03
3.434685185185185219e+03
1.264017929438982037e+03
1.314781893004115318e+03
1.357359402985074667e+03
1.396150668286755717e+03
1.429846913580247019e+03
1.466731738035264470e+03
1.499510269576379869e+03
1.532253106605624680e+03
1.561288948069241087e+03
1.588449491525423809e+03
1.617984137931034411e+03
1.650648382559774973e+03
1.684403156384505110e+03
1.707986890021850058e+03
1.745929051530993320e+03
1.810742236024844715e+03
1.883081103000811027e+03
1.954466949152542384e+03
2.021631950573698077e+03
2.092866236162361474e+03
2.157821944177093428e+03
2.221052052052052204e+03
2.291893860561914607e+03
2.358261621621621543e+03
2.413534831460674013e+03
2.566966060606060637e+03
2.654303501945525113e+03
2.780250347705145941e+03
2.872662280701754298e+03
2.987370078740157624e+03
3.088265780730896950e+03
3.195740418118467005e+03
3.295496282527881249e+03
3.411103718199608466e+03
3.464948559670781833e+03
1.380557932263814564e+03
1.423915910465819707e+03
1.460999384993849844e+03
1.492211610486891459e+03
1.528997450605481163e+03
1.560142671854734090e+03
1.585210664911125832e+03
1.621157008086253427e+03
1.654317307692307622e+03
1.678916376306620123e+03
1.709930447125620958e+03
1.741661839246922455e+03
1.771531411677753113e+03
1.798724474474474391e+03
1.867729559748427619e+03
1.947161184210526244e+03
2.009171379605826814e+03
2.082880463871543270e+03
2.148693820224719275e+03
2.208987378640776569e+03
2.281180344478216739e+03
2.335005224660397289e+03
2.389973913043478206e+03
2.459726042841037270e+03
2.570364294330518533e+03
2.707826822916666515e+03
2.805952777777777555e+03
2.923409158050221777e+03
3.016662460567823473e+03
3.156726368159203957e+03
3.204547535211267586e+03
3.303873370577281094e+03
3.414630859375000000e+03
3.516534161490683346e+03
1.480078191814294541e+03
1.522714909544603870e+03
1.553465145754119249e+03
1.586314838709677360e+03
1.614615485564304436e+03
1.649590878604963109e+03
1.676087134104833240e+03
1.708748785565579510e+03
1.738328389830508513e+03
1.772215007215007290e+03
1.798457751653196283e+03
1.823978374347501813e+03
1.854130898021308894e+03
1.924144108280254841e+03
1.990085548172757399e+03
2.058203975799481213e+03
2.135777676950998284e+03
2.199219190968955900e+03
2.255426470588235134e+03
2.319110204081632673e+03
2.384945917285259839e+03
2.450621710526315837e+03
2.508883219954648666e+03
2.610876528117359612e+03
2.757781127129750985e+03
2.848767409470752227e+03
2.967806835066865006e+03
3.059976415094339700e+03
3.124301666666666733e+03
3.267394690265486588e+03
3.372056285178236521e+03
3.452175889328063022e+03
3.572872916666666697e+03
1.580792775665399176e+03
1.609717041800643074e+03
1.643827427821522406e+03
1.673488309953239877e+03
1.700487457627118602e+03
1.737896049896049817e+03
1.759966994382022449e+03
1.793073170731707251e+03
1.818570802919708058e+03
1.845898367952522221e+03
1.872232628398791576e+03
1.904151538461538394e+03
1.977855877616747193e+03
2.045451260504201628e+03
2.096664916885389175e+03
2.172446983546617957e+03
2.230206244087038613e+03
2.290859251968503941e+03
2.366633744855967052e+03
2.431853632478632335e+03
2.498805094130675570e+03
2.558034443168771304e+03
2.659321824907521659e+03
2.761794466403162005e+03
2.924811881188118605e+03
2.999265765765765991e+03
3.084452531645569707e+03
3.221938023450586115e+03
3.313978494623655934e+03
3.382202247191011338e+03
3.410690802348336547e+03
3.571442827442827365e+03
1.662847612818835842e+03
1.688637690776376985e+03
1.724015561569688771e+03
1.753923553719008169e+03
1.781997899159663802e+03
1.809343081312410732e+03
1.838045058139534831e+03
1.867089497041420145e+03
1.898716226415094297e+03
1.921777352716143923e+03
1.953357755261106831e+03
2.028753066230580544e+03
2.095110544217687220e+03
2.134813932980599475e+03
2.218108755760368695e+03
2.273949185043144553e+03
2.343267732267732299e+03
2.402769151138716552e+03
2.472473513513513353e+03
2.504017817371937781e+03
2.600101969872537666e+03
2.694748762376237664e+03
2.827185333333333347e+03
2.906992947813822411e+03
3.014663650075414807e+03
3.112861736334405123e+03
3.210071065989847739e+03
3.322483870967741950e+03
3.408217142857142790e+03
3.482580838323353419e+03
3.604677148846960336e+03
1.744428378378378284e+03
1.770562113932738612e+03
1.801278825995807210e+03
1.824674005681818244e+03
1.860297748729121167e+03
1.882519145802650883e+03
1.918460090361445737e+03
1.945906656465187552e+03
1.971359751359751272e+03
2.000498417721518990e+03
2.065057708161582923e+03
2.134925129087779624e+03
2.196290206648697222e+03
2.260235955056179591e+03
2.326442382812500000e+03
2.388054655870445458e+03
2.448744747899159847e+03
2.499592794759825210e+03
2.566742372881356005e+03
2.635643192488262684e+03
2.728500630517024092e+03
2.854191632928474974e+03
2.941000000000000000e+03
3.033853658536585499e+03
3.136222940226171431e+03
3.260119250425894279e+03
3.347282608695652016e+03
3.448019011406844129e+03
3.491780439121756444e+03
3.632084033613445172e+03
1.820656883298392813e+03
1.845797441364605447e+03
1.875120926864590956e+03
1.901445916114790180e+03
1.934851239669421375e+03
1.960671243325705518e+03
1.984623839009287849e+03
2.019833992094861742e+03
2.043383440514469385e+03
2.099618729096990137e+03
2.179177137870854949e+03
2.231029117379435775e+03
2.297444654683065437e+03
2.353022615535890054e+03
2.416924412665985528e+03
2.476578723404255470e+03
2.532607260726072582e+03
2.598374141876430258e+03
2.665792161520189893e+03
2.776181933842239232e+03
2.861151556156969036e+03
2.994266666666666879e+03
3.063700460829493295e+03
3.203745954692556552e+03
3.255218213058419224e+03
3.352353369763206047e+03
3.462630975143403248e+03
3.558362348178137836e+03
3.644477707006369201e+03
1.892158580738595219e+03
1.917388235294117749e+03
1.942417040358744316e+03
1.971087386018237112e+03
1.996493055555555657e+03
2.039682753164556971e+03
2.053197758206565140e+03
2.078939591836734508e+03
2.150231096006797088e+03
2.203455349248452876e+03
2.279365561694291046e+03
2.336690086621751561e+03
2.397789579158316428e+03
2.452167875647668552e+03
2.524987082884822485e+03
2.573947835738068989e+03
2.621440972222222172e+03
2.681931654676258859e+03
2.816471722365038659e+03
2.893453804347826008e+03
3.023545189504372956e+03
3.107023112480739655e+03
3.199822075782537013e+03
3.303313148788927265e+03
3.388764598540145926e+03
3.487112185686653902e+03
3.600947261663286099e+03
3.678952991452991228e+03
1.958960359012715116e+03
1.984772968868640874e+03
2.013549806949806907e+03
2.050501973164956780e+03
2.068789431545236312e+03
2.088057770545158746e+03
2.117918316831683114e+03
2.178061206896551539e+03
2.246007194244604307e+03
2.301011183597390300e+03
2.369071774975751850e+03
2.432583417593528793e+03
2.494077649527806898e+03
2.562319912948857564e+03
2.618655756207675040e+03
2.666294947121034056e+03
2.708506038647342848e+03
2.821590142671854665e+03
2.971212205270457616e+03
3.043736377025036745e+03
3.142102964118564614e+03
3.258876847290640399e+03
3.365452296819787989e+03
3.421193370165745819e+03
3.494114785992218003e+03
3.625012320328542046e+03
3.659985042735042953e+03
2.023718581341557410e+03
2.062231861198737988e+03
2.075496408619313570e+03
2.101963384865744501e+03
2.131875412541254263e+03
2.164305882352941353e+03
2.210637237762237874e+03
2.289042766151046180e+03
2.344607007575757507e+03
2.402180924287119069e+03
2.472896728016359702e+03
2.533392742796158018e+03
2.566448957189901193e+03
2.645696245733788601e+03
2.695759763313609255e+03
2.758373774509803752e+03
2.871060288335517725e+03
2.975048951048951039e+03
3.064968842729970220e+03
3.145719242902208407e+03
3.247387687188019754e+03
3.351787346221441112e+03
3.442093632958801663e+03
3.509409803921568709e+03
3.608055214723926383e+03
3.697997849462365593e+03
2.085269537480063718e+03
2.113854353132628148e+03
2.149110008271298739e+03
2.163512113617376599e+03
2.193211914893617177e+03
2.252847246891652048e+03
2.311895660203139414e+03
2.376897016361886472e+03
2.439483033932135640e+03
2.509080996884735214e+03
2.549312163616792077e+03
2.617944258639910913e+03
2.686016222479721819e+03
2.733739234449760716e+03
2.769691066997518647e+03
2.902583222370173189e+03
2.983863764044943764e+03
3.066608370702540924e+03
3.177363636363636488e+03
3.292692953020134155e+03
3.357367673179396206e+03
3.486388367729831316e+03
3.511996078431372553e+03
3.660445134575569227e+03
3.749275488069414223e+03
2.154083333333333485e+03
2.181105616093881054e+03
2.201849489795918544e+03
2.228652849740932652e+03
2.283887285843101836e+03
2.356229107981220750e+03
2.410175609756097401e+03
2.469372469635627567e+03
2.524966351209253389e+03
2.586681570338058918e+03
2.644995475113122211e+03
2.703450292397660633e+03
2.751845873786407992e+03
2.800379525593008566e+03
2.895990666666666584e+03
3.015608819345661232e+03
3.103427921092564702e+03
3.246412800000000061e+03
3.319812606473594769e+03
3.378681003584229529e+03
3.494683018867924602e+03
3.538840551181102455e+03
3.674283018867924511e+03
3.760630769230769147e+03
2.210735544217687220e+03
2.230233218588640284e+03
2.260583774250440911e+03
2.325231963470319442e+03
2.375901998097050637e+03
2.439116071428571558e+03
2.499040983606557347e+03
2.565316293929712629e+03
2.628321192052980223e+03
2.663790378006872743e+03
2.732029726516052506e+03
2.787026862026862091e+03
2.836713383838383834e+03
2.946600539811066028e+03
3.052404316546762402e+03
3.114728096676737096e+03
3.223832792207792409e+03
3.358077452667814214e+03
3.436652173913043498e+03
3.519072657743785840e+03
3.617181274900398421e+03
3.703103375527426124e+03
3.782929670329670444e+03
2.260357644991212510e+03
2.292302596239928334e+03
2.358039215686274474e+03
2.410011549566891063e+03
2.464632999999999811e+03
2.539733333333333121e+03
2.587832618025750890e+03
2.651332589285714221e+03
2.690293503480278559e+03
2.764745783132530050e+03
2.817025990099009960e+03
2.857679075738125903e+03
3.003679012345678984e+03
3.086434210526315837e+03
3.164313846153846043e+03
3.304942903752039001e+03
3.407040350877192850e+03
3.457224862888482676e+03
3.516485604606526067e+03
3.610108433734939808e+03
3.693114406779660840e+03
3.801498891352549890e+03
2.328091485507246489e+03
2.387405660377358345e+03
2.440380254154447812e+03
2.503956433637284590e+03
2.558236286919831400e+03
2.613548527808069593e+03
2.686153846153846189e+03
2.723285714285714221e+03
2.788303398058252242e+03
2.838925000000000182e+03
2.891677042801556581e+03
2.996236187845303903e+03
3.094160818713450226e+03
3.166830218068535942e+03
3.290495033112582860e+03
3.360591695501730101e+03
3.441000000000000000e+03
3.545591439688716036e+03
3.641858299595141489e+03
3.733837606837606927e+03
3.841777528089887710e+03
2.458187866927592950e+03
2.523197768762677697e+03
2.573484720758693584e+03
2.635540393013100584e+03
2.695249154453213123e+03
2.729889277389277595e+03
2.803709951456310591e+03
2.848673723536737270e+03
2.908441709844559682e+03
2.954487316421895684e+03
3.060390934844192543e+03
3.150355421686746922e+03
3.238636507936507769e+03
3.333247877758913546e+03
3.422059139784946183e+03
3.523556603773584811e+03
3.600890656063618280e+03
3.683817047817047751e+03
3.779892307692307895e+03
3.869848072562358084e+03
2.591046462513199458e+03
2.646365321701199719e+03
2.702448818897637921e+03
2.747385064177362892e+03
2.813899393939394031e+03
2.857208695652173901e+03
2.924923575129533674e+03
2.953404509283819607e+03
3.022292984869326119e+03
3.125529154518950236e+03
3.188958204334365291e+03
3.322356435643564510e+03
3.392810344827586050e+03
3.457233151183970676e+03
3.545666026871401300e+03
3.671200803212851497e+03
3.748222929936305718e+03
3.847175555555555547e+03
3.870071925754060430e+03
2.711259842519685208e+03
2.760936915887850319e+03
2.821251815980629544e+03
2.869536645962733019e+03
2.922425257731958936e+03
2.975736702127659555e+03
3.023660273972602681e+03
3.088942008486562827e+03
3.175792792792792625e+03
3.259298578199051917e+03
3.370920203735144241e+03
3.418150442477875913e+03
3.529067415730336961e+03
3.625152475247524762e+03
3.692169072164948375e+03
3.780260869565217490e+03
3.856984340044742567e+03
3.914891252955082564e+03
2.822346618357487841e+03
2.870907063197026218e+03
2.924435732647814802e+03
2.981547019867549807e+03
3.034316438356164326e+03
3.092342736248237088e+03
3.152784256559766618e+03
3.218721362229101942e+03
3.325202945990180069e+03
3.418044750430292424e+03
3.466609403254972676e+03
3.575022988505746980e+03
3.699106000000000222e+03
3.753616033755274202e+03
3.864703539823008668e+03
3.904668213457076490e+03
4.010360975609756224e+03
2.930917737789202874e+03
2.992958940397350943e+03
3.037852257181942605e+03
3.092727144866385515e+03
3.157510917030567725e+03
3.179162686567164201e+03
3.263803767660910580e+03
3.374681281618887169e+03
3.447198230088495620e+03
3.539171641791044749e+03
3.626601178781925228e+03
3.690822085889570644e+03
3.786622030237580930e+03
3.870111358574610222e+03
3.928477647058823550e+03
4.041900990099009960e+03
3.047572602739725880e+03
3.094898876404494331e+03
3.155159651669085633e+03
3.187220895522388219e+03
3.218707692307692469e+03
3.339467320261438090e+03
3.423119863013698705e+03
3.497382246376811509e+03
3.603712643678160930e+03
3.710500994035785425e+03
3.745138075313807349e+03
3.851266958424507720e+03
3.897970114942528653e+03
4.011791767554479520e+03
4.116266331658291165e+03
3.159910014513788155e+03
3.183575892857142662e+03
3.230101694915254029e+03
3.296733438485804527e+03
3.376724832214765229e+03
3.468240707964601825e+03
3.550482309124767198e+03
3.623596491228070136e+03
3.718255623721881420e+03
3.794199999999999818e+03
3.884408888888888669e+03
3.910900000000000091e+03
4.059493827160493765e+03
4.101269035532995076e+03
3.229589230769230653e+03
3.308977883096366440e+03
3.351273322422258389e+03
3.437292808219177914e+03
3.496828828828829046e+03
3.610375954198473210e+03
3.739532803180914470e+03
3.772318658280922591e+03
3.880265350877192759e+03
3.920583908045976841e+03
4.026504830917874187e+03
4.139796482412059959e+03
4.148752604166666970e+03
3.347511437908496646e+03
3.376617056856187446e+03
3.492911190053286191e+03
3.551311688311688158e+03
3.635194552529183056e+03
3.723818737270875772e+03
3.806512875536480806e+03
3.901977728285077774e+03
3.942694638694638797e+03
4.081567901234568126e+03
4.133368956743002855e+03
4.197885638297871992e+03
3.429662691652470130e+03
3.510156756756756749e+03
3.640101338432122247e+03
3.760886454183266778e+03
3.782387840670859532e+03
3.905441758241758180e+03
3.955103926096997839e+03
4.024975961538461434e+03
4.137602499999999964e+03
4.167869791666666970e+03
4.250222520107238779e+03
3.654912045889101137e+03
3.750992047713717511e+03
3.776096033402922785e+03
3.905668859649122624e+03
3.977469907407407391e+03
4.020011961722488195e+03
4.139331670822942215e+03
4.173018181818181802e+03
4.256874331550801799e+03
4.367507002801120507e+03
3.776074999999999818e+03
3.896705240174672326e+03
3.959413793103448370e+03
4.030227272727272521e+03
4.148551122194513482e+03
4.201939947780679177e+03
4.274291443850267569e+03
4.375437325905292710e+03
4.436607038123167513e+03
3.974258064516129252e+03
4.036375598086124228e+03
4.154581047381546341e+03
4.178632124352331630e+03
4.300627345844503907e+03
4.384130555555555475e+03
4.429402332361515619e+03
4.454367469879518467e+03
4.149798004987531385e+03
4.196010389610389211e+03
4.325500000000000000e+03
4.396483333333333576e+03
4.448381924198250999e+03
4.465466867469879617e+03
4.615622641509434288e+03
4.350369272237197038e+03
4.407722222222222626e+03
4.461766763848396295e+03
4.461042042042042340e+03
4.638129337539432527e+03
4.626814935064934616e+03
4.453854651162791015e+03
4.468123123123123150e+03
4.629518867924528422e+03
4.634178571428571558e+03
4.794864406779661294e+03
4.619927899686520504e+03
4.655469055374593154e+03
4.795833898305084404e+03
4.780260416666666970e+03
4.789722033898305199e+03
4.784222222222222626e+03
4.865312949640288025e+03
4.853652329749103956e+03
4.936241635687732014e+03
5.008988505747126510e+03
