7.091274326846174745e+02
7.951956916688294541e+02
8.706890025575447680e+02
9.425757652415886696e+02
1.008370212765957490e+03
1.130341981714850590e+03
1.247249325153374230e+03
1.360943954968184016e+03
1.474458823529411802e+03
1.583822878228782201e+03
1.693698220464656515e+03
1.801167330677290920e+03
1.909706944096264806e+03
2.025084750063435649e+03
2.134290289520881288e+03
2.247029997414016179e+03
2.359663262634197508e+03
2.472976114649681676e+03
2.586680365296803757e+03
2.706229092890220727e+03
2.990697523916713635e+03
3.286575501891184103e+03
3.599291314837153095e+03
3.910555416796752979e+03
4.224640387722132800e+03
4.557147266018114351e+03
4.887360513532269579e+03
5.199476719197708007e+03
5.547483308605341335e+03
5.877907350689127270e+03
6.568239086087311080e+03
7.309121462777536181e+03
8.077903106165971622e+03
8.853754178957718977e+03
9.663824726134585944e+03
1.042387500000000000e+04
1.130110150812064967e+04
1.219775015346838518e+04
1.302513504823151197e+04
1.385693678547410855e+04
8.746415816326530148e+02
9.462834507042254018e+02
1.011178544822448430e+03
1.073072395961585926e+03
1.190170036540803949e+03
1.301377600387034363e+03
1.413691283292978142e+03
1.521261333333333369e+03
1.630270467836257239e+03
1.736777260475373623e+03
1.844533070088845079e+03
1.947977871705619009e+03
2.060664569703069901e+03
2.168277947154471349e+03
2.276154221195791706e+03
2.390135950090979804e+03
2.499293003682272683e+03
2.614725720384205033e+03
2.728336304700162145e+03
3.026593286713286489e+03
3.315818813314037470e+03
3.613984126984126760e+03
3.914945786864931961e+03
4.244719253058596223e+03
4.556239014647137083e+03
4.867314649243466192e+03
5.203719572953737043e+03
5.545525073746312955e+03
5.897130152671756150e+03
6.583861676159479430e+03
7.294009079118028239e+03
8.070971415398801582e+03
8.790102239532619933e+03
9.608717391304347984e+03
1.041825806451612880e+04
1.123758650519031107e+04
1.212554556500607578e+04
1.298451695457453570e+04
1.383535522788203707e+04
1.011029702970297080e+03
1.073463217263364413e+03
1.132422552362396573e+03
1.244575699132111822e+03
1.354667067018976695e+03
1.462496399423907860e+03
1.568418834296724526e+03
1.674038442940038749e+03
1.779522660818713348e+03
1.881795493509674316e+03
1.992315580876888816e+03
2.096597600599850011e+03
2.207842171717171823e+03
2.317372699386502973e+03
2.421664426059979178e+03
2.532188383045525825e+03
2.648896203875763149e+03
2.765613666935700621e+03
3.044546414674819516e+03
3.344946428571428442e+03
3.638614971667163900e+03
3.933125231338679896e+03
4.256922855313699984e+03
4.556291707961678185e+03
4.896746652935118618e+03
5.207433168316832052e+03
5.535064763995609610e+03
5.879922377887163748e+03
6.567734759790068892e+03
7.279898108340498766e+03
8.036112585812356883e+03
8.807101604278075683e+03
9.504202149437052867e+03
1.042255725190839621e+04
1.119955587392550115e+04
1.199818689903846098e+04
1.291602414231257899e+04
1.377580372588156933e+04
1.131298761233908181e+03
1.188981655804972206e+03
1.298601579325197463e+03
1.404211254172627605e+03
1.510618194842406865e+03
1.612473797559224749e+03
1.715460706560922745e+03
1.821552918382174767e+03
1.923996826171875000e+03
2.028814687037949625e+03
2.135670236612702411e+03
2.245790521804890432e+03
2.350967405143875567e+03
2.460385091565643506e+03
2.563125651720542010e+03
2.677722971186888572e+03
2.798804295302013543e+03
3.070799667957941438e+03
3.360697221426525175e+03
3.658451009501187855e+03
3.959746309963099520e+03
4.259218262806236453e+03
4.568180322474498098e+03
4.902748891163425469e+03
5.205344718309858763e+03
5.562826930113428716e+03
5.879839487565937816e+03
6.583817741935484264e+03
7.286539648521217714e+03
8.034277042446371524e+03
8.789812197483059208e+03
9.591710404920553628e+03
1.031208405172413768e+04
1.116921753986332624e+04
1.203482190132370670e+04
1.284454030226700343e+04
1.378997541528239162e+04
1.242867178134739788e+03
1.350084067635151314e+03
1.453438671411625137e+03
1.556640513552068569e+03
1.659201955174058185e+03
1.763807257870704234e+03
1.863740642356918670e+03
1.969593414634146257e+03
2.071021156211561902e+03
2.178016890213611532e+03
2.281668255959849375e+03
2.387777777777777828e+03
2.493189668465689920e+03
2.607086310299869638e+03
2.716263518860459044e+03
2.827378978336453656e+03
3.105877974543442178e+03
3.394162278191184669e+03
3.686858370370370267e+03
3.982548743102391199e+03
4.291383783783783656e+03
4.597546320630748596e+03
4.922495059625212889e+03
5.222440463645943055e+03
5.563515647743814043e+03
5.895145112781954595e+03
6.585838217583300320e+03
7.276320956039266093e+03
8.001377324263038645e+03
8.775180897250362250e+03
9.536994908350305195e+03
1.032768548387096780e+04
1.114959704880817299e+04
1.196709563658099250e+04
1.283200878844946601e+04
1.372828071334213928e+04
1.452237159763313684e+03
1.550272856130404080e+03
1.652257697773567088e+03
1.750469790675547074e+03
1.849114005736137642e+03
1.948883939320972786e+03
2.050086512758201479e+03
2.153726336439431179e+03
2.257141016109045722e+03
2.357093984962406012e+03
2.462744421906693788e+03
2.574058384773662510e+03
2.682902629523561700e+03
2.786887513171759565e+03
2.898956742323097387e+03
3.172057182320441825e+03
3.449387731811697449e+03
3.739696217494089979e+03
4.047065010732903829e+03
4.342092263792010272e+03
4.628741176470588471e+03
4.943279242731575323e+03
5.274653333333333649e+03
5.594045981173063410e+03
5.929927715355805049e+03
6.604915267785770993e+03
7.312649787234042378e+03
8.055790045248868410e+03
8.787706333973128494e+03
9.524523279352226382e+03
1.033960557341907770e+04
1.113313744343891449e+04
1.195199940617577158e+04
1.279836618839675612e+04
1.366000852459016460e+04
1.648717997165800625e+03
1.744752782382192663e+03
1.841308057998573759e+03
1.938683014354066927e+03
2.035695348276693267e+03
2.135532555879494794e+03
2.233786326880666365e+03
2.337307921529674786e+03
2.437245235707121537e+03
2.538752535496957535e+03
2.649066049858648057e+03
2.756870505471599699e+03
2.866482312565997745e+03
2.968586427998931413e+03
3.234637090107467429e+03
3.511436752136752148e+03
3.810289138798460954e+03
4.090264975550122472e+03
4.387220992728422061e+03
4.702163719711853446e+03
5.001859851049424833e+03
5.327643057503506498e+03
5.644608396670286311e+03
5.961882330967500820e+03
6.646565165404543222e+03
7.345830645161290704e+03
8.058529464687358995e+03
8.837188099808061452e+03
9.559359414437152736e+03
1.031463026105487552e+04
1.112854295339696728e+04
1.199500000000000000e+04
1.274710980148883391e+04
1.357950779220779259e+04
1.837214556661925144e+03
1.933274201239866443e+03
2.028098632109431264e+03
2.124311669485382936e+03
2.225772571986334697e+03
2.319451477832512410e+03
2.419412789251057347e+03
2.520072471061902434e+03
2.624012729124236103e+03
2.730526451612903202e+03
2.831935576421491987e+03
2.937123446999735734e+03
3.041187516742566459e+03
3.312850027670171585e+03
3.591884692417739643e+03
3.876046490968315084e+03
4.162176668707899807e+03
4.463115372424722409e+03
4.759105573770491901e+03
5.067278644067796449e+03
5.373161245190625777e+03
5.691976483357452707e+03
6.027069985029939744e+03
6.676415672235480997e+03
7.376434561626429058e+03
8.095796671165092448e+03
8.816922857142857538e+03
9.556078934137758552e+03
1.031277595338982974e+04
1.116329494382022494e+04
1.193257075471698045e+04
1.270405425400739841e+04
1.360314795587280969e+04
2.027482609738546444e+03
2.118691325301204870e+03
2.216637269193391603e+03
2.311709202453987928e+03
2.408264057468416922e+03
2.506269769769769937e+03
2.608870886075949329e+03
2.709487067861715786e+03
2.814781436349494470e+03
2.912342070773263458e+03
3.020076350093109795e+03
3.126296017222820410e+03
3.394537819799777481e+03
3.662650688863375308e+03
3.943894065281899202e+03
4.232246621621621671e+03
4.527953591862682515e+03
4.833855029585798547e+03
5.116010840108400771e+03
5.450339072382291306e+03
5.760668239564428404e+03
6.076452300785634179e+03
6.753148842777334721e+03
7.421352094794752702e+03
8.143105310531052965e+03
8.819983847980996870e+03
9.631633888048410881e+03
1.039010164981373055e+04
1.110666944908180267e+04
1.194006933019976532e+04
1.278816440049443736e+04
1.358150646830530422e+04
2.213639980591945459e+03
2.305740577581987054e+03
2.401123981229933179e+03
2.497456359102244278e+03
2.593615810674722979e+03
2.696908998215651081e+03
2.797707216494845397e+03
2.901084856396867053e+03
2.997501188275679851e+03
3.106737292669876751e+03
3.207524221921515618e+03
3.478275601566871956e+03
3.746061778290993061e+03
4.027616372871228123e+03
4.320740340030912193e+03
4.605727011494253020e+03
4.890246868820039708e+03
5.204916808728264186e+03
5.513899260302923722e+03
5.810378760420442632e+03
6.170115674453654719e+03
6.799727526967639278e+03
7.499911451681566177e+03
8.182476576576576917e+03
8.886472934472934867e+03
9.673377206253151599e+03
1.039605190677966129e+04
1.117170558659217932e+04
1.196501991798476774e+04
1.281499506477483010e+04
1.363093346253229902e+04
2.397454007398273916e+03
2.491741229161482806e+03
2.585702485563645496e+03
2.687050546101092095e+03
2.786496790757381405e+03
2.884372274143302093e+03
2.980823529411764866e+03
3.089084885577434761e+03
3.193701347708894900e+03
3.291400163443203382e+03
3.559275978597578160e+03
3.839058549373725782e+03
4.105193635544881545e+03
4.387409246044057909e+03
4.676210003206156216e+03
4.965242052980132030e+03
5.288478395061728406e+03
5.589661124867350736e+03
5.886525145772594442e+03
6.199614430665163127e+03
6.878875300721731946e+03
7.569713677034512330e+03
8.258752144469526684e+03
8.944822941456448461e+03
9.689925590749120602e+03
1.045312440191387577e+04
1.128170538720538752e+04
1.204379729729729661e+04
1.284923641975308601e+04
1.367300000000000000e+04
2.584508534136546132e+03
2.678736388959230226e+03
2.777650115177885709e+03
2.877526029526029561e+03
2.969116662307088518e+03
3.079127885380737553e+03
3.172450455275843524e+03
3.273077756705499723e+03
3.375924300603401207e+03
3.649913142208345107e+03
3.904818527177089436e+03
4.185744712990936932e+03
4.475876288659794227e+03
4.758218387096773768e+03
5.062769025367156246e+03
5.374584599447513938e+03
5.655486515259049156e+03
5.979245961820851335e+03
6.277812523576008971e+03
6.947023723361479824e+03
7.635441502988898719e+03
8.343082086167800298e+03
9.045874641148326191e+03
9.777172396359959748e+03
1.053874813631522920e+04
1.131315957446808534e+04
1.210882536873156278e+04
1.293373638613861476e+04
1.375025695792880288e+04
2.775352941176470722e+03
2.869423811983471296e+03
2.964584225646382947e+03
3.069361375661375860e+03
3.165944934509489485e+03
3.270915515840779790e+03
3.365365326770576758e+03
3.473831161630163479e+03
3.732210285714285874e+03
4.005329988193624558e+03
4.273734712503803166e+03
4.563270551181102746e+03
4.854457059206245503e+03
5.143548809124455147e+03
5.441319473319473218e+03
5.741642857142856883e+03
6.056174041297935219e+03
6.370068821292775283e+03
7.029354890864996378e+03
7.711325751072961793e+03
8.398416628805089204e+03
9.099784755512942866e+03
9.838520748987853949e+03
1.064436836461126040e+04
1.134213692480359168e+04
1.208598414562536709e+04
1.297319826517967704e+04
1.377161114711600749e+04
2.965654649947753569e+03
3.060626121372031776e+03
3.157066382298053668e+03
3.260157894736842081e+03
3.354160534205505428e+03
3.458781888459414859e+03
3.562001676445934663e+03
3.825744809688581427e+03
4.091466983938132216e+03
4.369462672811059747e+03
4.658027619047618828e+03
4.916109915198956514e+03
5.232120986819871177e+03
5.522727779714185999e+03
5.830637900035958410e+03
6.129123982235380936e+03
6.474288999616711408e+03
7.111435012185214873e+03
7.782044788975021220e+03
8.436760345611641242e+03
9.219576607056549619e+03
9.914747839349261994e+03
1.064935470085470115e+04
1.144041521126760563e+04
1.225788493475682117e+04
1.299229783281733762e+04
1.388711074918566737e+04
3.159349786552828391e+03
3.252221055465804966e+03
3.355950640850831860e+03
3.449664279812723635e+03
3.552846432552954411e+03
3.656822234762979861e+03
3.912034011627907148e+03
4.188794956469529097e+03
4.450724969097651410e+03
4.736256156060121612e+03
5.032950462351386705e+03
5.319392990813201322e+03
5.606780308339172734e+03
5.931850145137880645e+03
6.225739455020529931e+03
6.540508272412465885e+03
7.185124591503267766e+03
7.868051193058568060e+03
8.550342177493137569e+03
9.227899277108434035e+03
1.001300663942798747e+04
1.072555316863587541e+04
1.155870991501416393e+04
1.230356431535269621e+04
1.304409900990099050e+04
1.394473598435462918e+04
3.347937431991294943e+03
3.445564236588720632e+03
3.547628165878096297e+03
3.645044163150492295e+03
3.753851112378779362e+03
4.014703997648442055e+03
4.276342718740538658e+03
4.541231129132876049e+03
4.822329252577319494e+03
5.121348303393213428e+03
5.418475618131868032e+03
5.714468107725017944e+03
6.018869199853854298e+03
6.314035687453042556e+03
6.631537359659310823e+03
7.311298021434459770e+03
7.947709873858198989e+03
8.635507132995859138e+03
9.340132945172246764e+03
1.006892875448487939e+04
1.082768787061994590e+04
1.162004994324631116e+04
1.232156338862559278e+04
1.314772914072229105e+04
1.396848763020833394e+04
3.545368845618915202e+03
3.641968793927466777e+03
3.749272079772079906e+03
3.840509059534081189e+03
4.107918100890207825e+03
4.369362248014661418e+03
4.641346250787649296e+03
4.919584930172133681e+03
5.220673270651444000e+03
5.500400483759502094e+03
5.800420114122682207e+03
6.101622475211163874e+03
6.409046159667044776e+03
6.756285546415981116e+03
7.391453830227743310e+03
8.060975866608161596e+03
8.749239110287302537e+03
9.435558378114314110e+03
1.019534004127966909e+04
1.090058616963803433e+04
1.167704498861047796e+04
1.243587730792138245e+04
1.326253312499999993e+04
1.409607072691552094e+04
3.743816785206258828e+03
3.841426639815880208e+03
3.941749636522245055e+03
4.206852861851963098e+03
4.474715301391035609e+03
4.752390819254064809e+03
5.016125860373647811e+03
5.308862897765741764e+03
5.588251305255829720e+03
5.899707553956834090e+03
6.202770485724879109e+03
6.516845360824741874e+03
6.828988202909948996e+03
7.465973782771535298e+03
8.132567841409691937e+03
8.825005121042830069e+03
9.531679921453116549e+03
1.028123639191290749e+04
1.099160587915078941e+04
1.170181502561183879e+04
1.253208208508088683e+04
1.332708474576271146e+04
1.413201707156927114e+04
3.937120243973279230e+03
4.035024955960070656e+03
4.304858873410054912e+03
4.571289145352464402e+03
4.832486521181001081e+03
5.117202250910294424e+03
5.409125427204374319e+03
5.698600633356791150e+03
5.993492575153929465e+03
6.311585484474373516e+03
6.627482067103740519e+03
6.910891304347826008e+03
7.581000419991600211e+03
8.196995579133510546e+03
8.952906954887217580e+03
9.656092079207921415e+03
1.030844513457556968e+04
1.107049427168576040e+04
1.183873795871559560e+04
1.258560264105642273e+04
1.340956108312342622e+04
1.425423517786561206e+04
4.153727814175103958e+03
4.403026009791921751e+03
4.664240151276394499e+03
4.951825040650406663e+03
5.215114190317195607e+03
5.495830350997935057e+03
5.807986837424404257e+03
6.096816684961580904e+03
6.396254237288135300e+03
6.703470725087243409e+03
7.008080143540670178e+03
7.666983918747355347e+03
8.338919124218051365e+03
8.996754468485418329e+03
9.713668154761904589e+03
1.044077655677655639e+04
1.117771420735052197e+04
1.193979735175590031e+04
1.271396074879227126e+04
1.357825540025412920e+04
1.426915085638998607e+04
4.665522383354350495e+03
4.925401164671627157e+03
5.195953743760399448e+03
5.473281110730202272e+03
5.770277581329561144e+03
6.040058013052936985e+03
6.335705970149253517e+03
6.647361153846153684e+03
6.960908082408875089e+03
7.265759853718001068e+03
7.916251290877797146e+03
8.572021788470266983e+03
9.264172975563009459e+03
9.991245330641089822e+03
1.070508647214854136e+04
1.145419129949804847e+04
1.224003920421298972e+04
1.297884445805266296e+04
1.380579011553273449e+04
1.456638569518716577e+04
5.184977084025240401e+03
5.455595693779904650e+03
5.741994720168954700e+03
6.030686459087617550e+03
6.312627604166666970e+03
6.620678544061303000e+03
6.925969637223975042e+03
7.219014141414141704e+03
7.544832916666666279e+03
8.211692206076617367e+03
8.819913705583756382e+03
9.525393378773125733e+03
1.026915226337448621e+04
1.096190571120689674e+04
1.168253720405862441e+04
1.248711698337292182e+04
1.324784305210918137e+04
1.399799159120310469e+04
1.480335091277890388e+04
5.730979269149684114e+03
6.016768953068592054e+03
6.302524517087666936e+03
6.592145364364746456e+03
6.897489787902592070e+03
7.176821615106468016e+03
7.518818521594684171e+03
7.833317426501916998e+03
8.468758527827647413e+03
9.112950943396226648e+03
9.852087194818135686e+03
1.050156041666666715e+04
1.123448877941981300e+04
1.203311398963730608e+04
1.276730741410488190e+04
1.347691598746081581e+04
1.429582600131319850e+04
1.514111050102951231e+04
6.292938427299703108e+03
6.582082666666666228e+03
6.875503132341425044e+03
7.165113162118779655e+03
7.490283822920976490e+03
7.791875794828317339e+03
8.103855652173912858e+03
8.749786074209803701e+03
9.422820240963856122e+03
1.013898424796747895e+04
1.084249013333333278e+04
1.153225779510022221e+04
1.228496432748538064e+04
1.298174695863747002e+04
1.381744664536741220e+04
1.453007503320053183e+04
1.546067177700348475e+04
6.870303990610328583e+03
7.151730769230769511e+03
7.465025957972806282e+03
7.767958579881656988e+03
8.077654963155613586e+03
8.404761140819964567e+03
9.042544007490636432e+03
9.728500246184144999e+03
1.040640237603305832e+04
1.109587669010275749e+04
1.185423609534619754e+04
1.261793206197854670e+04
1.328799938157080942e+04
1.409088406735751232e+04
1.491631461434370794e+04
1.574297173144876251e+04
7.462123970345964153e+03
7.768873942470389011e+03
8.069632308358596674e+03
8.373599911190052808e+03
8.691052799271734330e+03
9.352071291866028332e+03
1.001784229030637835e+04
1.072160897097625275e+04
1.139900110132158625e+04
1.213458497109826567e+04
1.288351147342995137e+04
1.360861901763224159e+04
1.434535344262295075e+04
1.522720741758241820e+04
1.594425944404846814e+04
8.062971008221548800e+03
8.373043072824157207e+03
8.681905411550704230e+03
8.982928837209301491e+03
9.661551859099803551e+03
1.033045869676757320e+04
1.100321405579399107e+04
1.177117766497461889e+04
1.249378689492325793e+04
1.318483670963781515e+04
1.393887820512820508e+04
1.478585302013422734e+04
1.556557651991614330e+04
1.630814905933429873e+04
8.653252493200363460e+03
8.974554832713754877e+03
9.312033349213910697e+03
9.985192789183774948e+03
1.066610451680672304e+04
1.132980613362541044e+04
1.205871839080459722e+04
1.274005436081242442e+04
1.357741231929603964e+04
1.424944299674267131e+04
1.505331046195652198e+04
1.582533191790516685e+04
1.668980752212389416e+04
9.312021438780371682e+03
9.623327485380117650e+03
1.030324795081967204e+04
1.094713828083288900e+04
1.166452628635346809e+04
1.240927507331378365e+04
1.306846622032866617e+04
1.385662141491395778e+04
1.468704202801867905e+04
1.539448445058742254e+04
1.624974621485219905e+04
1.693671205357142753e+04
9.959192307692308532e+03
1.062893036649214628e+04
1.130137035010940963e+04
1.197501655251141528e+04
1.270314175104228707e+04
1.353774921630094104e+04
1.414446442432082767e+04
1.498649864682002772e+04
1.571484140350877169e+04
1.660043506969919326e+04
1.740248743335872132e+04
1.129079278294149844e+04
1.197346833998859074e+04
1.268520773809523780e+04
1.343203671437461162e+04
1.405944372990353622e+04
1.493219365721997383e+04
1.565668741258741284e+04
1.651185328467153158e+04
1.731843669446550484e+04
1.811389316575019620e+04
1.263973665480427007e+04
1.337166728624535244e+04
1.403987668593448871e+04
1.489068977119784722e+04
1.565560419580419511e+04
1.641462989840348382e+04
1.721235515425131598e+04
1.806298119122257049e+04
1.884700648298217129e+04
1.408772487113401985e+04
1.484984093959731581e+04
1.561199581589958143e+04
1.636326772793053533e+04
1.714183583208395794e+04
1.797219500780031376e+04
1.876807748184019511e+04
1.963024581939799464e+04
1.561474058577405776e+04
1.633645231213872830e+04
1.716083333333333212e+04
1.798152380952380918e+04
1.869104742765273477e+04
1.957506427378964872e+04
2.036379741379310508e+04
1.715434234234234100e+04
1.797469476971116455e+04
1.870617457763475613e+04
1.959032330827067562e+04
2.033147590361445691e+04
2.110597340425532093e+04
1.869230707395498393e+04
1.954050916666666672e+04
2.036800086206896594e+04
2.108619220549158490e+04
2.192319156736938749e+04
2.035171576227390324e+04
2.114166341030195326e+04
2.188346660567245999e+04
2.282390719696969609e+04
2.188431655992680680e+04
2.270919981149858722e+04
2.359970262390670541e+04
2.352683430232558021e+04
2.448869748743718446e+04
2.541613250517598499e+04
