7.624041876490856339e+03
7.334253426428756029e+03
7.128225133553803062e+03
6.970167337695017522e+03
6.830468212415856215e+03
6.611906673233193942e+03
6.447113558492413176e+03
6.309985362283483482e+03
6.203529052734375000e+03
6.130325564278704405e+03
6.062853195164076169e+03
6.011918240556659839e+03
5.954883941970985688e+03
5.935338734177214974e+03
5.902200868898543376e+03
5.882582664941784969e+03
5.864440868655154190e+03
5.853130262112787932e+03
5.838530940262523472e+03
5.838326541700625057e+03
5.843357122787299886e+03
5.849894507410636834e+03
5.879395776772247700e+03
5.904385504529834179e+03
5.934729948253557268e+03
5.990796171927468095e+03
6.014593825875824223e+03
6.060397132616487397e+03
6.117916790490341555e+03
6.165075949367088469e+03
6.248142274765593356e+03
6.399822912111936603e+03
6.503209475150952130e+03
6.602810531496063049e+03
6.753871727748691228e+03
6.861414593698175850e+03
6.971598365440747330e+03
7.128508328192473527e+03
7.221307045895281590e+03
7.365678692988427429e+03
7.105800000000000182e+03
6.917485371342835606e+03
6.768975748577085142e+03
6.629365662503061685e+03
6.454231274319065960e+03
6.274524692845097888e+03
6.175935795317403063e+03
6.070539222785420861e+03
6.012352211959163469e+03
5.944713971665852114e+03
5.896454702117183842e+03
5.850863095238095411e+03
5.832421184738956072e+03
5.804032707910750105e+03
5.781921045885670537e+03
5.778683129711463152e+03
5.752593807399633079e+03
5.766787999999999556e+03
5.752669544105745445e+03
5.754084333984920704e+03
5.774810005783690031e+03
5.788981459330143480e+03
5.816718885448916808e+03
5.861616002570694036e+03
5.901032934131736511e+03
5.945368674698795076e+03
5.992508915834521758e+03
6.048720191952749701e+03
6.094988935520793348e+03
6.211212306438467749e+03
6.322503909643787665e+03
6.429334872979215106e+03
6.538179462102689286e+03
6.674314997405293070e+03
6.804429592959296315e+03
6.913417486971627113e+03
7.017624847001224225e+03
7.167190598840952589e+03
7.285876351351351332e+03
6.742512207151664370e+03
6.595431358205315519e+03
6.495807860262008944e+03
6.314726376532820723e+03
6.170368030629337227e+03
6.057553084648493495e+03
5.983038424591738476e+03
5.913981173062998096e+03
5.860613702623906647e+03
5.802071358748778039e+03
5.780585661310259638e+03
5.747744510978043763e+03
5.729323566557211052e+03
5.711337164750957527e+03
5.689566417332989658e+03
5.678178328981723098e+03
5.679834480932203405e+03
5.678211868958109335e+03
5.683278456413103413e+03
5.702876511226251750e+03
5.726890378313970359e+03
5.769000617856039753e+03
5.802439180537771790e+03
5.827346992729676458e+03
5.891254376930998660e+03
5.913182011331445210e+03
5.974382331378299568e+03
6.025993934799090312e+03
6.141478119935170071e+03
6.254813983599482526e+03
6.369564079007808687e+03
6.505004398826979923e+03
6.643016020671834667e+03
6.727036612021857763e+03
6.852492502883505949e+03
6.924751661631419665e+03
7.103473111395646811e+03
7.190083165660630584e+03
6.476624727800629444e+03
6.380808090536961572e+03
6.197518712753278123e+03
6.075704258862717325e+03
5.968841379310344564e+03
5.896087652256986075e+03
5.821528044103547472e+03
5.773974637681159038e+03
5.735628745432399228e+03
5.701208702064896897e+03
5.677200248447205013e+03
5.667353637050087855e+03
5.649999490835030883e+03
5.629252572016461272e+03
5.624719197707736384e+03
5.623348560866121261e+03
5.611945750935328761e+03
5.621564435840708029e+03
5.646001433486238966e+03
5.677201783060921116e+03
5.703675276752767786e+03
5.739333121221762667e+03
5.774439433838051627e+03
5.826952511103519100e+03
5.870288536155202564e+03
5.942212820512820144e+03
5.978969387755101707e+03
6.107434870550161577e+03
6.207379518072289102e+03
6.314456829602558173e+03
6.445915937803692941e+03
6.552587628865979241e+03
6.659197289972899853e+03
6.753745568896511941e+03
6.910812462189957841e+03
7.006554637865311634e+03
7.138149832775920004e+03
6.273355964618694998e+03
6.107764761678919058e+03
5.982313312839914943e+03
5.898107396870555021e+03
5.822644930985245082e+03
5.770542644944896892e+03
5.712698072289156698e+03
5.684058909444985147e+03
5.647213058419243680e+03
5.629006459627329605e+03
5.602859759157049666e+03
5.591047196143111250e+03
5.573228835300154060e+03
5.574212018730489035e+03
5.561487759936825569e+03
5.564001334044824034e+03
5.584961017417749645e+03
5.590355428571429002e+03
5.607769571639586502e+03
5.656450751764345114e+03
5.698997139224411512e+03
5.731836895757974162e+03
5.786613496932515773e+03
5.817694659170765590e+03
5.880796647230320559e+03
5.932313865862848616e+03
6.044315492957746756e+03
6.162463351907415017e+03
6.261885506587914278e+03
6.393476811594202445e+03
6.500147977470558544e+03
6.606788534342887942e+03
6.723662671232877074e+03
6.866042143287176259e+03
6.951934810126582306e+03
7.065624169986719608e+03
5.967377300613497027e+03
5.858421771913289376e+03
5.775954405858728933e+03
5.708366223908918073e+03
5.649595516336751643e+03
5.608589423076922685e+03
5.573173575757576145e+03
5.551005393478793849e+03
5.529703419226957521e+03
5.507914457228614083e+03
5.496805822784810516e+03
5.497306981519506735e+03
5.484398338094001701e+03
5.477252233315816738e+03
5.482103944562899414e+03
5.502924944812361900e+03
5.513357000285143840e+03
5.546783392434987945e+03
5.577713586291310094e+03
5.619806022187004601e+03
5.652095284872298180e+03
5.690222485607856470e+03
5.753838188838189126e+03
5.787931884057970819e+03
5.846471691038620520e+03
5.976714400320898676e+03
6.080580700256191449e+03
6.186262942779291734e+03
6.318972048192770671e+03
6.411489827060020616e+03
6.536499461206896740e+03
6.683016505406943907e+03
6.765437125748502694e+03
6.848503452605147686e+03
6.997314398943196466e+03
5.758486454652532302e+03
5.677922114703799707e+03
5.616476280834914178e+03
5.567379326808307269e+03
5.526538480038479975e+03
5.496744779018940790e+03
5.463963997060984184e+03
5.455541016109045813e+03
5.434580120180270569e+03
5.419541128828144792e+03
5.416242882790458680e+03
5.418398232388874021e+03
5.419555204216073435e+03
5.421411262343207454e+03
5.433880485785261044e+03
5.449444793152639249e+03
5.488307692307692378e+03
5.507356532356532625e+03
5.553375632911392131e+03
5.595094754098360681e+03
5.644051864406779714e+03
5.699090238764045353e+03
5.745696551724137862e+03
5.790149007862223698e+03
5.906774128954745720e+03
6.002835884353741676e+03
6.113726696832579364e+03
6.242201055662188082e+03
6.342486541391569517e+03
6.465640943193998282e+03
6.549386004514673004e+03
6.676540572792362582e+03
6.789704119850187453e+03
6.875739045127534155e+03
5.601153536787319354e+03
5.546454567078972104e+03
5.501522988505746980e+03
5.462930485155684437e+03
5.442711322596388527e+03
5.410146017699114964e+03
5.390419026328861946e+03
5.379567587939698569e+03
5.366791613722998591e+03
5.364039372104992253e+03
5.358990620114643207e+03
5.365638932910723270e+03
5.369902086677367151e+03
5.384114862994741088e+03
5.399659513590843744e+03
5.436121553513193248e+03
5.463167279411764866e+03
5.497406656101426051e+03
5.547957677165354653e+03
5.583522534733988323e+03
5.636343508771929919e+03
5.691992745738120902e+03
5.738245692883895572e+03
5.847019968051117758e+03
5.956498724489795677e+03
6.062524153498871783e+03
6.176989952153109698e+03
6.287800506329113887e+03
6.372561833688699153e+03
6.517079526226734743e+03
6.623923623445825797e+03
6.741103426791277343e+03
6.820727509778357671e+03
5.497217516152189091e+03
5.445832050048123165e+03
5.416994899198445637e+03
5.388156709108717223e+03
5.368114024239425817e+03
5.351260434891277328e+03
5.338828867542973057e+03
5.321649221342864621e+03
5.330094584089142700e+03
5.320812467260345329e+03
5.334302418283284169e+03
5.321905158516926349e+03
5.345949652294853877e+03
5.360359563469270142e+03
5.385959013959013646e+03
5.427638265149184917e+03
5.462799682034976286e+03
5.503903884134299005e+03
5.538847302341364411e+03
5.597531480830109103e+03
5.654237004725554470e+03
5.697219512195121752e+03
5.807791750100120225e+03
5.895073005093378924e+03
6.032338009049773973e+03
6.158707375478927133e+03
6.234657056145675597e+03
6.364944385026738018e+03
6.431162086371284204e+03
6.577872630331753498e+03
6.671346799254195503e+03
6.784930383864671057e+03
5.407571047526673283e+03
5.372116943359375000e+03
5.350911242603549908e+03
5.332664259028642846e+03
5.310106837606837871e+03
5.297451842439643769e+03
5.297538758691733165e+03
5.298459050599895818e+03
5.297944048561626005e+03
5.287553509474246312e+03
5.285888468809073856e+03
5.301169411108009626e+03
5.327487438637020205e+03
5.364727952167413605e+03
5.393462751159196159e+03
5.440099199999999655e+03
5.460315339038841557e+03
5.517045407989075102e+03
5.563134744268077156e+03
5.606195193008011302e+03
5.681374103435258803e+03
5.773839278557114085e+03
5.885829070758738453e+03
5.983912003610108513e+03
6.069978510028653545e+03
6.214791878172588440e+03
6.282055910543131176e+03
6.427499437570303598e+03
6.490358702064896534e+03
6.599962825278810669e+03
6.739400783289816900e+03
5.341809254245631564e+03
5.320859592445328417e+03
5.297541123370110654e+03
5.281613630605523213e+03
5.277589020010261265e+03
5.271106642449402898e+03
5.268890026246719572e+03
5.259200106157112714e+03
5.265415545992468651e+03
5.266190307650422255e+03
5.288980292792793080e+03
5.305600174469322155e+03
5.329044431101770897e+03
5.376306998444790224e+03
5.406211235955056509e+03
5.444140490390986997e+03
5.495962912087911718e+03
5.536312898653437514e+03
5.580132261600292622e+03
5.629062217194569712e+03
5.739956556717618696e+03
5.842313515825491777e+03
5.950299501585863254e+03
6.047091431306845152e+03
6.156122087132725028e+03
6.290438502673796393e+03
6.403533936651583645e+03
6.461800118273211410e+03
6.593961466749533429e+03
6.710364644487932310e+03
5.296757332664828027e+03
5.267083628094997039e+03
5.260334441319355392e+03
5.258948744499093664e+03
5.248238954248366099e+03
5.244830378406985801e+03
5.232366916087653408e+03
5.239576652221018776e+03
5.248991488193300029e+03
5.267178156028368903e+03
5.276996202161846668e+03
5.311557436517533461e+03
5.346518761726078992e+03
5.391196249595861445e+03
5.431804543935850234e+03
5.482423090217766912e+03
5.509884738527214722e+03
5.567481059212946093e+03
5.605978763746681580e+03
5.700321917808219041e+03
5.810057057057057136e+03
5.911502268602540425e+03
6.019023557692307804e+03
6.153869653767820637e+03
6.217893105291288521e+03
6.335485036702428260e+03
6.465591933570581205e+03
6.557338940809969245e+03
6.654444444444444343e+03
5.256468318855390862e+03
5.243943727413526176e+03
5.239899243017488516e+03
5.233173442449841787e+03
5.221772533333333740e+03
5.237129399025446219e+03
5.233590473583356470e+03
5.238518990851122908e+03
5.250989705461824087e+03
5.276415189125295910e+03
5.285182785888077888e+03
5.331149826880705405e+03
5.359807080220851276e+03
5.407435483870967801e+03
5.457063172509545439e+03
5.493502863278454242e+03
5.547745192307692378e+03
5.593658406404880225e+03
5.695950892857143117e+03
5.798387763894872478e+03
5.900835385316917382e+03
6.014159497341711358e+03
6.086607414931437233e+03
6.225766541151156162e+03
6.321171927846674407e+03
6.431207591933570257e+03
6.525640945861854561e+03
6.650883006535947970e+03
5.238236169102296117e+03
5.222780295047417894e+03
5.206937250731188215e+03
5.220335132218025137e+03
5.216652660300136631e+03
5.218928196630765342e+03
5.227272040302266760e+03
5.237312950677819572e+03
5.263608876973487895e+03
5.289928044280442919e+03
5.328454198473282304e+03
5.345751552795030875e+03
5.389993576741041579e+03
5.444004542278126792e+03
5.481240720720720674e+03
5.521751114413075811e+03
5.583567806377256602e+03
5.671187449062754240e+03
5.776617214532871913e+03
5.894235805860806067e+03
5.989400096993210354e+03
6.089447395301327560e+03
6.187320947765212622e+03
6.310278093076050027e+03
6.415416219439474844e+03
6.506471028037382894e+03
6.633026246719160554e+03
5.212723981900452600e+03
5.207724899057873699e+03
5.219540267540267450e+03
5.206533333333333758e+03
5.215815135437028403e+03
5.216290677966101612e+03
5.229350989522700729e+03
5.247018318318318052e+03
5.271880148652833668e+03
5.306666879591184625e+03
5.350635702479338761e+03
5.378661784741144402e+03
5.428967265047518595e+03
5.480649945474372544e+03
5.518971182634730212e+03
5.570141312741312504e+03
5.665954954954954701e+03
5.775571056062581192e+03
5.862982965009207874e+03
5.957086851043182833e+03
6.070868002054442513e+03
6.194952406706327565e+03
6.285247434435575997e+03
6.365951073985680523e+03
6.450238778054862451e+03
6.579817704918033087e+03
5.205126327252926785e+03
5.199675653370013606e+03
5.208817345231455874e+03
5.199131475225225586e+03
5.206512257696693268e+03
5.222640799529688593e+03
5.245811704063068646e+03
5.269059668853483345e+03
5.308689354838709733e+03
5.338219780219780660e+03
5.380621045392022097e+03
5.427179141539552802e+03
5.476850549450549806e+03
5.507718161266013340e+03
5.560554647996887979e+03
5.660975186104218665e+03
5.743957205240174517e+03
5.858625636279500213e+03
5.950847018572824709e+03
6.072663402061855777e+03
6.163090217391304577e+03
6.250524543378995077e+03
6.348057347670251147e+03
6.468126725219573018e+03
6.550492772667542340e+03
5.206200111482719876e+03
5.200158783783784202e+03
5.202364568499003326e+03
5.203569536423840873e+03
5.226445600475623905e+03
5.230722578673999124e+03
5.266187381703470237e+03
5.291952210663199367e+03
5.339032279757901961e+03
5.371419466574298895e+03
5.420475151948516213e+03
5.469250000000000000e+03
5.501837447778199930e+03
5.561651628089446604e+03
5.644526403326402942e+03
5.735713093145869607e+03
5.837407631456491799e+03
5.948359037328094018e+03
6.045014507772020806e+03
6.136640480087288779e+03
6.254613974799542120e+03
6.326100179964007111e+03
6.438734384858043995e+03
6.556786092715231462e+03
5.195088452787258575e+03
5.203756982435934333e+03
5.205292746868628456e+03
5.215110677864427089e+03
5.244351175742574014e+03
5.265284348103283264e+03
5.287388324040669431e+03
5.343878479293957753e+03
5.357407110491460116e+03
5.421963190184049381e+03
5.457324545116969603e+03
5.501083908045977296e+03
5.548275453827939600e+03
5.637421404682274442e+03
5.731440318302386913e+03
5.845914674167838712e+03
5.921802268244576226e+03
6.031707596253902011e+03
6.152172508214676782e+03
6.244458620689655618e+03
6.327153521974713840e+03
6.444627686472818823e+03
6.562216699801192590e+03
5.199284841431481254e+03
5.203693937610359171e+03
5.221724211165048473e+03
5.237318550905683878e+03
5.264528465744612731e+03
5.279887235449735272e+03
5.336416695176189023e+03
5.372142504409171124e+03
5.404073374500544560e+03
5.461380487804877703e+03
5.504594511016621254e+03
5.529905593018643231e+03
5.638737352445194119e+03
5.736350400712377450e+03
5.828384832783796810e+03
5.924523359840954072e+03
6.000798227320125079e+03
6.130633810572687253e+03
6.223260969976905471e+03
6.318932326283988004e+03
6.424263792010146062e+03
6.499015936254980261e+03
5.207755959475565760e+03
5.222672593500919902e+03
5.234827770780856554e+03
5.271260982753010467e+03
5.281049114600735265e+03
5.338364075993091319e+03
5.381039201710620546e+03
5.419547356828194097e+03
5.462704992435703389e+03
5.498714896927265727e+03
5.539672800000000279e+03
5.641527766002543103e+03
5.738734712230216246e+03
5.823080965909090992e+03
5.912477284073888768e+03
6.032136172450052982e+03
6.094028681742967819e+03
6.191204519119351062e+03
6.308472019464719779e+03
6.432036468330134085e+03
6.496923486360612515e+03
5.233367957192319409e+03
5.241356195406017832e+03
5.268779073642119329e+03
5.319988300068823264e+03
5.351435352461920047e+03
5.371759548926882417e+03
5.414450899550224676e+03
5.458243149363180237e+03
5.507199920508744071e+03
5.535109113199836429e+03
5.625250000000000000e+03
5.705770245677888852e+03
5.815833573833573610e+03
5.904969543147208242e+03
5.988476570820021152e+03
6.116899999999999636e+03
6.206272888363851052e+03
6.315428395061728224e+03
6.443161793372320062e+03
6.478906523201076197e+03
5.260639055222887691e+03
5.304416466552315796e+03
5.328787023977432909e+03
5.362632897603485617e+03
5.398470500373413415e+03
5.438475970780468742e+03
5.485234665611396849e+03
5.509299878098334375e+03
5.560688100208768446e+03
5.660918918918919189e+03
5.718854621458430302e+03
5.805329906999510968e+03
5.929754267977237760e+03
5.992509464575446145e+03
6.076448608745031379e+03
6.210956989247311867e+03
6.305525360050093695e+03
6.390954931417374610e+03
6.497130879345603717e+03
5.322211267605634021e+03
5.345525896414342242e+03
5.391145041014168783e+03
5.422550402453047354e+03
5.456292011019283564e+03
5.477519386106623642e+03
5.540820299500832334e+03
5.572927777777777919e+03
5.648696806117858614e+03
5.737436492890995396e+03
5.834906359539309051e+03
5.890403242677823982e+03
6.012154440154439726e+03
6.122122164048865670e+03
6.216313106796116699e+03
6.300612944162436179e+03
6.392651655629138986e+03
6.480864359861591765e+03
5.381349088202456187e+03
5.414267125908916569e+03
5.439549627304825663e+03
5.469562676340185135e+03
5.522981343283581737e+03
5.546093537414965795e+03
5.588539772727272975e+03
5.676952556425610055e+03
5.752468507751937977e+03
5.867992838874680274e+03
5.943105516871986765e+03
6.008699943914750293e+03
6.128328235294117803e+03
6.193768427518427416e+03
6.315169458762886279e+03
6.391931681178834879e+03
6.506607746478873196e+03
5.435103880831046808e+03
5.462666800804829109e+03
5.492294263309946473e+03
5.535196011879507751e+03
5.570686846689895901e+03
5.611953104064314175e+03
5.691058740601503814e+03
5.775674752475247260e+03
5.846890616899948327e+03
5.935348748639826226e+03
6.042593463302751843e+03
6.157691891891891828e+03
6.219494367959950068e+03
6.315559764859568531e+03
6.397772169167803440e+03
6.525778887303851661e+03
5.492121337185307311e+03
5.540869325413661500e+03
5.566869451697128170e+03
5.595770258236865629e+03
5.643571624713958954e+03
5.714101972101972024e+03
5.803803336703741479e+03
5.889712619300105871e+03
5.958256111111110840e+03
6.072534924330617287e+03
6.156407565588773650e+03
6.235679796696314952e+03
6.319512243547319486e+03
6.417914701803051685e+03
6.538376173285199002e+03
5.561704782608695496e+03
5.601316399286987689e+03
5.642240164684354568e+03
5.662529219261336948e+03
5.749500246184145908e+03
5.811313947503859708e+03
5.897058887088060146e+03
6.004066552901023897e+03
6.104088042831647726e+03
6.178477018633539956e+03
6.274009721322099722e+03
6.356242219215155274e+03
6.453531029619181936e+03
6.506284773060029693e+03
5.625340629274965977e+03
5.657265296590378057e+03
5.692136559655006749e+03
5.785902770780856372e+03
5.869685322069693939e+03
5.935445550027639911e+03
6.050566048667438736e+03
6.101870694864048346e+03
6.221522482583914098e+03
6.284573684210526153e+03
6.355949245541838536e+03
6.488370078740157624e+03
6.543205357142856883e+03
5.692148538572113466e+03
5.727503187837174664e+03
5.807755133470225701e+03
5.878071582346608920e+03
5.954520563380281601e+03
6.064756645008859778e+03
6.129283866995074277e+03
6.231922779922780137e+03
6.327889038332212294e+03
6.384946266573621870e+03
6.482165572574763246e+03
6.518063205417607605e+03
5.775336349924585193e+03
5.854836842105262804e+03
5.928712555066079403e+03
5.999550832854681175e+03
6.078791089704996921e+03
6.195801512287334845e+03
6.243047028086218234e+03
6.339987696514011986e+03
6.414629261363636033e+03
6.512993338267950094e+03
6.622379150579150519e+03
5.916851729818780768e+03
5.983920298165137865e+03
6.081959110042093016e+03
6.161655604257984123e+03
6.213782975958414681e+03
6.341020463847203246e+03
6.390653465346535086e+03
6.483216494845361012e+03
6.586668457405986373e+03
6.650604928457869391e+03
6.056797005988023557e+03
6.136892768079800589e+03
6.211272077922078097e+03
6.316495923913043043e+03
6.387231802120141765e+03
6.465555800293685934e+03
6.516941310975609667e+03
6.632686460807601179e+03
6.728369851729818947e+03
6.216708712613783973e+03
6.295994583615436568e+03
6.364679577464788963e+03
6.474218221895665010e+03
6.493352048558422211e+03
6.612849369085173748e+03
6.709194581280788043e+03
6.735316101694915233e+03
6.357430682617874481e+03
6.458459340659340342e+03
6.500164643399089982e+03
6.617598580441640479e+03
6.688857610474631656e+03
6.746632825719119865e+03
6.821190559440559809e+03
6.496865909090908644e+03
6.608861526357199182e+03
6.677836601307189994e+03
6.747741116751269146e+03
6.824384951881014786e+03
6.875369133574006810e+03
6.676647875816993292e+03
6.742887573964497278e+03
6.810974672489082877e+03
6.851741007194244958e+03
6.983483720930232266e+03
6.791903310104529737e+03
6.846301886792452933e+03
6.976596654275092988e+03
7.048509143407121883e+03
6.969256267409470638e+03
7.028749760306807730e+03
7.077654112983151208e+03
7.054051332675222511e+03
7.247631416837782126e+03
7.235224210526315801e+03
