1.260000000000000000e+02
5.500000000000000000e+01
2.710000000000000000e+02
3.600000000000000000e+01
2.000000000000000000e+00
2.950000000000000000e+02
3.500000000000000000e+02
2.640000000000000000e+02
2.590000000000000000e+02
1.193000000000000000e+03
1.196000000000000000e+03
4.640000000000000000e+02
4.590000000000000000e+02
2.500000000000000000e+01
1.540000000000000000e+02
9.600000000000000000e+01
3.550000000000000000e+02
6.100000000000000000e+01
1.920000000000000000e+02
2.700000000000000000e+01
2.100000000000000000e+02
5.200000000000000000e+01
3.370000000000000000e+02
1.080000000000000000e+02
2.170000000000000000e+02
1.650000000000000000e+02
3.560000000000000000e+02
2.070000000000000000e+02
1.732000000000000000e+03
1.550000000000000000e+02
3.970000000000000000e+02
1.030000000000000000e+02
8.300000000000000000e+01
7.900000000000000000e+01
3.280000000000000000e+02
1.860000000000000000e+02
3.250000000000000000e+02
1.870000000000000000e+02
1.600000000000000000e+01
1.100000000000000000e+02
8.300000000000000000e+01
2.210000000000000000e+02
2.310000000000000000e+02
4.300000000000000000e+01
1.100000000000000000e+02
5.510000000000000000e+02
2.530000000000000000e+02
3.890000000000000000e+02
3.790000000000000000e+02
5.500000000000000000e+01
8.480000000000000000e+02
6.630000000000000000e+02
1.480000000000000000e+02
9.300000000000000000e+01
3.800000000000000000e+01
1.220000000000000000e+02
5.020000000000000000e+02
3.900000000000000000e+02
8.440000000000000000e+02
5.800000000000000000e+01
9.100000000000000000e+01
2.300000000000000000e+01
5.360000000000000000e+02
2.210000000000000000e+02
8.000000000000000000e+00
9.100000000000000000e+02
1.300000000000000000e+01
2.210000000000000000e+02
2.040000000000000000e+02
8.900000000000000000e+01
4.960000000000000000e+02
1.420000000000000000e+02
1.400000000000000000e+01
2.400000000000000000e+02
2.800000000000000000e+01
1.410000000000000000e+02
6.800000000000000000e+01
1.580000000000000000e+02
5.150000000000000000e+02
1.400000000000000000e+02
1.643000000000000000e+03
4.650000000000000000e+02
3.630000000000000000e+02
4.400000000000000000e+02
1.670000000000000000e+02
5.300000000000000000e+01
3.040000000000000000e+02
6.500000000000000000e+01
3.400000000000000000e+01
2.680000000000000000e+02
1.706000000000000000e+03
1.800000000000000000e+01
2.200000000000000000e+01
4.200000000000000000e+01
2.880000000000000000e+02
3.000000000000000000e+00
1.040000000000000000e+02
2.830000000000000000e+02
6.000000000000000000e+00
1.950000000000000000e+02
1.640000000000000000e+02
3.430000000000000000e+02
7.700000000000000000e+02
1.890000000000000000e+02
2.850000000000000000e+02
1.960000000000000000e+02
8.450000000000000000e+02
8.840000000000000000e+02
4.210000000000000000e+02
1.303000000000000000e+03
1.230000000000000000e+02
2.340000000000000000e+02
3.280000000000000000e+02
7.960000000000000000e+02
5.520000000000000000e+02
4.800000000000000000e+02
3.000000000000000000e+00
6.690000000000000000e+02
1.760000000000000000e+02
2.790000000000000000e+02
7.100000000000000000e+02
2.600000000000000000e+01
2.430000000000000000e+02
9.400000000000000000e+01
4.850000000000000000e+02
2.290000000000000000e+02
7.300000000000000000e+01
8.400000000000000000e+01
3.230000000000000000e+02
2.530000000000000000e+02
5.470000000000000000e+02
7.560000000000000000e+02
1.220000000000000000e+02
1.483000000000000000e+03
8.400000000000000000e+01
2.570000000000000000e+02
1.180000000000000000e+02
1.100000000000000000e+01
3.570000000000000000e+02
2.210000000000000000e+02
6.910000000000000000e+02
4.540000000000000000e+02
1.420000000000000000e+02
2.040000000000000000e+02
7.180000000000000000e+02
3.140000000000000000e+02
1.200000000000000000e+01
1.500000000000000000e+01
3.490000000000000000e+02
2.130000000000000000e+02
5.520000000000000000e+02
1.500000000000000000e+01
1.590000000000000000e+02
3.590000000000000000e+02
1.370000000000000000e+02
7.170000000000000000e+02
1.640000000000000000e+02
1.970000000000000000e+02
6.300000000000000000e+01
4.710000000000000000e+02
6.510000000000000000e+02
8.900000000000000000e+01
3.500000000000000000e+01
1.732000000000000000e+03
1.110000000000000000e+02
2.220000000000000000e+02
8.700000000000000000e+01
6.650000000000000000e+02
3.480000000000000000e+02
4.240000000000000000e+02
9.300000000000000000e+01
1.000000000000000000e+02
1.880000000000000000e+02
3.080000000000000000e+02
9.610000000000000000e+02
3.430000000000000000e+02
4.150000000000000000e+02
2.000000000000000000e+00
1.320000000000000000e+02
7.370000000000000000e+02
5.110000000000000000e+02
5.560000000000000000e+02
3.100000000000000000e+01
9.190000000000000000e+02
1.110000000000000000e+02
1.560000000000000000e+02
3.020000000000000000e+02
8.250000000000000000e+02
2.150000000000000000e+02
5.610000000000000000e+02
1.100000000000000000e+01
3.910000000000000000e+02
4.100000000000000000e+01
3.950000000000000000e+02
1.510000000000000000e+02
1.190000000000000000e+02
1.239000000000000000e+03
3.960000000000000000e+02
4.850000000000000000e+02
1.245000000000000000e+03
8.800000000000000000e+01
9.000000000000000000e+01
6.990000000000000000e+02
2.640000000000000000e+02
1.043000000000000000e+03
1.690000000000000000e+02
9.300000000000000000e+01
1.484000000000000000e+03
1.005000000000000000e+03
1.091000000000000000e+03
1.732000000000000000e+03
9.800000000000000000e+01
3.410000000000000000e+02
1.300000000000000000e+02
5.300000000000000000e+01
1.010000000000000000e+02
5.170000000000000000e+02
1.238000000000000000e+03
1.840000000000000000e+02
4.440000000000000000e+02
1.307000000000000000e+03
5.400000000000000000e+01
7.500000000000000000e+01
2.180000000000000000e+02
1.394000000000000000e+03
7.530000000000000000e+02
3.170000000000000000e+02
1.950000000000000000e+02
8.000000000000000000e+00
5.740000000000000000e+02
1.200000000000000000e+01
5.100000000000000000e+01
1.100000000000000000e+01
1.284000000000000000e+03
9.700000000000000000e+01
3.400000000000000000e+01
4.870000000000000000e+02
1.191000000000000000e+03
3.410000000000000000e+02
2.910000000000000000e+02
9.600000000000000000e+01
2.400000000000000000e+01
5.450000000000000000e+02
3.070000000000000000e+02
1.039000000000000000e+03
3.420000000000000000e+02
3.670000000000000000e+02
1.550000000000000000e+02
8.000000000000000000e+00
3.820000000000000000e+02
5.700000000000000000e+01
1.430000000000000000e+02
1.840000000000000000e+02
7.500000000000000000e+01
4.460000000000000000e+02
3.410000000000000000e+02
1.110000000000000000e+03
2.010000000000000000e+02
3.140000000000000000e+02
2.740000000000000000e+02
1.800000000000000000e+01
6.760000000000000000e+02
2.600000000000000000e+01
8.530000000000000000e+02
1.900000000000000000e+02
5.670000000000000000e+02
8.100000000000000000e+01
3.650000000000000000e+02
1.153000000000000000e+03
7.160000000000000000e+02
1.732000000000000000e+03
1.732000000000000000e+03
3.220000000000000000e+02
5.930000000000000000e+02
2.530000000000000000e+02
7.300000000000000000e+01
2.970000000000000000e+02
4.480000000000000000e+02
1.700000000000000000e+01
7.770000000000000000e+02
1.750000000000000000e+02
6.680000000000000000e+02
6.620000000000000000e+02
1.270000000000000000e+02
1.850000000000000000e+02
2.470000000000000000e+02
3.370000000000000000e+02
4.600000000000000000e+01
1.358000000000000000e+03
1.257000000000000000e+03
2.470000000000000000e+02
1.410000000000000000e+02
2.450000000000000000e+02
1.130000000000000000e+02
6.000000000000000000e+02
2.800000000000000000e+01
8.520000000000000000e+02
9.400000000000000000e+01
4.840000000000000000e+02
4.870000000000000000e+02
8.000000000000000000e+01
8.950000000000000000e+02
7.300000000000000000e+02
1.307000000000000000e+03
3.800000000000000000e+01
5.700000000000000000e+01
6.100000000000000000e+01
4.720000000000000000e+02
8.090000000000000000e+02
2.560000000000000000e+02
8.100000000000000000e+01
2.830000000000000000e+02
9.050000000000000000e+02
4.520000000000000000e+02
3.000000000000000000e+02
3.070000000000000000e+02
4.100000000000000000e+01
1.007000000000000000e+03
8.100000000000000000e+01
2.200000000000000000e+02
6.360000000000000000e+02
9.800000000000000000e+01
1.276000000000000000e+03
1.650000000000000000e+02
1.080000000000000000e+02
4.900000000000000000e+01
1.434000000000000000e+03
2.750000000000000000e+02
1.682000000000000000e+03
1.170000000000000000e+02
1.210000000000000000e+02
7.000000000000000000e+00
1.140000000000000000e+03
4.360000000000000000e+02
1.600000000000000000e+02
1.074000000000000000e+03
5.100000000000000000e+01
1.610000000000000000e+02
1.221000000000000000e+03
2.700000000000000000e+01
1.000000000000000000e+01
4.700000000000000000e+02
9.600000000000000000e+01
7.900000000000000000e+01
1.100000000000000000e+01
8.500000000000000000e+01
1.270000000000000000e+02
2.490000000000000000e+02
1.900000000000000000e+01
1.890000000000000000e+02
4.600000000000000000e+01
8.200000000000000000e+01
1.176000000000000000e+03
1.732000000000000000e+03
4.450000000000000000e+02
4.250000000000000000e+02
2.000000000000000000e+00
5.000000000000000000e+01
1.920000000000000000e+02
1.732000000000000000e+03
6.200000000000000000e+01
5.060000000000000000e+02
1.680000000000000000e+02
5.120000000000000000e+02
1.052000000000000000e+03
4.400000000000000000e+02
3.490000000000000000e+02
2.240000000000000000e+02
6.000000000000000000e+00
1.700000000000000000e+01
1.067000000000000000e+03
2.210000000000000000e+02
1.193000000000000000e+03
2.250000000000000000e+02
3.300000000000000000e+01
1.080000000000000000e+02
1.183000000000000000e+03
5.300000000000000000e+01
2.830000000000000000e+02
2.950000000000000000e+02
1.315000000000000000e+03
1.448000000000000000e+03
6.990000000000000000e+02
3.780000000000000000e+02
3.530000000000000000e+02
9.590000000000000000e+02
1.010000000000000000e+02
1.171000000000000000e+03
3.890000000000000000e+02
4.000000000000000000e+00
4.880000000000000000e+02
1.090000000000000000e+02
2.060000000000000000e+02
3.140000000000000000e+02
1.032000000000000000e+03
1.240000000000000000e+02
1.216000000000000000e+03
3.440000000000000000e+02
3.570000000000000000e+02
1.400000000000000000e+01
3.920000000000000000e+02
7.880000000000000000e+02
3.310000000000000000e+02
1.780000000000000000e+02
1.732000000000000000e+03
5.770000000000000000e+02
1.260000000000000000e+02
1.732000000000000000e+03
2.020000000000000000e+02
9.700000000000000000e+02
2.800000000000000000e+02
9.000000000000000000e+00
7.310000000000000000e+02
1.732000000000000000e+03
1.145000000000000000e+03
1.300000000000000000e+02
1.732000000000000000e+03
2.090000000000000000e+02
4.440000000000000000e+02
5.370000000000000000e+02
1.250000000000000000e+03
1.732000000000000000e+03
2.710000000000000000e+02
1.400000000000000000e+01
1.732000000000000000e+03
1.220000000000000000e+02
6.070000000000000000e+02
1.760000000000000000e+02
5.010000000000000000e+02
7.010000000000000000e+02
1.380000000000000000e+02
1.646000000000000000e+03
5.800000000000000000e+01
8.010000000000000000e+02
1.963000000000000000e+03
2.300000000000000000e+01
1.732000000000000000e+03
1.551000000000000000e+03
1.372000000000000000e+03
5.390000000000000000e+02
2.096000000000000000e+03
1.162000000000000000e+03
1.732000000000000000e+03
4.550000000000000000e+02
2.360000000000000000e+02
2.672000000000000000e+03
5.720000000000000000e+02
1.602000000000000000e+03
9.400000000000000000e+01
4.610000000000000000e+02
6.110000000000000000e+02
1.102000000000000000e+03
6.320000000000000000e+02
1.120000000000000000e+02
1.167000000000000000e+03
1.156000000000000000e+03
7.000000000000000000e+01
5.300000000000000000e+01
3.980000000000000000e+02
3.050000000000000000e+02
2.830000000000000000e+02
9.300000000000000000e+02
7.130000000000000000e+02
3.910000000000000000e+02
6.330000000000000000e+02
