3.027855625945902602e+02
3.621952746924856683e+02
4.237952097814779222e+02
4.802597521283085484e+02
5.351807748281865997e+02
6.382315312579822830e+02
7.341359794328850512e+02
8.273555470491128290e+02
9.168150352287345868e+02
1.005214795847095957e+03
1.096900757512268683e+03
1.190105364789654459e+03
1.288327291923894563e+03
1.385452592656479737e+03
1.488257153583643685e+03
1.588488685585456551e+03
1.700238293973594864e+03
1.807435179505983797e+03
1.915506190559735842e+03
2.029589736958380172e+03
2.315695378932997301e+03
2.601109802607495112e+03
2.896110361908265531e+03
3.204582348353443194e+03
3.507016908151652387e+03
3.818426109477786667e+03
4.137359553219605004e+03
4.453587661367830151e+03
4.775400098284771957e+03
5.130436940628546836e+03
3.998769772226547730e+02
4.452910098317617553e+02
4.944075844955990533e+02
5.440745575681972923e+02
6.372357194669426690e+02
7.330560823295561477e+02
8.170946373698059233e+02
9.081875202055878162e+02
9.959852398628215724e+02
1.086510374231302876e+03
1.181349600058902524e+03
1.277561368590427719e+03
1.372078456494876264e+03
1.475526434874728920e+03
1.579132903500122438e+03
1.681207471304462388e+03
1.790119855740252888e+03
1.901804788057144606e+03
2.013530991480430657e+03
2.295803577658901304e+03
2.582188661196708836e+03
2.874169010285675085e+03
3.173209515154305336e+03
3.473859375472620741e+03
3.785635205374933321e+03
4.100936939119531417e+03
4.422349813071812605e+03
4.752061225413218381e+03
5.076726828061301603e+03
4.817346950987301284e+02
5.219385403781313926e+02
5.641250358220337375e+02
6.488036602495463967e+02
7.355318262504715676e+02
8.210728588126314662e+02
9.055944554016004986e+02
9.929921959727276999e+02
1.081810733045027064e+03
1.176627667408533853e+03
1.268603364697148663e+03
1.369098497736221589e+03
1.465689972543136491e+03
1.573152534338233636e+03
1.677703129256760803e+03
1.781968240120926794e+03
1.890441256185474685e+03
2.006023002958099141e+03
2.273487367859484038e+03
2.570376003023000067e+03
2.848110137764263982e+03
3.139559696071151848e+03
3.449187060386317626e+03
3.761093586286771369e+03
4.065129395480330913e+03
4.386941358001660774e+03
4.711421815170815535e+03
5.037720361675752429e+03
5.577284167599060538e+02
5.926254868884001326e+02
6.697479475852104542e+02
7.504270318186399891e+02
8.294085930435711589e+02
9.120621829150709345e+02
9.972816071233692128e+02
1.084733818294633011e+03
1.178063885946069377e+03
1.266439525644776268e+03
1.364202439410658599e+03
1.461544231598624037e+03
1.560500073896930644e+03
1.664586300109447393e+03
1.774775811286292083e+03
1.879349291677902784e+03
1.992104557143617058e+03
2.262089929910057890e+03
2.543986127101056354e+03
2.822112051931193037e+03
3.123930193714605593e+03
3.424044724482595029e+03
3.731382438536574682e+03
4.029227041359701616e+03
4.360370573795439668e+03
4.683522272755913036e+03
4.998629389942570015e+03
6.264521736632867714e+02
6.940320902128548823e+02
7.675696139191140901e+02
8.424367406726822765e+02
9.226804115227574812e+02
1.001746906372110629e+03
1.089827051044380141e+03
1.175602378427911162e+03
1.269878642869970690e+03
1.362527142714214506e+03
1.463475367269820936e+03
1.562623693165842496e+03
1.662002522124944562e+03
1.766764387590224032e+03
1.879002383347566365e+03
1.984053675050438869e+03
2.252500868882638315e+03
2.534426662238952758e+03
2.821258600189645676e+03
3.104960186252304084e+03
3.401023876529418430e+03
3.701658959932951802e+03
4.007374127963703813e+03
4.344965267628089350e+03
4.643836984150030730e+03
4.979747790674896351e+03
7.522795558875830011e+02
8.151308782501153019e+02
8.809797172481311236e+02
9.536556226486299011e+02
1.028449671064218137e+03
1.107124343914915926e+03
1.193249177600843723e+03
1.279734968645738945e+03
1.370992746468371479e+03
1.465618357970428178e+03
1.560143396690337113e+03
1.659318208863820246e+03
1.764519300666583604e+03
1.866059676484858755e+03
1.965697700615268786e+03
2.230042005613417132e+03
2.503411872925045373e+03
2.779930143169689018e+03
3.064107962168539871e+03
3.363568828641852178e+03
3.663663879168352651e+03
3.975057230102092944e+03
4.287969782156585097e+03
4.607163077307894127e+03
4.924221693934988252e+03
8.709265215560142224e+02
9.296276501424442813e+02
9.957020169333844706e+02
1.063761589591203119e+03
1.139556371740802888e+03
1.216964427782291295e+03
1.302221804328297367e+03
1.384428044425869530e+03
1.472893426863196510e+03
1.568925039537044768e+03
1.665315699342961580e+03
1.761667519539743580e+03
1.856163081684348754e+03
1.952984482110085082e+03
2.215140482992431316e+03
2.473748506753775473e+03
2.753856936787415634e+03
3.036162587062890907e+03
3.330160948079400441e+03
3.618274125793872827e+03
3.933425273897006718e+03
4.247276607856545525e+03
4.551843391879168848e+03
4.887251479609710259e+03
9.896190658489225598e+02
1.044225239412656720e+03
1.108138692923253075e+03
1.175485684539142312e+03
1.246838288560696583e+03
1.326309271344146282e+03
1.406461151311489630e+03
1.492191920830415029e+03
1.583608953499566724e+03
1.672503511896039527e+03
1.765342491598290053e+03
1.855451515093964190e+03
1.956016093737549681e+03
2.203692336782899929e+03
2.468783393959489331e+03
2.738097396443747130e+03
3.017848718270600784e+03
3.302754098554998563e+03
3.593589506180397620e+03
3.895106006012961643e+03
4.221778262703816836e+03
4.527062026688139667e+03
4.837913879762237229e+03
1.097924934558648147e+03
1.155683054120635916e+03
1.218115956052770571e+03
1.284832555123825387e+03
1.355918163620133100e+03
1.435537211290275536e+03
1.516378459462781166e+03
1.600423341986560899e+03
1.683085518316272328e+03
1.770265560015429855e+03
1.862189893559098664e+03
1.964321374466848283e+03
2.196766101638963846e+03
2.449665531280868890e+03
2.728414315353376423e+03
3.000849432740576958e+03
3.280192794168855016e+03
3.576567204982357907e+03
3.873562185058055093e+03
4.180865330094873570e+03
4.496571540578385793e+03
4.809939043893677081e+03
1.209979729569115307e+03
1.269658392554044440e+03
1.329414382031074410e+03
1.396371990113226047e+03
1.468753245866957513e+03
1.544189859998232350e+03
1.620814558620102162e+03
1.698230660711830978e+03
1.785711357317266447e+03
1.883407012331578926e+03
1.971962463106131509e+03
2.209248661633490428e+03
2.456955674463168179e+03
2.713484410848016523e+03
2.985196399965147066e+03
3.258836505247782497e+03
3.570403257089727504e+03
3.847453270203379816e+03
4.153583271749791493e+03
4.472192185744898779e+03
4.777082678601848784e+03
1.323263841337052781e+03
1.379227796027696741e+03
1.442515532438160790e+03
1.509351058989577723e+03
1.576733152933418069e+03
1.648957724238742003e+03
1.730447101938632841e+03
1.816023770202943297e+03
1.897675327891242205e+03
1.982477586264904630e+03
2.209223609210626819e+03
2.453730243062911541e+03
2.715688275685560257e+03
2.978859695801525959e+03
3.263241274519119088e+03
3.547517827151246820e+03
3.836741659865914698e+03
4.128616072824875118e+03
4.468480086285337165e+03
4.768495184406998305e+03
1.435258199111246086e+03
1.493777747344676072e+03
1.550098565924656896e+03
1.614461520297852985e+03
1.688318822315101897e+03
1.760891517071292810e+03
1.843209488466048015e+03
1.920593686792382414e+03
2.002876322581998693e+03
2.224367182183329078e+03
2.464086729648140590e+03
2.716406118593516567e+03
2.976144907549498384e+03
3.252438678862882171e+03
3.531165289461089742e+03
3.812316208924048624e+03
4.119379783321611285e+03
4.427551159679670491e+03
4.740402623051404589e+03
1.543174033928272365e+03
1.602159598986880383e+03
1.665703827669002749e+03
1.730165277617869606e+03
1.800817445079416757e+03
1.866674157019767108e+03
1.947659616667722730e+03
2.029324135542897011e+03
2.247109968969171859e+03
2.472403290312957324e+03
2.729002445423363042e+03
2.975643827158883141e+03
3.245976579255327579e+03
3.535284265037505520e+03
3.809390168273183917e+03
4.103316699296144179e+03
4.400228855272338478e+03
4.725783486042643744e+03
1.658347203646280377e+03
1.716710620056249809e+03
1.777740163856364688e+03
1.835329832572575469e+03
1.910194379867769385e+03
1.981419241402791613e+03
2.053695225317903805e+03
2.269217671006156706e+03
2.499481897228115940e+03
2.733123718334778914e+03
2.982185424780986523e+03
3.252341337040128565e+03
3.525155061176629260e+03
3.812210700556630400e+03
4.096432981177114016e+03
4.414717237796455265e+03
4.698354405377215699e+03
1.771602951083518064e+03
1.824369244079555529e+03
1.886882327689081194e+03
1.958193802243464233e+03
2.018117492126899378e+03
2.104347523892158279e+03
2.304299058853201586e+03
2.517895958828079074e+03
2.752138646943185449e+03
3.009362086497498240e+03
3.253631118330894424e+03
3.531113174422775046e+03
3.809408581305377538e+03
4.088468360177844261e+03
4.393581474708952555e+03
4.699502006560501286e+03
1.885534173447212197e+03
1.941978773569136138e+03
1.993001600349278078e+03
2.074215124132568690e+03
2.143125080662075561e+03
2.335763286123271428e+03
2.546382099473659309e+03
2.776098920375782200e+03
3.015818500922777275e+03
3.273340264876197125e+03
3.530372353077171283e+03
3.817974796180260000e+03
4.092369924950072345e+03
4.378359969924736106e+03
4.711435213508175366e+03
1.989608441402612243e+03
2.060395933260378115e+03
2.119380750602067110e+03
2.185106708431324932e+03
2.365767289005960720e+03
2.581034417309741912e+03
2.793363326553274874e+03
3.037530423790180976e+03
3.268980401756399260e+03
3.540867035353658139e+03
3.814792762538937495e+03
4.091718363360196236e+03
4.382900096534157456e+03
4.701751662320980358e+03
2.116479364059702675e+03
2.172906145833938808e+03
2.235141136195314175e+03
2.412825511498078413e+03
2.604259097991496674e+03
2.818474117604658659e+03
3.066643225797622563e+03
3.291406922339125231e+03
3.558847181230633851e+03
3.812519829741444028e+03
4.099963832540970543e+03
4.383738836920199901e+03
4.689398498456769630e+03
2.228384516979828732e+03
2.293469028896006421e+03
2.456437298532019668e+03
2.649294938414928311e+03
2.858143997789377408e+03
3.085444659106738527e+03
3.321083480819788292e+03
3.568769856593890381e+03
3.838805714594872370e+03
4.098867448230626906e+03
4.400527502859713422e+03
4.692323584934365499e+03
2.349528454300570502e+03
2.509568045635632643e+03
2.699248226055010036e+03
2.898327324604394562e+03
3.115720800153501386e+03
3.343762964888180704e+03
3.578665307170619144e+03
3.846275515168392303e+03
4.118135080314790684e+03
4.409074742862457242e+03
4.707263023252059611e+03
2.657834304947919918e+03
2.823935451823168023e+03
3.001582833662296252e+03
3.199292653738149966e+03
3.413278009741014102e+03
3.665227892825254003e+03
3.907648899368369257e+03
4.165676039771744399e+03
4.442117409160857278e+03
4.721222352998695897e+03
2.963070071223833111e+03
3.128136969354620305e+03
3.314595499718551764e+03
3.522629737886976727e+03
3.740493984177028779e+03
3.970113102229575361e+03
4.226170047317005810e+03
4.487592654937720908e+03
4.758563036983698112e+03
3.283937727292742693e+03
3.447946224747750421e+03
3.639543752586525898e+03
3.853438524902032441e+03
4.074240285648822464e+03
4.314121639067266187e+03
4.550212170004795553e+03
4.816630790158135824e+03
3.607357856346978679e+03
3.783764170963928791e+03
3.983576129746518745e+03
4.183265103052101949e+03
4.402406935580165737e+03
4.641453113516749909e+03
4.903369037666666372e+03
3.951447385857898553e+03
4.122629978327999197e+03
4.306057029268662518e+03
4.531936897189356387e+03
4.745679101975595586e+03
4.995580866087366303e+03
4.274660804418631415e+03
4.462016064893583462e+03
4.649321058260660720e+03
4.879204412816289732e+03
5.109872651513516757e+03
4.623180033552643181e+03
4.820872498853213983e+03
5.016100641686531162e+03
5.244942502212328691e+03
5.008395049918902259e+03
5.198315446553747279e+03
5.391430295795106758e+03
5.367610403212208439e+03
5.600467452239549857e+03
5.754293726159785365e+03
