3.030894239365325120e+02
3.591067448438655560e+02
4.177196196132088062e+02
4.735089861104423790e+02
5.276233119818554087e+02
6.322397666998901968e+02
7.325232979871503858e+02
8.314654432513973461e+02
9.278919639276125508e+02
1.023506191311197995e+03
1.119057424059154073e+03
1.215357027540195986e+03
1.313635001888851320e+03
1.408049746579947168e+03
1.506298700132229897e+03
1.606099855188184847e+03
1.706583287114304994e+03
1.809301807920364354e+03
1.907817071240480345e+03
2.014528258326304012e+03
2.283778489864634139e+03
2.558345868173057625e+03
3.057833174664286616e+03
3.629705237259641308e+03
4.122170505898710871e+03
4.642630924266040893e+03
5.116005508628165444e+03
5.640008248164572251e+03
6.133820627287603202e+03
6.616933380785073496e+03
7.625246547725473647e+03
8.669757684659758525e+03
9.719170798555758665e+03
1.077021800364121555e+04
1.189487452597129413e+04
1.292536414183761735e+04
1.401285737048646479e+04
1.513348237015103223e+04
1.623071150155670148e+04
1.736579726654998012e+04
3.990775273547594111e+02
4.449816368299370311e+02
4.924984637810272261e+02
5.411379532686156608e+02
6.365815891921695311e+02
7.345712747585766920e+02
8.272395413513966105e+02
9.209242845165484823e+02
1.014810075640206151e+03
1.109178456032982695e+03
1.205053379215191626e+03
1.300204708885226410e+03
1.394598633755123956e+03
1.491417399801583997e+03
1.590219844809080996e+03
1.689397005618615367e+03
1.790475210497041189e+03
1.893783251552760930e+03
1.998632543641143229e+03
2.264302639308771631e+03
2.539963164523601790e+03
3.045088427362140465e+03
3.622571750532798887e+03
4.121622787063265605e+03
4.625765550647084638e+03
5.125883904075639293e+03
5.630542427955188941e+03
6.120193949137546952e+03
6.626723191058838893e+03
7.638288461410459604e+03
8.666963043169676894e+03
9.721654048765021798e+03
1.073949071584647390e+04
1.181344130132875762e+04
1.285776114111277457e+04
1.403503275032663259e+04
1.508130411753953740e+04
1.630632425746237641e+04
1.743981112744375059e+04
4.811943268058182070e+02
5.217866825941875959e+02
5.642156630207654189e+02
6.515044675621974193e+02
7.414484908762427722e+02
8.311745197583986737e+02
9.214869978286354808e+02
1.013161448439679134e+03
1.103920769502359690e+03
1.199351202049375615e+03
1.289680685499583433e+03
1.386118439583370900e+03
1.482497548327768982e+03
1.581236071720828704e+03
1.679867110045379604e+03
1.778497642319534407e+03
1.880701779224232951e+03
1.988409435572452139e+03
2.247122979779068373e+03
2.529635490762343579e+03
3.029612861315331884e+03
3.600740688565556411e+03
4.111995919194221642e+03
4.619261618414093391e+03
5.122947200982638606e+03
5.608315948507743087e+03
6.108735706891382506e+03
6.616114617815140264e+03
7.634147714931100381e+03
8.674510042597263237e+03
9.744595590734115831e+03
1.079403409667505548e+04
1.184279229462584408e+04
1.290766296350607990e+04
1.398252798205391082e+04
1.504974583792173144e+04
1.625186142888020549e+04
1.734447612837096312e+04
5.557306160905422985e+02
5.927632732869757319e+02
6.724024940570245690e+02
7.567226374720033846e+02
8.401465589434927779e+02
9.261377847890399835e+02
1.015384967623853299e+03
1.105595995866460271e+03
1.196536192984260424e+03
1.287446917885116363e+03
1.379486571364502424e+03
1.475698197639665977e+03
1.571398812269040036e+03
1.669595067358034157e+03
1.772491459161145940e+03
1.870430970475830918e+03
1.977768910053484660e+03
2.236039661955292104e+03
2.510401610633360178e+03
3.023974917787131290e+03
3.588422212011327247e+03
4.090100172360698707e+03
4.621262996663411286e+03
5.120715201841081580e+03
5.595533715956327796e+03
6.138390939153224281e+03
6.620231718540720067e+03
7.608426193250532378e+03
8.658686222924017784e+03
9.747714788132630929e+03
1.074152604889211034e+04
1.184110067935270854e+04
1.289639036719075375e+04
1.403668344777374659e+04
1.510460961492626120e+04
1.625851257781792992e+04
1.741625216806557364e+04
6.253765855567005474e+02
6.969014104198324731e+02
7.730580837600542736e+02
8.529637857038870834e+02
9.368616064973610946e+02
1.019839163463726777e+03
1.108758118886780039e+03
1.193903976514850910e+03
1.286230052913721920e+03
1.378893845560795853e+03
1.473925959608558969e+03
1.568124294838367859e+03
1.663287708732431838e+03
1.763495274471040375e+03
1.867087694016536716e+03
1.966683760787056826e+03
2.223954280356804247e+03
2.501866646329010564e+03
3.014410228508091677e+03
3.592017853275265679e+03
4.080499950979601181e+03
4.592380391648988734e+03
5.112346026549796989e+03
5.622424492965020363e+03
6.120930063248136321e+03
6.587141772936505731e+03
7.624616388317377641e+03
8.667739938397298829e+03
9.742660653041266414e+03
1.076178120581032636e+04
1.188560306329244304e+04
1.286705153691457235e+04
1.400177196561593155e+04
1.515032693964830833e+04
1.636427214023105626e+04
1.743940498976621166e+04
7.532223621175103290e+02
8.183234720937086877e+02
8.887463642087881226e+02
9.641672976667983903e+02
1.043258641440110523e+03
1.122534925649754769e+03
1.207778108427197367e+03
1.294462684258464606e+03
1.383279795561715900e+03
1.474667784389814415e+03
1.564874631917861052e+03
1.660763905463429182e+03
1.758471832696309320e+03
1.855803501020892554e+03
1.953509707649491929e+03
2.209789574321867349e+03
2.478511501607407808e+03
2.979601080436746088e+03
3.569789816334256102e+03
4.098481124472914416e+03
4.623016088800234684e+03
5.116884952009805602e+03
5.605131642651049333e+03
6.122997738715019295e+03
6.634768825341712727e+03
7.654186335550290096e+03
8.668973766508215704e+03
9.712267255968759855e+03
1.081953228315776505e+04
1.184491699315451842e+04
1.295534537917551825e+04
1.407167924713984758e+04
1.513512729334546020e+04
1.620978284709092623e+04
1.748309137003643627e+04
8.720892786755149473e+02
9.338788275607304286e+02
1.002904831496538577e+03
1.073880083762479671e+03
1.149605314636789217e+03
1.228439267963698512e+03
1.311909776659296995e+03
1.394825530437647785e+03
1.479922779852472104e+03
1.570633772940769632e+03
1.665141544734547779e+03
1.756718235787021058e+03
1.852012341969201771e+03
1.946455126568675269e+03
2.200512242808126302e+03
2.463755016385204726e+03
2.966476028542037511e+03
3.563182849754818562e+03
4.106971743634259838e+03
4.607831547120692449e+03
5.111387130434586652e+03
5.626795467927141544e+03
6.120421671371833327e+03
6.640226250411650653e+03
7.686928630244578926e+03
8.701070986544449624e+03
9.758152376001471566e+03
1.088003657562984699e+04
1.194142667770065964e+04
1.299434638570981406e+04
1.404132486912296736e+04
1.516889738787434180e+04
1.628931880473950878e+04
1.753853182839562214e+04
9.890046322462973194e+02
1.047443709034741460e+03
1.114032892710255055e+03
1.183165189536582375e+03
1.257169428400405650e+03
1.333980709636757410e+03
1.414383139256682171e+03
1.497044475893851313e+03
1.584191369026900702e+03
1.674272815799432237e+03
1.762864543085904415e+03
1.853968411162539269e+03
1.952463946212221799e+03
2.198878239648453018e+03
2.454314786207468387e+03
2.962015335833966674e+03
3.564441579799537067e+03
4.086831185306603857e+03
4.613123435500247979e+03
5.123137981498351110e+03
5.634054522957066183e+03
6.161826965572890003e+03
6.631975241595777334e+03
7.688975454138831083e+03
8.759737156952611258e+03
9.823469790489969455e+03
1.090931862384702436e+04
1.202808725466172473e+04
1.306628653130543898e+04
1.407233130147442898e+04
1.521838791072238564e+04
1.639719836804909937e+04
1.754725433817729572e+04
1.100328216243395445e+03
1.158896676667202428e+03
1.223853976859263867e+03
1.292489295688312950e+03
1.363657442537824181e+03
1.440952238451695621e+03
1.519431153471515472e+03
1.603578413857611395e+03
1.686207886995181298e+03
1.773430228016125511e+03
1.864632870058504750e+03
1.961170611149990009e+03
2.195648613783930159e+03
2.447245878983748753e+03
2.957514917629110641e+03
3.597099600627400832e+03
4.111175719660614050e+03
4.630681503588371015e+03
5.133993970191668268e+03
5.667137844440268964e+03
6.172151212804286843e+03
6.682283281488635112e+03
7.740959696301835720e+03
8.807157959179097816e+03
9.878347950035782560e+03
1.098390828628543204e+04
1.204184472091836687e+04
1.309676721418112720e+04
1.415445803514456202e+04
1.533479961183063278e+04
1.643059754669059475e+04
1.751435606155808637e+04
1.212020759623306049e+03
1.270863007600172523e+03
1.333734217347279355e+03
1.400957579410047174e+03
1.472599284255126804e+03
1.547885751947904055e+03
1.625524830120873958e+03
1.703487364077608845e+03
1.792133121954068656e+03
1.881621968530763752e+03
1.970116838119119166e+03
2.205264015777779150e+03
2.451414412864779933e+03
2.968161887620891775e+03
3.621438860636399113e+03
4.140618591993523296e+03
4.655820919308069278e+03
5.168725472476779032e+03
5.704165467488500326e+03
6.206308099343337744e+03
6.732089690397302547e+03
7.767249798884745360e+03
8.861232141999038504e+03
9.950713015530680423e+03
1.104634428007194765e+04
1.205357290602091780e+04
1.309019581682495118e+04
1.420070951125696592e+04
1.539526019280972650e+04
1.647267354930180591e+04
1.760845343192048313e+04
1.322885837464762744e+03
1.381644163759403000e+03
1.445537597119115162e+03
1.511203107081399139e+03
1.583011308815183838e+03
1.653597700842815129e+03
1.734064853475802465e+03
1.818377627904153769e+03
1.899198014000719695e+03
1.985987130191216920e+03
2.211390040362634409e+03
2.453221158735655536e+03
2.975225524304072223e+03
3.613118202155912968e+03
4.158994170079250580e+03
4.669760810821254381e+03
5.203788920208161471e+03
5.703431596029423417e+03
6.286013910359946749e+03
6.777909812914075701e+03
7.839648515514048995e+03
8.893454465901875665e+03
1.000874479045476073e+04
1.111199141082962524e+04
1.211551283298284761e+04
1.322179107964363720e+04
1.431646745305120203e+04
1.540794819156845551e+04
1.661680225288447036e+04
1.780559791830593895e+04
1.434231710872195208e+03
1.492645381477112096e+03
1.554808386492678437e+03
1.619291645436137742e+03
1.691510627445519049e+03
1.767473643277729025e+03
1.844920158894595488e+03
1.924650218811563491e+03
2.007765763836418273e+03
2.226510248553985093e+03
2.463882400718754070e+03
2.991855167634280406e+03
3.656748642040277446e+03
4.179711773600129163e+03
4.707801606301253742e+03
5.245688924896802746e+03
5.778346449229135942e+03
6.287798211053914201e+03
6.850074009724490679e+03
7.920467938051368037e+03
8.968777274865069558e+03
1.015379727172666753e+04
1.112339292654638484e+04
1.220783747300908180e+04
1.329466915874275219e+04
1.438755726907823009e+04
1.555469837148555780e+04
1.668238568627669156e+04
1.779832030238938387e+04
1.545821204924028962e+03
1.600993151748182072e+03
1.666130523612627258e+03
1.733876036377429045e+03
1.802833794230595231e+03
1.874621695598888664e+03
1.954482717024609656e+03
2.031643793344558162e+03
2.248593003016210332e+03
2.479379344518927155e+03
2.999137362409695015e+03
3.666715898197787737e+03
4.199517171998419144e+03
4.746262124339883485e+03
5.282797302529966146e+03
5.820263868116460799e+03
6.314317609929762511e+03
6.922306674587056477e+03
7.979341146995090639e+03
9.092840460303139480e+03
1.018919361690841833e+04
1.123879477761605449e+04
1.226483228154499011e+04
1.335591336252319707e+04
1.438773865189139724e+04
1.558856336889810336e+04
1.678679112268314930e+04
1.785945512520350894e+04
1.655965614936929342e+03
1.716447576081982334e+03
1.778126937544407610e+03
1.841903830098379785e+03
1.915130140038314266e+03
1.983879728246328796e+03
2.060949106207984187e+03
2.272182173140321083e+03
2.501222319333506221e+03
3.037172658796632277e+03
3.674131533804665196e+03
4.224669859916219139e+03
4.776567754983066152e+03
5.355366138088610569e+03
5.880475779812848486e+03
6.418061040849895107e+03
6.955908450678888585e+03
8.094360123665813262e+03
9.121177568547187548e+03
1.025594281313097053e+04
1.131593057239598056e+04
1.236071051429665022e+04
1.339050484950885402e+04
1.458882863827389701e+04
1.565774476226940897e+04
1.676113235141680343e+04
1.793536064770707890e+04
1.768142956652218345e+03
1.827434936821662632e+03
1.892527019444688904e+03
1.957259820920646689e+03
2.027804663443961545e+03
2.106045296076128125e+03
2.302269883134767497e+03
2.519293113329858897e+03
3.056487905363587743e+03
3.763115801493817798e+03
4.303864240417590736e+03
4.841810309488980238e+03
5.390709550814220165e+03
5.935761601812293520e+03
6.547082822828572716e+03
7.048956431095467451e+03
8.141416416823905820e+03
9.222984405138093280e+03
1.031887568505169838e+04
1.136771111080646187e+04
1.252322811572880346e+04
1.350419111414415784e+04
1.467818227901287719e+04
1.586294781336537926e+04
1.681796475211780489e+04
1.800451014354229483e+04
1.883010635002042818e+03
1.941144829264260579e+03
2.001375689776763465e+03
2.073543367221720473e+03
2.143877092187151447e+03
2.336107768519625552e+03
2.545584900267331705e+03
3.081438318622962470e+03
3.770667116871701182e+03
4.358699477935940195e+03
4.903124618141624524e+03
5.501108982853309499e+03
6.035888274608946631e+03
6.570182867999225891e+03
7.144289320745341684e+03
8.180637843670359871e+03
9.324561713157094346e+03
1.038044735646490335e+04
1.149981401966514568e+04
1.263514403522968496e+04
1.366778159263461384e+04
1.473973446878782306e+04
1.592741058375081411e+04
1.707039097400051833e+04
1.822284702101595394e+04
1.995191851689270379e+03
2.057690057308230735e+03
2.119385277363715886e+03
2.184811508823457643e+03
2.372574151080803858e+03
2.577463873524476185e+03
3.154993445636144770e+03
3.810168248852439774e+03
4.396684681938749236e+03
4.997439809999546014e+03
5.579770709849862214e+03
6.151502173599351408e+03
6.714863456459306690e+03
7.193819540782089462e+03
8.321048366463031925e+03
9.488457875491811137e+03
1.059670624245037470e+04
1.164401377887976923e+04
1.277404647607443076e+04
1.386483148012526726e+04
1.495056207016913140e+04
1.611025167923182562e+04
1.722518429669722536e+04
1.839669681172633500e+04
2.113133050887040554e+03
2.173230623338170062e+03
2.237088593817603396e+03
2.414771465915934186e+03
2.608510020267887285e+03
3.195122248139666226e+03
3.878589631714263760e+03
4.438233115529985298e+03
5.121834051398681368e+03
5.689670715782376647e+03
6.229372665862253598e+03
6.786931669215073271e+03
7.347009943845742782e+03
8.464484008912593708e+03
9.615667938797088937e+03
1.071800982607841979e+04
1.174170985993690738e+04
1.284858597910114077e+04
1.389352492272468407e+04
1.508406873988496955e+04
1.622639882257589488e+04
1.722091955708594105e+04
1.848749237662748055e+04
2.230606663038797251e+03
2.294935907044201031e+03
2.458063363166491399e+03
2.648809352525957365e+03
3.233645287421464673e+03
3.972966150023051796e+03
4.588432738444222196e+03
5.206228496384131176e+03
5.784550671032913669e+03
6.374603070390241555e+03
6.958870862300652334e+03
7.506970045090677559e+03
8.569016425653348051e+03
9.784143975615033924e+03
1.085597201936655983e+04
1.191768281130261857e+04
1.302478723099923809e+04
1.410552557640759733e+04
1.523509601607317381e+04
1.618688643754948134e+04
1.748341354191436767e+04
1.874782938130879484e+04
2.350368483528016441e+03
2.506324028446603279e+03
2.694814951756759001e+03
3.302913648928883504e+03
4.031444556190497224e+03
4.696442862627284740e+03
5.320645273994425224e+03
5.929581448684014504e+03
6.466359776833730393e+03
7.076542111401898183e+03
7.631882054897587295e+03
8.797436971127242941e+03
9.850432934873986596e+03
1.097612214884182504e+04
1.214787598786326635e+04
1.323119022506058718e+04
1.426957646898954226e+04
1.550161844010321875e+04
1.678461117897104850e+04
1.787644637485769272e+04
1.917777847759960423e+04
2.652804574824363954e+03
2.821868658087848871e+03
3.475440753706771375e+03
4.351174704987343830e+03
5.144456231104071776e+03
5.706982454822542422e+03
6.380344636672901288e+03
6.987745068838713451e+03
7.535331187110145038e+03
8.123671317196492055e+03
9.349176450982598908e+03
1.064635519959308476e+04
1.205830483674896277e+04
1.328260655743622192e+04
1.447912112094922304e+04
1.570877999687597730e+04
1.685988957875183769e+04
1.858034722607015647e+04
1.942985962492421459e+04
2.075836095864569143e+04
2.962771124149165189e+03
3.852262345269734851e+03
5.012145930967270033e+03
5.937632780580710460e+03
6.871779148836163586e+03
7.792904220439233541e+03
8.746711513102443860e+03
9.500032654589984304e+03
1.045600468473547880e+04
1.202980505985214222e+04
1.333175064070676854e+04
1.456895603871082676e+04
1.583418123610998737e+04
1.711680216264294722e+04
1.804752242780067900e+04
1.923225831514542006e+04
2.094095277683473250e+04
2.183798824463192432e+04
2.316581238043039048e+04
9.757231734701706955e+03
1.118660799219468208e+04
1.243952015439485876e+04
1.276471541410594364e+04
1.332557905826517708e+04
1.438109313059220040e+04
1.473790183469332987e+04
1.530197767705242404e+04
1.680450375341716790e+04
1.784919536804766904e+04
1.916895377050910247e+04
2.015229009966624290e+04
2.145758412318340925e+04
2.262276438284087999e+04
2.358834703588998673e+04
2.493823907339331345e+04
2.707019057862423142e+04
2.769338487124288076e+04
1.279729898675233198e+04
1.421419312164307121e+04
1.534775954025492319e+04
1.599419233564476417e+04
1.679298845780265401e+04
1.741063672190900979e+04
1.835819837258341431e+04
1.943099404612032959e+04
2.067950889027581434e+04
2.199191277010262274e+04
2.314888784899968232e+04
2.552629295060193544e+04
2.582013767285839640e+04
2.719340589321482912e+04
2.892247369101309232e+04
2.955412516944286835e+04
3.090416221650730949e+04
1.563944729138958974e+04
1.741977093126171894e+04
1.838684209929550707e+04
1.926995537630796389e+04
1.983355998148467188e+04
2.089103238996981236e+04
2.209424824671231909e+04
2.368836986726373652e+04
2.474133519323749715e+04
2.588092558426026881e+04
2.776181479268214389e+04
2.890740150973156415e+04
2.983995643077974091e+04
3.118692637416922298e+04
3.220004079481110966e+04
3.351431743006499164e+04
1.869989411322614251e+04
2.013235274513070544e+04
2.139629002409161330e+04
2.280486616848030462e+04
2.315223916860242753e+04
2.485154513908133958e+04
2.635664175231811532e+04
2.805955497763898529e+04
2.818711449313400590e+04
2.986620783835697875e+04
3.164402928430316024e+04
3.269569646517511137e+04
3.447693084832801105e+04
3.534347941235504550e+04
3.570948294501602504e+04
2.151981267270096214e+04
2.328921783833274094e+04
2.450119935529793656e+04
2.568407385154685835e+04
2.715504562204595641e+04
2.908433863344644124e+04
3.070052847081470100e+04
3.107810308518808961e+04
3.235171577872507987e+04
3.453451026587907836e+04
3.640393160617019748e+04
3.613374563133678748e+04
3.732928950915663881e+04
3.807006812567125598e+04
2.460709327563181432e+04
2.606565029177750330e+04
2.746025350776826963e+04
2.907287252071971670e+04
3.075728725633519934e+04
3.402073509000279591e+04
3.481312374264437676e+04
3.551743957665854396e+04
3.694041653164615855e+04
3.788053181014466827e+04
3.925537349169598747e+04
4.017747764522524812e+04
4.107699689927614963e+04
2.748334574366151355e+04
2.904675446331751300e+04
3.151689646543527851e+04
3.322655688314157305e+04
3.576803696850061533e+04
3.684035147754431091e+04
3.794677055819763336e+04
3.893664954761025729e+04
4.030328599705603119e+04
4.181227489138028614e+04
4.290581785313752334e+04
4.269930861826638284e+04
3.016575043298482342e+04
3.339796641336873290e+04
3.543800456750917510e+04
3.775212620181024249e+04
3.932421379531599814e+04
4.123453329367248080e+04
4.157121072376704979e+04
4.241603481108454434e+04
4.292578981862088403e+04
4.348957856297812395e+04
4.474205581207996147e+04
3.654504292511597305e+04
3.838234275655345118e+04
4.143221784214106447e+04
4.302328299121346936e+04
4.391771950738506712e+04
4.414375193649470020e+04
4.526907996678927884e+04
4.552493405775379506e+04
4.596830941592492309e+04
4.769029033642261493e+04
4.120157964205359895e+04
4.401120001798197336e+04
4.517127528360456927e+04
4.628693353396881867e+04
4.716650889592056046e+04
4.776105295237198879e+04
4.713905521885362396e+04
4.990042046383830166e+04
4.910052147989071818e+04
4.632236126560867706e+04
4.750928790777442191e+04
4.813168739288450161e+04
4.860125771427941800e+04
4.839217628049166524e+04
4.977557314777834108e+04
4.849964320066566142e+04
4.993015044927915005e+04
4.818975000515376450e+04
4.861346529420586739e+04
4.843142993794596987e+04
4.852629058207433263e+04
4.821247072698368720e+04
4.799319942998773331e+04
4.807870205305896525e+04
4.863977223345406674e+04
4.800595940101928863e+04
4.641443892119151133e+04
4.600937700703133305e+04
4.765865715896123584e+04
4.763392267468255886e+04
4.606765274513774057e+04
4.493957498732417298e+04
4.680999439081132005e+04
4.609510120024876960e+04
4.647795828190371685e+04
4.425341336214359035e+04
4.458132550597016962e+04
4.463430057780115021e+04
4.529996406051711529e+04
4.421499703819910064e+04
4.370213283907254663e+04
4.536049686345740338e+04
4.525729632937312272e+04
4.571337587433512090e+04
4.622119954471561505e+04
