3.033082230818403104e+02
3.599598127814683721e+02
4.201676555606250076e+02
4.768209156172003418e+02
5.330005199872821322e+02
6.399475162059952709e+02
7.398405994272645785e+02
8.373727593329361980e+02
9.305148434037440666e+02
1.022128327054563897e+03
1.116277064645547398e+03
1.211281619706783204e+03
1.311671566523068577e+03
1.409643457550612311e+03
1.514021835677754325e+03
1.617750843997873289e+03
1.726022705356771667e+03
1.831961499523181146e+03
1.941821563392076087e+03
2.052401632611249624e+03
2.331424144810326197e+03
2.617894141649009271e+03
2.909676910058189605e+03
3.206163696595074725e+03
3.505826491192832236e+03
3.811217017096900690e+03
4.129172088801878999e+03
4.445341188687541035e+03
4.775961535983430622e+03
5.111652252548809884e+03
3.989369871929145006e+02
4.446531767267645705e+02
4.938096167329239279e+02
5.447221772251366474e+02
6.414040861904842359e+02
7.394496314927112053e+02
8.291131367648085870e+02
9.220867120576966727e+02
1.012592422054365102e+03
1.106709514132700633e+03
1.202082531599250615e+03
1.300620785588240778e+03
1.398224257388105343e+03
1.500310608755860130e+03
1.606549061072621953e+03
1.709782660155849499e+03
1.816551546963609098e+03
1.924446835520000604e+03
2.034904637285807667e+03
2.316249211240085060e+03
2.598220631053968191e+03
2.889899169001528662e+03
3.176563711736147525e+03
3.477962504856299802e+03
3.785149006682841900e+03
4.098307927885134632e+03
4.417188280858003054e+03
4.746288759940142882e+03
5.080962307297189909e+03
4.813551503836869756e+02
5.229804768834335391e+02
5.649292736579222947e+02
6.531244045053593936e+02
7.432532863345460328e+02
8.316156064611483316e+02
9.195142907994322741e+02
1.010351270484539327e+03
1.101389698298325357e+03
1.198637189267767553e+03
1.293026021311422483e+03
1.393954194713729294e+03
1.493868010034140980e+03
1.597112038540629101e+03
1.701370857221232882e+03
1.807396242379086289e+03
1.913907498419787771e+03
2.025836284847976231e+03
2.294982533424588837e+03
2.582383995951192446e+03
2.859819380439084398e+03
3.148843168067759962e+03
3.452502788038128983e+03
3.764508098384445020e+03
4.074680113388471000e+03
4.391740747622890012e+03
4.711984936938327337e+03
5.047352534935771473e+03
5.567964312517379994e+02
5.927441472424965241e+02
6.734620307595291706e+02
7.558322283248681970e+02
8.401327981643552221e+02
9.261386707682722772e+02
1.014971715009838476e+03
1.104531486851413320e+03
1.197138304808402836e+03
1.291521533893171863e+03
1.387943497239740282e+03
1.487698719818206882e+03
1.588581389037751478e+03
1.690444423897415163e+03
1.797094086067939543e+03
1.902362754612921663e+03
2.013909582844812803e+03
2.281704752595897389e+03
2.560126752210831000e+03
2.833111296043794937e+03
3.129642938683060947e+03
3.430095642012629014e+03
3.737061266103155504e+03
4.044353367613106457e+03
4.373938782098986849e+03
4.683290424849810734e+03
5.017209600584279542e+03
6.253050198722318100e+02
6.971272657858833099e+02
7.736296360247832808e+02
8.522873841477897940e+02
9.351761495043617742e+02
1.018487323968516421e+03
1.108502218829505864e+03
1.197700736189482313e+03
1.292682766232984477e+03
1.388562212361576712e+03
1.487185602799123899e+03
1.585192476911814310e+03
1.687651403377697534e+03
1.789704704247186100e+03
1.899274585432310232e+03
2.002830564373209654e+03
2.264665943692572000e+03
2.550062162221340259e+03
2.832403382461277488e+03
3.109907697522402486e+03
3.405728988439054774e+03
3.709928527372083408e+03
4.014586062562796997e+03
4.345095046728740272e+03
4.657974331717286077e+03
4.989649562482909460e+03
7.527046205299134272e+02
8.185621127321159065e+02
8.877857047250587357e+02
9.635880930779758273e+02
1.043081333095374248e+03
1.125980045498268282e+03
1.211697239833866433e+03
1.301345634212536197e+03
1.392170288509503052e+03
1.486368969914847185e+03
1.582516993296223291e+03
1.679346816282660484e+03
1.783228901800165431e+03
1.884829379555017567e+03
1.986034221701872639e+03
2.247960897939260121e+03
2.520479434165662951e+03
2.790773704634997102e+03
3.076680677130340428e+03
3.370680114895726547e+03
3.672360601918978318e+03
3.979614797977195849e+03
4.293855456326193234e+03
4.619135741875134954e+03
4.939756213982267582e+03
8.723537372060370672e+02
9.352264963906985713e+02
1.002095828799174228e+03
1.074482066505806415e+03
1.151458617336285442e+03
1.233285120006609077e+03
1.317670842555347463e+03
1.402172465529286683e+03
1.493818656019224591e+03
1.588027463160249681e+03
1.684241710474563888e+03
1.778639821478638396e+03
1.875157022486292362e+03
1.972963630291290656e+03
2.233127427074382467e+03
2.489511629326606453e+03
2.763646551955363975e+03
3.051324155786748634e+03
3.341131818910960192e+03
3.637442134023495328e+03
3.951337579549748170e+03
4.252488009908473941e+03
4.572933036230592734e+03
4.904097312196334315e+03
9.893442632974808930e+02
1.048387144538101893e+03
1.113532117600913352e+03
1.185610254167750554e+03
1.257426830388799544e+03
1.338482623296721840e+03
1.421473686950577076e+03
1.507942502425447401e+03
1.599474341903687673e+03
1.687682922064848071e+03
1.781843426666250025e+03
1.873139803536418640e+03
1.970224119305773002e+03
2.220113015983560672e+03
2.481538197608318114e+03
2.748753318282274904e+03
3.025791941350216803e+03
3.314397354921231454e+03
3.602831936312488324e+03
3.909512040250798236e+03
4.225214682085606910e+03
4.538022961195275457e+03
4.861331632945478304e+03
1.099562741435381668e+03
1.161019006681870223e+03
1.222746939317386023e+03
1.292417037140401817e+03
1.367346863368842378e+03
1.445526216933089017e+03
1.528930895123704431e+03
1.612463986563222988e+03
1.697801835624293517e+03
1.787071281830347971e+03
1.876370537219910148e+03
1.979491305465258847e+03
2.212631628900385749e+03
2.466140790341571574e+03
2.737427123438519175e+03
3.014793027872719904e+03
3.299320031721364558e+03
3.586254327053920861e+03
3.883856329521584939e+03
4.193307343923487679e+03
4.506458955812759996e+03
4.830493297971386710e+03
1.210950717777475575e+03
1.270547687645590031e+03
1.334520514324057558e+03
1.402672026768557544e+03
1.479428854347958804e+03
1.552827575457359444e+03
1.632361410371990360e+03
1.711744568788960351e+03
1.800377187451716964e+03
1.894211991151322081e+03
1.985243293433418103e+03
2.222282672836409347e+03
2.465889934800079118e+03
2.725366300114655587e+03
2.995115678505722826e+03
3.272844444883843607e+03
3.574293988216988964e+03
3.861523400104395932e+03
4.167996228462181534e+03
4.482770247205799933e+03
4.798476293477810941e+03
1.324662688299820047e+03
1.381809467527263450e+03
1.448019294619761013e+03
1.513089250085815138e+03
1.583772810313408627e+03
1.658662635486494310e+03
1.739645646284162694e+03
1.825019725769262323e+03
1.907939245127557570e+03
1.995048194419121955e+03
2.221162126629693375e+03
2.465594152112985739e+03
2.725455699028821073e+03
2.990014747187259218e+03
3.266370211453564934e+03
3.552999751728279534e+03
3.846010748135434369e+03
4.146154608717665724e+03
4.472516352911913600e+03
4.779249369125166595e+03
1.435936796786306786e+03
1.494816593739493783e+03
1.555195469787271122e+03
1.620338267195561457e+03
1.695627222051573654e+03
1.769960822422458477e+03
1.852155610657062880e+03
1.930949657545204900e+03
2.010975334432479258e+03
2.230932950350302235e+03
2.476777076293552454e+03
2.724203473890088844e+03
2.989033446516716140e+03
3.266145701131037185e+03
3.539014482790520105e+03
3.829905598135936543e+03
4.136120372863615557e+03
4.441990644178382354e+03
4.757003002377259691e+03
1.544923708703396187e+03
1.603981214815345083e+03
1.667672492409625193e+03
1.734116683822439654e+03
1.806606638059958641e+03
1.875412351779432583e+03
1.954106602133821752e+03
2.036973028128051283e+03
2.255189337963806793e+03
2.480055858467626877e+03
2.734604707707102079e+03
2.983111479599018367e+03
3.253576166935497895e+03
3.540651400169238059e+03
3.819771383271428476e+03
4.120149853761265149e+03
4.417680059194287423e+03
4.737642255718806155e+03
1.657136993906813814e+03
1.717704928971098070e+03
1.781731895276739579e+03
1.843271170353921661e+03
1.915282186101360594e+03
1.991281716387120696e+03
2.063581514015719677e+03
2.275186110437350635e+03
2.504215643577947958e+03
2.743491659954157058e+03
2.992578868149397749e+03
3.260215332010426664e+03
3.534167627426838408e+03
3.817175351504359696e+03
4.109665791407827783e+03
4.423905130849910165e+03
4.722099404235162183e+03
1.769957511325332916e+03
1.828753181720703878e+03
1.887179660405426148e+03
1.960015095839233254e+03
2.024915318321347968e+03
2.103093700851688027e+03
2.306672302800291618e+03
2.524188721347368755e+03
2.756868477679121497e+03
3.009001913500918363e+03
3.262469525438550590e+03
3.533883694128259322e+03
3.813722421587401641e+03
4.101853465933485495e+03
4.405866323073102649e+03
4.709060771244802709e+03
1.883796961098660631e+03
1.943930014119304815e+03
2.001188730311303971e+03
2.074801428626955840e+03
2.145493263046983884e+03
2.336336246625764034e+03
2.547785912992801514e+03
2.777686282750730243e+03
3.016531977385220216e+03
3.273114326141307629e+03
3.533607386341417623e+03
3.818358214813930772e+03
4.092603257035886600e+03
4.396666525738118253e+03
4.718708478662231755e+03
1.993712568575213027e+03
2.059029798303007738e+03
2.122509699719366836e+03
2.190996539686499091e+03
2.369778168473422284e+03
2.582365085784328585e+03
2.804528404054112798e+03
3.037819814640599361e+03
3.283288108321787604e+03
3.549083304793989100e+03
3.821781210220774028e+03
4.097666275705320004e+03
4.394980087195383021e+03
4.700674192748065252e+03
2.117306181785731496e+03
2.173900416750626391e+03
2.236377750447718881e+03
2.414592599190281817e+03
2.608726207835439709e+03
2.824254846269534482e+03
3.065342938391630014e+03
3.297387866971631411e+03
3.563913297268632050e+03
3.821989505613807523e+03
4.103844475220813365e+03
4.389929371715309571e+03
4.696606901288678273e+03
2.230845345259020178e+03
2.298387855105231665e+03
2.459463920320620673e+03
2.650877618831058044e+03
2.858985997634597879e+03
3.090415612160233650e+03
3.319183908510150104e+03
3.572630873080034689e+03
3.845369359418905788e+03
4.109059830166150277e+03
4.407925873003755441e+03
4.713222747592395535e+03
2.350745775826821500e+03
2.508651706753729286e+03
2.699622102221228488e+03
2.894199111138983426e+03
3.116610403894762840e+03
3.344757383482029127e+03
3.588798286036137142e+03
3.853064714458008893e+03
4.121205265599062841e+03
4.413716865394876550e+03
4.715640662393037928e+03
2.653310065269872666e+03
2.822105865518522933e+03
3.002718117312501363e+03
3.196566997620099755e+03
3.418483228958210020e+03
3.665338452384528864e+03
3.908113810724592895e+03
4.171749509123911594e+03
4.449841849104576795e+03
4.733917137088288655e+03
2.966716416744703110e+03
3.123839073749279123e+03
3.317123779083140562e+03
3.521264981567052473e+03
3.741938274767444000e+03
3.975572772213352437e+03
4.234048770386177239e+03
4.499346456987062993e+03
4.780362058376593268e+03
3.284389250002117478e+03
3.454688191488188295e+03
3.638143102128928604e+03
3.846404733829681845e+03
4.076346781731291685e+03
4.320361490909322129e+03
4.565601743720637387e+03
4.825076074712699665e+03
3.608249786657658206e+03
3.777623524011653444e+03
3.982780282684318081e+03
4.189330814891613954e+03
4.412711831940655429e+03
4.653794033718032551e+03
4.913588114698140998e+03
3.951018020435847575e+03
4.127747197723726458e+03
4.325455128819586207e+03
4.535638658228174791e+03
4.764004877886698523e+03
5.003380945155009613e+03
4.291664950246583430e+03
4.468103272416141408e+03
4.666236208247561990e+03
4.891340675716090118e+03
5.119216809421538528e+03
4.632874037119449895e+03
4.824961997697828338e+03
5.030259369946433253e+03
5.254277262897436231e+03
5.016386875515277097e+03
5.196187836153721037e+03
5.397980401792423436e+03
5.365128608098460063e+03
5.569713350259541585e+03
5.747725753734309365e+03
