3.254390394656208809e+04
2.808069249713411045e+04
2.415159299649967215e+04
2.095123007180776403e+04
1.799894304493055461e+04
1.288071561956507321e+04
8.624371101395941878e+03
5.215964115374247740e+03
3.109832011583458552e+03
2.677914383211611948e+03
2.549798563600628313e+03
2.480779879125362186e+03
2.391831991105166708e+03
2.352825628509378021e+03
2.308796989228203529e+03
2.275820300306138961e+03
2.233775668536564353e+03
2.194548513029982587e+03
2.169705154991620930e+03
2.154061991485234557e+03
2.098717297755194068e+03
2.091795358621381183e+03
2.086049060587921758e+03
2.082757704090410243e+03
2.107260093283705828e+03
2.155232263717678961e+03
2.179637305059261507e+03
2.218141082770483990e+03
2.236901458486293905e+03
2.271543933443902006e+03
2.366839909046120283e+03
2.506413374536901301e+03
2.618616420107323393e+03
2.730897749952599952e+03
2.899750253334546869e+03
2.994479002780864448e+03
3.102453924488781922e+03
3.357318370889905509e+03
3.439110545098075363e+03
3.555529578983599094e+03
2.656508574541055714e+04
2.317831741698033511e+04
1.996485952576673662e+04
1.694476646008263924e+04
1.212435081547690243e+04
7.742506285351565566e+03
4.559123420964723664e+03
2.748477407355566356e+03
2.497307797693980319e+03
2.372447826777615774e+03
2.309613096416081589e+03
2.211561560262005514e+03
2.180764530402410401e+03
2.146496315569565922e+03
2.077574545651941207e+03
2.043327759669939724e+03
2.026463042381863488e+03
1.999393403640880933e+03
1.974743047634044387e+03
1.963778878045423198e+03
1.949699135794973017e+03
1.948357182853497761e+03
1.959417599447383054e+03
1.977135424756926113e+03
2.028183078204662934e+03
2.048673309519896975e+03
2.076561646404582461e+03
2.140388749901147094e+03
2.199106703823890712e+03
2.318663715853619578e+03
2.422372066761902261e+03
2.566754363977267531e+03
2.657820211442228356e+03
2.820998174856026708e+03
2.948087093755810656e+03
3.212643295634705282e+03
3.229700846447955882e+03
3.505671202572005768e+03
3.560152714836016003e+03
2.183138463627881356e+04
1.895446039793317686e+04
1.633813207826547841e+04
1.137551928036519348e+04
7.300704116441705992e+03
3.927672566726919740e+03
2.524044161245671148e+03
2.312164971107403289e+03
2.204314387138055736e+03
2.111216217190707994e+03
2.064830286280629025e+03
2.000506872295770336e+03
1.953035333272589469e+03
1.910409445254239245e+03
1.871658435584975678e+03
1.857828420073759389e+03
1.839797294583401708e+03
1.828418865950861800e+03
1.813049684876328683e+03
1.815346282692687510e+03
1.831569304033530898e+03
1.836689082705713872e+03
1.876790393464357294e+03
1.925443724248275657e+03
1.974571127222202222e+03
2.014217616619044520e+03
2.054425323338529779e+03
2.133796086948299489e+03
2.225315482871070344e+03
2.352772623534240665e+03
2.511726802283924371e+03
2.615222265884995522e+03
2.794780371387194009e+03
2.897889161741961288e+03
3.129454429110111960e+03
3.173262218333663895e+03
3.315608107113327151e+03
3.452517273662983825e+03
1.783708803605128560e+04
1.560734103226076877e+04
1.059273469045999627e+04
6.606740705974643788e+03
3.541308727403246394e+03
2.282247751315241658e+03
2.113570751841307811e+03
2.022313434563896180e+03
1.943135345157410711e+03
1.873864285986044706e+03
1.841338563111069561e+03
1.789630823045313036e+03
1.749832705561853345e+03
1.749374588420292639e+03
1.697681776956488648e+03
1.693506751686832558e+03
1.710452393421790021e+03
1.678095252573838252e+03
1.692262773459257460e+03
1.742602600558655695e+03
1.767599458231223480e+03
1.816674729184702983e+03
1.851812294745069721e+03
1.891662067329332331e+03
1.953334921354558446e+03
2.039667629620770867e+03
2.053986241290477665e+03
2.225614663245482006e+03
2.331514977628450197e+03
2.476893365354997513e+03
2.585433381447195188e+03
2.707200616578619247e+03
2.843365444036263852e+03
2.963835205260923431e+03
3.120144572932020765e+03
3.330963819025987959e+03
3.444593123856775037e+03
1.439256209999760722e+04
1.004865481820117748e+04
5.991148066983912031e+03
3.021244863537258425e+03
2.097078103156159614e+03
1.953863414599568614e+03
1.838207543684590064e+03
1.779983959545019161e+03
1.707197496444622857e+03
1.660000868953753752e+03
1.628043175775447025e+03
1.615199307405864374e+03
1.603930671264955890e+03
1.600914578147655448e+03
1.589809768186437850e+03
1.594774917708421299e+03
1.584394322082491271e+03
1.613664113026788073e+03
1.673449180996662108e+03
1.707234414145788151e+03
1.752523015962820182e+03
1.795273964257628450e+03
1.857763734150328673e+03
1.912787196562121835e+03
1.952389610678105100e+03
2.035129373966891080e+03
2.173700619718917551e+03
2.261074362573902363e+03
2.454277385566079829e+03
2.599928800436022357e+03
2.684135082276043704e+03
2.792647530477941928e+03
2.919782940738344223e+03
3.196102634648029380e+03
3.228388547377605846e+03
3.346998954811028398e+03
8.550220966978933575e+03
5.104522505596250085e+03
2.251561420689293300e+03
1.674270305001620500e+03
1.556184066565739158e+03
1.462455814481656716e+03
1.437893635187902419e+03
1.411279390478736104e+03
1.414805402539413308e+03
1.393504711106507557e+03
1.403230097795261827e+03
1.422362361021206425e+03
1.436215716113699727e+03
1.445455936871731183e+03
1.449762713973838572e+03
1.491531701712840231e+03
1.532688528618475175e+03
1.577281809721198897e+03
1.627673386266824764e+03
1.692737934012303185e+03
1.730526971656518754e+03
1.758263105336588069e+03
1.858408474206957180e+03
1.886832315844161485e+03
1.941976702625590178e+03
2.095343816620267262e+03
2.213658117170064997e+03
2.334067736840927864e+03
2.543303605372000220e+03
2.617826803396696505e+03
2.752880182371018236e+03
2.957291799026286299e+03
3.163334187999899314e+03
3.166185095529504451e+03
3.324313263111437664e+03
3.690494047080443579e+03
1.533985425731862961e+03
1.243500094764887990e+03
1.212953028552525666e+03
1.221589652585235854e+03
1.252098317190508624e+03
1.269299101507721616e+03
1.290653266668200558e+03
1.313150698454164967e+03
1.334846719243111920e+03
1.356080908865728134e+03
1.385075846505868640e+03
1.398115386243300918e+03
1.426298006753327854e+03
1.455716068355097150e+03
1.512834759036984906e+03
1.559776374124863651e+03
1.620030235285369372e+03
1.669212403826963282e+03
1.707917597507010669e+03
1.767491608118044269e+03
1.852786369604840047e+03
1.870659849450844604e+03
1.945997257732916751e+03
2.071571596372707972e+03
2.187184389734598426e+03
2.324541044266985864e+03
2.472113718348737621e+03
2.550489486066145219e+03
2.712692829389180133e+03
2.898407063674238998e+03
2.989121732290956061e+03
3.214705005052348497e+03
3.284212197358541289e+03
1.088588080204812513e+03
1.143937700234447448e+03
1.186235404469263131e+03
1.235753312588198924e+03
1.249144204018905157e+03
1.276372971723502360e+03
1.310339632626685216e+03
1.338203357616619087e+03
1.355493463048336935e+03
1.383007639336164175e+03
1.391611957383545132e+03
1.420046173388020179e+03
1.426174622577261061e+03
1.475293651154189092e+03
1.517871848115708190e+03
1.558962506317988755e+03
1.612376121045762375e+03
1.677292387880133674e+03
1.700139363935962365e+03
1.778770273423618391e+03
1.801548086206417111e+03
1.867397367204431930e+03
1.951373511742853452e+03
2.067493104612551633e+03
2.152725607808710265e+03
2.301434669876610315e+03
2.421209894159050691e+03
2.562248428690875244e+03
2.604567588475226785e+03
2.917577466085062042e+03
2.966079205991500658e+03
3.086298863672677726e+03
3.279300528028573353e+03
1.188332122403746325e+03
1.238309252879824726e+03
1.255853251609463541e+03
1.279688947968197226e+03
1.313459546887389934e+03
1.337881435506466005e+03
1.353501951100848373e+03
1.381520131369850787e+03
1.386234847422899520e+03
1.412758532988506886e+03
1.418049180963086656e+03
1.453677998251679128e+03
1.473567550436275951e+03
1.514201823948579886e+03
1.550592920534126279e+03
1.612752706810648533e+03
1.665191326303211326e+03
1.708052476358034255e+03
1.752910476089874464e+03
1.832384242246140047e+03
1.888058061147933131e+03
1.908336128268824496e+03
2.040760300625615400e+03
2.173140606906677931e+03
2.265964671111899406e+03
2.419466783483993822e+03
2.537972207170975707e+03
2.796479490781493041e+03
2.765953230078164779e+03
2.916174345771889421e+03
3.057826213801817175e+03
3.212494222435414940e+03
1.256654059540500839e+03
1.284018411092856013e+03
1.313844425181950783e+03
1.337794904434737873e+03
1.349917408939812731e+03
1.380056214222914832e+03
1.384014217722789454e+03
1.404455019553350667e+03
1.409175461080130162e+03
1.453202683742953923e+03
1.443946081018015548e+03
1.493579673904887613e+03
1.520665418431937496e+03
1.553425299448787655e+03
1.611853870620844646e+03
1.637159618289970012e+03
1.695963698993355820e+03
1.731548811351002087e+03
1.796492491142913650e+03
1.824594522733111944e+03
1.927975879561761985e+03
1.998887230370878115e+03
2.170068589679119668e+03
2.308898585413822275e+03
2.338727956120121235e+03
2.463347342598961404e+03
2.591535391084305957e+03
2.849250947733551129e+03
2.830964621024452299e+03
2.936388638538205214e+03
3.154178274720693935e+03
1.317626847694074513e+03
1.336915355179952030e+03
1.353262832729578804e+03
1.374538110945277367e+03
1.380558506750742936e+03
1.395201017184387410e+03
1.401749657982410554e+03
1.442326098382894088e+03
1.441155021450848835e+03
1.455878850872149997e+03
1.492588371934824181e+03
1.534109920572107967e+03
1.559893421316779040e+03
1.608334340990160399e+03
1.632591649022505408e+03
1.675082390230303417e+03
1.731918000613701679e+03
1.765828707533138413e+03
1.836929567530873783e+03
1.873860385170792142e+03
1.983266805897316772e+03
2.087329922812714358e+03
2.310986780354056009e+03
2.316637721972674171e+03
2.422680072215172004e+03
2.662584215979026339e+03
2.842766629086107059e+03
2.808125484571922243e+03
2.955684131618034826e+03
3.176426737714513365e+03
1.352472007375392423e+03
1.371313136697083564e+03
1.379642432947668112e+03
1.396551641974208223e+03
1.401628487190340138e+03
1.438189972685030853e+03
1.429036982661795491e+03
1.446040696866969029e+03
1.451563658462093372e+03
1.483100873469010821e+03
1.522079262591105135e+03
1.561405170297072345e+03
1.594493344532383389e+03
1.633419111006300454e+03
1.697083187912431868e+03
1.723418671646565144e+03
1.767037256593162510e+03
1.846267982133584610e+03
1.844530465498874946e+03
1.959850951406128161e+03
2.080741535868122810e+03
2.201225775596205949e+03
2.289761713316902842e+03
2.441973101537164894e+03
2.582120304316840247e+03
2.672620112260077804e+03
2.898965033059304460e+03
2.925929322200856859e+03
3.056071594499125695e+03
1.378287817645757514e+03
1.394771359214263157e+03
1.396694003968827701e+03
1.430379403469283034e+03
1.426186073037309598e+03
1.444298497920576210e+03
1.445905748936144164e+03
1.459345195973755608e+03
1.489672939178890601e+03
1.520656248085086645e+03
1.566382835222548465e+03
1.588932779253211265e+03
1.651084981433752091e+03
1.686233697284920936e+03
1.708181412428307794e+03
1.753744046886243495e+03
1.827077733882705616e+03
1.878927496206699971e+03
1.939092007130582260e+03
2.064916453917649960e+03
2.163805692113135137e+03
2.291954581457374388e+03
2.369591647669445138e+03
2.613017478617477991e+03
2.640033982921804181e+03
2.750500492506421779e+03
2.954051602854066914e+03
3.101264234732795558e+03
1.399965647251041673e+03
1.422628280189471980e+03
1.422968797503381438e+03
1.439404248406526222e+03
1.436983821159668423e+03
1.448937851447533376e+03
1.460321481919671896e+03
1.495249217911704818e+03
1.517777917093525502e+03
1.551422236356685971e+03
1.582201874426621998e+03
1.604746612750560871e+03
1.664611061508971488e+03
1.711254321814164314e+03
1.731747933221141921e+03
1.775998502532593648e+03
1.848714959077336516e+03
1.952009927077446036e+03
2.037863619052896638e+03
2.171998290719884608e+03
2.254798085174778407e+03
2.498502516174599805e+03
2.466176981263928610e+03
2.621752106884137447e+03
2.747350350936768336e+03
2.865290203034064689e+03
2.990635539000469635e+03
1.422100597099126162e+03
1.435206240434895562e+03
1.438477545486868394e+03
1.443966126891712065e+03
1.450401358776726283e+03
1.464598817814877975e+03
1.486899019839557013e+03
1.534831630276778014e+03
1.524818820791361077e+03
1.568675219300009303e+03
1.618131209478690380e+03
1.643322259557624875e+03
1.652654032433031489e+03
1.751295578571783608e+03
1.793878802338090736e+03
1.812753768391712356e+03
1.940658652242313110e+03
2.083493136431634412e+03
2.100549105002663055e+03
2.177429321471026924e+03
2.335397547466632659e+03
2.599246742386183541e+03
2.546741107436854691e+03
2.668184204636844242e+03
2.823301991353661379e+03
2.958055833978195551e+03
1.432756507675676630e+03
1.442957036519861049e+03
1.446279876103730885e+03
1.456889433870265748e+03
1.488880988019529013e+03
1.497700807673353665e+03
1.519766309122727989e+03
1.527202152752284292e+03
1.556953983392832697e+03
1.604960160211405082e+03
1.637573638357264372e+03
1.699636382928107651e+03
1.717363622987854342e+03
1.750968081376336613e+03
1.788779859315328167e+03
1.886300402327528218e+03
2.054589189147035995e+03
2.095549726281117728e+03
2.182510183131016674e+03
2.391038692810357134e+03
2.525433125682722221e+03
2.525864247291341144e+03
2.678605735690262918e+03
2.893012245644906216e+03
2.888031913613080633e+03
1.444416772734108463e+03
1.453135072516281753e+03
1.485537945899593069e+03
1.464774170449707526e+03
1.495682016381655103e+03
1.517249062017681126e+03
1.535908815179925796e+03
1.586282655311034659e+03
1.601761711154678551e+03
1.631501457840784269e+03
1.692885739320187440e+03
1.687711030816993571e+03
1.755448634034294628e+03
1.788690363482884550e+03
1.881700674526329522e+03
1.966684562547637597e+03
2.074856920834153698e+03
2.170821427752736327e+03
2.325134380828062149e+03
2.367217282798637825e+03
2.621346788608985207e+03
2.619438165199115247e+03
2.730369084163850857e+03
2.936796310744067341e+03
1.482162448692753060e+03
1.467795065930386045e+03
1.467970003010164646e+03
1.490454946000967993e+03
1.511727312900432480e+03
1.544222690856111740e+03
1.577892621099634425e+03
1.599334731272021372e+03
1.617463318098388072e+03
1.683193379184509013e+03
1.735294409770458515e+03
1.724601973583743074e+03
1.778419044833509133e+03
1.865289467886076409e+03
1.951648150371462634e+03
2.058682976785879418e+03
2.138983004777874157e+03
2.332844574411379654e+03
2.430157722611609643e+03
2.466662650900042536e+03
2.660724929153036555e+03
2.807049809531436949e+03
3.096883209253389850e+03
1.465833140005421910e+03
1.476071085626294462e+03
1.488495990728164315e+03
1.512219067717676353e+03
1.518826994943652608e+03
1.570032084663910155e+03
1.607592549483246785e+03
1.616512492340703147e+03
1.617268390840703205e+03
1.710684559572128137e+03
1.732355481521385855e+03
1.775245244834155983e+03
1.846082786115411864e+03
1.962267195240887304e+03
2.066958344574493367e+03
2.135227448169991021e+03
2.216952669345897903e+03
2.337724842714495026e+03
2.452673263489737110e+03
2.568349950793409789e+03
2.690265831412722491e+03
2.780710724117152495e+03
1.510496397100239392e+03
1.484395453838088997e+03
1.501067530788328668e+03
1.547637910940946540e+03
1.544238658046004957e+03
1.580212490932392711e+03
1.625584306341401089e+03
1.661458203816451714e+03
1.662048208252700988e+03
1.725379431324571669e+03
1.775435891081443742e+03
1.901866912826445969e+03
1.927933850141565472e+03
1.984548260409728300e+03
2.106607785591504125e+03
2.359416623049133250e+03
2.276120937971856620e+03
2.389597857973198643e+03
2.551132254675805598e+03
2.673857729928514345e+03
2.780396914733644280e+03
1.499537129596992600e+03
1.522211882581918189e+03
1.525766542974619369e+03
1.557441868794417587e+03
1.587754189606873069e+03
1.610601370334127296e+03
1.596449895417532616e+03
1.673346758535652725e+03
1.717530946863553936e+03
1.680581706200713143e+03
1.798167906164714850e+03
1.876996738323002546e+03
1.941124434307195088e+03
2.069362199023531957e+03
2.116740780209337117e+03
2.271828495885880329e+03
2.364316139353572453e+03
2.623033612542365972e+03
2.710793293459645156e+03
2.677968283313597112e+03
1.515780678175324510e+03
1.538082619216777630e+03
1.562087643682422822e+03
1.595383863431981808e+03
1.589825942578578633e+03
1.629571794452444692e+03
1.675059502554065375e+03
1.663122264133673298e+03
1.760207180585543483e+03
1.767964143386531077e+03
1.818050579255259436e+03
1.909634070376411046e+03
2.019103672957556000e+03
2.127356543128681096e+03
2.160744971590559089e+03
2.322883129388481393e+03
2.413210125220698501e+03
2.510957167702018069e+03
2.669094037208558348e+03
1.551796481324308843e+03
1.536018365160001395e+03
1.578440518600644054e+03
1.591296789796481789e+03
1.633780052476242417e+03
1.611688694358813791e+03
1.714622950888732930e+03
1.680088411490590715e+03
1.746676865054459540e+03
1.798408195706388824e+03
1.914243743207020998e+03
1.926017115156694217e+03
2.065974950411801274e+03
2.146983624875410896e+03
2.433215845790679850e+03
2.453770984495133234e+03
2.422612822538451383e+03
2.619698179796300337e+03
1.565970685002685741e+03
1.572516522692002809e+03
1.613422009338106136e+03
1.597687678483553327e+03
1.678733961649930052e+03
1.634262869447517460e+03
1.650663616335035158e+03
1.700891953952516815e+03
1.779441732356864577e+03
1.863725130373453794e+03
1.964160553335347004e+03
1.968717664651975610e+03
2.122703161598811676e+03
2.166991512680704091e+03
2.301027930373954860e+03
2.431872244083047008e+03
2.472916583130755498e+03
1.603826908503183404e+03
1.588898809555367961e+03
1.592151869192430695e+03
1.597627237421404288e+03
1.621513740853961963e+03
1.663634555403611785e+03
1.690512221567057168e+03
1.770232911804497462e+03
1.806621443720979414e+03
1.900668973555357070e+03
1.939164372247718120e+03
2.250338381353994919e+03
2.222035626134419999e+03
2.238086613881481753e+03
2.368819401018478402e+03
2.617360426930446465e+03
1.585332564415580009e+03
1.652276217295471497e+03
1.607174605819938733e+03
1.624764256816513580e+03
1.620934525919666157e+03
1.693779634971194355e+03
1.721917406953378986e+03
1.841268331052031272e+03
1.798388031131827120e+03
1.976505197840947176e+03
1.982322941373678532e+03
2.115149336216364645e+03
2.224811707843246495e+03
2.266180578344839432e+03
2.714078825718234384e+03
1.596718473531341488e+03
1.620342120373739817e+03
1.611019094496795788e+03
1.628351713802853965e+03
1.686523126699748445e+03
1.700799301132831715e+03
1.775262665764939129e+03
1.813738122441985752e+03
2.112725878925671168e+03
2.075812822263688759e+03
2.064059031515995230e+03
2.194976294453033915e+03
2.432045177232658261e+03
2.506517835368708347e+03
1.591600931198073795e+03
1.616971958471946891e+03
1.633697416806185629e+03
1.654211376975519670e+03
1.755044991774595701e+03
1.691371852176945595e+03
1.852327467671839941e+03
1.815555830985430475e+03
2.009057181850278994e+03
2.072129062377530772e+03
2.074972020609645369e+03
2.545764039579830296e+03
2.337308311359939580e+03
1.632520011192646507e+03
1.644703458162430024e+03
1.760121722649149433e+03
1.683953547072270339e+03
1.688803301449164792e+03
1.994456201947575664e+03
1.935673260907159829e+03
1.902224994496443514e+03
2.057612991565893026e+03
2.235165867267071917e+03
2.340612339758379221e+03
2.153858592325455902e+03
1.628535070117084615e+03
1.720189811653453489e+03
1.789901757565661455e+03
1.741190411049548857e+03
1.696107793243785636e+03
1.926515473396273592e+03
1.925234720243230868e+03
1.950056078864580741e+03
1.969467151935483116e+03
2.207830651844545628e+03
2.627478426941706402e+03
1.796947239220461370e+03
1.681647324716332605e+03
1.816452842541164500e+03
1.811472075381995865e+03
1.820803106928399075e+03
2.026474093584391312e+03
1.847832868880196202e+03
2.103918175573139251e+03
2.492444059183848822e+03
2.444116420473430935e+03
1.813483090264056045e+03
1.766114866498891615e+03
1.756373852868044651e+03
1.972572915659160572e+03
1.793668376400998113e+03
2.027760082751549589e+03
1.860238190492436388e+03
2.338707978136219481e+03
2.217612458388186496e+03
1.748933337472526318e+03
1.943412836807948679e+03
1.736484378456994136e+03
1.947685072201404864e+03
1.771249628031669772e+03
2.232129639449807200e+03
2.111672208541211603e+03
1.970302952076424845e+03
1.740523996427774819e+03
1.922011442753595020e+03
1.754351189632446903e+03
2.180670855645217671e+03
2.033035709416955342e+03
2.237634635117205562e+03
2.197756241466255688e+03
1.758742499987434940e+03
2.149705117945637539e+03
2.010811119247104898e+03
2.236742317578582060e+03
2.088759543183434744e+03
1.918671904071474273e+03
1.952110124271443055e+03
2.222641437258807400e+03
2.070463405772330589e+03
1.835178590247440525e+03
2.340928606933207448e+03
2.033696920816416196e+03
1.806789307966947717e+03
2.278513155903317056e+03
2.322089123538243712e+03
2.245239300084226215e+03
2.300131219252272786e+03
1.844579301921104388e+03
1.845780142643216550e+03
2.595718974887301556e+03
2.109762573133004935e+03
