2.664748948835606643e+04
2.274947922547862981e+04
1.919827651493000667e+04
1.620893013079046068e+04
1.367674732749034956e+04
9.149738555827885648e+03
5.493314574984233332e+03
2.893728519596997103e+03
2.288738776341390803e+03
2.114590920435616681e+03
2.000438396846781870e+03
1.900590853344145216e+03
1.829206778493733054e+03
1.766194747115015161e+03
1.723426012025728141e+03
1.695384334848847629e+03
1.674677463189727860e+03
1.653478796215306602e+03
1.647917732199246984e+03
1.660351069805320094e+03
1.680445349552714561e+03
1.704365720585624331e+03
1.709724146382755180e+03
1.686620363602548423e+03
1.685166089528118846e+03
1.681806243216174835e+03
1.693724977550798485e+03
1.679411360409779718e+03
1.716439445226400039e+03
1.719405075787099122e+03
1.755956546162544100e+03
1.849327019311101367e+03
1.869559439556229336e+03
1.985230081365799151e+03
2.135528419317719454e+03
2.368437970194916943e+03
2.624164543539359784e+03
2.883038543641728666e+03
3.047366222999098227e+03
3.317371351275020970e+03
2.169689670532105811e+04
1.867805642783746953e+04
1.586232008920894259e+04
1.326055428310369462e+04
8.929106935084937504e+03
5.146315193665398510e+03
2.652561535591934444e+03
2.160255995415632242e+03
1.987999117381368251e+03
1.874981275809167528e+03
1.786515808818075129e+03
1.701751084815728291e+03
1.663321508455705953e+03
1.619657114395992039e+03
1.595376387882045719e+03
1.590901132019650277e+03
1.574546675315349376e+03
1.583288101531591110e+03
1.582221772407722710e+03
1.600916633929187356e+03
1.639534555905583147e+03
1.626383025134127365e+03
1.614200443514290555e+03
1.605976538692254962e+03
1.611480264377274352e+03
1.630689220290889807e+03
1.654080479172764854e+03
1.649886892674740693e+03
1.668826750815686864e+03
1.725600209511897447e+03
1.814637915996683887e+03
1.899394120256337828e+03
1.926580626852732848e+03
2.117034774454852140e+03
2.366456779768719571e+03
2.577374201190045824e+03
2.757313050468669189e+03
3.027828755696593817e+03
3.134706087286694128e+03
1.787814047413928711e+04
1.538314081478194748e+04
1.294996773155960364e+04
8.615742776782461078e+03
5.001806754174996058e+03
2.493105529088561980e+03
2.015677819507400500e+03
1.865956330224226804e+03
1.754170529515429735e+03
1.647858340816756936e+03
1.602026407411440687e+03
1.548726224461152469e+03
1.525241163486233745e+03
1.504665190106797809e+03
1.498748511122332275e+03
1.484821713173138733e+03
1.506569580359554948e+03
1.502268530840907943e+03
1.536512080236751672e+03
1.559851523767254093e+03
1.572894127870701823e+03
1.539064651280482167e+03
1.562473238655616569e+03
1.565835800369564822e+03
1.594623556383476853e+03
1.567699074881448269e+03
1.594814309849009533e+03
1.612456507723832146e+03
1.655317984592624498e+03
1.723021384785700775e+03
1.830132780076286508e+03
1.908516513186253405e+03
2.100532182604289119e+03
2.327016651299655678e+03
2.630491264305413551e+03
2.739894547027640783e+03
3.075275954105854908e+03
3.209326526069431111e+03
1.463924754406735519e+04
1.264766262108570663e+04
8.357993612318974556e+03
4.577917035663972456e+03
2.281152929081395996e+03
1.886437926789298217e+03
1.728884257014230798e+03
1.613685877205360384e+03
1.536840178294836960e+03
1.488569755611734308e+03
1.461113286305937436e+03
1.438371481435559417e+03
1.430459558836054612e+03
1.420376000563776870e+03
1.415685953680441116e+03
1.422560079644492816e+03
1.427316416948494634e+03
1.454002232655511534e+03
1.505890237623233133e+03
1.506769062335629769e+03
1.484268601880428150e+03
1.482598719897238652e+03
1.504634993222560524e+03
1.499642584200645842e+03
1.530596554645368315e+03
1.556633771614636771e+03
1.568571286852128196e+03
1.658146639270598598e+03
1.707217670636415278e+03
1.774087525912943420e+03
1.892955746294053370e+03
2.103816251321895379e+03
2.354753659692971723e+03
2.442293443707665119e+03
2.666429834826986735e+03
3.015188150851456157e+03
3.246105848284456442e+03
1.178579776305811356e+04
8.026598410289118874e+03
4.415111608696094663e+03
2.075979490720957529e+03
1.735812529027939718e+03
1.606155055855102773e+03
1.491643149027851223e+03
1.440400041780548690e+03
1.387458394978226579e+03
1.372762366569112146e+03
1.349230173217291167e+03
1.353587873224812256e+03
1.338706237825789231e+03
1.349812857963186389e+03
1.340264939894233748e+03
1.362061837199890306e+03
1.387707870679694224e+03
1.450887364935837468e+03
1.452079953949463743e+03
1.439393523605790961e+03
1.437413389885888364e+03
1.432720604730259993e+03
1.448762616331867548e+03
1.494318302611660101e+03
1.490345452120672007e+03
1.588685639529278205e+03
1.590030695761162406e+03
1.619980359253539064e+03
1.770866255172947604e+03
1.934624919375932450e+03
2.042703907327748993e+03
2.426503374983819413e+03
2.436276546697869890e+03
2.842061126742610668e+03
3.007218047846555692e+03
2.958892213219482983e+03
7.021185694964274262e+03
3.971962414596340750e+03
1.706485588065795355e+03
1.435142174393817413e+03
1.312738932865865536e+03
1.255647579394557397e+03
1.227281057713993050e+03
1.212087466913106937e+03
1.196411247808841154e+03
1.187763678891567224e+03
1.184882663153319299e+03
1.201682315905933820e+03
1.205807324436765839e+03
1.216709804419054763e+03
1.227027810677522439e+03
1.292651254185444486e+03
1.342461649114851980e+03
1.376744542896718031e+03
1.336237497281563265e+03
1.351933086102163543e+03
1.373799332740075897e+03
1.404888159919334157e+03
1.417087910121298137e+03
1.430224617982125437e+03
1.443401716673818783e+03
1.581592079376119273e+03
1.680387730820767274e+03
1.674252920007364082e+03
1.869562872946504740e+03
1.952603279229324016e+03
2.326548496816076295e+03
2.514775364578141307e+03
2.897309148026229195e+03
3.046054483752708620e+03
3.217976817365199622e+03
3.076847561726107415e+03
1.318047478196680458e+03
1.125177556571035666e+03
1.077259907570749874e+03
1.057785174599531274e+03
1.061795753112277453e+03
1.049672578590671492e+03
1.068519180408953389e+03
1.062214765969044947e+03
1.086822987741571069e+03
1.096769623387980801e+03
1.113031816939583678e+03
1.127212803551109573e+03
1.147815514500559175e+03
1.220330310235686056e+03
1.292851689254437815e+03
1.310453028062306885e+03
1.295755573759441177e+03
1.308499309062818156e+03
1.320744503142906296e+03
1.351203350238622988e+03
1.397460614861496651e+03
1.394351247614045860e+03
1.425991414644077622e+03
1.468800779154251131e+03
1.556506639571853839e+03
1.653080708421972986e+03
1.825151650856145352e+03
2.005140042934061512e+03
2.201583617043775575e+03
2.490347994757492870e+03
2.688871220597491629e+03
3.111387357915558368e+03
3.315061405015452692e+03
1.005699489648654662e+03
1.000693637170222587e+03
1.001845139962764051e+03
1.009163484067790932e+03
1.006466366976065274e+03
1.024829959420721707e+03
1.016810044093643000e+03
1.048985699362819787e+03
1.057844458675095893e+03
1.065499640304512241e+03
1.088082669143257135e+03
1.098771712892422556e+03
1.136886626625974714e+03
1.202307008000409724e+03
1.278318608437320336e+03
1.309598961919955627e+03
1.302419701850953970e+03
1.311881962678660329e+03
1.320606162925289937e+03
1.367113283235146355e+03
1.367314858347373502e+03
1.450684184408048395e+03
1.419901775306522268e+03
1.531941765019278137e+03
1.554894023437171654e+03
1.601607682897175209e+03
1.787086451539355949e+03
1.941431654268122429e+03
2.308042047647978507e+03
2.548582414413549031e+03
2.732038946342121108e+03
2.983745540627185619e+03
3.468464630314603710e+03
1.006481771848672906e+03
1.004548867182641402e+03
9.991504921444510501e+02
1.014162590131298884e+03
1.011282005002255801e+03
1.031458511943374106e+03
1.038664500167303231e+03
1.044966353631294623e+03
1.065681320425448348e+03
1.069891237347021161e+03
1.111713962901986179e+03
1.127688577272411521e+03
1.195606322860489854e+03
1.269346326493554443e+03
1.302842704943849640e+03
1.287463885809896055e+03
1.340662851578582377e+03
1.314790857249189230e+03
1.352443325132963537e+03
1.377825550033061745e+03
1.426652089550480923e+03
1.437163888279603725e+03
1.493204691193042436e+03
1.598061968462048526e+03
1.614502581442731525e+03
1.765183296050288163e+03
2.045067607089678859e+03
2.312919832258101451e+03
2.424052954226318889e+03
2.831985482297698127e+03
2.924971244875750472e+03
3.423757028826326859e+03
9.976065984925589873e+02
1.010621790764571415e+03
1.003808792958889285e+03
1.022993542906037874e+03
1.024002855902560668e+03
1.031757396360666689e+03
1.049950206990071138e+03
1.053307764813387166e+03
1.089988440306186249e+03
1.103548344770566700e+03
1.128371739585597652e+03
1.199077002657593766e+03
1.279871444127164523e+03
1.306446484045431589e+03
1.283325524772105837e+03
1.298733199803321440e+03
1.352961971147599797e+03
1.344832093529110125e+03
1.421752638027625835e+03
1.392837064511591961e+03
1.442839453228499679e+03
1.482651675960267994e+03
1.624407278178732668e+03
1.712627920986861682e+03
1.832283049465460863e+03
2.182124989218293194e+03
2.234297512724224816e+03
2.602559673115923943e+03
2.858242205496777842e+03
3.108012972169357454e+03
3.416155881346678598e+03
1.007673871894286663e+03
1.016883932299305457e+03
1.014829573913559102e+03
1.020755748007745524e+03
1.035116887590663737e+03
1.037104028017663040e+03
1.071415803780242186e+03
1.086326863412263720e+03
1.106237915145810121e+03
1.121790886256812882e+03
1.211673610844457244e+03
1.270613511045437463e+03
1.305974555846691146e+03
1.300549937335738605e+03
1.326779064874855294e+03
1.332586678634678719e+03
1.357632646147283594e+03
1.360713994951184759e+03
1.422201355910623533e+03
1.488873015896588186e+03
1.579083120948411306e+03
1.568753020390946858e+03
1.727998354258805193e+03
1.849976921791938594e+03
2.193622532070964098e+03
2.315728312594660565e+03
2.624205207088171392e+03
2.787594005589794506e+03
3.107193730349049019e+03
3.486624671525165923e+03
1.014727593218819379e+03
1.015024411660037231e+03
1.028623369831481341e+03
1.028285040704938638e+03
1.059616551973977266e+03
1.072831684623551155e+03
1.087821648456378625e+03
1.104480221480877162e+03
1.134148781593357626e+03
1.204423067274854247e+03
1.276846694507663869e+03
1.307723183294516275e+03
1.306814454709890242e+03
1.311230977902135237e+03
1.348389948340146930e+03
1.370143605834756727e+03
1.382767104133792600e+03
1.452130905653293667e+03
1.447857565126763348e+03
1.495576769262360813e+03
1.593713827806182735e+03
1.661868776415400134e+03
1.859767295340605870e+03
2.000703553749528737e+03
2.354652619190174391e+03
2.540445060975182059e+03
2.916736902019042191e+03
3.196699713770217841e+03
3.361279429223422540e+03
1.024944253883439160e+03
1.025310977647861591e+03
1.051355964808658200e+03
1.063523307116374326e+03
1.077222208037419477e+03
1.094036651034156648e+03
1.118783175791404574e+03
1.137341696286757497e+03
1.218804432381401739e+03
1.294675273604048243e+03
1.329171474543042223e+03
1.307150988719689394e+03
1.339875802717831903e+03
1.363517390712315546e+03
1.417688040308495829e+03
1.387487784107338257e+03
1.452843619800042234e+03
1.484393355459269969e+03
1.499347083682659331e+03
1.551582970105365348e+03
1.656337861554409756e+03
1.801647219091095621e+03
2.193796923573031108e+03
2.366993160437908045e+03
2.672798338654300551e+03
2.915044113446345818e+03
3.293014097990248956e+03
3.540105936814492907e+03
1.042598543030519750e+03
1.066580595328159234e+03
1.069423386132098813e+03
1.086765657784740824e+03
1.107842636234149495e+03
1.124686726652632615e+03
1.148679244091142436e+03
1.227666857537332817e+03
1.294716971419949004e+03
1.342085935354178673e+03
1.319345370147145559e+03
1.338446867335835577e+03
1.356898942453456812e+03
1.396771130771167918e+03
1.409472916986174141e+03
1.447721701941788524e+03
1.496872502397514609e+03
1.551842732754061217e+03
1.573815595965332705e+03
1.677821449570875984e+03
1.879253217388596340e+03
2.172240667027168456e+03
2.328634818531765177e+03
2.648377170078057588e+03
2.740821932696895601e+03
3.267142275091050578e+03
3.421394915271998798e+03
1.067806670647093824e+03
1.083399371336692639e+03
1.100672805831693267e+03
1.112572699366009147e+03
1.134680384137527653e+03
1.164549074628447897e+03
1.235673547277892794e+03
1.319909704766538425e+03
1.335483189935727296e+03
1.358015483017144334e+03
1.356937625012857552e+03
1.396700102258844709e+03
1.388981014266538068e+03
1.423082205557843508e+03
1.488176937937338835e+03
1.458822414043131857e+03
1.586966316709140983e+03
1.667554193961193960e+03
1.651158842663497353e+03
1.969868655153874897e+03
2.097336090921114646e+03
2.429420423418756400e+03
2.660371757539725877e+03
2.879639245484333060e+03
3.277270479896565575e+03
3.509629360564954823e+03
1.098998193005984604e+03
1.108951961226117191e+03
1.129577010279127080e+03
1.156499745453798141e+03
1.184070556946947136e+03
1.249479752404618011e+03
1.314005536556061770e+03
1.357334132757840734e+03
1.338904974956420574e+03
1.364403106442427543e+03
1.372176608053724067e+03
1.443597348532508704e+03
1.472251945479664300e+03
1.502382833399105948e+03
1.552460468031738174e+03
1.555800244762363945e+03
1.685173803656005930e+03
1.702749039386808818e+03
2.051264884193847593e+03
2.142582233377222565e+03
2.469968873300563246e+03
2.702482940377900832e+03
3.138033519635560879e+03
3.410819357480004783e+03
3.671425608557375654e+03
1.126691590208461093e+03
1.151971234550379222e+03
1.179111086304726541e+03
1.192305974502887693e+03
1.259785595889057049e+03
1.340191212245623774e+03
1.353071442082520434e+03
1.376960762022245490e+03
1.382739521260180027e+03
1.407149465839950381e+03
1.452476254295921308e+03
1.456511608379677455e+03
1.504964021840215764e+03
1.507933274845000142e+03
1.579454953926126109e+03
1.638528646210289935e+03
1.702081758780938344e+03
1.936539961348180441e+03
2.188719896239719219e+03
2.481024993382875437e+03
2.805005849762525031e+03
3.132217377273677812e+03
3.377202952608630767e+03
3.692865378749820138e+03
1.176492249393987095e+03
1.187715000525362029e+03
1.215296680862263202e+03
1.289033515134173058e+03
1.345645545055620460e+03
1.388119126355866456e+03
1.409933022935949566e+03
1.402147607409129932e+03
1.402591040374198883e+03
1.452863153292095831e+03
1.492996141827680731e+03
1.493994851874125061e+03
1.506020765937215856e+03
1.589797388308625159e+03
1.638539934457200616e+03
1.697404497438467843e+03
2.093120010551440373e+03
2.225675323624942848e+03
2.465742698041844960e+03
2.750214514060223792e+03
3.276211961303052703e+03
3.464296456392600703e+03
3.911101536023021708e+03
1.211944857491705534e+03
1.232723532447932257e+03
1.298271016709029027e+03
1.382408002363778451e+03
1.398205775861190205e+03
1.420640911507992769e+03
1.420943275294736395e+03
1.444941511444027128e+03
1.453275566017695155e+03
1.509270728046930344e+03
1.496196911943020268e+03
1.548196902885210193e+03
1.576111370052682332e+03
1.706000812553089645e+03
1.722178952199527430e+03
2.070284777983552885e+03
2.133284614420097569e+03
2.465787057960185848e+03
2.688183150361477146e+03
3.246566818316024637e+03
3.317647629010987657e+03
3.772023696470630966e+03
1.262390859830128193e+03
1.319700295783959973e+03
1.415286649831471095e+03
1.430829530535770346e+03
1.438892264210656549e+03
1.472638078968249829e+03
1.446490585830687905e+03
1.498964342096124255e+03
1.501198472235734471e+03
1.541462415566209529e+03
1.580939121457965712e+03
1.658022740195083088e+03
1.656295499278412080e+03
1.856250255603952837e+03
1.923551923774419265e+03
2.293934895465517911e+03
2.457624819591593223e+03
2.764337996294242657e+03
3.095073066777215445e+03
3.550024188452797262e+03
3.719939561776929622e+03
1.402621992584075542e+03
1.456681481649235138e+03
1.469977709998919863e+03
1.512808998562973557e+03
1.475000295931411074e+03
1.520783660021381365e+03
1.511465056446633753e+03
1.554830000941270782e+03
1.588307005244439779e+03
1.555669361650150222e+03
1.637111372908602789e+03
1.665477302521002230e+03
1.723448175333356858e+03
1.964427216307582512e+03
2.165704240518400638e+03
2.690926166533708056e+03
2.848920218069398288e+03
3.236055197559328462e+03
3.729996120657104711e+03
4.064548669091017473e+03
1.508592128812527335e+03
1.579059673272308373e+03
1.504877587684280115e+03
1.527445330204109041e+03
1.551986123093141259e+03
1.552833539712567472e+03
1.576843997193851692e+03
1.587378661471614350e+03
1.649444657237850379e+03
1.628362408101240590e+03
1.812578025157843513e+03
1.798592729494454488e+03
2.114616553152593951e+03
2.286121773162832142e+03
2.695010024062902176e+03
3.007123039445114955e+03
3.381805828223151366e+03
3.711318089674619387e+03
4.173144248531093581e+03
1.240615269589302443e+03
1.289725936848302808e+03
1.327811445437561133e+03
1.339016448505365588e+03
1.358913755547206847e+03
1.369015869250195919e+03
1.436951373268030693e+03
1.394139834260220368e+03
1.447534439377840954e+03
1.442051043878358996e+03
1.589075695200858718e+03
1.854276827688164303e+03
2.382294240981547773e+03
2.551867700572579452e+03
3.002871500219697282e+03
3.671505668353463079e+03
3.987648646160813314e+03
4.342861139725077919e+03
1.331860609083227018e+03
1.331083215155723792e+03
1.335654118027497816e+03
1.375690498119230597e+03
1.412484019566593133e+03
1.370929352422627971e+03
1.394229960106416002e+03
1.586738751966464633e+03
1.500048195209240248e+03
1.700502262632081511e+03
1.822814315936410139e+03
2.204430452811985560e+03
2.617198316198068369e+03
3.042989779369117514e+03
3.541548995581999861e+03
4.217348960055961470e+03
4.296853189178153116e+03
1.339790404512489204e+03
1.389366394713663340e+03
1.401735259338484866e+03
1.362444261753792944e+03
1.395881312405421795e+03
1.392608782249679962e+03
1.398833926870782079e+03
1.478982532460866196e+03
1.605945400760172333e+03
2.027359104774029902e+03
2.243686374245615752e+03
2.742251323537200733e+03
3.241711040666611552e+03
3.751387810586029445e+03
4.266129254980271071e+03
4.627773410288035848e+03
1.394775261424111932e+03
1.452354801010638766e+03
1.396727380422216356e+03
1.370796046359614593e+03
1.384779337289610112e+03
1.447124430438462468e+03
1.628832321198357931e+03
1.476791850366287690e+03
1.872473758657946291e+03
2.381934142210676782e+03
2.711619467627553604e+03
3.505861623229471206e+03
4.021577928002253429e+03
3.997845694702160927e+03
4.864905479585840112e+03
1.412584078506463584e+03
1.373059353405571756e+03
1.375609621781415626e+03
1.442789290965757345e+03
1.416555118294675367e+03
1.478648224978064491e+03
1.673316491876490318e+03
1.808570496128253808e+03
2.271371105601178897e+03
3.086716763591867220e+03
3.478753921272120806e+03
4.480978773003555943e+03
4.651773148844253228e+03
4.970874740716775705e+03
1.377997787739655450e+03
1.458279032153785010e+03
1.507581947861249546e+03
1.586644899792824162e+03
1.583712353230524968e+03
1.565494284839914144e+03
2.002991466750865584e+03
2.465640543426017302e+03
2.952730647569214398e+03
3.587012277366441140e+03
4.224094273151884408e+03
4.900281773819681803e+03
4.987350875272363737e+03
1.504322002598489462e+03
1.499173462897688069e+03
1.618433879438512349e+03
1.654799026647091523e+03
1.627454237400127568e+03
1.989079264927582017e+03
2.402012128450353885e+03
3.057684283539621902e+03
4.314416639907222816e+03
4.144618928551627505e+03
4.772937307367033100e+03
5.661066172063136946e+03
1.570727147010743693e+03
1.565316863972934243e+03
1.706220385697753727e+03
1.747511561183471713e+03
2.079394425804180628e+03
2.479857060231986452e+03
3.341696057770570860e+03
3.997806161736062222e+03
4.885073041375814682e+03
5.221226995399400948e+03
5.779834044243229982e+03
1.696536191868680135e+03
1.668846947778792810e+03
1.856759303065888162e+03
2.224946135938112548e+03
3.069077282611893224e+03
3.782338734821562412e+03
4.616779770633457701e+03
4.979498377037923092e+03
5.633319081097582057e+03
5.930130062043443104e+03
1.842624069914538268e+03
1.878648042919434829e+03
2.588734480204302145e+03
3.484633669931500208e+03
4.037446766056837077e+03
4.262896227537697996e+03
5.497061150405026638e+03
5.480269989197708128e+03
7.018344224556187328e+03
2.403177099034952334e+03
2.990947727059649878e+03
3.992062139304596712e+03
4.792055212320613464e+03
5.107326749260060751e+03
5.284646079570216898e+03
7.293394107741252810e+03
7.188115301496606662e+03
3.764386774271158629e+03
5.003256990507380578e+03
4.755361547792637793e+03
6.436813678841273031e+03
6.597170698378693487e+03
7.174610440710756848e+03
8.311853738239708036e+03
5.423659211358405628e+03
6.367460437963264667e+03
6.485861604904513115e+03
7.137940112188030980e+03
7.953189754987131892e+03
8.720773629224677279e+03
6.633820682769679479e+03
6.712937631292501464e+03
7.632068748537470128e+03
8.049439470069295567e+03
8.248180058652653315e+03
7.571538269204187600e+03
7.682136357801686245e+03
8.399286467642899879e+03
9.240213250383019840e+03
8.489183186341735563e+03
8.671652659509973091e+03
9.711737786352477997e+03
9.279958320207946599e+03
1.207878427692759033e+04
1.101308662980737063e+04
