4.574468504614621634e+04
4.135946419785724720e+04
3.780753302131537203e+04
3.501219297785569506e+04
3.250896224518161762e+04
2.876535378892012523e+04
2.602362185088180922e+04
2.421025096466662944e+04
2.297024153185698015e+04
2.214758231776288085e+04
2.123424997793368311e+04
2.075547851730711773e+04
1.993974931426871990e+04
1.951391583535984682e+04
1.912107527831340121e+04
1.888056759698666792e+04
1.824623237808339036e+04
1.760613119993108921e+04
1.747179782220868583e+04
1.704742853902958814e+04
1.598927443231595680e+04
1.570156695512268925e+04
1.545315343507339821e+04
1.545418784131277971e+04
1.537467229254062840e+04
1.551583375042571606e+04
1.582214370527169194e+04
1.575324535590581581e+04
1.575600064568276503e+04
1.595807047007501387e+04
1.581024645651949504e+04
1.749792795887057946e+04
1.732817638337314929e+04
1.842362469285314000e+04
1.910649889861942938e+04
1.973459401808107941e+04
2.103490037750815463e+04
2.246406806795510420e+04
2.301633584587411679e+04
2.438023011810939715e+04
3.721324141644689371e+04
3.406477622438652907e+04
3.126439923032046136e+04
2.884293906872295338e+04
2.528156330496181909e+04
2.206907726347696735e+04
2.082098767154310917e+04
1.935176564564722139e+04
1.847354735231101222e+04
1.780044383687751179e+04
1.729664522287600630e+04
1.667061010047684613e+04
1.622201454352323708e+04
1.557236307293223217e+04
1.491880335474334424e+04
1.482990541761515851e+04
1.406789937686246230e+04
1.403929365439068533e+04
1.354344209907278128e+04
1.338865814567663801e+04
1.296257519373711693e+04
1.270881729126061509e+04
1.238926310946860758e+04
1.296680835311056398e+04
1.313352534675036077e+04
1.312662278704996424e+04
1.314039148480013682e+04
1.341444863323027676e+04
1.338639812498734136e+04
1.376925962998750583e+04
1.432863001593430090e+04
1.551053973590947862e+04
1.644313875919227576e+04
1.698897352997858616e+04
1.841527661476528374e+04
1.921792399648077844e+04
2.012117319676354964e+04
2.079639250000569518e+04
2.206204169296778127e+04
3.063613235895730759e+04
2.797605042150654481e+04
2.558476209921179907e+04
2.195899355675342667e+04
1.926976940795385963e+04
1.735541145515080279e+04
1.606429894449714629e+04
1.553171982609667975e+04
1.484343221031562098e+04
1.409141625833983744e+04
1.366997402623612470e+04
1.290212231441246149e+04
1.248541257868182038e+04
1.184157674114718429e+04
1.139169377769478524e+04
1.127633120483476159e+04
1.114590374091862395e+04
1.109979271214378787e+04
1.047252354027646470e+04
1.062782484744244357e+04
1.034235881229412917e+04
1.046771194718702827e+04
1.068633772206241338e+04
1.036245363777445345e+04
1.070673938298150642e+04
1.094407792603497364e+04
1.094961827754690239e+04
1.154614984783805630e+04
1.180930529700961597e+04
1.284897119877097975e+04
1.394360102165714125e+04
1.447763812725248681e+04
1.508402576661310195e+04
1.638964200513575634e+04
1.693713345079282226e+04
1.860031476687466420e+04
1.895925172895352443e+04
2.124799749028938822e+04
2.487189900171193585e+04
2.282769961235943993e+04
1.910056166940072217e+04
1.610927396449682601e+04
1.455656635261469637e+04
1.346346997431847194e+04
1.268716431076430490e+04
1.196372379034571350e+04
1.131674620116826918e+04
1.077698006383024949e+04
1.031758141335553591e+04
1.012604043745535819e+04
9.626912971445590301e+03
9.370537091256914209e+03
8.797582147877168609e+03
8.804213213472370626e+03
8.702513658655061590e+03
8.468152352885572327e+03
8.321454345971837029e+03
8.404721236123310518e+03
8.753974726384096357e+03
8.835339103516920659e+03
9.020411846440681984e+03
9.233636284261699984e+03
9.404404066864195556e+03
9.925962041594919356e+03
1.019355473116389112e+04
1.109520290344096247e+04
1.179268756478072464e+04
1.230364202703690717e+04
1.324041751827433654e+04
1.450913173897096749e+04
1.534257075348740182e+04
1.629711672021264530e+04
1.731399071182003172e+04
1.869057537868480722e+04
1.956609082094263067e+04
2.008682241276342029e+04
1.654468666364198361e+04
1.368150861171284487e+04
1.186567095062806220e+04
1.063490215392020582e+04
1.039127152318988919e+04
9.365522169746096552e+03
9.066303293625658625e+03
8.362178120741431485e+03
8.055990965195329409e+03
7.608873885597820845e+03
7.541712100786997325e+03
7.254249886799094384e+03
7.234485223728094752e+03
6.954123189537642247e+03
7.011253984713438513e+03
6.818470276754196675e+03
6.941815189500594897e+03
6.919471429155177248e+03
7.458680063856384550e+03
7.711343986517852500e+03
7.816876689162054390e+03
8.172814098022005965e+03
8.534787208858251688e+03
8.866086070921808641e+03
9.361062282659055199e+03
1.009744009060830467e+04
1.110780442472198229e+04
1.178185047299879261e+04
1.283045508148986846e+04
1.376170887244038931e+04
1.495262022198763952e+04
1.577111576887403498e+04
1.718358219226816072e+04
1.805310539842031721e+04
1.926415256563489311e+04
1.213676915033220939e+04
8.971208724536325462e+03
7.132836792656014950e+03
6.092918321829876731e+03
5.657320698804561289e+03
5.085894751394140258e+03
4.998053170534851233e+03
4.646478308832415678e+03
4.614627419961986561e+03
4.411707764240301003e+03
4.361441679588666375e+03
4.585552062050703171e+03
4.744477355184927546e+03
4.700375104162581010e+03
4.677939425166584442e+03
5.113106694735407473e+03
5.426584430593903562e+03
5.813281692227326857e+03
6.189895956355934686e+03
6.632327902037332024e+03
6.979490101105419853e+03
7.414354990130322221e+03
7.851537193249241682e+03
8.212689856500570386e+03
8.696140278129612852e+03
9.591122407974040470e+03
1.053823193647449989e+04
1.143411388301691477e+04
1.245737951379566584e+04
1.351385165485488869e+04
1.450957372131285229e+04
1.557257023131324786e+04
1.666913087057301163e+04
1.774024243416182071e+04
1.894527569701666289e+04
5.388299653602367471e+03
3.186043041680515216e+03
2.415995437359352309e+03
2.540115923231754550e+03
2.683818877420283115e+03
2.870586626658084242e+03
3.108272705979748935e+03
3.357724860835066920e+03
3.554206848611587702e+03
3.732385101078131811e+03
3.977596577071002685e+03
4.140314366096636149e+03
4.296461945649744848e+03
4.497131276239822000e+03
4.949341648103561056e+03
5.406423770415773106e+03
5.856442313085516616e+03
6.266197133250599109e+03
6.705184871353043491e+03
7.098447795785108610e+03
7.529868893226485852e+03
7.982645644447336053e+03
8.417727029065310489e+03
8.853346334889842183e+03
9.724696336306897138e+03
1.066860080433494477e+04
1.160678550491048190e+04
1.263242338541597201e+04
1.356751198145567650e+04
1.463045516477697129e+04
1.571965991669006689e+04
1.688795901028106891e+04
1.791590131249222759e+04
1.919799347229042905e+04
1.784566967295278346e+03
2.261795683853049468e+03
2.638711696863046654e+03
2.902566549812572703e+03
3.148047558571317495e+03
3.445919728143710927e+03
3.638900151684777938e+03
3.822040352237200295e+03
4.079691428500907477e+03
4.223661124669353740e+03
4.383397607362069721e+03
4.583938888306715853e+03
4.777789649795686273e+03
5.162046255516835117e+03
5.619932846463475471e+03
6.022929910883083721e+03
6.455372435815953395e+03
6.881695801359604047e+03
7.275937140059364538e+03
7.693817912903555225e+03
8.114768910143263383e+03
8.543278712306946545e+03
9.008771964592129734e+03
9.921532637945119859e+03
1.080434548895156149e+04
1.175158925798861128e+04
1.275750370785621635e+04
1.373955475414407920e+04
1.476342097833904154e+04
1.583276812735324165e+04
1.689305943680892960e+04
1.800343663774575543e+04
1.921639529085039612e+04
2.689462250944579409e+03
2.996691119836015332e+03
3.266155127749524127e+03
3.512032202101323946e+03
3.690495769905930956e+03
3.898141049858197221e+03
4.134098584845271034e+03
4.299288068214546001e+03
4.420147255603925259e+03
4.636991336971595047e+03
4.790022073353855376e+03
4.955459512337136402e+03
5.370754740050956570e+03
5.812616415260958092e+03
6.221891975957286377e+03
6.604253053265289054e+03
7.015075047394949252e+03
7.435314177429409028e+03
7.857599970549524187e+03
8.275776066399346746e+03
8.707246631992891707e+03
9.115324506255998131e+03
9.989746314885467655e+03
1.098413464989118984e+04
1.181928599869214850e+04
1.280952190962407803e+04
1.385252683001751575e+04
1.484886138051236048e+04
1.596972478358408625e+04
1.698235306675488027e+04
1.810794307907774419e+04
1.925914301645566593e+04
3.312322723898042113e+03
3.589507640390181678e+03
3.749294747832503617e+03
3.940429984685323689e+03
4.171572411608219227e+03
4.337930985334961406e+03
4.481143365519280451e+03
4.651062589306532573e+03
4.801538746761081711e+03
4.990784216778540213e+03
5.165340317933801089e+03
5.584950463595987458e+03
5.979438854469342914e+03
6.367963350938844997e+03
6.774337956085512815e+03
7.149972341574826714e+03
7.611334135118471750e+03
7.989865525623993562e+03
8.391039172061311547e+03
8.830141004741562938e+03
9.246684239667509246e+03
1.014511670257633523e+04
1.107019274143940129e+04
1.201182201024672395e+04
1.297879899587532600e+04
1.393396608113933144e+04
1.498178875291971963e+04
1.597707603512569403e+04
1.713293691567072892e+04
1.824400412541682090e+04
1.930222278454444313e+04
3.781581506426536180e+03
3.972923719764657108e+03
4.208559819036616318e+03
4.361296229191190832e+03
4.512906682724745224e+03
4.678988709137453952e+03
4.841035005092856409e+03
5.012536045488671334e+03
5.172529789273016831e+03
5.365731398136752432e+03
5.724554722509301428e+03
6.126273135685448324e+03
6.534630068629430752e+03
6.887523229039947182e+03
7.295224322008184572e+03
7.693809431656498418e+03
8.074452142067813838e+03
8.515469950084565426e+03
8.985612247088671211e+03
9.377123491974500212e+03
1.025380369566437003e+04
1.110196327187529096e+04
1.210159215186234724e+04
1.308382505805658911e+04
1.405294442126322974e+04
1.507654704386399681e+04
1.611270282454858716e+04
1.715366129507530059e+04
1.829726890855267266e+04
1.939560195444625788e+04
4.225392658898548689e+03
4.382019653814581943e+03
4.529308782616285498e+03
4.701075419067573421e+03
4.853733501566578525e+03
5.006307363870384506e+03
5.189540724226810198e+03
5.367619915798029069e+03
5.489265507377745962e+03
5.900928111298399017e+03
6.274532515453249289e+03
6.671546812240262625e+03
7.018052696603008371e+03
7.409776499338705435e+03
7.830469551887080343e+03
8.233435422960303185e+03
8.636615396830604368e+03
9.039297530153477055e+03
9.481907270005185637e+03
1.035389496995301670e+04
1.125115037696401487e+04
1.221368836585363715e+04
1.311917777166729502e+04
1.413105773352845063e+04
1.517350081004291860e+04
1.627280909842082838e+04
1.726802653716818531e+04
1.849948837995100985e+04
1.951433235578643507e+04
4.539996626059984010e+03
4.723167195215295578e+03
4.871114502380126396e+03
5.022229785906726647e+03
5.191542141961435846e+03
5.350299606237201260e+03
5.483311584991026393e+03
5.635372072452006250e+03
6.021661442578719289e+03
6.379667786931420778e+03
6.807813512434445329e+03
7.169550510743511950e+03
7.578043874263922589e+03
7.940641168179381566e+03
8.344947035845338178e+03
8.760672196144259942e+03
9.176836941847055641e+03
9.619383485787529935e+03
1.045743783102705129e+04
1.136489175979511128e+04
1.231432566296809455e+04
1.324154745422118867e+04
1.426833200333359309e+04
1.527845982863442623e+04
1.628086519418639182e+04
1.735566618541774005e+04
1.849322706586558706e+04
1.957240010473454095e+04
4.873812499219472556e+03
5.021551862058983716e+03
5.195666318766634504e+03
5.351865663864489761e+03
5.482561262168962458e+03
5.627314927254892609e+03
5.778945464338726197e+03
6.181388851303336196e+03
6.522590733968508175e+03
6.898932278978337308e+03
7.272109544337222360e+03
7.688026277827863851e+03
8.070423894486186327e+03
8.469105623426350576e+03
8.858050666185026785e+03
9.307333792778605130e+03
9.671839662567532287e+03
1.062265220858380962e+04
1.144620233451463537e+04
1.236766190053683204e+04
1.334081763200802561e+04
1.431905462070371505e+04
1.537285521122535465e+04
1.636542443016570178e+04
1.745233630605032522e+04
1.857368462284479392e+04
1.960687501154514393e+04
5.196417694918346569e+03
5.361254001645444077e+03
5.475883668748079799e+03
5.641758711876977941e+03
5.768663598384671786e+03
5.934090801815591476e+03
6.296893804878386618e+03
6.681073961069779216e+03
7.035088909413051624e+03
7.434942257273994983e+03
7.805294310745847724e+03
8.182590585665557228e+03
8.564455684924199886e+03
8.984177914032927220e+03
9.388898134745519201e+03
9.824647213023119548e+03
1.070021231038396945e+04
1.158862573079504728e+04
1.250694160025697965e+04
1.342960569643275994e+04
1.443013257915742361e+04
1.540710524051651009e+04
1.649072909287446964e+04
1.756545512818076531e+04
1.862668303175817709e+04
1.977918040862751877e+04
5.486106208939921089e+03
5.640970444117891020e+03
5.755704734904269571e+03
5.924883036548093514e+03
6.079628396671004339e+03
6.457966907452832857e+03
6.788004038260321977e+03
7.148521444578506816e+03
7.519805962192639527e+03
7.894241928888629445e+03
8.305343834191882706e+03
8.729902032823831178e+03
9.092988219365071927e+03
9.484492826484631223e+03
9.907005458971558255e+03
1.074050917343630863e+04
1.167207561629064548e+04
1.261253102031386516e+04
1.355084557581281115e+04
1.452243391116897328e+04
1.553123892161038384e+04
1.651241533323539625e+04
1.764602780805302973e+04
1.872118105464024484e+04
1.978427782580958228e+04
5.756541095763945123e+03
5.911315311871630001e+03
6.064417543917857984e+03
6.192218218815136424e+03
6.563589350374673813e+03
6.914109699242281749e+03
7.267584903160647627e+03
7.670827439066253646e+03
8.029261128257115161e+03
8.418225255273355287e+03
8.783302691186518132e+03
9.190748859839695797e+03
9.603641263413839624e+03
1.002157671155861681e+04
1.086434759290180409e+04
1.177916241008251563e+04
1.266773091976199430e+04
1.363446072479627765e+04
1.460353399155049192e+04
1.564784383089699986e+04
1.664187759399534480e+04
1.782044788714098104e+04
1.880090240612515481e+04
2.000721846619390271e+04
6.064444658816307310e+03
6.194308566313617121e+03
6.329134227255019141e+03
6.701083228003949444e+03
7.038467803791012557e+03
7.410323615231460280e+03
7.764350416104814940e+03
8.134144134822363412e+03
8.532994625514593281e+03
8.915820752782410636e+03
9.331040603928486235e+03
9.697168393054680564e+03
1.014187816571264921e+04
1.097357635839001523e+04
1.189073522094639338e+04
1.277219755315797920e+04
1.374441398371505420e+04
1.471499214399674565e+04
1.568864441923684717e+04
1.673680464777326415e+04
1.782635122330272497e+04
1.889027117665415790e+04
2.001231962689849024e+04
6.320561726404770525e+03
6.450019664369785460e+03
6.809028702582972983e+03
7.181010254715651172e+03
7.526929163464068552e+03
7.913477123970832508e+03
8.275537424557249324e+03
8.632496682881488596e+03
9.046620200598743395e+03
9.398390449392853043e+03
9.836410047859473707e+03
1.026869313938609776e+04
1.106799044336913175e+04
1.194278178992533321e+04
1.287892758589550795e+04
1.381543862845007607e+04
1.483949667318439060e+04
1.578650497529427412e+04
1.683561826989729525e+04
1.790700775003061426e+04
1.891972472426722379e+04
2.014202995711805488e+04
6.629129066561998116e+03
6.937067820744653545e+03
7.312664659660556026e+03
7.658238923954385427e+03
8.019509649324380916e+03
8.360008431114714767e+03
8.753124950899857140e+03
9.128680145225105662e+03
9.531074645687642260e+03
9.971752843354719516e+03
1.036938360283055590e+04
1.120422975947370469e+04
1.207083871012154123e+04
1.297718970214458750e+04
1.393025338605760771e+04
1.486368575596216215e+04
1.591920864873046048e+04
1.694796966366225388e+04
1.797877589696859286e+04
1.906566127933510870e+04
2.018683340568846324e+04
7.286470067971213211e+03
7.634095484830227178e+03
7.953781110238578549e+03
8.291646706409317630e+03
8.677090457515912931e+03
9.042454514268682033e+03
9.429159197054998003e+03
9.850290626230764246e+03
1.023549939281634943e+04
1.061871812268814028e+04
1.143240231395143201e+04
1.235149570786002005e+04
1.326560397250451388e+04
1.416335992153554798e+04
1.517742594437930347e+04
1.612463824071294766e+04
1.709827853073448205e+04
1.822452380674292363e+04
1.928641899040330463e+04
2.040719458172662416e+04
7.923433590064599230e+03
8.250950931829615001e+03
8.633066618486318475e+03
8.970434536623215536e+03
9.345638345398368983e+03
9.750118461320718779e+03
1.012277605344050244e+04
1.049723099753114366e+04
1.090634404910854755e+04
1.171515196492054383e+04
1.259056501139913416e+04
1.351363946088911325e+04
1.438579714492203311e+04
1.541208078955060228e+04
1.639276272623979457e+04
1.739327485878741572e+04
1.842587011514715414e+04
1.950984116931682729e+04
2.064738698138333712e+04
8.606491267718784002e+03
8.917626597806975042e+03
9.291650982538232711e+03
9.669947121629933463e+03
1.004201570421162432e+04
1.038809310600093522e+04
1.079843287971553946e+04
1.116093009713436186e+04
1.201945285953800339e+04
1.289872395673929896e+04
1.377073812203856141e+04
1.472749243087738432e+04
1.563413051723619719e+04
1.657633936929577976e+04
1.765344445005049784e+04
1.867945297763720737e+04
1.975712929082178380e+04
2.089517882807325441e+04
9.264552732504003870e+03
9.618974426038226738e+03
9.987256313965941445e+03
1.032093126915567882e+04
1.070655834881899500e+04
1.106913874116747138e+04
1.148332955419593236e+04
1.230391391114614271e+04
1.316808386628739208e+04
1.400615562778337153e+04
1.497697552826436186e+04
1.593111586856674330e+04
1.689031361752055818e+04
1.788282425278117080e+04
1.892378733458543502e+04
2.004795395955587082e+04
2.109180685763516885e+04
9.959622977276807433e+03
1.027452124707859912e+04
1.065103494366095038e+04
1.100408112241884191e+04
1.140648281321900686e+04
1.180047781142799613e+04
1.262880342472827215e+04
1.344363202878070661e+04
1.437704110202338052e+04
1.524620233630851180e+04
1.612871357134827304e+04
1.717225599288769445e+04
1.815939432325092639e+04
1.920804673899160116e+04
2.025817694455213496e+04
2.140903739297937136e+04
1.061620723166135940e+04
1.096312152860782226e+04
1.135062536277360414e+04
1.172360679187607820e+04
1.210853604964255464e+04
1.292437035733330958e+04
1.372613924954752474e+04
1.464746055774103843e+04
1.554622767983497215e+04
1.647530683518079604e+04
1.741023130248408415e+04
1.843679263719848313e+04
1.951147234079458940e+04
2.052322624878979695e+04
2.163029545717692235e+04
1.132390124567174462e+04
1.167312201590409859e+04
1.206406720434502313e+04
1.246996232540792334e+04
1.322958134345562576e+04
1.410831562722222952e+04
1.492981596213826742e+04
1.579261397361734089e+04
1.678648052137302147e+04
1.773430059210898980e+04
1.871980653849235387e+04
1.975223276583997358e+04
2.085437230056524277e+04
2.178351626472156931e+04
1.204178210342280727e+04
1.242319724605166994e+04
1.278182229495446882e+04
1.354207749169601448e+04
1.440118031293080458e+04
1.525378975251613883e+04
1.612592851974268888e+04
1.703810049829395211e+04
1.803189852145755867e+04
1.905270050104047550e+04
2.002959954630817447e+04
2.110194466538952474e+04
2.218312582184019629e+04
1.275745205799324503e+04
1.313241983345667722e+04
1.395531538753562927e+04
1.471354853875968001e+04
1.553985271663424464e+04
1.649789558008140739e+04
1.739617915605645248e+04
1.833067175596832021e+04
1.932702034306716087e+04
2.038743577587543041e+04
2.128366234636119407e+04
2.248970803843480098e+04
1.347054177734347104e+04
1.427163955145317050e+04
1.507550291349228792e+04
1.589843467402857277e+04
1.676401322033955512e+04
1.771101353163198291e+04
1.868484652397596801e+04
1.961677583033561677e+04
2.065943707123860440e+04
2.171608868335837542e+04
2.282795773106852357e+04
1.502853246852286247e+04
1.577907800957007930e+04
1.659174661128359730e+04
1.748585599837900372e+04
1.841893151349560867e+04
1.930866864643930967e+04
2.030679083946390892e+04
2.134522402135789525e+04
2.239244041927816579e+04
2.342857126886430342e+04
1.655382120083737027e+04
1.737589483438609386e+04
1.824844464721284021e+04
1.909304971154020677e+04
2.004393865991058192e+04
2.103372748087712534e+04
2.204249794975112673e+04
2.305796426102420082e+04
2.403992821042517244e+04
1.819375991799648546e+04
1.898761537811803282e+04
1.988183511299110251e+04
2.077782212036919373e+04
2.179458201789310988e+04
2.273856226616549247e+04
2.369371760673452445e+04
2.483717882775785984e+04
1.983481712755700210e+04
2.065756233858650012e+04
2.164324483899354163e+04
2.255326947304114219e+04
2.343197929661500893e+04
2.453672421913238213e+04
2.558060131922937580e+04
2.158744084840711730e+04
2.246671451768656698e+04
2.328304692214289025e+04
2.433625235412983602e+04
2.532181821382927228e+04
2.637861646743166784e+04
2.321275891792293260e+04
2.422910910521610276e+04
2.520249047811047785e+04
2.619864191184768788e+04
2.716936850999141825e+04
2.514965577455273524e+04
2.610455486368662605e+04
2.701718761043200720e+04
2.806488297067323219e+04
2.695647557523653086e+04
2.795397135360944230e+04
2.890949158938624532e+04
2.885266028947379164e+04
3.006604922347746106e+04
3.085661465351043807e+04
