3.991616000000000000e+06
4.589096000000000000e+06
5.112926000000000000e+06
5.589446000000000000e+06
6.043505000000000000e+06
6.872171000000000000e+06
7.633350000000000000e+06
8.347006000000000000e+06
9.023431000000000000e+06
9.661600000000000000e+06
1.028060600000000000e+07
1.086022200000000000e+07
1.141996700000000000e+07
1.196960900000000000e+07
1.249080700000000000e+07
1.300393600000000000e+07
1.348252600000000000e+07
1.396517100000000000e+07
1.441979100000000000e+07
1.486987700000000000e+07
1.592656900000000000e+07
1.692216200000000000e+07
1.783954400000000000e+07
1.860054900000000000e+07
1.926517900000000000e+07
1.985522500000000000e+07
2.039103800000000000e+07
2.088689800000000000e+07
2.132377800000000000e+07
2.175177800000000000e+07
2.248423100000000000e+07
2.309777400000000000e+07
2.365904700000000000e+07
2.411115300000000000e+07
2.447311200000000000e+07
2.475531000000000000e+07
2.506499300000000000e+07
2.526930100000000000e+07
2.552623700000000000e+07
2.567576000000000000e+07
5.147394000000000000e+06
5.642521000000000000e+06
6.104405000000000000e+06
6.536605000000000000e+06
7.329558000000000000e+06
8.070302000000000000e+06
8.758926000000000000e+06
9.411935000000000000e+06
1.003466600000000000e+07
1.063209300000000000e+07
1.120862500000000000e+07
1.175265300000000000e+07
1.228516700000000000e+07
1.279503600000000000e+07
1.329541000000000000e+07
1.376759300000000000e+07
1.423205500000000000e+07
1.468330300000000000e+07
1.512720500000000000e+07
1.617156100000000000e+07
1.713922200000000000e+07
1.803344600000000000e+07
1.878650500000000000e+07
1.944484300000000000e+07
2.003135400000000000e+07
2.054968900000000000e+07
2.103789700000000000e+07
2.147222300000000000e+07
2.189065300000000000e+07
2.259718000000000000e+07
2.320031200000000000e+07
2.374720100000000000e+07
2.419993800000000000e+07
2.454177600000000000e+07
2.482093900000000000e+07
2.512669300000000000e+07
2.538119300000000000e+07
2.559988000000000000e+07
2.578878100000000000e+07
6.121621000000000000e+06
6.564960000000000000e+06
6.979564000000000000e+06
7.747866000000000000e+06
8.460577000000000000e+06
9.135081000000000000e+06
9.769760000000000000e+06
1.038479800000000000e+07
1.096103300000000000e+07
1.151712500000000000e+07
1.206504400000000000e+07
1.258279400000000000e+07
1.309014600000000000e+07
1.356673600000000000e+07
1.404333100000000000e+07
1.449545300000000000e+07
1.493993100000000000e+07
1.537215300000000000e+07
1.638773600000000000e+07
1.737135900000000000e+07
1.823082500000000000e+07
1.896805300000000000e+07
1.961086700000000000e+07
2.018072800000000000e+07
2.069945500000000000e+07
2.117514600000000000e+07
2.160496100000000000e+07
2.199889100000000000e+07
2.271925900000000000e+07
2.332049000000000000e+07
2.384135200000000000e+07
2.426751800000000000e+07
2.462792000000000000e+07
2.491331100000000000e+07
2.517082800000000000e+07
2.536657900000000000e+07
2.560032900000000000e+07
2.584016900000000000e+07
6.990987000000000000e+06
7.388397000000000000e+06
8.138081000000000000e+06
8.833404000000000000e+06
9.485568000000000000e+06
1.010944100000000000e+07
1.070539800000000000e+07
1.127722300000000000e+07
1.182008900000000000e+07
1.234973700000000000e+07
1.285778600000000000e+07
1.335468500000000000e+07
1.382473700000000000e+07
1.428606400000000000e+07
1.473464600000000000e+07
1.517625400000000000e+07
1.559773200000000000e+07
1.661167300000000000e+07
1.755436200000000000e+07
1.841136800000000000e+07
1.914522600000000000e+07
1.978241600000000000e+07
2.032533000000000000e+07
2.085384100000000000e+07
2.131281600000000000e+07
2.173291800000000000e+07
2.213885200000000000e+07
2.281269400000000000e+07
2.340683200000000000e+07
2.392318200000000000e+07
2.435001900000000000e+07
2.472238200000000000e+07
2.495399200000000000e+07
2.527912600000000000e+07
2.550247800000000000e+07
2.566174700000000000e+07
2.584158400000000000e+07
7.778612000000000000e+06
8.503823000000000000e+06
9.184257000000000000e+06
9.822040000000000000e+06
1.043633200000000000e+07
1.101297400000000000e+07
1.156843400000000000e+07
1.211648700000000000e+07
1.263203200000000000e+07
1.313475800000000000e+07
1.361022500000000000e+07
1.408401300000000000e+07
1.453447400000000000e+07
1.497597200000000000e+07
1.540649900000000000e+07
1.582038600000000000e+07
1.680703300000000000e+07
1.774462400000000000e+07
1.859647800000000000e+07
1.930738200000000000e+07
1.993468500000000000e+07
2.049146800000000000e+07
2.099459000000000000e+07
2.142853000000000000e+07
2.186563500000000000e+07
2.222178400000000000e+07
2.291907200000000000e+07
2.351952100000000000e+07
2.400799900000000000e+07
2.440283200000000000e+07
2.478505400000000000e+07
2.501953500000000000e+07
2.532981700000000000e+07
2.551470400000000000e+07
2.571622000000000000e+07
2.601216700000000000e+07
9.198422000000000000e+06
9.844658000000000000e+06
1.046147200000000000e+07
1.104154300000000000e+07
1.159722200000000000e+07
1.214515600000000000e+07
1.265942100000000000e+07
1.316061500000000000e+07
1.363624100000000000e+07
1.410740900000000000e+07
1.455705600000000000e+07
1.499649400000000000e+07
1.542662700000000000e+07
1.583830500000000000e+07
1.624515900000000000e+07
1.720094200000000000e+07
1.810216600000000000e+07
1.893641400000000000e+07
1.963493800000000000e+07
2.023489700000000000e+07
2.076295600000000000e+07
2.125311200000000000e+07
2.168999200000000000e+07
2.210613800000000000e+07
2.247376700000000000e+07
2.311147200000000000e+07
2.367539900000000000e+07
2.420573900000000000e+07
2.457702900000000000e+07
2.494773000000000000e+07
2.516971700000000000e+07
2.539903400000000000e+07
2.556693800000000000e+07
2.579150500000000000e+07
2.599579500000000000e+07
1.046883000000000000e+07
1.105493400000000000e+07
1.161275900000000000e+07
1.216144800000000000e+07
1.267525200000000000e+07
1.317562900000000000e+07
1.365193800000000000e+07
1.412125300000000000e+07
1.457122600000000000e+07
1.500891800000000000e+07
1.543566700000000000e+07
1.584905700000000000e+07
1.625528200000000000e+07
1.665275800000000000e+07
1.758241500000000000e+07
1.845488700000000000e+07
1.927066400000000000e+07
1.994400800000000000e+07
2.050627000000000000e+07
2.104131200000000000e+07
2.150978700000000000e+07
2.192875000000000000e+07
2.233496400000000000e+07
2.268202800000000000e+07
2.333320500000000000e+07
2.387142600000000000e+07
2.434597000000000000e+07
2.470569500000000000e+07
2.502967700000000000e+07
2.531532100000000000e+07
2.553761200000000000e+07
2.575372300000000000e+07
2.587049300000000000e+07
2.609183000000000000e+07
1.161826000000000000e+07
1.216801000000000000e+07
1.268134000000000000e+07
1.318349500000000000e+07
1.366202900000000000e+07
1.412988600000000000e+07
1.457996300000000000e+07
1.501604000000000000e+07
1.544338800000000000e+07
1.585601200000000000e+07
1.626093500000000000e+07
1.666059700000000000e+07
1.702880800000000000e+07
1.794481000000000000e+07
1.880186500000000000e+07
1.958463800000000000e+07
2.023134500000000000e+07
2.079530900000000000e+07
2.130177300000000000e+07
2.174222300000000000e+07
2.217053200000000000e+07
2.252472300000000000e+07
2.289456500000000000e+07
2.349506000000000000e+07
2.403820200000000000e+07
2.452664300000000000e+07
2.486552500000000000e+07
2.517430400000000000e+07
2.541494000000000000e+07
2.561418100000000000e+07
2.582160900000000000e+07
2.599971500000000000e+07
2.610632100000000000e+07
1.268495100000000000e+07
1.318678900000000000e+07
1.366771000000000000e+07
1.413467100000000000e+07
1.458362100000000000e+07
1.502064800000000000e+07
1.544930500000000000e+07
1.586105900000000000e+07
1.626434400000000000e+07
1.666483100000000000e+07
1.703132500000000000e+07
1.740922100000000000e+07
1.828707900000000000e+07
1.912332400000000000e+07
1.989446500000000000e+07
2.052182900000000000e+07
2.106025000000000000e+07
2.155492600000000000e+07
2.199072100000000000e+07
2.238846800000000000e+07
2.274798600000000000e+07
2.308609200000000000e+07
2.368976100000000000e+07
2.419475300000000000e+07
2.466927000000000000e+07
2.502834800000000000e+07
2.525526200000000000e+07
2.551344100000000000e+07
2.572634900000000000e+07
2.586917100000000000e+07
2.611741500000000000e+07
2.619490800000000000e+07
1.366984000000000000e+07
1.413551600000000000e+07
1.458584700000000000e+07
1.502340500000000000e+07
1.545270500000000000e+07
1.586464000000000000e+07
1.626571500000000000e+07
1.666714500000000000e+07
1.703242400000000000e+07
1.740895000000000000e+07
1.776813300000000000e+07
1.862561500000000000e+07
1.943570200000000000e+07
2.019032200000000000e+07
2.080512400000000000e+07
2.133350400000000000e+07
2.178628300000000000e+07
2.222571200000000000e+07
2.259376200000000000e+07
2.296595100000000000e+07
2.328108500000000000e+07
2.386681000000000000e+07
2.434438100000000000e+07
2.477944600000000000e+07
2.511534700000000000e+07
2.535678600000000000e+07
2.563357700000000000e+07
2.581549300000000000e+07
2.596889300000000000e+07
2.615706500000000000e+07
2.629243700000000000e+07
1.458593300000000000e+07
1.502479300000000000e+07
1.545410700000000000e+07
1.586633100000000000e+07
1.626642600000000000e+07
1.666715900000000000e+07
1.703261600000000000e+07
1.740804300000000000e+07
1.776746100000000000e+07
1.811396700000000000e+07
1.895115400000000000e+07
1.975059300000000000e+07
2.048038100000000000e+07
2.106981000000000000e+07
2.158244400000000000e+07
2.203653200000000000e+07
2.245299400000000000e+07
2.282856900000000000e+07
2.315690700000000000e+07
2.346425000000000000e+07
2.401687800000000000e+07
2.452111600000000000e+07
2.492462100000000000e+07
2.525330900000000000e+07
2.547377000000000000e+07
2.571366000000000000e+07
2.590292000000000000e+07
2.610222000000000000e+07
2.622511600000000000e+07
2.634367600000000000e+07
1.545461800000000000e+07
1.586731700000000000e+07
1.626646100000000000e+07
1.666718800000000000e+07
1.703220200000000000e+07
1.740581500000000000e+07
1.776642400000000000e+07
1.811279700000000000e+07
1.845439000000000000e+07
1.927439400000000000e+07
2.005354000000000000e+07
2.075575100000000000e+07
2.133489100000000000e+07
2.183597000000000000e+07
2.227066700000000000e+07
2.266972300000000000e+07
2.302908500000000000e+07
2.334712600000000000e+07
2.365592100000000000e+07
2.420005500000000000e+07
2.466103000000000000e+07
2.507228700000000000e+07
2.535954000000000000e+07
2.564662800000000000e+07
2.583465600000000000e+07
2.602157100000000000e+07
2.615478800000000000e+07
2.635143300000000000e+07
2.645324300000000000e+07
1.626648900000000000e+07
1.666690500000000000e+07
1.703180800000000000e+07
1.740305600000000000e+07
1.776503800000000000e+07
1.811179900000000000e+07
1.845317800000000000e+07
1.879414200000000000e+07
1.958345200000000000e+07
2.033824100000000000e+07
2.103121400000000000e+07
2.159551400000000000e+07
2.206975900000000000e+07
2.249487600000000000e+07
2.286648900000000000e+07
2.323342600000000000e+07
2.353860300000000000e+07
2.382814200000000000e+07
2.436199500000000000e+07
2.483049100000000000e+07
2.521009100000000000e+07
2.550917400000000000e+07
2.570362000000000000e+07
2.591308900000000000e+07
2.605752600000000000e+07
2.623478800000000000e+07
2.635868400000000000e+07
2.647538500000000000e+07
1.703251800000000000e+07
1.739965300000000000e+07
1.776400600000000000e+07
1.811135400000000000e+07
1.845242800000000000e+07
1.879314400000000000e+07
1.911291900000000000e+07
1.988902600000000000e+07
2.062604000000000000e+07
2.130269900000000000e+07
2.184968100000000000e+07
2.231193400000000000e+07
2.272118600000000000e+07
2.308506400000000000e+07
2.342348300000000000e+07
2.372708200000000000e+07
2.400295400000000000e+07
2.451160500000000000e+07
2.496703600000000000e+07
2.534338200000000000e+07
2.560076900000000000e+07
2.582649500000000000e+07
2.600673600000000000e+07
2.617425500000000000e+07
2.639760300000000000e+07
2.642636600000000000e+07
2.659875600000000000e+07
1.776295200000000000e+07
1.811099200000000000e+07
1.845168200000000000e+07
1.879191000000000000e+07
1.911184100000000000e+07
1.942265500000000000e+07
2.018593900000000000e+07
2.090330900000000000e+07
2.157154200000000000e+07
2.208273900000000000e+07
2.254033400000000000e+07
2.293151100000000000e+07
2.329640800000000000e+07
2.361749700000000000e+07
2.390112400000000000e+07
2.419199400000000000e+07
2.465771500000000000e+07
2.508064400000000000e+07
2.548998100000000000e+07
2.572313700000000000e+07
2.594769400000000000e+07
2.613268000000000000e+07
2.625909300000000000e+07
2.643157700000000000e+07
2.651071500000000000e+07
2.663626100000000000e+07
1.845141300000000000e+07
1.879124500000000000e+07
1.911112900000000000e+07
1.942191800000000000e+07
1.973193100000000000e+07
2.047564000000000000e+07
2.118588700000000000e+07
2.182836100000000000e+07
2.233891400000000000e+07
2.277039700000000000e+07
2.315714000000000000e+07
2.348243400000000000e+07
2.379678500000000000e+07
2.407661300000000000e+07
2.433808300000000000e+07
2.482409800000000000e+07
2.522049300000000000e+07
2.560823900000000000e+07
2.579367100000000000e+07
2.604363800000000000e+07
2.620205600000000000e+07
2.634435500000000000e+07
2.640469000000000000e+07
2.656746600000000000e+07
2.664384000000000000e+07
1.911113200000000000e+07
1.942179500000000000e+07
1.973128700000000000e+07
2.003763500000000000e+07
2.075745200000000000e+07
2.144525000000000000e+07
2.208817100000000000e+07
2.256670100000000000e+07
2.299022100000000000e+07
2.335306400000000000e+07
2.367742600000000000e+07
2.397720400000000000e+07
2.424475100000000000e+07
2.451289000000000000e+07
2.496275000000000000e+07
2.536030800000000000e+07
2.571253000000000000e+07
2.592698900000000000e+07
2.613823900000000000e+07
2.625626300000000000e+07
2.639993800000000000e+07
2.656070200000000000e+07
2.661955200000000000e+07
2.675388400000000000e+07
1.973095500000000000e+07
2.003648300000000000e+07
2.032729800000000000e+07
2.103337900000000000e+07
2.171304800000000000e+07
2.232692900000000000e+07
2.279158200000000000e+07
2.320044900000000000e+07
2.355892000000000000e+07
2.386796300000000000e+07
2.414936300000000000e+07
2.442540400000000000e+07
2.466902900000000000e+07
2.510547100000000000e+07
2.549226900000000000e+07
2.582887200000000000e+07
2.600654400000000000e+07
2.621369000000000000e+07
2.639114400000000000e+07
2.651505100000000000e+07
2.654103300000000000e+07
2.668080800000000000e+07
2.676934000000000000e+07
2.032713400000000000e+07
2.061367800000000000e+07
2.131637000000000000e+07
2.196432700000000000e+07
2.257527700000000000e+07
2.301973300000000000e+07
2.340929700000000000e+07
2.374597200000000000e+07
2.405741000000000000e+07
2.432136100000000000e+07
2.459204500000000000e+07
2.482138600000000000e+07
2.525432300000000000e+07
2.561168900000000000e+07
2.594420100000000000e+07
2.612000200000000000e+07
2.634630400000000000e+07
2.647087100000000000e+07
2.661990700000000000e+07
2.661940400000000000e+07
2.681025000000000000e+07
2.686924000000000000e+07
2.089424000000000000e+07
2.157439900000000000e+07
2.220811900000000000e+07
2.280520300000000000e+07
2.324429800000000000e+07
2.360142800000000000e+07
2.394171300000000000e+07
2.422573700000000000e+07
2.449891100000000000e+07
2.473821200000000000e+07
2.496351600000000000e+07
2.536597700000000000e+07
2.574393100000000000e+07
2.603372200000000000e+07
2.626651100000000000e+07
2.641115200000000000e+07
2.655996900000000000e+07
2.668289000000000000e+07
2.677165000000000000e+07
2.679109400000000000e+07
2.695462900000000000e+07
2.220566900000000000e+07
2.282248800000000000e+07
2.338640000000000000e+07
2.375647300000000000e+07
2.409910600000000000e+07
2.438143500000000000e+07
2.465010700000000000e+07
2.488199600000000000e+07
2.510306600000000000e+07
2.532698400000000000e+07
2.568936900000000000e+07
2.603058900000000000e+07
2.631868100000000000e+07
2.649348900000000000e+07
2.666513500000000000e+07
2.667961600000000000e+07
2.684093300000000000e+07
2.691400000000000000e+07
2.693548700000000000e+07
2.701649000000000000e+07
2.341229400000000000e+07
2.390365900000000000e+07
2.425091400000000000e+07
2.452596900000000000e+07
2.477562500000000000e+07
2.501031200000000000e+07
2.522688200000000000e+07
2.543189500000000000e+07
2.560582000000000000e+07
2.596553300000000000e+07
2.624828700000000000e+07
2.650994300000000000e+07
2.667314800000000000e+07
2.680163800000000000e+07
2.686944600000000000e+07
2.696841800000000000e+07
2.700547600000000000e+07
2.710396400000000000e+07
2.709716700000000000e+07
2.433842800000000000e+07
2.460194200000000000e+07
2.484470800000000000e+07
2.507370000000000000e+07
2.529069500000000000e+07
2.549300600000000000e+07
2.566660900000000000e+07
2.585684100000000000e+07
2.617449400000000000e+07
2.647511100000000000e+07
2.670127300000000000e+07
2.684783300000000000e+07
2.689340300000000000e+07
2.705181300000000000e+07
2.709969700000000000e+07
2.704602900000000000e+07
2.712785400000000000e+07
2.718869000000000000e+07
2.484855400000000000e+07
2.508317700000000000e+07
2.530382500000000000e+07
2.550248300000000000e+07
2.568527500000000000e+07
2.587514100000000000e+07
2.603979700000000000e+07
2.632770900000000000e+07
2.661371600000000000e+07
2.684087500000000000e+07
2.698390100000000000e+07
2.708001300000000000e+07
2.714756200000000000e+07
2.716368800000000000e+07
2.719619900000000000e+07
2.715985800000000000e+07
2.731135000000000000e+07
2.530791600000000000e+07
2.550684000000000000e+07
2.569648500000000000e+07
2.588635100000000000e+07
2.605198400000000000e+07
2.621395000000000000e+07
2.651032300000000000e+07
2.675778400000000000e+07
2.695591700000000000e+07
2.706793600000000000e+07
2.718310100000000000e+07
2.720293900000000000e+07
2.719538100000000000e+07
2.724469400000000000e+07
2.725168300000000000e+07
2.730113300000000000e+07
2.570073600000000000e+07
2.587815500000000000e+07
2.605751000000000000e+07
2.622318300000000000e+07
2.637415900000000000e+07
2.664416200000000000e+07
2.687757500000000000e+07
2.712226000000000000e+07
2.722096300000000000e+07
2.724992100000000000e+07
2.731057600000000000e+07
2.723359000000000000e+07
2.729789700000000000e+07
2.741556900000000000e+07
2.734279700000000000e+07
2.605704900000000000e+07
2.622720400000000000e+07
2.638038600000000000e+07
2.651401900000000000e+07
2.678729100000000000e+07
2.701321700000000000e+07
2.720863400000000000e+07
2.734781200000000000e+07
2.737848800000000000e+07
2.731291900000000000e+07
2.734128900000000000e+07
2.726145900000000000e+07
2.735728500000000000e+07
2.737082700000000000e+07
2.638216200000000000e+07
2.651626700000000000e+07
2.664729100000000000e+07
2.689628400000000000e+07
2.712725600000000000e+07
2.732159100000000000e+07
2.740348600000000000e+07
2.740869100000000000e+07
2.741256500000000000e+07
2.743436500000000000e+07
2.742653900000000000e+07
2.739253200000000000e+07
2.743460400000000000e+07
2.665048600000000000e+07
2.678244300000000000e+07
2.701067200000000000e+07
2.722677100000000000e+07
2.739958100000000000e+07
2.746858700000000000e+07
2.753033600000000000e+07
2.744076100000000000e+07
2.735644500000000000e+07
2.748933400000000000e+07
2.749439400000000000e+07
2.743008100000000000e+07
2.690169500000000000e+07
2.713528000000000000e+07
2.733038700000000000e+07
2.749684800000000000e+07
2.754081700000000000e+07
2.757710800000000000e+07
2.753711800000000000e+07
2.751758200000000000e+07
2.744666000000000000e+07
2.746472300000000000e+07
2.754423100000000000e+07
2.733369500000000000e+07
2.752449600000000000e+07
2.767542400000000000e+07
2.767781000000000000e+07
2.762874200000000000e+07
2.758841300000000000e+07
2.752803000000000000e+07
2.756278900000000000e+07
2.756016600000000000e+07
2.763283200000000000e+07
2.769464400000000000e+07
2.780457200000000000e+07
2.775113000000000000e+07
2.773376400000000000e+07
2.768518500000000000e+07
2.774005600000000000e+07
2.758628500000000000e+07
2.772560000000000000e+07
2.752363000000000000e+07
2.781388100000000000e+07
2.775447200000000000e+07
2.773647900000000000e+07
2.770411300000000000e+07
2.769790900000000000e+07
2.775669700000000000e+07
2.748611800000000000e+07
2.761286500000000000e+07
2.774510900000000000e+07
2.767882900000000000e+07
2.777595100000000000e+07
2.760809000000000000e+07
2.762817100000000000e+07
2.765405000000000000e+07
2.749600500000000000e+07
2.770635500000000000e+07
2.765247600000000000e+07
2.764012600000000000e+07
2.758889900000000000e+07
2.756838600000000000e+07
2.748209100000000000e+07
2.762278200000000000e+07
2.761020200000000000e+07
2.757419800000000000e+07
2.755967300000000000e+07
2.760897200000000000e+07
2.752311300000000000e+07
2.755609400000000000e+07
2.754725700000000000e+07
2.749053500000000000e+07
2.754942000000000000e+07
2.751816500000000000e+07
2.749340200000000000e+07
2.746630400000000000e+07
2.728923400000000000e+07
2.745861800000000000e+07
