4.400187800000000000e+07
4.365622700000000000e+07
4.335019400000000000e+07
4.310537800000000000e+07
4.287914800000000000e+07
4.249896800000000000e+07
4.218607400000000000e+07
4.192108600000000000e+07
4.168405900000000000e+07
4.148783700000000000e+07
4.129437100000000000e+07
4.113218500000000000e+07
4.097183600000000000e+07
4.082605400000000000e+07
4.069306900000000000e+07
4.055679700000000000e+07
4.043842000000000000e+07
4.031509200000000000e+07
4.019573200000000000e+07
4.008404900000000000e+07
3.981437400000000000e+07
3.956027800000000000e+07
3.932311400000000000e+07
3.908311900000000000e+07
3.885660600000000000e+07
3.866098700000000000e+07
3.846286300000000000e+07
3.826905200000000000e+07
3.810448600000000000e+07
3.792816300000000000e+07
3.760959500000000000e+07
3.733212000000000000e+07
3.706779300000000000e+07
3.684347600000000000e+07
3.663544500000000000e+07
3.643850400000000000e+07
3.625042100000000000e+07
3.608265500000000000e+07
3.594042600000000000e+07
3.578629800000000000e+07
4.330182300000000000e+07
4.303989800000000000e+07
4.280433300000000000e+07
4.259996200000000000e+07
4.225573900000000000e+07
4.196547800000000000e+07
4.171894300000000000e+07
4.150711900000000000e+07
4.129974000000000000e+07
4.112177800000000000e+07
4.097302200000000000e+07
4.082313100000000000e+07
4.068789800000000000e+07
4.055216600000000000e+07
4.042429800000000000e+07
4.029824200000000000e+07
4.018744100000000000e+07
4.006770000000000000e+07
3.995934200000000000e+07
3.969772200000000000e+07
3.944156900000000000e+07
3.920479700000000000e+07
3.898061800000000000e+07
3.876629500000000000e+07
3.856773100000000000e+07
3.837746300000000000e+07
3.818764600000000000e+07
3.802292800000000000e+07
3.785081000000000000e+07
3.753711900000000000e+07
3.726449800000000000e+07
3.701547700000000000e+07
3.679133200000000000e+07
3.658128800000000000e+07
3.640652700000000000e+07
3.620807200000000000e+07
3.604087200000000000e+07
3.588638200000000000e+07
3.576222700000000000e+07
4.278048000000000000e+07
4.256386200000000000e+07
4.237054300000000000e+07
4.204878100000000000e+07
4.177912700000000000e+07
4.154178000000000000e+07
4.134421100000000000e+07
4.115304400000000000e+07
4.099253000000000000e+07
4.083335200000000000e+07
4.068918000000000000e+07
4.055821100000000000e+07
4.042350800000000000e+07
4.030744300000000000e+07
4.018684200000000000e+07
4.006859300000000000e+07
3.995830400000000000e+07
3.984230700000000000e+07
3.959033200000000000e+07
3.934464900000000000e+07
3.910804100000000000e+07
3.889071100000000000e+07
3.869100700000000000e+07
3.848495400000000000e+07
3.830027100000000000e+07
3.810585400000000000e+07
3.794596300000000000e+07
3.777899900000000000e+07
3.748535500000000000e+07
3.723014300000000000e+07
3.696568900000000000e+07
3.673658100000000000e+07
3.653664800000000000e+07
3.636004700000000000e+07
3.617087800000000000e+07
3.601959400000000000e+07
3.587140300000000000e+07
3.572920400000000000e+07
4.235449000000000000e+07
4.218139500000000000e+07
4.187293900000000000e+07
4.161652700000000000e+07
4.139930000000000000e+07
4.118857600000000000e+07
4.100928100000000000e+07
4.085997900000000000e+07
4.070986500000000000e+07
4.057524800000000000e+07
4.043860500000000000e+07
4.031241900000000000e+07
4.018878200000000000e+07
4.007883000000000000e+07
3.996131100000000000e+07
3.985498100000000000e+07
3.974426100000000000e+07
3.948791400000000000e+07
3.926185600000000000e+07
3.902027600000000000e+07
3.880153500000000000e+07
3.859900400000000000e+07
3.841600700000000000e+07
3.822105200000000000e+07
3.804551800000000000e+07
3.788766100000000000e+07
3.772526300000000000e+07
3.743264700000000000e+07
3.716766700000000000e+07
3.692399100000000000e+07
3.670133200000000000e+07
3.651198700000000000e+07
3.631224500000000000e+07
3.615080500000000000e+07
3.599040100000000000e+07
3.584260100000000000e+07
3.571656400000000000e+07
4.200437200000000000e+07
4.171252400000000000e+07
4.146293100000000000e+07
4.125709000000000000e+07
4.106137900000000000e+07
4.089824700000000000e+07
4.073707600000000000e+07
4.059236600000000000e+07
4.046133700000000000e+07
4.032690500000000000e+07
4.021187800000000000e+07
4.009270900000000000e+07
3.997491200000000000e+07
3.986539200000000000e+07
3.975165300000000000e+07
3.964831500000000000e+07
3.939513700000000000e+07
3.916189800000000000e+07
3.894439400000000000e+07
3.872523600000000000e+07
3.852958500000000000e+07
3.833499600000000000e+07
3.815382000000000000e+07
3.799102000000000000e+07
3.782169000000000000e+07
3.767386100000000000e+07
3.737418200000000000e+07
3.712846600000000000e+07
3.688420300000000000e+07
3.667422300000000000e+07
3.647062700000000000e+07
3.627997700000000000e+07
3.611782400000000000e+07
3.596144000000000000e+07
3.581090300000000000e+07
3.567283600000000000e+07
4.142386000000000000e+07
4.120292600000000000e+07
4.099817100000000000e+07
4.082915700000000000e+07
4.066397500000000000e+07
4.051707300000000000e+07
4.038478200000000000e+07
4.024970000000000000e+07
4.013506600000000000e+07
4.001678600000000000e+07
3.989903100000000000e+07
3.978957600000000000e+07
3.967788200000000000e+07
3.957530100000000000e+07
3.948643100000000000e+07
3.923720500000000000e+07
3.901168600000000000e+07
3.879205800000000000e+07
3.859193100000000000e+07
3.840077200000000000e+07
3.821750300000000000e+07
3.803835400000000000e+07
3.788155300000000000e+07
3.771845100000000000e+07
3.757745800000000000e+07
3.729628600000000000e+07
3.704737500000000000e+07
3.680904400000000000e+07
3.659795100000000000e+07
3.638408200000000000e+07
3.622751600000000000e+07
3.606728800000000000e+07
3.591040000000000000e+07
3.576318600000000000e+07
3.563751900000000000e+07
4.095767000000000000e+07
4.077839000000000000e+07
4.060703600000000000e+07
4.045638000000000000e+07
4.032214100000000000e+07
4.018528300000000000e+07
4.007055200000000000e+07
3.995265600000000000e+07
3.983400200000000000e+07
3.972419900000000000e+07
3.961543200000000000e+07
3.951359800000000000e+07
3.942663500000000000e+07
3.931714200000000000e+07
3.910002500000000000e+07
3.886766600000000000e+07
3.865752900000000000e+07
3.846037500000000000e+07
3.828690800000000000e+07
3.809749400000000000e+07
3.793055700000000000e+07
3.777815300000000000e+07
3.762334000000000000e+07
3.748611900000000000e+07
3.720943400000000000e+07
3.697274900000000000e+07
3.674006900000000000e+07
3.654208600000000000e+07
3.635044900000000000e+07
3.616814600000000000e+07
3.600243100000000000e+07
3.585025400000000000e+07
3.572019000000000000e+07
3.560450800000000000e+07
4.056406500000000000e+07
4.040761000000000000e+07
4.027018700000000000e+07
4.013078200000000000e+07
4.001593900000000000e+07
3.989722200000000000e+07
3.977788000000000000e+07
3.966894300000000000e+07
3.956106700000000000e+07
3.946052200000000000e+07
3.937399700000000000e+07
3.926531300000000000e+07
3.918438700000000000e+07
3.896179600000000000e+07
3.874076700000000000e+07
3.853528100000000000e+07
3.835495300000000000e+07
3.816906300000000000e+07
3.799829800000000000e+07
3.784551600000000000e+07
3.768294800000000000e+07
3.753986500000000000e+07
3.738931200000000000e+07
3.713219400000000000e+07
3.689073800000000000e+07
3.668092400000000000e+07
3.648812100000000000e+07
3.630364800000000000e+07
3.612591800000000000e+07
3.596588900000000000e+07
3.583142700000000000e+07
3.568509100000000000e+07
3.557153400000000000e+07
4.022756600000000000e+07
4.008441700000000000e+07
3.996745600000000000e+07
3.984859600000000000e+07
3.972860000000000000e+07
3.962012100000000000e+07
3.951281400000000000e+07
3.941349300000000000e+07
3.932737200000000000e+07
3.921942000000000000e+07
3.913955300000000000e+07
3.904516900000000000e+07
3.882350000000000000e+07
3.861821100000000000e+07
3.843747600000000000e+07
3.824514500000000000e+07
3.807211800000000000e+07
3.789291000000000000e+07
3.774481300000000000e+07
3.758781200000000000e+07
3.743896900000000000e+07
3.731354600000000000e+07
3.707929600000000000e+07
3.682913500000000000e+07
3.661146100000000000e+07
3.642037700000000000e+07
3.625411800000000000e+07
3.607423100000000000e+07
3.593356700000000000e+07
3.578820900000000000e+07
3.565343600000000000e+07
3.552677500000000000e+07
3.992651800000000000e+07
3.980544600000000000e+07
3.968493700000000000e+07
3.957659100000000000e+07
3.946980500000000000e+07
3.937142300000000000e+07
3.928540500000000000e+07
3.917880800000000000e+07
3.909961400000000000e+07
3.900606700000000000e+07
3.891358500000000000e+07
3.870547200000000000e+07
3.850100300000000000e+07
3.832445600000000000e+07
3.813764800000000000e+07
3.797115200000000000e+07
3.781789500000000000e+07
3.765896900000000000e+07
3.751803000000000000e+07
3.737230900000000000e+07
3.723665300000000000e+07
3.700778200000000000e+07
3.677250000000000000e+07
3.657219500000000000e+07
3.637994000000000000e+07
3.619674300000000000e+07
3.604000900000000000e+07
3.589032000000000000e+07
3.574429600000000000e+07
3.561112800000000000e+07
3.547978000000000000e+07
3.964627000000000000e+07
3.953762700000000000e+07
3.943090400000000000e+07
3.933370900000000000e+07
3.924741400000000000e+07
3.914203300000000000e+07
3.906325500000000000e+07
3.897062300000000000e+07
3.887922200000000000e+07
3.879842500000000000e+07
3.859083500000000000e+07
3.840417700000000000e+07
3.822471100000000000e+07
3.804968800000000000e+07
3.788507700000000000e+07
3.773677400000000000e+07
3.758383100000000000e+07
3.745270500000000000e+07
3.729659700000000000e+07
3.718216700000000000e+07
3.694589600000000000e+07
3.671986500000000000e+07
3.651195300000000000e+07
3.630752600000000000e+07
3.615677500000000000e+07
3.600514300000000000e+07
3.585000000000000000e+07
3.570918400000000000e+07
3.558280600000000000e+07
3.546829200000000000e+07
3.939577200000000000e+07
3.929856800000000000e+07
3.921270500000000000e+07
3.910794500000000000e+07
3.902994600000000000e+07
3.893804900000000000e+07
3.884793300000000000e+07
3.876748900000000000e+07
3.868209600000000000e+07
3.848794200000000000e+07
3.829660100000000000e+07
3.813633700000000000e+07
3.795836800000000000e+07
3.780046600000000000e+07
3.765461100000000000e+07
3.750947100000000000e+07
3.737650600000000000e+07
3.724086400000000000e+07
3.711392900000000000e+07
3.688648400000000000e+07
3.666309900000000000e+07
3.646964700000000000e+07
3.628748900000000000e+07
3.610945000000000000e+07
3.594868000000000000e+07
3.579870000000000000e+07
3.567166000000000000e+07
3.555896200000000000e+07
3.544658500000000000e+07
3.918071600000000000e+07
3.907647200000000000e+07
3.899924400000000000e+07
3.890798900000000000e+07
3.881902200000000000e+07
3.873868900000000000e+07
3.865416400000000000e+07
3.857905000000000000e+07
3.838367500000000000e+07
3.821503200000000000e+07
3.803577400000000000e+07
3.787870900000000000e+07
3.773101800000000000e+07
3.757591900000000000e+07
3.743692500000000000e+07
3.729503200000000000e+07
3.717534700000000000e+07
3.704920500000000000e+07
3.681670500000000000e+07
3.661160000000000000e+07
3.642754700000000000e+07
3.624744100000000000e+07
3.607669700000000000e+07
3.591786100000000000e+07
3.578720600000000000e+07
3.564498600000000000e+07
3.553385000000000000e+07
3.539891100000000000e+07
3.897067200000000000e+07
3.887995700000000000e+07
3.879192200000000000e+07
3.871180500000000000e+07
3.862805600000000000e+07
3.855414400000000000e+07
3.847206800000000000e+07
3.830170000000000000e+07
3.812230000000000000e+07
3.795699500000000000e+07
3.778718900000000000e+07
3.764524200000000000e+07
3.749381600000000000e+07
3.735229000000000000e+07
3.722919300000000000e+07
3.711940200000000000e+07
3.700647000000000000e+07
3.676440500000000000e+07
3.655247200000000000e+07
3.636398400000000000e+07
3.620502200000000000e+07
3.602780400000000000e+07
3.589251100000000000e+07
3.574797900000000000e+07
3.562002900000000000e+07
3.549259300000000000e+07
3.538711800000000000e+07
3.876674900000000000e+07
3.868642100000000000e+07
3.860331700000000000e+07
3.853085600000000000e+07
3.844901900000000000e+07
3.837117500000000000e+07
3.820788000000000000e+07
3.802527800000000000e+07
3.787005500000000000e+07
3.772210900000000000e+07
3.757067900000000000e+07
3.743389100000000000e+07
3.729490300000000000e+07
3.716271400000000000e+07
3.704815900000000000e+07
3.694168600000000000e+07
3.671361100000000000e+07
3.651884700000000000e+07
3.633375700000000000e+07
3.615445000000000000e+07
3.599873200000000000e+07
3.585248400000000000e+07
3.571134300000000000e+07
3.557817000000000000e+07
3.544989800000000000e+07
3.535173200000000000e+07
3.857988800000000000e+07
3.850872900000000000e+07
3.842710300000000000e+07
3.834985100000000000e+07
3.828723500000000000e+07
3.811609400000000000e+07
3.794892600000000000e+07
3.779392300000000000e+07
3.765114400000000000e+07
3.750677300000000000e+07
3.738005300000000000e+07
3.722793200000000000e+07
3.711674100000000000e+07
3.698380600000000000e+07
3.688906800000000000e+07
3.666923600000000000e+07
3.646383800000000000e+07
3.626822500000000000e+07
3.611740700000000000e+07
3.596859400000000000e+07
3.581490600000000000e+07
3.567959400000000000e+07
3.555193800000000000e+07
3.543946400000000000e+07
3.532856400000000000e+07
3.840642700000000000e+07
3.832958700000000000e+07
3.826733800000000000e+07
3.818900700000000000e+07
3.803857700000000000e+07
3.787034900000000000e+07
3.771868600000000000e+07
3.757685200000000000e+07
3.743904200000000000e+07
3.730834200000000000e+07
3.717956800000000000e+07
3.705505300000000000e+07
3.693869800000000000e+07
3.683408900000000000e+07
3.661654500000000000e+07
3.642699400000000000e+07
3.624962300000000000e+07
3.607355900000000000e+07
3.591673000000000000e+07
3.576949300000000000e+07
3.564260600000000000e+07
3.553181800000000000e+07
3.542138500000000000e+07
3.529760900000000000e+07
3.824826500000000000e+07
3.817056600000000000e+07
3.811888300000000000e+07
3.794579200000000000e+07
3.779820100000000000e+07
3.765582700000000000e+07
3.750402000000000000e+07
3.736896800000000000e+07
3.723365300000000000e+07
3.711923300000000000e+07
3.699534600000000000e+07
3.687781000000000000e+07
3.677069500000000000e+07
3.656747100000000000e+07
3.638854800000000000e+07
3.621206100000000000e+07
3.604615800000000000e+07
3.588666900000000000e+07
3.575936600000000000e+07
3.562010100000000000e+07
3.550964400000000000e+07
3.537650700000000000e+07
3.527358600000000000e+07
3.810174800000000000e+07
3.803345300000000000e+07
3.787481900000000000e+07
3.771198200000000000e+07
3.757526800000000000e+07
3.743034300000000000e+07
3.729243400000000000e+07
3.717230900000000000e+07
3.706703400000000000e+07
3.695610300000000000e+07
3.681741500000000000e+07
3.672150100000000000e+07
3.651339000000000000e+07
3.632485500000000000e+07
3.617242600000000000e+07
3.599810500000000000e+07
3.586473100000000000e+07
3.572117100000000000e+07
3.559781100000000000e+07
3.547019200000000000e+07
3.536432600000000000e+07
3.524470400000000000e+07
3.794291800000000000e+07
3.779490100000000000e+07
3.765137600000000000e+07
3.750494600000000000e+07
3.737435300000000000e+07
3.724035200000000000e+07
3.710999600000000000e+07
3.699896900000000000e+07
3.689292500000000000e+07
3.677179000000000000e+07
3.667137000000000000e+07
3.648041400000000000e+07
3.630094900000000000e+07
3.612556800000000000e+07
3.597053400000000000e+07
3.582655900000000000e+07
3.568943700000000000e+07
3.555622700000000000e+07
3.543171400000000000e+07
3.533232700000000000e+07
3.523657500000000000e+07
3.762008600000000000e+07
3.747596100000000000e+07
3.734830000000000000e+07
3.721663300000000000e+07
3.708669500000000000e+07
3.697774800000000000e+07
3.687148800000000000e+07
3.675205700000000000e+07
3.665409100000000000e+07
3.654949500000000000e+07
3.636939100000000000e+07
3.619946600000000000e+07
3.603318000000000000e+07
3.588727500000000000e+07
3.575197400000000000e+07
3.560565700000000000e+07
3.549322200000000000e+07
3.536114700000000000e+07
3.525487100000000000e+07
3.516840700000000000e+07
3.732263500000000000e+07
3.719366100000000000e+07
3.706435700000000000e+07
3.695712800000000000e+07
3.685141800000000000e+07
3.673329300000000000e+07
3.663777500000000000e+07
3.653502400000000000e+07
3.644860400000000000e+07
3.627175200000000000e+07
3.610237200000000000e+07
3.594720700000000000e+07
3.580507800000000000e+07
3.567189000000000000e+07
3.553898600000000000e+07
3.541695700000000000e+07
3.531552200000000000e+07
3.522106900000000000e+07
3.511659000000000000e+07
3.704219500000000000e+07
3.693692700000000000e+07
3.683166100000000000e+07
3.671546700000000000e+07
3.662181800000000000e+07
3.652052200000000000e+07
3.643403500000000000e+07
3.634257200000000000e+07
3.617614700000000000e+07
3.600989300000000000e+07
3.586674200000000000e+07
3.573485200000000000e+07
3.558765700000000000e+07
3.547793300000000000e+07
3.534536900000000000e+07
3.524029700000000000e+07
3.515639600000000000e+07
3.505833100000000000e+07
3.681254200000000000e+07
3.669746000000000000e+07
3.660607000000000000e+07
3.650671300000000000e+07
3.641971100000000000e+07
3.632988800000000000e+07
3.624418600000000000e+07
3.608162400000000000e+07
3.592610300000000000e+07
3.578423400000000000e+07
3.565550600000000000e+07
3.552334800000000000e+07
3.540361900000000000e+07
3.529958500000000000e+07
3.520672400000000000e+07
3.510217000000000000e+07
3.501706600000000000e+07
3.658998500000000000e+07
3.649290300000000000e+07
3.640522900000000000e+07
3.631700800000000000e+07
3.623024200000000000e+07
3.615240500000000000e+07
3.598716600000000000e+07
3.584681200000000000e+07
3.571910100000000000e+07
3.557102300000000000e+07
3.546435300000000000e+07
3.533142300000000000e+07
3.522613200000000000e+07
3.514460200000000000e+07
3.504865800000000000e+07
3.494254000000000000e+07
3.639090200000000000e+07
3.630389200000000000e+07
3.621622600000000000e+07
3.614094700000000000e+07
3.606084600000000000e+07
3.590573100000000000e+07
3.576446500000000000e+07
3.563859200000000000e+07
3.550859100000000000e+07
3.539096900000000000e+07
3.528392500000000000e+07
3.519322100000000000e+07
3.508906900000000000e+07
3.500666000000000000e+07
3.490436800000000000e+07
3.620212700000000000e+07
3.612940500000000000e+07
3.605014800000000000e+07
3.596412500000000000e+07
3.582729600000000000e+07
3.570380900000000000e+07
3.555436900000000000e+07
3.545129300000000000e+07
3.532037800000000000e+07
3.521234700000000000e+07
3.513247100000000000e+07
3.503939000000000000e+07
3.493058500000000000e+07
3.485627000000000000e+07
3.603890400000000000e+07
3.595231200000000000e+07
3.588554400000000000e+07
3.574410700000000000e+07
3.562207100000000000e+07
3.549261000000000000e+07
3.537792100000000000e+07
3.526973800000000000e+07
3.517870500000000000e+07
3.507532200000000000e+07
3.499679400000000000e+07
3.489361700000000000e+07
3.483074600000000000e+07
3.587516200000000000e+07
3.580663400000000000e+07
3.568602800000000000e+07
3.553816700000000000e+07
3.543834000000000000e+07
3.530836200000000000e+07
3.519876500000000000e+07
3.512041200000000000e+07
3.502956300000000000e+07
3.491957900000000000e+07
3.484282900000000000e+07
3.477620700000000000e+07
3.572440000000000000e+07
3.560508500000000000e+07
3.547875800000000000e+07
3.536453800000000000e+07
3.525643500000000000e+07
3.516309500000000000e+07
3.506121800000000000e+07
3.498603800000000000e+07
3.488273400000000000e+07
3.481840600000000000e+07
3.471364900000000000e+07
3.546339000000000000e+07
3.535079200000000000e+07
3.524184800000000000e+07
3.514735100000000000e+07
3.504737100000000000e+07
3.497406700000000000e+07
3.487127200000000000e+07
3.480649700000000000e+07
3.470443500000000000e+07
3.464370800000000000e+07
3.522592500000000000e+07
3.513093100000000000e+07
3.503382700000000000e+07
3.496064900000000000e+07
3.485922400000000000e+07
3.479438200000000000e+07
3.469595300000000000e+07
3.463313500000000000e+07
3.455750300000000000e+07
3.501996400000000000e+07
3.494640700000000000e+07
3.484716100000000000e+07
3.478241600000000000e+07
3.468747500000000000e+07
3.462160600000000000e+07
3.454790200000000000e+07
3.449666500000000000e+07
3.483471800000000000e+07
3.477013600000000000e+07
3.467913500000000000e+07
3.460977900000000000e+07
3.453682700000000000e+07
3.448664600000000000e+07
3.442676300000000000e+07
3.466924000000000000e+07
3.459824400000000000e+07
3.452609800000000000e+07
3.447639000000000000e+07
3.441635500000000000e+07
3.434665600000000000e+07
3.451657100000000000e+07
3.446587100000000000e+07
3.440547200000000000e+07
3.433776800000000000e+07
3.428786200000000000e+07
3.439411900000000000e+07
3.432910800000000000e+07
3.427778700000000000e+07
3.422168300000000000e+07
3.426658700000000000e+07
3.421265500000000000e+07
3.415165200000000000e+07
3.414405200000000000e+07
3.409576000000000000e+07
3.404724100000000000e+07
