2.659937000000000000e+06
3.063889000000000000e+06
3.404394000000000000e+06
3.726002000000000000e+06
4.028439000000000000e+06
4.574494000000000000e+06
5.082541000000000000e+06
5.560817000000000000e+06
6.015792000000000000e+06
6.438240000000000000e+06
6.852703000000000000e+06
7.233488000000000000e+06
7.617821000000000000e+06
7.980859000000000000e+06
8.330135000000000000e+06
8.689265000000000000e+06
9.011554000000000000e+06
9.318174000000000000e+06
9.630211000000000000e+06
9.934567000000000000e+06
1.062893900000000000e+07
1.129596000000000000e+07
1.193525000000000000e+07
1.252550900000000000e+07
1.307526200000000000e+07
1.358485600000000000e+07
1.408537300000000000e+07
1.451693900000000000e+07
1.495601500000000000e+07
1.535309400000000000e+07
3.428595000000000000e+06
3.762423000000000000e+06
4.072016000000000000e+06
4.357747000000000000e+06
4.885648000000000000e+06
5.379895000000000000e+06
5.838545000000000000e+06
6.275203000000000000e+06
6.690630000000000000e+06
7.087788000000000000e+06
7.474048000000000000e+06
7.834767000000000000e+06
8.189081000000000000e+06
8.534342000000000000e+06
8.870173000000000000e+06
9.194853000000000000e+06
9.502312000000000000e+06
9.799992000000000000e+06
1.010030100000000000e+07
1.082007100000000000e+07
1.145615400000000000e+07
1.206709300000000000e+07
1.263744500000000000e+07
1.318409800000000000e+07
1.368694200000000000e+07
1.415415100000000000e+07
1.462245200000000000e+07
1.503946400000000000e+07
1.545048100000000000e+07
4.084560000000000000e+06
4.377583000000000000e+06
4.649727000000000000e+06
5.162500000000000000e+06
5.639479000000000000e+06
6.092760000000000000e+06
6.512075000000000000e+06
6.923823000000000000e+06
7.303161000000000000e+06
7.683371000000000000e+06
8.042978000000000000e+06
8.388487000000000000e+06
8.743055000000000000e+06
9.065562000000000000e+06
9.366998000000000000e+06
9.678024000000000000e+06
9.978392000000000000e+06
1.027978600000000000e+07
1.095427800000000000e+07
1.161365400000000000e+07
1.220027600000000000e+07
1.275119200000000000e+07
1.329862700000000000e+07
1.379189500000000000e+07
1.426422300000000000e+07
1.472662100000000000e+07
1.512733200000000000e+07
1.552887500000000000e+07
4.657557000000000000e+06
4.925951000000000000e+06
5.426856000000000000e+06
5.889262000000000000e+06
6.326469000000000000e+06
6.738528000000000000e+06
7.138032000000000000e+06
7.521192000000000000e+06
7.880691000000000000e+06
8.232930000000000000e+06
8.574716000000000000e+06
8.909051000000000000e+06
9.232249000000000000e+06
9.538913000000000000e+06
9.832150000000000000e+06
1.012982600000000000e+07
1.042554600000000000e+07
1.109787000000000000e+07
1.173219400000000000e+07
1.232166300000000000e+07
1.287709500000000000e+07
1.338672300000000000e+07
1.388270000000000000e+07
1.436995700000000000e+07
1.478317900000000000e+07
1.520320600000000000e+07
1.560509400000000000e+07
5.183999000000000000e+06
5.669003000000000000e+06
6.126244000000000000e+06
6.547230000000000000e+06
6.958693000000000000e+06
7.339202000000000000e+06
7.717750000000000000e+06
8.075333000000000000e+06
8.418701000000000000e+06
8.768696000000000000e+06
9.092448000000000000e+06
9.391130000000000000e+06
9.701001000000000000e+06
9.998176000000000000e+06
1.029735500000000000e+07
1.057157000000000000e+07
1.122464300000000000e+07
1.185920300000000000e+07
1.244314700000000000e+07
1.299107400000000000e+07
1.349640200000000000e+07
1.399493100000000000e+07
1.444752300000000000e+07
1.486828800000000000e+07
1.528854100000000000e+07
1.568108600000000000e+07
6.135702000000000000e+06
6.562305000000000000e+06
6.975832000000000000e+06
7.358975000000000000e+06
7.736693000000000000e+06
8.093715000000000000e+06
8.436106000000000000e+06
8.782896000000000000e+06
9.107564000000000000e+06
9.404805000000000000e+06
9.713064000000000000e+06
1.000793900000000000e+07
1.030502900000000000e+07
1.057902500000000000e+07
1.085659300000000000e+07
1.148284700000000000e+07
1.209010400000000000e+07
1.265513200000000000e+07
1.319747900000000000e+07
1.369495900000000000e+07
1.416394800000000000e+07
1.462222000000000000e+07
1.503276200000000000e+07
1.545075500000000000e+07
1.583290700000000000e+07
6.980672000000000000e+06
7.368091000000000000e+06
7.746383000000000000e+06
8.103695000000000000e+06
8.446100000000000000e+06
8.789852000000000000e+06
9.116082000000000000e+06
9.412339000000000000e+06
9.719734000000000000e+06
1.001284000000000000e+07
1.030751600000000000e+07
1.058086900000000000e+07
1.085823500000000000e+07
1.111141900000000000e+07
1.173849800000000000e+07
1.232514300000000000e+07
1.287496700000000000e+07
1.338334700000000000e+07
1.387678000000000000e+07
1.436040800000000000e+07
1.477549400000000000e+07
1.519443800000000000e+07
1.559605300000000000e+07
1.595995900000000000e+07
7.749371000000000000e+06
8.108152000000000000e+06
8.451087000000000000e+06
8.792526000000000000e+06
9.121216000000000000e+06
9.416973000000000000e+06
9.723620000000000000e+06
1.001476800000000000e+07
1.030712200000000000e+07
1.058079000000000000e+07
1.085764100000000000e+07
1.111113800000000000e+07
1.135275300000000000e+07
1.197264000000000000e+07
1.255363700000000000e+07
1.308940900000000000e+07
1.359366900000000000e+07
1.408112900000000000e+07
1.451527200000000000e+07
1.494847200000000000e+07
1.536186800000000000e+07
1.573262300000000000e+07
1.610433100000000000e+07
8.452575000000000000e+06
8.792569000000000000e+06
9.123679000000000000e+06
9.420215000000000000e+06
9.722162000000000000e+06
1.001505400000000000e+07
1.030504000000000000e+07
1.058054700000000000e+07
1.085661200000000000e+07
1.111058500000000000e+07
1.135246700000000000e+07
1.161731600000000000e+07
1.220675800000000000e+07
1.276067500000000000e+07
1.329092300000000000e+07
1.378019500000000000e+07
1.424494200000000000e+07
1.470458700000000000e+07
1.510246400000000000e+07
1.551166500000000000e+07
1.587064100000000000e+07
1.624235700000000000e+07
9.124624000000000000e+06
9.421256000000000000e+06
9.722151000000000000e+06
1.001480000000000000e+07
1.030184200000000000e+07
1.057997400000000000e+07
1.085510400000000000e+07
1.111115500000000000e+07
1.135153700000000000e+07
1.161298400000000000e+07
1.185180200000000000e+07
1.243135700000000000e+07
1.297635800000000000e+07
1.348043200000000000e+07
1.397759500000000000e+07
1.442513700000000000e+07
1.483700900000000000e+07
1.526602100000000000e+07
1.565396000000000000e+07
1.603083500000000000e+07
1.637548700000000000e+07
9.721676000000000000e+06
1.001430800000000000e+07
1.029885300000000000e+07
1.057891800000000000e+07
1.085340500000000000e+07
1.111060200000000000e+07
1.135097600000000000e+07
1.160878100000000000e+07
1.184863200000000000e+07
1.208273000000000000e+07
1.263898900000000000e+07
1.317948800000000000e+07
1.367440000000000000e+07
1.414062000000000000e+07
1.458509900000000000e+07
1.499503100000000000e+07
1.542120300000000000e+07
1.580197200000000000e+07
1.615262500000000000e+07
1.649717400000000000e+07
1.029668200000000000e+07
1.057833000000000000e+07
1.085227900000000000e+07
1.111012800000000000e+07
1.135093300000000000e+07
1.160523300000000000e+07
1.184593000000000000e+07
1.208093000000000000e+07
1.230862000000000000e+07
1.285864400000000000e+07
1.336228900000000000e+07
1.385481500000000000e+07
1.432728000000000000e+07
1.475047700000000000e+07
1.516805600000000000e+07
1.556479700000000000e+07
1.593716100000000000e+07
1.628746600000000000e+07
1.664248100000000000e+07
1.085163000000000000e+07
1.111040900000000000e+07
1.135139300000000000e+07
1.160218600000000000e+07
1.184380000000000000e+07
1.207949100000000000e+07
1.230714100000000000e+07
1.253010900000000000e+07
1.306273600000000000e+07
1.357005800000000000e+07
1.404776600000000000e+07
1.448838400000000000e+07
1.492260100000000000e+07
1.533291900000000000e+07
1.570364800000000000e+07
1.607660000000000000e+07
1.642434400000000000e+07
1.675328100000000000e+07
1.135252600000000000e+07
1.159977300000000000e+07
1.184215600000000000e+07
1.207888500000000000e+07
1.230641500000000000e+07
1.252770800000000000e+07
1.274840400000000000e+07
1.326768300000000000e+07
1.375551200000000000e+07
1.422260100000000000e+07
1.467278700000000000e+07
1.507279300000000000e+07
1.548184600000000000e+07
1.584470600000000000e+07
1.621500400000000000e+07
1.656089300000000000e+07
1.689142000000000000e+07
1.184124300000000000e+07
1.207874900000000000e+07
1.230627100000000000e+07
1.252573100000000000e+07
1.274761300000000000e+07
1.295977800000000000e+07
1.345739700000000000e+07
1.395287600000000000e+07
1.440254600000000000e+07
1.481027300000000000e+07
1.523977400000000000e+07
1.563369600000000000e+07
1.600175100000000000e+07
1.634817900000000000e+07
1.667875600000000000e+07
1.699878100000000000e+07
1.230701800000000000e+07
1.252462600000000000e+07
1.274662800000000000e+07
1.295813200000000000e+07
1.316100200000000000e+07
1.365802300000000000e+07
1.412476000000000000e+07
1.455918700000000000e+07
1.496851000000000000e+07
1.539477300000000000e+07
1.577860100000000000e+07
1.612622900000000000e+07
1.647364500000000000e+07
1.680796300000000000e+07
1.712926100000000000e+07
1.274560100000000000e+07
1.295448300000000000e+07
1.315994500000000000e+07
1.335345000000000000e+07
1.384368400000000000e+07
1.430529200000000000e+07
1.473163300000000000e+07
1.514740200000000000e+07
1.554716500000000000e+07
1.591815900000000000e+07
1.626437800000000000e+07
1.661471800000000000e+07
1.693910900000000000e+07
1.724879700000000000e+07
1.315951600000000000e+07
1.335279900000000000e+07
1.355567700000000000e+07
1.403826800000000000e+07
1.447570400000000000e+07
1.490825000000000000e+07
1.530420000000000000e+07
1.568238100000000000e+07
1.605504600000000000e+07
1.640118700000000000e+07
1.672887200000000000e+07
1.706761800000000000e+07
1.736611700000000000e+07
1.355550500000000000e+07
1.374329500000000000e+07
1.421464400000000000e+07
1.465555300000000000e+07
1.505802800000000000e+07
1.545906800000000000e+07
1.582710100000000000e+07
1.619542300000000000e+07
1.654803300000000000e+07
1.687086800000000000e+07
1.718506100000000000e+07
1.748455500000000000e+07
1.394821800000000000e+07
1.438908900000000000e+07
1.479963400000000000e+07
1.522686200000000000e+07
1.561926700000000000e+07
1.597088300000000000e+07
1.632625100000000000e+07
1.666260000000000000e+07
1.698205500000000000e+07
1.728825100000000000e+07
1.757626500000000000e+07
1.479903700000000000e+07
1.522441500000000000e+07
1.561384100000000000e+07
1.596556100000000000e+07
1.631834500000000000e+07
1.665848000000000000e+07
1.697969200000000000e+07
1.728313900000000000e+07
1.756933200000000000e+07
1.788103500000000000e+07
1.561196600000000000e+07
1.596307300000000000e+07
1.631300700000000000e+07
1.665675600000000000e+07
1.696834300000000000e+07
1.727997100000000000e+07
1.756425900000000000e+07
1.786706000000000000e+07
1.810759900000000000e+07
1.631036700000000000e+07
1.666645000000000000e+07
1.696639600000000000e+07
1.727801300000000000e+07
1.756100900000000000e+07
1.786310900000000000e+07
1.810531500000000000e+07
1.838479600000000000e+07
1.696576200000000000e+07
1.727796700000000000e+07
1.756003500000000000e+07
1.785546200000000000e+07
1.810401600000000000e+07
1.838103500000000000e+07
1.863886800000000000e+07
1.756049700000000000e+07
1.785072000000000000e+07
1.811761800000000000e+07
1.837899000000000000e+07
1.863515000000000000e+07
1.886028400000000000e+07
1.811803700000000000e+07
1.836561800000000000e+07
1.863278100000000000e+07
1.885734700000000000e+07
1.909424300000000000e+07
1.863352600000000000e+07
1.885609300000000000e+07
1.909151000000000000e+07
1.931329700000000000e+07
1.908907500000000000e+07
1.931324200000000000e+07
1.954595800000000000e+07
1.954593300000000000e+07
1.974706800000000000e+07
1.993830300000000000e+07
