3.009384100000000000e+07
2.989546100000000000e+07
2.972438300000000000e+07
2.956364500000000000e+07
2.941985300000000000e+07
2.915747400000000000e+07
2.892596300000000000e+07
2.871552400000000000e+07
2.852169900000000000e+07
2.834505200000000000e+07
2.817124500000000000e+07
2.800667100000000000e+07
2.785870300000000000e+07
2.769915500000000000e+07
2.754669200000000000e+07
2.739940600000000000e+07
2.724878700000000000e+07
2.711139200000000000e+07
2.697586500000000000e+07
2.683436000000000000e+07
2.651065500000000000e+07
2.619857900000000000e+07
2.589375400000000000e+07
2.559010900000000000e+07
2.531159900000000000e+07
2.506313100000000000e+07
2.480862400000000000e+07
2.458164800000000000e+07
2.436085900000000000e+07
2.416072900000000000e+07
2.971076200000000000e+07
2.954261600000000000e+07
2.939400500000000000e+07
2.925010500000000000e+07
2.900625100000000000e+07
2.877605300000000000e+07
2.858062900000000000e+07
2.839125300000000000e+07
2.821049000000000000e+07
2.804655000000000000e+07
2.788574700000000000e+07
2.773103000000000000e+07
2.757695700000000000e+07
2.742484000000000000e+07
2.728854800000000000e+07
2.714840800000000000e+07
2.700971700000000000e+07
2.687151700000000000e+07
2.673781200000000000e+07
2.640151300000000000e+07
2.610588600000000000e+07
2.579740000000000000e+07
2.551284400000000000e+07
2.524623800000000000e+07
2.497647600000000000e+07
2.475251100000000000e+07
2.451906500000000000e+07
2.430587500000000000e+07
2.410385400000000000e+07
2.938392000000000000e+07
2.923453400000000000e+07
2.910524000000000000e+07
2.886515600000000000e+07
2.865000600000000000e+07
2.845230300000000000e+07
2.827304200000000000e+07
2.809774500000000000e+07
2.793090300000000000e+07
2.778262400000000000e+07
2.762202500000000000e+07
2.746936800000000000e+07
2.732263200000000000e+07
2.717315800000000000e+07
2.703694100000000000e+07
2.690228800000000000e+07
2.676219300000000000e+07
2.662003400000000000e+07
2.630952800000000000e+07
2.601072600000000000e+07
2.570712000000000000e+07
2.544205800000000000e+07
2.515789900000000000e+07
2.492063400000000000e+07
2.467683300000000000e+07
2.443824700000000000e+07
2.423872600000000000e+07
2.402487100000000000e+07
2.909387400000000000e+07
2.896761000000000000e+07
2.872769500000000000e+07
2.852450200000000000e+07
2.833025400000000000e+07
2.814702800000000000e+07
2.797947800000000000e+07
2.781799200000000000e+07
2.766182400000000000e+07
2.750748300000000000e+07
2.735642900000000000e+07
2.722029700000000000e+07
2.708044500000000000e+07
2.694244000000000000e+07
2.680597800000000000e+07
2.667419300000000000e+07
2.653121600000000000e+07
2.622202800000000000e+07
2.591800500000000000e+07
2.563024500000000000e+07
2.533731600000000000e+07
2.509850600000000000e+07
2.484288700000000000e+07
2.461141900000000000e+07
2.439924200000000000e+07
2.416657500000000000e+07
2.396601900000000000e+07
2.883164600000000000e+07
2.860589000000000000e+07
2.840084400000000000e+07
2.821649100000000000e+07
2.803878200000000000e+07
2.786880800000000000e+07
2.771943900000000000e+07
2.755815400000000000e+07
2.740527000000000000e+07
2.725938900000000000e+07
2.711126800000000000e+07
2.697534400000000000e+07
2.684255600000000000e+07
2.670380300000000000e+07
2.656339800000000000e+07
2.644985200000000000e+07
2.613193100000000000e+07
2.583366800000000000e+07
2.554899500000000000e+07
2.527956100000000000e+07
2.501957900000000000e+07
2.476877500000000000e+07
2.454102000000000000e+07
2.432971500000000000e+07
2.411019600000000000e+07
2.392561300000000000e+07
2.835991400000000000e+07
2.816798100000000000e+07
2.798666700000000000e+07
2.781322000000000000e+07
2.766284600000000000e+07
2.750064800000000000e+07
2.734763600000000000e+07
2.720276000000000000e+07
2.705544700000000000e+07
2.692039500000000000e+07
2.678964600000000000e+07
2.665216300000000000e+07
2.651343200000000000e+07
2.640118300000000000e+07
2.626591000000000000e+07
2.598155000000000000e+07
2.567365700000000000e+07
2.540047900000000000e+07
2.513942700000000000e+07
2.487528200000000000e+07
2.465314600000000000e+07
2.443066600000000000e+07
2.422582100000000000e+07
2.402439100000000000e+07
2.379994800000000000e+07
2.793974600000000000e+07
2.776217000000000000e+07
2.761007200000000000e+07
2.744699400000000000e+07
2.729404600000000000e+07
2.715058000000000000e+07
2.700336400000000000e+07
2.686952700000000000e+07
2.674054000000000000e+07
2.660453400000000000e+07
2.646773800000000000e+07
2.635701300000000000e+07
2.622261200000000000e+07
2.610489300000000000e+07
2.581079300000000000e+07
2.552852500000000000e+07
2.524239600000000000e+07
2.500912200000000000e+07
2.475823000000000000e+07
2.453437600000000000e+07
2.432545900000000000e+07
2.409615900000000000e+07
2.389876900000000000e+07
2.371671500000000000e+07
2.756043200000000000e+07
2.739598300000000000e+07
2.724296400000000000e+07
2.710123800000000000e+07
2.695330500000000000e+07
2.682153100000000000e+07
2.669390100000000000e+07
2.655976500000000000e+07
2.642486900000000000e+07
2.631525100000000000e+07
2.618244600000000000e+07
2.606480100000000000e+07
2.595441500000000000e+07
2.566586200000000000e+07
2.537264600000000000e+07
2.511485500000000000e+07
2.487486100000000000e+07
2.462640700000000000e+07
2.441119300000000000e+07
2.420247900000000000e+07
2.400629800000000000e+07
2.381417200000000000e+07
2.361692800000000000e+07
2.719370500000000000e+07
2.705350200000000000e+07
2.690501200000000000e+07
2.677495300000000000e+07
2.664949300000000000e+07
2.651660100000000000e+07
2.638390500000000000e+07
2.627461000000000000e+07
2.614399900000000000e+07
2.602622700000000000e+07
2.591801600000000000e+07
2.580934300000000000e+07
2.551137900000000000e+07
2.525114400000000000e+07
2.498598200000000000e+07
2.476162100000000000e+07
2.453005900000000000e+07
2.429575700000000000e+07
2.410659800000000000e+07
2.389416200000000000e+07
2.371395600000000000e+07
2.353692800000000000e+07
2.685800200000000000e+07
2.673034000000000000e+07
2.660677500000000000e+07
2.647450600000000000e+07
2.634432700000000000e+07
2.623518000000000000e+07
2.610717100000000000e+07
2.598881300000000000e+07
2.588352300000000000e+07
2.577724500000000000e+07
2.565378000000000000e+07
2.537973600000000000e+07
2.512203400000000000e+07
2.487066900000000000e+07
2.462284600000000000e+07
2.441287800000000000e+07
2.421245200000000000e+07
2.399460400000000000e+07
2.381437200000000000e+07
2.362096100000000000e+07
2.342868300000000000e+07
2.656443500000000000e+07
2.643304000000000000e+07
2.630547000000000000e+07
2.619712600000000000e+07
2.607114400000000000e+07
2.595377900000000000e+07
2.584988400000000000e+07
2.574628300000000000e+07
2.562372200000000000e+07
2.550233300000000000e+07
2.524700600000000000e+07
2.499865200000000000e+07
2.474296300000000000e+07
2.452679300000000000e+07
2.432289900000000000e+07
2.412683100000000000e+07
2.392739700000000000e+07
2.370678400000000000e+07
2.352745500000000000e+07
2.336431800000000000e+07
2.626673000000000000e+07
2.615934400000000000e+07
2.603539600000000000e+07
2.591943600000000000e+07
2.581688100000000000e+07
2.571599700000000000e+07
2.559461400000000000e+07
2.547324800000000000e+07
2.537853100000000000e+07
2.510279900000000000e+07
2.488115000000000000e+07
2.463708300000000000e+07
2.443278900000000000e+07
2.422485500000000000e+07
2.400029100000000000e+07
2.380859800000000000e+07
2.362732300000000000e+07
2.345849000000000000e+07
2.328620400000000000e+07
2.599952800000000000e+07
2.588519500000000000e+07
2.578411200000000000e+07
2.568631300000000000e+07
2.556591300000000000e+07
2.544497900000000000e+07
2.535159500000000000e+07
2.523553800000000000e+07
2.499543600000000000e+07
2.476172700000000000e+07
2.452583600000000000e+07
2.431488200000000000e+07
2.411246700000000000e+07
2.392252100000000000e+07
2.373341000000000000e+07
2.354310800000000000e+07
2.336328100000000000e+07
2.319229600000000000e+07
2.575113800000000000e+07
2.565661400000000000e+07
2.553734500000000000e+07
2.541703200000000000e+07
2.532501200000000000e+07
2.521059100000000000e+07
2.512266900000000000e+07
2.487537800000000000e+07
2.465974500000000000e+07
2.443273700000000000e+07
2.420842500000000000e+07
2.402401800000000000e+07
2.381741600000000000e+07
2.364003500000000000e+07
2.346548700000000000e+07
2.328308600000000000e+07
2.313799000000000000e+07
2.550877400000000000e+07
2.538923000000000000e+07
2.529845300000000000e+07
2.518607900000000000e+07
2.509873600000000000e+07
2.500601100000000000e+07
2.476735500000000000e+07
2.452710100000000000e+07
2.432842700000000000e+07
2.413464100000000000e+07
2.392114800000000000e+07
2.373696900000000000e+07
2.355815400000000000e+07
2.336489600000000000e+07
2.322401800000000000e+07
2.304577000000000000e+07
2.527180800000000000e+07
2.516165200000000000e+07
2.507490700000000000e+07
2.498376100000000000e+07
2.488900500000000000e+07
2.464588900000000000e+07
2.443409500000000000e+07
2.424587500000000000e+07
2.405521900000000000e+07
2.386299200000000000e+07
2.364183200000000000e+07
2.346630300000000000e+07
2.330360700000000000e+07
2.315434100000000000e+07
2.298402200000000000e+07
2.505116900000000000e+07
2.496172200000000000e+07
2.486766000000000000e+07
2.477705300000000000e+07
2.454096800000000000e+07
2.435342100000000000e+07
2.414900300000000000e+07
2.393104200000000000e+07
2.374299000000000000e+07
2.356634600000000000e+07
2.340330800000000000e+07
2.323547300000000000e+07
2.307555700000000000e+07
2.292061400000000000e+07
2.484615500000000000e+07
2.475687200000000000e+07
2.466525000000000000e+07
2.444055600000000000e+07
2.423600600000000000e+07
2.404016900000000000e+07
2.386543500000000000e+07
2.367295000000000000e+07
2.349035900000000000e+07
2.331094000000000000e+07
2.314720900000000000e+07
2.300178100000000000e+07
2.285215100000000000e+07
2.464582800000000000e+07
2.457032700000000000e+07
2.434623100000000000e+07
2.413492800000000000e+07
2.395569900000000000e+07
2.376148500000000000e+07
2.358241400000000000e+07
2.341126000000000000e+07
2.322901400000000000e+07
2.309010700000000000e+07
2.292608700000000000e+07
2.277413400000000000e+07
2.443850700000000000e+07
2.425295700000000000e+07
2.406493000000000000e+07
2.385876100000000000e+07
2.367595900000000000e+07
2.351200600000000000e+07
2.331636600000000000e+07
2.317720900000000000e+07
2.300234600000000000e+07
2.285245400000000000e+07
2.271404000000000000e+07
2.402935300000000000e+07
2.382913700000000000e+07
2.364833900000000000e+07
2.348655800000000000e+07
2.329399000000000000e+07
2.315462400000000000e+07
2.297942900000000000e+07
2.283360200000000000e+07
2.269648700000000000e+07
2.256502600000000000e+07
2.361974600000000000e+07
2.346063400000000000e+07
2.327159000000000000e+07
2.313184400000000000e+07
2.295907400000000000e+07
2.281514500000000000e+07
2.268032100000000000e+07
2.255009500000000000e+07
2.242617100000000000e+07
2.324815100000000000e+07
2.310915500000000000e+07
2.293892500000000000e+07
2.279730100000000000e+07
2.266444200000000000e+07
2.253446600000000000e+07
2.241086400000000000e+07
2.230058300000000000e+07
2.291880700000000000e+07
2.277895800000000000e+07
2.264800800000000000e+07
2.252331600000000000e+07
2.239584300000000000e+07
2.228750100000000000e+07
2.214483500000000000e+07
2.263069600000000000e+07
2.250916800000000000e+07
2.238036600000000000e+07
2.227362100000000000e+07
2.213263400000000000e+07
2.202950600000000000e+07
2.236465900000000000e+07
2.225892100000000000e+07
2.212040600000000000e+07
2.201727300000000000e+07
2.190123100000000000e+07
2.210769900000000000e+07
2.200498900000000000e+07
2.188921600000000000e+07
2.177531200000000000e+07
2.187688100000000000e+07
2.176245100000000000e+07
2.166726000000000000e+07
2.165284600000000000e+07
2.153831800000000000e+07
2.145215400000000000e+07
