1.331606000000000000e+06
1.529986000000000000e+06
1.701064000000000000e+06
1.861802000000000000e+06
2.005594000000000000e+06
2.267973000000000000e+06
2.499484000000000000e+06
2.709923000000000000e+06
2.903748000000000000e+06
3.080395000000000000e+06
3.254202000000000000e+06
3.418776000000000000e+06
3.566744000000000000e+06
3.726292000000000000e+06
3.878755000000000000e+06
4.026041000000000000e+06
4.176660000000000000e+06
4.314055000000000000e+06
4.449582000000000000e+06
4.591087000000000000e+06
4.914792000000000000e+06
5.226868000000000000e+06
5.531693000000000000e+06
5.835338000000000000e+06
6.113848000000000000e+06
6.362316000000000000e+06
6.616823000000000000e+06
6.843799000000000000e+06
7.064588000000000000e+06
7.264718000000000000e+06
7.663102000000000000e+06
8.036482000000000000e+06
8.356239000000000000e+06
8.646230000000000000e+06
8.921407000000000000e+06
9.178943000000000000e+06
9.405557000000000000e+06
9.629392000000000000e+06
9.822408000000000000e+06
1.003574200000000000e+07
1.714685000000000000e+06
1.882831000000000000e+06
2.031442000000000000e+06
2.175342000000000000e+06
2.419196000000000000e+06
2.649394000000000000e+06
2.844818000000000000e+06
3.034194000000000000e+06
3.214957000000000000e+06
3.378897000000000000e+06
3.539700000000000000e+06
3.694417000000000000e+06
3.848490000000000000e+06
4.000607000000000000e+06
4.136899000000000000e+06
4.277039000000000000e+06
4.415730000000000000e+06
4.553930000000000000e+06
4.687635000000000000e+06
5.023934000000000000e+06
5.319561000000000000e+06
5.628047000000000000e+06
5.912603000000000000e+06
6.179209000000000000e+06
6.448971000000000000e+06
6.672936000000000000e+06
6.906382000000000000e+06
7.119572000000000000e+06
7.321593000000000000e+06
7.730083000000000000e+06
8.070937000000000000e+06
8.400181000000000000e+06
8.669392000000000000e+06
8.964768000000000000e+06
9.204992000000000000e+06
9.453702000000000000e+06
9.693997000000000000e+06
9.869639000000000000e+06
9.996469000000000000e+06
2.041527000000000000e+06
2.190913000000000000e+06
2.320207000000000000e+06
2.560291000000000000e+06
2.775441000000000000e+06
2.973144000000000000e+06
3.152405000000000000e+06
3.327702000000000000e+06
3.494544000000000000e+06
3.642823000000000000e+06
3.803422000000000000e+06
3.956079000000000000e+06
4.102815000000000000e+06
4.252289000000000000e+06
4.388506000000000000e+06
4.523159000000000000e+06
4.663254000000000000e+06
4.805413000000000000e+06
5.115919000000000000e+06
5.414721000000000000e+06
5.718327000000000000e+06
5.983389000000000000e+06
6.267548000000000000e+06
6.504813000000000000e+06
6.748614000000000000e+06
6.987200000000000000e+06
7.186721000000000000e+06
7.400576000000000000e+06
7.769830000000000000e+06
8.116785000000000000e+06
8.460875000000000000e+06
8.723930000000000000e+06
8.966769000000000000e+06
9.248511000000000000e+06
9.439727000000000000e+06
9.715325000000000000e+06
9.899909000000000000e+06
1.008023400000000000e+07
2.331573000000000000e+06
2.457837000000000000e+06
2.697752000000000000e+06
2.900945000000000000e+06
3.095193000000000000e+06
3.278419000000000000e+06
3.445969000000000000e+06
3.607455000000000000e+06
3.763623000000000000e+06
3.917964000000000000e+06
4.069018000000000000e+06
4.205150000000000000e+06
4.345002000000000000e+06
4.483007000000000000e+06
4.619469000000000000e+06
4.751254000000000000e+06
4.894231000000000000e+06
5.203419000000000000e+06
5.507442000000000000e+06
5.795202000000000000e+06
6.088131000000000000e+06
6.326941000000000000e+06
6.582560000000000000e+06
6.814028000000000000e+06
7.026205000000000000e+06
7.258872000000000000e+06
7.459428000000000000e+06
7.827403000000000000e+06
8.176627000000000000e+06
8.487216000000000000e+06
8.771156000000000000e+06
9.060754000000000000e+06
9.250741000000000000e+06
9.503958000000000000e+06
9.716175000000000000e+06
9.926521000000000000e+06
1.011069300000000000e+07
2.593801000000000000e+06
2.819557000000000000e+06
3.024603000000000000e+06
3.208956000000000000e+06
3.386665000000000000e+06
3.556639000000000000e+06
3.706008000000000000e+06
3.867293000000000000e+06
4.020177000000000000e+06
4.166058000000000000e+06
4.314179000000000000e+06
4.450103000000000000e+06
4.582891000000000000e+06
4.721644000000000000e+06
4.862049000000000000e+06
4.975595000000000000e+06
5.293516000000000000e+06
5.591779000000000000e+06
5.876452000000000000e+06
6.145886000000000000e+06
6.405868000000000000e+06
6.656672000000000000e+06
6.884427000000000000e+06
7.095732000000000000e+06
7.315251000000000000e+06
7.499834000000000000e+06
7.898125000000000000e+06
8.232812000000000000e+06
8.532402000000000000e+06
8.812073000000000000e+06
9.100950000000000000e+06
9.317700000000000000e+06
9.538923000000000000e+06
9.752241000000000000e+06
9.956438000000000000e+06
1.016295300000000000e+07
3.065533000000000000e+06
3.257466000000000000e+06
3.438780000000000000e+06
3.612227000000000000e+06
3.762601000000000000e+06
3.924799000000000000e+06
4.077811000000000000e+06
4.222687000000000000e+06
4.370000000000000000e+06
4.505052000000000000e+06
4.635801000000000000e+06
4.773284000000000000e+06
4.912015000000000000e+06
5.024264000000000000e+06
5.159537000000000000e+06
5.443897000000000000e+06
5.751790000000000000e+06
6.024968000000000000e+06
6.286020000000000000e+06
6.550165000000000000e+06
6.772301000000000000e+06
6.994781000000000000e+06
7.199626000000000000e+06
7.401056000000000000e+06
7.625499000000000000e+06
7.970864000000000000e+06
8.314726000000000000e+06
8.610860000000000000e+06
8.888809000000000000e+06
9.163190000000000000e+06
9.374883000000000000e+06
9.581291000000000000e+06
9.820191000000000000e+06
1.002669200000000000e+07
1.018937800000000000e+07
3.485701000000000000e+06
3.663277000000000000e+06
3.815375000000000000e+06
3.978453000000000000e+06
4.131401000000000000e+06
4.274867000000000000e+06
4.422083000000000000e+06
4.555920000000000000e+06
4.684907000000000000e+06
4.820913000000000000e+06
4.957709000000000000e+06
5.068434000000000000e+06
5.202835000000000000e+06
5.320554000000000000e+06
5.614654000000000000e+06
5.896922000000000000e+06
6.183051000000000000e+06
6.416325000000000000e+06
6.667217000000000000e+06
6.891071000000000000e+06
7.099988000000000000e+06
7.329288000000000000e+06
7.526678000000000000e+06
7.708732000000000000e+06
8.064962000000000000e+06
8.388682000000000000e+06
8.678648000000000000e+06
8.948666000000000000e+06
9.199213000000000000e+06
9.437243000000000000e+06
9.695362000000000000e+06
9.882925000000000000e+06
1.003669700000000000e+07
1.025139400000000000e+07
3.865015000000000000e+06
4.029464000000000000e+06
4.182483000000000000e+06
4.324209000000000000e+06
4.472142000000000000e+06
4.603916000000000000e+06
4.731546000000000000e+06
4.865682000000000000e+06
5.000578000000000000e+06
5.110196000000000000e+06
5.243001000000000000e+06
5.360646000000000000e+06
5.471032000000000000e+06
5.759585000000000000e+06
6.052801000000000000e+06
6.310592000000000000e+06
6.550586000000000000e+06
6.799040000000000000e+06
7.014254000000000000e+06
7.222968000000000000e+06
7.419149000000000000e+06
7.611275000000000000e+06
7.808519000000000000e+06
8.169258000000000000e+06
8.470337000000000000e+06
8.757577000000000000e+06
9.024405000000000000e+06
9.277209000000000000e+06
9.493751000000000000e+06
9.721429000000000000e+06
9.891246000000000000e+06
1.011992400000000000e+07
1.027998900000000000e+07
4.231742000000000000e+06
4.371945000000000000e+06
4.520435000000000000e+06
4.650494000000000000e+06
4.775954000000000000e+06
4.908846000000000000e+06
5.041542000000000000e+06
5.150837000000000000e+06
5.281448000000000000e+06
5.399220000000000000e+06
5.507431000000000000e+06
5.616104000000000000e+06
5.914068000000000000e+06
6.174303000000000000e+06
6.439465000000000000e+06
6.663826000000000000e+06
6.895388000000000000e+06
7.129690000000000000e+06
7.318849000000000000e+06
7.531285000000000000e+06
7.711491000000000000e+06
7.888519000000000000e+06
8.225972000000000000e+06
8.558829000000000000e+06
8.810055000000000000e+06
9.059226000000000000e+06
9.324329000000000000e+06
9.510764000000000000e+06
9.792410000000000000e+06
9.961653000000000000e+06
1.013928900000000000e+07
1.028823500000000000e+07
4.567445000000000000e+06
4.695107000000000000e+06
4.818672000000000000e+06
4.950941000000000000e+06
5.081120000000000000e+06
5.190267000000000000e+06
5.318276000000000000e+06
5.436634000000000000e+06
5.541924000000000000e+06
5.648202000000000000e+06
5.771667000000000000e+06
6.045711000000000000e+06
6.303413000000000000e+06
6.554778000000000000e+06
6.802601000000000000e+06
7.012569000000000000e+06
7.212995000000000000e+06
7.430843000000000000e+06
7.611075000000000000e+06
7.804486000000000000e+06
7.996764000000000000e+06
8.320415000000000000e+06
8.616451000000000000e+06
8.887804000000000000e+06
9.171035000000000000e+06
9.383329000000000000e+06
9.601949000000000000e+06
9.807331000000000000e+06
1.001345300000000000e+07
1.022315500000000000e+07
1.035736700000000000e+07
4.861012000000000000e+06
4.992407000000000000e+06
5.119977000000000000e+06
5.228321000000000000e+06
5.354303000000000000e+06
5.471668000000000000e+06
5.575563000000000000e+06
5.679164000000000000e+06
5.801725000000000000e+06
5.923114000000000000e+06
6.178441000000000000e+06
6.426795000000000000e+06
6.682484000000000000e+06
6.898654000000000000e+06
7.102548000000000000e+06
7.298616000000000000e+06
7.498050000000000000e+06
7.718663000000000000e+06
7.897992000000000000e+06
8.061129000000000000e+06
8.392088000000000000e+06
8.668822000000000000e+06
8.961441000000000000e+06
9.223266000000000000e+06
9.441013000000000000e+06
9.634720000000000000e+06
9.870013000000000000e+06
1.008037400000000000e+07
1.023887300000000000e+07
1.039043600000000000e+07
5.158717000000000000e+06
5.266103000000000000e+06
5.390051000000000000e+06
5.506011000000000000e+06
5.608566000000000000e+06
5.709450000000000000e+06
5.830833000000000000e+06
5.952199000000000000e+06
6.046916000000000000e+06
6.322648000000000000e+06
6.544297000000000000e+06
6.788364000000000000e+06
6.992658000000000000e+06
7.200592000000000000e+06
7.425156000000000000e+06
7.616849000000000000e+06
7.798124000000000000e+06
7.966957000000000000e+06
8.139243000000000000e+06
8.457131000000000000e+06
8.739099000000000000e+06
9.013091000000000000e+06
9.251751000000000000e+06
9.490559000000000000e+06
9.735982000000000000e+06
9.923214000000000000e+06
1.007879100000000000e+07
1.029484900000000000e+07
1.042493800000000000e+07
5.425919000000000000e+06
5.540252000000000000e+06
5.641335000000000000e+06
5.739134000000000000e+06
5.859534000000000000e+06
5.980468000000000000e+06
6.073852000000000000e+06
6.189909000000000000e+06
6.430011000000000000e+06
6.663720000000000000e+06
6.899611000000000000e+06
7.110565000000000000e+06
7.312980000000000000e+06
7.502926000000000000e+06
7.692037000000000000e+06
7.882339000000000000e+06
8.062166000000000000e+06
8.233151000000000000e+06
8.532764000000000000e+06
8.815801000000000000e+06
9.076381000000000000e+06
9.326075000000000000e+06
9.539938000000000000e+06
9.767041000000000000e+06
9.927138000000000000e+06
1.016092700000000000e+07
1.031076800000000000e+07
1.046191200000000000e+07
5.674309000000000000e+06
5.768833000000000000e+06
5.888102000000000000e+06
6.008415000000000000e+06
6.100435000000000000e+06
6.214856000000000000e+06
6.302778000000000000e+06
6.550069000000000000e+06
6.765702000000000000e+06
6.992710000000000000e+06
7.217022000000000000e+06
7.401429000000000000e+06
7.608031000000000000e+06
7.785412000000000000e+06
7.959960000000000000e+06
8.142361000000000000e+06
8.287457000000000000e+06
8.613620000000000000e+06
8.861426000000000000e+06
9.112620000000000000e+06
9.365857000000000000e+06
9.554584000000000000e+06
9.837341000000000000e+06
9.994697000000000000e+06
1.016956500000000000e+07
1.032628700000000000e+07
1.045821400000000000e+07
5.916673000000000000e+06
6.036217000000000000e+06
6.126994000000000000e+06
6.239368000000000000e+06
6.326711000000000000e+06
6.419436000000000000e+06
6.658092000000000000e+06
6.898346000000000000e+06
7.097020000000000000e+06
7.290806000000000000e+06
7.504299000000000000e+06
7.688478000000000000e+06
7.867293000000000000e+06
8.060551000000000000e+06
8.201429000000000000e+06
8.379677000000000000e+06
8.667192000000000000e+06
8.932691000000000000e+06
9.209248000000000000e+06
9.423251000000000000e+06
9.637997000000000000e+06
9.838199000000000000e+06
1.004504900000000000e+07
1.025784100000000000e+07
1.038344200000000000e+07
1.053258100000000000e+07
6.153639000000000000e+06
6.263795000000000000e+06
6.350540000000000000e+06
6.441686000000000000e+06
6.536442000000000000e+06
6.779558000000000000e+06
6.991352000000000000e+06
7.179572000000000000e+06
7.370228000000000000e+06
7.562455000000000000e+06
7.783615000000000000e+06
7.959144000000000000e+06
8.121840000000000000e+06
8.271106000000000000e+06
8.441425000000000000e+06
8.708702000000000000e+06
9.006880000000000000e+06
9.256932000000000000e+06
9.482220000000000000e+06
9.671078000000000000e+06
9.905824000000000000e+06
1.011154400000000000e+07
1.026886600000000000e+07
1.041673300000000000e+07
1.054334100000000000e+07
6.374278000000000000e+06
6.463725000000000000e+06
6.557787000000000000e+06
6.648394000000000000e+06
6.884479000000000000e+06
7.072026000000000000e+06
7.276444000000000000e+06
7.494405000000000000e+06
7.682457000000000000e+06
7.859101000000000000e+06
8.022139000000000000e+06
8.189974000000000000e+06
8.349890000000000000e+06
8.504833000000000000e+06
8.776784000000000000e+06
9.053090000000000000e+06
9.288728000000000000e+06
9.521736000000000000e+06
9.754419000000000000e+06
9.945105000000000000e+06
1.010654000000000000e+07
1.032018000000000000e+07
1.044547600000000000e+07
1.068403200000000000e+07
6.579292000000000000e+06
6.668575000000000000e+06
6.760197000000000000e+06
6.984891000000000000e+06
7.189441000000000000e+06
7.385278000000000000e+06
7.560012000000000000e+06
7.752497000000000000e+06
7.935088000000000000e+06
8.114507000000000000e+06
8.278238000000000000e+06
8.423666000000000000e+06
8.573296000000000000e+06
8.853716000000000000e+06
9.112696000000000000e+06
9.357381000000000000e+06
9.572747000000000000e+06
9.795992000000000000e+06
9.952315000000000000e+06
1.018814500000000000e+07
1.033243200000000000e+07
1.048274000000000000e+07
1.063598400000000000e+07
6.779619000000000000e+06
6.855120000000000000e+06
7.079216000000000000e+06
7.290519000000000000e+06
7.469748000000000000e+06
7.663962000000000000e+06
7.843033000000000000e+06
8.014187000000000000e+06
8.196433000000000000e+06
8.335340000000000000e+06
8.499360000000000000e+06
8.651313000000000000e+06
8.897632000000000000e+06
9.151749000000000000e+06
9.393296000000000000e+06
9.583510000000000000e+06
9.868673000000000000e+06
1.001795900000000000e+07
1.018978600000000000e+07
1.035278000000000000e+07
1.047638400000000000e+07
1.070821800000000000e+07
6.986940000000000000e+06
7.172490000000000000e+06
7.360517000000000000e+06
7.566686000000000000e+06
7.749488000000000000e+06
7.913441000000000000e+06
8.109081000000000000e+06
8.248238000000000000e+06
8.423101000000000000e+06
8.572993000000000000e+06
8.711407000000000000e+06
8.967411000000000000e+06
9.230804000000000000e+06
9.451652000000000000e+06
9.665905000000000000e+06
9.863632000000000000e+06
1.006743600000000000e+07
1.028060700000000000e+07
1.039701800000000000e+07
1.054892600000000000e+07
1.068349200000000000e+07
7.396094000000000000e+06
7.596310000000000000e+06
7.777108000000000000e+06
7.938889000000000000e+06
8.131457000000000000e+06
8.270823000000000000e+06
8.446018000000000000e+06
8.591845000000000000e+06
8.728960000000000000e+06
8.860421000000000000e+06
9.098784000000000000e+06
9.350249000000000000e+06
9.571657000000000000e+06
9.804201000000000000e+06
1.001904600000000000e+07
1.014959700000000000e+07
1.033137700000000000e+07
1.051367500000000000e+07
1.063958200000000000e+07
1.079579400000000000e+07
7.805701000000000000e+06
7.964813000000000000e+06
8.153857000000000000e+06
8.293603000000000000e+06
8.466373000000000000e+06
8.610302000000000000e+06
8.745126000000000000e+06
8.875352000000000000e+06
8.999276000000000000e+06
9.256660000000000000e+06
9.476862000000000000e+06
9.687123000000000000e+06
9.885474000000000000e+06
1.008399900000000000e+07
1.029693800000000000e+07
1.040495100000000000e+07
1.056512900000000000e+07
1.069685200000000000e+07
1.082840400000000000e+07
8.177296000000000000e+06
8.316292000000000000e+06
8.486522000000000000e+06
8.628146000000000000e+06
8.761005000000000000e+06
8.890981000000000000e+06
9.014583000000000000e+06
9.124864000000000000e+06
9.372107000000000000e+06
9.597807000000000000e+06
9.824417000000000000e+06
1.003999800000000000e+07
1.016659900000000000e+07
1.034583700000000000e+07
1.053036700000000000e+07
1.065564500000000000e+07
1.080905200000000000e+07
1.089282800000000000e+07
8.506640000000000000e+06
8.646489000000000000e+06
8.777439000000000000e+06
8.902131000000000000e+06
9.029604000000000000e+06
9.137946000000000000e+06
9.280612000000000000e+06
9.500428000000000000e+06
9.707188000000000000e+06
9.908190000000000000e+06
1.010108700000000000e+07
1.031154000000000000e+07
1.041306000000000000e+07
1.057906000000000000e+07
1.070928800000000000e+07
1.084483800000000000e+07
1.098446600000000000e+07
8.794751000000000000e+06
8.916279000000000000e+06
9.045081000000000000e+06
9.151826000000000000e+06
9.292813000000000000e+06
9.395941000000000000e+06
9.624050000000000000e+06
9.845248000000000000e+06
1.005851800000000000e+07
1.018418200000000000e+07
1.035780500000000000e+07
1.054788900000000000e+07
1.067197200000000000e+07
1.081953100000000000e+07
1.090276700000000000e+07
1.106522700000000000e+07
9.060788000000000000e+06
9.166526000000000000e+06
9.305041000000000000e+06
9.408174000000000000e+06
9.524216000000000000e+06
9.729894000000000000e+06
9.930153000000000000e+06
1.011851400000000000e+07
1.032511500000000000e+07
1.042390600000000000e+07
1.059178000000000000e+07
1.072073000000000000e+07
1.086139000000000000e+07
1.099354900000000000e+07
1.110992300000000000e+07
9.317748000000000000e+06
9.420458000000000000e+06
9.536231000000000000e+06
9.650135000000000000e+06
9.865351000000000000e+06
1.007565400000000000e+07
1.020107000000000000e+07
1.036723300000000000e+07
1.056216700000000000e+07
1.068746100000000000e+07
1.082890700000000000e+07
1.091124200000000000e+07
1.107729000000000000e+07
1.107646400000000000e+07
9.548566000000000000e+06
9.662996000000000000e+06
9.758187000000000000e+06
9.952063000000000000e+06
1.013472400000000000e+07
1.033854400000000000e+07
1.043365500000000000e+07
1.060417600000000000e+07
1.073369800000000000e+07
1.087704500000000000e+07
1.100302100000000000e+07
1.112025200000000000e+07
1.122807500000000000e+07
9.772601000000000000e+06
9.887129000000000000e+06
1.009394300000000000e+07
1.021616200000000000e+07
1.037693600000000000e+07
1.057595600000000000e+07
1.070242800000000000e+07
1.084371400000000000e+07
1.091985200000000000e+07
1.109017300000000000e+07
1.108441500000000000e+07
1.128838900000000000e+07
9.973293000000000000e+06
1.015048700000000000e+07
1.034885800000000000e+07
1.044960200000000000e+07
1.062037700000000000e+07
1.074604900000000000e+07
1.089337400000000000e+07
1.101383100000000000e+07
1.113123900000000000e+07
1.124225700000000000e+07
1.146379700000000000e+07
1.036278500000000000e+07
1.047470700000000000e+07
1.063717000000000000e+07
1.076164200000000000e+07
1.090963100000000000e+07
1.102524000000000000e+07
1.114401900000000000e+07
1.125677100000000000e+07
1.147484300000000000e+07
1.151211400000000000e+07
1.065350300000000000e+07
1.077756200000000000e+07
1.092769600000000000e+07
1.103795200000000000e+07
1.115795800000000000e+07
1.127422800000000000e+07
1.148577000000000000e+07
1.151509300000000000e+07
1.160175700000000000e+07
1.094818500000000000e+07
1.105266100000000000e+07
1.117291500000000000e+07
1.128833400000000000e+07
1.149611900000000000e+07
1.152070300000000000e+07
1.161049200000000000e+07
1.168579300000000000e+07
1.119179000000000000e+07
1.130282800000000000e+07
1.150462000000000000e+07
1.152837200000000000e+07
1.161870400000000000e+07
1.169902900000000000e+07
1.178670000000000000e+07
1.151248700000000000e+07
1.153447100000000000e+07
1.162808700000000000e+07
1.171329200000000000e+07
1.180079600000000000e+07
1.187647300000000000e+07
1.163914500000000000e+07
1.172790800000000000e+07
1.181375400000000000e+07
1.188667200000000000e+07
1.194708100000000000e+07
1.182693500000000000e+07
1.189542200000000000e+07
1.195941200000000000e+07
1.203810700000000000e+07
1.197366200000000000e+07
1.204817000000000000e+07
1.212877700000000000e+07
1.213688800000000000e+07
1.212082100000000000e+07
1.228062300000000000e+07
