1.216313000000000000e+06
1.361187000000000000e+06
1.480398000000000000e+06
1.576820000000000000e+06
1.655986000000000000e+06
1.778135000000000000e+06
1.858004000000000000e+06
1.913379000000000000e+06
1.954463000000000000e+06
1.982058000000000000e+06
2.003870000000000000e+06
2.019591000000000000e+06
2.032780000000000000e+06
2.043595000000000000e+06
2.050513000000000000e+06
2.059111000000000000e+06
2.062891000000000000e+06
2.063381000000000000e+06
2.069947000000000000e+06
2.073953000000000000e+06
2.078493000000000000e+06
2.076841000000000000e+06
2.074978000000000000e+06
2.073065000000000000e+06
2.066301000000000000e+06
2.059063000000000000e+06
2.055595000000000000e+06
2.035021000000000000e+06
2.020562000000000000e+06
2.006654000000000000e+06
1.993550000000000000e+06
1.937623000000000000e+06
1.921620000000000000e+06
1.881275000000000000e+06
1.847413000000000000e+06
1.808740000000000000e+06
1.746681000000000000e+06
1.728562000000000000e+06
1.682741000000000000e+06
1.644025000000000000e+06
1.491910000000000000e+06
1.598966000000000000e+06
1.686183000000000000e+06
1.759031000000000000e+06
1.866606000000000000e+06
1.943728000000000000e+06
1.993850000000000000e+06
2.030636000000000000e+06
2.060009000000000000e+06
2.079293000000000000e+06
2.091119000000000000e+06
2.102050000000000000e+06
2.110683000000000000e+06
2.117460000000000000e+06
2.121758000000000000e+06
2.129090000000000000e+06
2.129130000000000000e+06
2.133419000000000000e+06
2.134286000000000000e+06
2.137640000000000000e+06
2.136384000000000000e+06
2.134588000000000000e+06
2.125401000000000000e+06
2.120266000000000000e+06
2.108383000000000000e+06
2.088813000000000000e+06
2.073220000000000000e+06
2.064217000000000000e+06
2.049049000000000000e+06
2.018798000000000000e+06
1.983052000000000000e+06
1.931280000000000000e+06
1.894417000000000000e+06
1.878067000000000000e+06
1.821997000000000000e+06
1.771444000000000000e+06
1.729369000000000000e+06
1.695567000000000000e+06
1.654349000000000000e+06
1.696752000000000000e+06
1.778292000000000000e+06
1.846551000000000000e+06
1.946046000000000000e+06
2.013916000000000000e+06
2.063662000000000000e+06
2.096318000000000000e+06
2.121267000000000000e+06
2.138553000000000000e+06
2.152408000000000000e+06
2.162860000000000000e+06
2.169124000000000000e+06
2.176459000000000000e+06
2.178897000000000000e+06
2.178183000000000000e+06
2.182928000000000000e+06
2.185313000000000000e+06
2.188853000000000000e+06
2.186571000000000000e+06
2.181130000000000000e+06
2.178764000000000000e+06
2.166988000000000000e+06
2.140681000000000000e+06
2.137134000000000000e+06
2.127087000000000000e+06
2.106874000000000000e+06
2.093209000000000000e+06
2.079767000000000000e+06
2.049427000000000000e+06
1.994081000000000000e+06
1.951299000000000000e+06
1.929607000000000000e+06
1.873251000000000000e+06
1.834095000000000000e+06
1.805015000000000000e+06
1.750531000000000000e+06
1.714355000000000000e+06
1.655373000000000000e+06
1.859673000000000000e+06
1.918959000000000000e+06
2.015008000000000000e+06
2.077756000000000000e+06
2.122874000000000000e+06
2.157535000000000000e+06
2.179129000000000000e+06
2.194142000000000000e+06
2.205424000000000000e+06
2.214021000000000000e+06
2.220394000000000000e+06
2.224030000000000000e+06
2.230245000000000000e+06
2.229308000000000000e+06
2.232220000000000000e+06
2.231626000000000000e+06
2.229951000000000000e+06
2.228715000000000000e+06
2.216566000000000000e+06
2.217449000000000000e+06
2.199348000000000000e+06
2.195824000000000000e+06
2.161452000000000000e+06
2.148909000000000000e+06
2.132564000000000000e+06
2.122114000000000000e+06
2.091136000000000000e+06
2.056163000000000000e+06
2.003480000000000000e+06
1.981430000000000000e+06
1.947281000000000000e+06
1.890983000000000000e+06
1.832643000000000000e+06
1.796822000000000000e+06
1.763230000000000000e+06
1.717689000000000000e+06
1.681290000000000000e+06
1.988799000000000000e+06
2.074879000000000000e+06
2.136962000000000000e+06
2.177384000000000000e+06
2.207556000000000000e+06
2.227767000000000000e+06
2.243296000000000000e+06
2.254613000000000000e+06
2.261004000000000000e+06
2.267774000000000000e+06
2.269904000000000000e+06
2.268405000000000000e+06
2.272099000000000000e+06
2.273710000000000000e+06
2.275908000000000000e+06
2.274403000000000000e+06
2.266917000000000000e+06
2.259703000000000000e+06
2.245205000000000000e+06
2.238770000000000000e+06
2.211575000000000000e+06
2.203846000000000000e+06
2.175356000000000000e+06
2.160190000000000000e+06
2.143654000000000000e+06
2.120065000000000000e+06
2.092802000000000000e+06
2.035865000000000000e+06
1.995568000000000000e+06
1.945980000000000000e+06
1.889600000000000000e+06
1.837658000000000000e+06
1.806311000000000000e+06
1.765153000000000000e+06
1.709765000000000000e+06
1.669257000000000000e+06
2.185487000000000000e+06
2.236444000000000000e+06
2.273577000000000000e+06
2.298064000000000000e+06
2.316352000000000000e+06
2.329170000000000000e+06
2.336237000000000000e+06
2.342815000000000000e+06
2.345056000000000000e+06
2.342963000000000000e+06
2.346077000000000000e+06
2.347222000000000000e+06
2.348058000000000000e+06
2.345066000000000000e+06
2.337799000000000000e+06
2.332236000000000000e+06
2.321839000000000000e+06
2.306271000000000000e+06
2.290509000000000000e+06
2.268667000000000000e+06
2.241977000000000000e+06
2.218831000000000000e+06
2.202510000000000000e+06
2.181392000000000000e+06
2.148046000000000000e+06
2.117747000000000000e+06
2.046468000000000000e+06
1.999000000000000000e+06
1.964901000000000000e+06
1.896980000000000000e+06
1.859136000000000000e+06
1.834355000000000000e+06
1.772977000000000000e+06
1.743074000000000000e+06
1.683965000000000000e+06
2.323479000000000000e+06
2.353733000000000000e+06
2.375585000000000000e+06
2.390523000000000000e+06
2.398997000000000000e+06
2.405740000000000000e+06
2.407935000000000000e+06
2.405797000000000000e+06
2.408686000000000000e+06
2.409245000000000000e+06
2.409292000000000000e+06
2.405235000000000000e+06
2.396882000000000000e+06
2.395901000000000000e+06
2.375752000000000000e+06
2.367748000000000000e+06
2.344703000000000000e+06
2.334909000000000000e+06
2.294805000000000000e+06
2.275257000000000000e+06
2.251525000000000000e+06
2.234600000000000000e+06
2.198776000000000000e+06
2.181777000000000000e+06
2.130832000000000000e+06
2.079611000000000000e+06
2.020286000000000000e+06
1.979148000000000000e+06
1.912564000000000000e+06
1.903506000000000000e+06
1.820183000000000000e+06
1.774180000000000000e+06
1.748291000000000000e+06
1.698486000000000000e+06
2.422888000000000000e+06
2.440912000000000000e+06
2.451368000000000000e+06
2.458788000000000000e+06
2.460674000000000000e+06
2.459540000000000000e+06
2.462172000000000000e+06
2.462307000000000000e+06
2.461473000000000000e+06
2.456290000000000000e+06
2.447701000000000000e+06
2.445955000000000000e+06
2.436328000000000000e+06
2.416725000000000000e+06
2.396063000000000000e+06
2.381342000000000000e+06
2.353627000000000000e+06
2.337770000000000000e+06
2.300535000000000000e+06
2.272728000000000000e+06
2.249004000000000000e+06
2.234967000000000000e+06
2.212835000000000000e+06
2.135697000000000000e+06
2.104187000000000000e+06
2.045415000000000000e+06
1.997334000000000000e+06
1.946145000000000000e+06
1.874581000000000000e+06
1.846078000000000000e+06
1.797306000000000000e+06
1.746801000000000000e+06
1.714979000000000000e+06
2.494491000000000000e+06
2.503110000000000000e+06
2.505193000000000000e+06
2.505212000000000000e+06
2.508219000000000000e+06
2.507784000000000000e+06
2.506193000000000000e+06
2.499544000000000000e+06
2.491442000000000000e+06
2.488271000000000000e+06
2.478836000000000000e+06
2.475397000000000000e+06
2.456497000000000000e+06
2.434087000000000000e+06
2.396488000000000000e+06
2.376657000000000000e+06
2.357328000000000000e+06
2.327513000000000000e+06
2.300368000000000000e+06
2.276215000000000000e+06
2.256421000000000000e+06
2.228048000000000000e+06
2.156710000000000000e+06
2.096202000000000000e+06
2.067842000000000000e+06
1.997511000000000000e+06
1.949374000000000000e+06
1.923497000000000000e+06
1.849200000000000000e+06
1.806096000000000000e+06
1.742863000000000000e+06
1.717864000000000000e+06
2.542494000000000000e+06
2.544777000000000000e+06
2.548095000000000000e+06
2.546697000000000000e+06
2.544693000000000000e+06
2.536699000000000000e+06
2.529150000000000000e+06
2.524305000000000000e+06
2.515799000000000000e+06
2.511763000000000000e+06
2.506158000000000000e+06
2.481165000000000000e+06
2.463850000000000000e+06
2.420879000000000000e+06
2.406648000000000000e+06
2.371729000000000000e+06
2.345611000000000000e+06
2.321075000000000000e+06
2.287038000000000000e+06
2.248608000000000000e+06
2.243888000000000000e+06
2.177357000000000000e+06
2.120389000000000000e+06
2.061058000000000000e+06
1.998722000000000000e+06
1.936200000000000000e+06
1.897152000000000000e+06
1.853946000000000000e+06
1.789314000000000000e+06
1.744773000000000000e+06
1.719431000000000000e+06
2.581754000000000000e+06
2.579709000000000000e+06
2.577630000000000000e+06
2.569141000000000000e+06
2.561630000000000000e+06
2.556461000000000000e+06
2.547715000000000000e+06
2.543300000000000000e+06
2.537140000000000000e+06
2.528630000000000000e+06
2.504915000000000000e+06
2.480783000000000000e+06
2.444471000000000000e+06
2.413932000000000000e+06
2.382277000000000000e+06
2.359398000000000000e+06
2.331205000000000000e+06
2.289627000000000000e+06
2.271567000000000000e+06
2.245568000000000000e+06
2.163701000000000000e+06
2.114956000000000000e+06
2.064582000000000000e+06
1.990208000000000000e+06
1.941322000000000000e+06
1.913690000000000000e+06
1.847700000000000000e+06
1.813658000000000000e+06
1.749382000000000000e+06
1.728872000000000000e+06
2.605360000000000000e+06
2.597037000000000000e+06
2.589542000000000000e+06
2.584065000000000000e+06
2.575287000000000000e+06
2.570440000000000000e+06
2.564134000000000000e+06
2.555090000000000000e+06
2.541969000000000000e+06
2.511144000000000000e+06
2.497337000000000000e+06
2.451901000000000000e+06
2.428399000000000000e+06
2.393024000000000000e+06
2.366169000000000000e+06
2.327984000000000000e+06
2.302140000000000000e+06
2.270979000000000000e+06
2.244597000000000000e+06
2.182079000000000000e+06
2.114391000000000000e+06
2.066044000000000000e+06
1.994469000000000000e+06
1.979915000000000000e+06
1.894537000000000000e+06
1.840442000000000000e+06
1.810956000000000000e+06
1.757831000000000000e+06
1.716549000000000000e+06
2.613071000000000000e+06
2.607648000000000000e+06
2.598954000000000000e+06
2.593951000000000000e+06
2.587455000000000000e+06
2.578159000000000000e+06
2.564444000000000000e+06
2.546701000000000000e+06
2.530822000000000000e+06
2.492108000000000000e+06
2.475391000000000000e+06
2.427821000000000000e+06
2.392994000000000000e+06
2.366342000000000000e+06
2.345713000000000000e+06
2.319127000000000000e+06
2.264925000000000000e+06
2.236731000000000000e+06
2.191215000000000000e+06
2.129582000000000000e+06
2.074152000000000000e+06
2.016458000000000000e+06
1.942292000000000000e+06
1.909315000000000000e+06
1.857043000000000000e+06
1.802837000000000000e+06
1.775267000000000000e+06
1.721750000000000000e+06
2.619130000000000000e+06
2.613946000000000000e+06
2.607547000000000000e+06
2.597986000000000000e+06
2.583918000000000000e+06
2.566223000000000000e+06
2.566917000000000000e+06
2.526551000000000000e+06
2.497560000000000000e+06
2.468985000000000000e+06
2.442513000000000000e+06
2.405825000000000000e+06
2.376856000000000000e+06
2.354772000000000000e+06
2.320129000000000000e+06
2.269017000000000000e+06
2.242643000000000000e+06
2.175446000000000000e+06
2.142244000000000000e+06
2.066697000000000000e+06
2.014088000000000000e+06
1.984656000000000000e+06
1.904846000000000000e+06
1.857708000000000000e+06
1.795975000000000000e+06
1.765381000000000000e+06
1.712873000000000000e+06
2.624763000000000000e+06
2.614910000000000000e+06
2.600597000000000000e+06
2.583313000000000000e+06
2.583833000000000000e+06
2.575524000000000000e+06
2.528969000000000000e+06
2.515658000000000000e+06
2.475905000000000000e+06
2.443018000000000000e+06
2.418493000000000000e+06
2.373789000000000000e+06
2.338035000000000000e+06
2.325567000000000000e+06
2.277917000000000000e+06
2.250833000000000000e+06
2.190619000000000000e+06
2.127160000000000000e+06
2.065789000000000000e+06
1.994386000000000000e+06
1.951680000000000000e+06
1.907167000000000000e+06
1.838078000000000000e+06
1.789799000000000000e+06
1.764339000000000000e+06
1.719569000000000000e+06
2.614928000000000000e+06
2.597927000000000000e+06
2.598274000000000000e+06
2.589724000000000000e+06
2.577024000000000000e+06
2.536706000000000000e+06
2.503783000000000000e+06
2.469596000000000000e+06
2.444362000000000000e+06
2.416245000000000000e+06
2.368311000000000000e+06
2.348296000000000000e+06
2.318032000000000000e+06
2.285406000000000000e+06
2.232371000000000000e+06
2.179840000000000000e+06
2.124511000000000000e+06
2.051561000000000000e+06
1.992207000000000000e+06
1.962445000000000000e+06
1.890198000000000000e+06
1.858245000000000000e+06
1.791118000000000000e+06
1.767995000000000000e+06
1.728416000000000000e+06
2.610749000000000000e+06
2.602059000000000000e+06
2.589375000000000000e+06
2.580780000000000000e+06
2.532831000000000000e+06
2.509384000000000000e+06
2.470430000000000000e+06
2.439740000000000000e+06
2.401243000000000000e+06
2.371987000000000000e+06
2.338176000000000000e+06
2.311450000000000000e+06
2.267521000000000000e+06
2.243104000000000000e+06
2.171993000000000000e+06
2.119973000000000000e+06
2.045159000000000000e+06
2.029008000000000000e+06
1.948730000000000000e+06
1.885304000000000000e+06
1.852182000000000000e+06
1.797731000000000000e+06
1.752633000000000000e+06
1.711087000000000000e+06
2.599825000000000000e+06
2.591531000000000000e+06
2.563502000000000000e+06
2.546129000000000000e+06
2.497073000000000000e+06
2.458629000000000000e+06
2.439064000000000000e+06
2.408832000000000000e+06
2.381259000000000000e+06
2.325489000000000000e+06
2.297637000000000000e+06
2.282575000000000000e+06
2.246677000000000000e+06
2.183431000000000000e+06
2.121421000000000000e+06
2.061950000000000000e+06
1.985881000000000000e+06
1.951043000000000000e+06
1.897032000000000000e+06
1.840475000000000000e+06
1.815825000000000000e+06
1.755271000000000000e+06
1.721233000000000000e+06
2.572287000000000000e+06
2.560502000000000000e+06
2.525460000000000000e+06
2.504002000000000000e+06
2.464633000000000000e+06
2.438144000000000000e+06
2.411860000000000000e+06
2.375594000000000000e+06
2.319033000000000000e+06
2.294739000000000000e+06
2.276157000000000000e+06
2.226132000000000000e+06
2.189682000000000000e+06
2.111121000000000000e+06
2.056804000000000000e+06
2.025930000000000000e+06
1.942013000000000000e+06
1.891102000000000000e+06
1.832089000000000000e+06
1.797834000000000000e+06
1.743150000000000000e+06
1.714476000000000000e+06
2.570213000000000000e+06
2.530650000000000000e+06
2.496509000000000000e+06
2.471405000000000000e+06
2.425208000000000000e+06
2.396624000000000000e+06
2.374560000000000000e+06
2.325686000000000000e+06
2.297562000000000000e+06
2.271140000000000000e+06
2.229483000000000000e+06
2.169275000000000000e+06
2.116406000000000000e+06
2.033105000000000000e+06
1.987459000000000000e+06
1.942422000000000000e+06
1.871904000000000000e+06
1.822434000000000000e+06
1.799078000000000000e+06
1.747436000000000000e+06
1.709591000000000000e+06
2.512268000000000000e+06
2.487873000000000000e+06
2.442237000000000000e+06
2.414155000000000000e+06
2.390686000000000000e+06
2.342245000000000000e+06
2.310257000000000000e+06
2.287485000000000000e+06
2.245317000000000000e+06
2.212911000000000000e+06
2.160636000000000000e+06
2.091836000000000000e+06
2.040341000000000000e+06
1.963283000000000000e+06
1.909509000000000000e+06
1.867485000000000000e+06
1.811248000000000000e+06
1.771916000000000000e+06
1.719851000000000000e+06
1.706603000000000000e+06
2.453721000000000000e+06
2.426717000000000000e+06
2.402477000000000000e+06
2.354509000000000000e+06
2.321467000000000000e+06
2.300053000000000000e+06
2.258041000000000000e+06
2.226867000000000000e+06
2.197207000000000000e+06
2.144113000000000000e+06
2.060067000000000000e+06
2.013348000000000000e+06
1.967830000000000000e+06
1.898021000000000000e+06
1.847292000000000000e+06
1.828258000000000000e+06
1.765413000000000000e+06
1.731229000000000000e+06
1.668001000000000000e+06
2.410310000000000000e+06
2.363362000000000000e+06
2.330354000000000000e+06
2.309977000000000000e+06
2.267802000000000000e+06
2.237754000000000000e+06
2.207272000000000000e+06
2.183882000000000000e+06
2.115078000000000000e+06
2.063136000000000000e+06
1.985472000000000000e+06
1.931255000000000000e+06
1.884522000000000000e+06
1.830702000000000000e+06
1.790702000000000000e+06
1.738920000000000000e+06
1.724072000000000000e+06
1.655999000000000000e+06
2.336903000000000000e+06
2.316822000000000000e+06
2.275211000000000000e+06
2.251068000000000000e+06
2.215051000000000000e+06
2.192471000000000000e+06
2.162810000000000000e+06
2.079294000000000000e+06
2.031699000000000000e+06
1.985884000000000000e+06
1.917035000000000000e+06
1.866162000000000000e+06
1.849553000000000000e+06
1.779214000000000000e+06
1.746846000000000000e+06
1.682912000000000000e+06
1.644248000000000000e+06
2.280254000000000000e+06
2.259684000000000000e+06
2.220670000000000000e+06
2.198929000000000000e+06
2.169210000000000000e+06
2.130039000000000000e+06
2.079043000000000000e+06
2.001186000000000000e+06
1.947667000000000000e+06
1.896996000000000000e+06
1.845940000000000000e+06
1.804812000000000000e+06
1.753206000000000000e+06
1.737680000000000000e+06
1.669603000000000000e+06
1.632928000000000000e+06
2.224728000000000000e+06
2.203568000000000000e+06
2.173905000000000000e+06
2.135438000000000000e+06
2.092160000000000000e+06
2.043754000000000000e+06
1.999102000000000000e+06
1.930555000000000000e+06
1.881138000000000000e+06
1.866382000000000000e+06
1.790176000000000000e+06
1.760029000000000000e+06
1.695617000000000000e+06
1.656870000000000000e+06
1.638274000000000000e+06
2.177178000000000000e+06
2.139363000000000000e+06
2.096336000000000000e+06
2.090129000000000000e+06
2.012528000000000000e+06
1.959556000000000000e+06
1.906609000000000000e+06
1.858905000000000000e+06
1.818227000000000000e+06
1.764303000000000000e+06
1.747984000000000000e+06
1.681687000000000000e+06
1.644095000000000000e+06
1.615900000000000000e+06
2.099233000000000000e+06
2.094583000000000000e+06
2.047628000000000000e+06
2.007379000000000000e+06
1.940740000000000000e+06
1.891837000000000000e+06
1.880985000000000000e+06
1.799396000000000000e+06
1.769401000000000000e+06
1.705454000000000000e+06
1.666973000000000000e+06
1.647639000000000000e+06
1.593121000000000000e+06
2.048677000000000000e+06
2.019217000000000000e+06
1.966509000000000000e+06
1.914157000000000000e+06
1.868490000000000000e+06
1.828395000000000000e+06
1.773835000000000000e+06
1.751988000000000000e+06
1.691416000000000000e+06
1.653035000000000000e+06
1.624414000000000000e+06
1.578405000000000000e+06
2.013212000000000000e+06
1.948137000000000000e+06
1.903773000000000000e+06
1.887965000000000000e+06
1.804199000000000000e+06
1.776976000000000000e+06
1.712560000000000000e+06
1.674390000000000000e+06
1.655041000000000000e+06
1.600462000000000000e+06
1.585333000000000000e+06
1.911519000000000000e+06
1.886749000000000000e+06
1.808750000000000000e+06
1.780985000000000000e+06
1.718267000000000000e+06
1.680365000000000000e+06
1.659872000000000000e+06
1.606612000000000000e+06
1.592071000000000000e+06
1.559200000000000000e+06
1.812516000000000000e+06
1.784691000000000000e+06
1.722345000000000000e+06
1.684635000000000000e+06
1.663569000000000000e+06
1.609343000000000000e+06
1.598585000000000000e+06
1.570782000000000000e+06
1.512883000000000000e+06
1.724828000000000000e+06
1.687205000000000000e+06
1.665987000000000000e+06
1.612952000000000000e+06
1.604134000000000000e+06
1.578287000000000000e+06
1.519285000000000000e+06
1.478850000000000000e+06
1.664069000000000000e+06
1.615464000000000000e+06
1.609086000000000000e+06
1.582734000000000000e+06
1.525795000000000000e+06
1.482535000000000000e+06
1.467768000000000000e+06
1.613987000000000000e+06
1.586780000000000000e+06
1.530386000000000000e+06
1.485527000000000000e+06
1.470287000000000000e+06
1.425059000000000000e+06
1.532126000000000000e+06
1.487885000000000000e+06
1.472187000000000000e+06
1.427327000000000000e+06
1.414485000000000000e+06
1.473757000000000000e+06
1.429229000000000000e+06
1.414771000000000000e+06
1.376715000000000000e+06
1.412968000000000000e+06
1.377856000000000000e+06
1.352557000000000000e+06
1.354169000000000000e+06
1.327849000000000000e+06
1.307346000000000000e+06
