2.876551000000000000e+07
2.836155800000000000e+07
2.802105300000000000e+07
2.769944500000000000e+07
2.739700800000000000e+07
2.685095300000000000e+07
2.634290600000000000e+07
2.586463000000000000e+07
2.540965500000000000e+07
2.498720700000000000e+07
2.457274400000000000e+07
2.419195900000000000e+07
2.380762600000000000e+07
2.344458800000000000e+07
2.309531200000000000e+07
2.273618200000000000e+07
2.241389300000000000e+07
2.210727300000000000e+07
2.179523600000000000e+07
2.149088000000000000e+07
2.079650800000000000e+07
2.012948700000000000e+07
1.949019700000000000e+07
1.889993800000000000e+07
1.835018500000000000e+07
1.784059100000000000e+07
1.734007400000000000e+07
1.690850800000000000e+07
1.646943200000000000e+07
1.607235300000000000e+07
2.799685200000000000e+07
2.766302400000000000e+07
2.735343100000000000e+07
2.706770000000000000e+07
2.653979900000000000e+07
2.604555200000000000e+07
2.558690200000000000e+07
2.515024400000000000e+07
2.473481700000000000e+07
2.433765900000000000e+07
2.395139900000000000e+07
2.359068000000000000e+07
2.323636600000000000e+07
2.289110500000000000e+07
2.255527400000000000e+07
2.223059400000000000e+07
2.192313500000000000e+07
2.162545500000000000e+07
2.132514600000000000e+07
2.060537600000000000e+07
1.996929300000000000e+07
1.935835400000000000e+07
1.878800200000000000e+07
1.824134900000000000e+07
1.773850500000000000e+07
1.727129600000000000e+07
1.680299500000000000e+07
1.638598300000000000e+07
1.597496600000000000e+07
2.734088700000000000e+07
2.704786400000000000e+07
2.677572000000000000e+07
2.626294700000000000e+07
2.578596800000000000e+07
2.533268700000000000e+07
2.491337200000000000e+07
2.450162400000000000e+07
2.412228600000000000e+07
2.374207600000000000e+07
2.338246900000000000e+07
2.303696000000000000e+07
2.268239200000000000e+07
2.235988500000000000e+07
2.205844900000000000e+07
2.174742300000000000e+07
2.144705500000000000e+07
2.114566100000000000e+07
2.047116900000000000e+07
1.981179300000000000e+07
1.922517100000000000e+07
1.867425500000000000e+07
1.812682000000000000e+07
1.763355200000000000e+07
1.716122400000000000e+07
1.669882600000000000e+07
1.629811500000000000e+07
1.589657200000000000e+07
2.676789000000000000e+07
2.649949600000000000e+07
2.599859100000000000e+07
2.553618500000000000e+07
2.509897800000000000e+07
2.468691900000000000e+07
2.428741500000000000e+07
2.390425500000000000e+07
2.354475600000000000e+07
2.319251700000000000e+07
2.285073100000000000e+07
2.251639600000000000e+07
2.219319800000000000e+07
2.188653400000000000e+07
2.159329700000000000e+07
2.129562100000000000e+07
2.099990100000000000e+07
2.032757700000000000e+07
1.969325300000000000e+07
1.910378400000000000e+07
1.854835200000000000e+07
1.803872400000000000e+07
1.754274700000000000e+07
1.705549000000000000e+07
1.664226800000000000e+07
1.622224100000000000e+07
1.582035300000000000e+07
2.624144800000000000e+07
2.575644400000000000e+07
2.529920300000000000e+07
2.487821700000000000e+07
2.446675400000000000e+07
2.408624500000000000e+07
2.370769700000000000e+07
2.335011400000000000e+07
2.300674600000000000e+07
2.265675100000000000e+07
2.233299900000000000e+07
2.203431700000000000e+07
2.172444600000000000e+07
2.142727100000000000e+07
2.112809200000000000e+07
2.085387700000000000e+07
2.020080400000000000e+07
1.956624400000000000e+07
1.898230000000000000e+07
1.843437300000000000e+07
1.792904500000000000e+07
1.743051600000000000e+07
1.697792400000000000e+07
1.655715900000000000e+07
1.613690600000000000e+07
1.574436100000000000e+07
2.528974500000000000e+07
2.486314200000000000e+07
2.444961500000000000e+07
2.406647200000000000e+07
2.368875400000000000e+07
2.333173200000000000e+07
2.298934100000000000e+07
2.264255100000000000e+07
2.231788300000000000e+07
2.202064200000000000e+07
2.171238300000000000e+07
2.141750800000000000e+07
2.112041800000000000e+07
2.084642200000000000e+07
2.056885400000000000e+07
1.994260000000000000e+07
1.933534300000000000e+07
1.877031500000000000e+07
1.822796800000000000e+07
1.773048800000000000e+07
1.726149900000000000e+07
1.680322700000000000e+07
1.639268500000000000e+07
1.597469200000000000e+07
1.559254000000000000e+07
2.444477500000000000e+07
2.405735600000000000e+07
2.367906400000000000e+07
2.332175200000000000e+07
2.297934700000000000e+07
2.263559500000000000e+07
2.230936500000000000e+07
2.201310800000000000e+07
2.170571300000000000e+07
2.141260700000000000e+07
2.111793100000000000e+07
2.084457800000000000e+07
2.056721200000000000e+07
2.031402800000000000e+07
1.968694900000000000e+07
1.910030400000000000e+07
1.855048000000000000e+07
1.804210000000000000e+07
1.754866700000000000e+07
1.706503900000000000e+07
1.664995300000000000e+07
1.623100900000000000e+07
1.582939400000000000e+07
1.546548800000000000e+07
2.367607600000000000e+07
2.331729500000000000e+07
2.297436000000000000e+07
2.263292100000000000e+07
2.230423100000000000e+07
2.200847400000000000e+07
2.170182700000000000e+07
2.141067900000000000e+07
2.111832500000000000e+07
2.084465700000000000e+07
2.056780600000000000e+07
2.031430900000000000e+07
2.007269400000000000e+07
1.945280700000000000e+07
1.887181000000000000e+07
1.833603800000000000e+07
1.783177800000000000e+07
1.734431800000000000e+07
1.691017500000000000e+07
1.647697500000000000e+07
1.606357900000000000e+07
1.569282400000000000e+07
1.532111600000000000e+07
2.297287200000000000e+07
2.263287800000000000e+07
2.230176800000000000e+07
2.200523200000000000e+07
2.170328500000000000e+07
2.141039300000000000e+07
2.112040700000000000e+07
2.084490000000000000e+07
2.056883500000000000e+07
2.031486200000000000e+07
2.007298000000000000e+07
1.980813100000000000e+07
1.921868900000000000e+07
1.866477200000000000e+07
1.813452400000000000e+07
1.764525200000000000e+07
1.718050500000000000e+07
1.672086000000000000e+07
1.632298300000000000e+07
1.591378200000000000e+07
1.555480600000000000e+07
1.518309000000000000e+07
2.230082300000000000e+07
2.200419100000000000e+07
2.170329600000000000e+07
2.141064700000000000e+07
2.112360500000000000e+07
2.084547300000000000e+07
2.057034300000000000e+07
2.031429200000000000e+07
2.007391000000000000e+07
1.981246300000000000e+07
1.957364500000000000e+07
1.899409000000000000e+07
1.844908900000000000e+07
1.794501500000000000e+07
1.744785200000000000e+07
1.700031000000000000e+07
1.658843800000000000e+07
1.615942600000000000e+07
1.577148700000000000e+07
1.539461200000000000e+07
1.504996000000000000e+07
2.170377100000000000e+07
2.141113900000000000e+07
2.112659400000000000e+07
2.084652900000000000e+07
2.057204200000000000e+07
2.031484500000000000e+07
2.007447100000000000e+07
1.981666600000000000e+07
1.957681500000000000e+07
1.934271700000000000e+07
1.878645800000000000e+07
1.824595900000000000e+07
1.775104700000000000e+07
1.728482700000000000e+07
1.684034800000000000e+07
1.643041600000000000e+07
1.600424400000000000e+07
1.562347500000000000e+07
1.527282200000000000e+07
1.492827300000000000e+07
2.112876500000000000e+07
2.084711700000000000e+07
2.057316800000000000e+07
2.031531900000000000e+07
2.007451400000000000e+07
1.982021400000000000e+07
1.957951700000000000e+07
1.934451700000000000e+07
1.911682700000000000e+07
1.856680300000000000e+07
1.806315800000000000e+07
1.757063200000000000e+07
1.709816700000000000e+07
1.667497000000000000e+07
1.625739100000000000e+07
1.586065000000000000e+07
1.548828600000000000e+07
1.513798100000000000e+07
1.478296600000000000e+07
2.057381700000000000e+07
2.031503800000000000e+07
2.007405400000000000e+07
1.982326100000000000e+07
1.958164700000000000e+07
1.934595600000000000e+07
1.911830600000000000e+07
1.889533800000000000e+07
1.836271100000000000e+07
1.785538900000000000e+07
1.737768100000000000e+07
1.693706300000000000e+07
1.650284600000000000e+07
1.609252800000000000e+07
1.572179900000000000e+07
1.534884700000000000e+07
1.500110300000000000e+07
1.467216600000000000e+07
2.007292100000000000e+07
1.982567400000000000e+07
1.958329100000000000e+07
1.934656200000000000e+07
1.911903200000000000e+07
1.889773900000000000e+07
1.867704300000000000e+07
1.815776400000000000e+07
1.766993500000000000e+07
1.720284600000000000e+07
1.675266000000000000e+07
1.635265400000000000e+07
1.594360100000000000e+07
1.558074100000000000e+07
1.521044300000000000e+07
1.486455400000000000e+07
1.453402700000000000e+07
1.958420400000000000e+07
1.934669800000000000e+07
1.911917600000000000e+07
1.889971600000000000e+07
1.867783400000000000e+07
1.846566900000000000e+07
1.796805000000000000e+07
1.747257100000000000e+07
1.702290100000000000e+07
1.661517400000000000e+07
1.618567300000000000e+07
1.579175100000000000e+07
1.542369600000000000e+07
1.507726800000000000e+07
1.474669100000000000e+07
1.442666600000000000e+07
1.911842900000000000e+07
1.890082100000000000e+07
1.867881900000000000e+07
1.846731500000000000e+07
1.826444500000000000e+07
1.776742400000000000e+07
1.730068700000000000e+07
1.686626000000000000e+07
1.645693700000000000e+07
1.603067400000000000e+07
1.564684600000000000e+07
1.529921800000000000e+07
1.495180200000000000e+07
1.461748400000000000e+07
1.429618600000000000e+07
1.867984600000000000e+07
1.847096400000000000e+07
1.826550200000000000e+07
1.807199700000000000e+07
1.758176300000000000e+07
1.712015500000000000e+07
1.669381400000000000e+07
1.627804500000000000e+07
1.587828200000000000e+07
1.550728800000000000e+07
1.516106900000000000e+07
1.481072900000000000e+07
1.448633800000000000e+07
1.417665000000000000e+07
1.826593100000000000e+07
1.807264800000000000e+07
1.786977000000000000e+07
1.738717900000000000e+07
1.694974300000000000e+07
1.651719700000000000e+07
1.612124700000000000e+07
1.574306600000000000e+07
1.537040100000000000e+07
1.502426000000000000e+07
1.469657500000000000e+07
1.435782900000000000e+07
1.405933000000000000e+07
1.786994200000000000e+07
1.768215200000000000e+07
1.721080300000000000e+07
1.676989400000000000e+07
1.636741900000000000e+07
1.596637900000000000e+07
1.559834600000000000e+07
1.523002400000000000e+07
1.487741400000000000e+07
1.455457900000000000e+07
1.424038600000000000e+07
1.394089200000000000e+07
1.747722900000000000e+07
1.703635800000000000e+07
1.662581300000000000e+07
1.619858500000000000e+07
1.580618000000000000e+07
1.545456400000000000e+07
1.509919600000000000e+07
1.476284700000000000e+07
1.444339200000000000e+07
1.413719600000000000e+07
1.384918200000000000e+07
1.662641000000000000e+07
1.620103200000000000e+07
1.581160600000000000e+07
1.545988600000000000e+07
1.510710200000000000e+07
1.476696700000000000e+07
1.444575500000000000e+07
1.414230800000000000e+07
1.385611500000000000e+07
1.354441200000000000e+07
1.581348100000000000e+07
1.546237400000000000e+07
1.511244000000000000e+07
1.476869100000000000e+07
1.445710400000000000e+07
1.414547600000000000e+07
1.386118800000000000e+07
1.355838700000000000e+07
1.331784800000000000e+07
1.511508000000000000e+07
1.475899700000000000e+07
1.445905100000000000e+07
1.414743400000000000e+07
1.386443800000000000e+07
1.356233800000000000e+07
1.332013200000000000e+07
1.304065100000000000e+07
1.445968500000000000e+07
1.414748000000000000e+07
1.386541200000000000e+07
1.356998500000000000e+07
1.332143100000000000e+07
1.304441200000000000e+07
1.278657900000000000e+07
1.386495000000000000e+07
1.357472700000000000e+07
1.330782900000000000e+07
1.304645700000000000e+07
1.279029700000000000e+07
1.256516300000000000e+07
1.330741000000000000e+07
1.305982900000000000e+07
1.279266600000000000e+07
1.256810000000000000e+07
1.233120400000000000e+07
1.279192100000000000e+07
1.256935400000000000e+07
1.233393700000000000e+07
1.211215000000000000e+07
1.233637200000000000e+07
1.211220500000000000e+07
1.187948900000000000e+07
1.187951400000000000e+07
1.167837900000000000e+07
1.148714400000000000e+07
