2.743383100000000000e+07
2.683635100000000000e+07
2.631252100000000000e+07
2.583600100000000000e+07
2.538194200000000000e+07
2.455327600000000000e+07
2.379209700000000000e+07
2.307844100000000000e+07
2.240201600000000000e+07
2.176384700000000000e+07
2.114484100000000000e+07
2.056522500000000000e+07
2.000548000000000000e+07
1.945583800000000000e+07
1.893464000000000000e+07
1.842151100000000000e+07
1.794292100000000000e+07
1.746027600000000000e+07
1.700565600000000000e+07
1.655557000000000000e+07
1.549887800000000000e+07
1.450328500000000000e+07
1.358590300000000000e+07
1.282489800000000000e+07
1.216026800000000000e+07
1.157022200000000000e+07
1.103440900000000000e+07
1.053854900000000000e+07
1.010166900000000000e+07
9.673669000000000000e+06
8.941216000000000000e+06
8.327673000000000000e+06
7.766400000000000000e+06
7.314294000000000000e+06
6.952335000000000000e+06
6.670137000000000000e+06
6.360454000000000000e+06
6.156146000000000000e+06
5.899210000000000000e+06
5.749687000000000000e+06
2.627805300000000000e+07
2.578292600000000000e+07
2.532104200000000000e+07
2.488884200000000000e+07
2.409588900000000000e+07
2.335514500000000000e+07
2.266652100000000000e+07
2.201351200000000000e+07
2.139078100000000000e+07
2.079335400000000000e+07
2.021682200000000000e+07
1.967279400000000000e+07
1.914028000000000000e+07
1.863041100000000000e+07
1.813003700000000000e+07
1.765785400000000000e+07
1.719339200000000000e+07
1.674214400000000000e+07
1.629824200000000000e+07
1.525388600000000000e+07
1.428622500000000000e+07
1.339200100000000000e+07
1.263894200000000000e+07
1.198060400000000000e+07
1.139409300000000000e+07
1.087575800000000000e+07
1.038755000000000000e+07
9.953224000000000000e+06
9.534794000000000000e+06
8.828267000000000000e+06
8.225135000000000000e+06
7.678246000000000000e+06
7.225509000000000000e+06
6.883671000000000000e+06
6.604508000000000000e+06
6.298754000000000000e+06
6.044254000000000000e+06
5.825567000000000000e+06
5.636666000000000000e+06
2.530382600000000000e+07
2.486048700000000000e+07
2.444588300000000000e+07
2.367758100000000000e+07
2.296487000000000000e+07
2.229036600000000000e+07
2.165568700000000000e+07
2.104064900000000000e+07
2.046441400000000000e+07
1.990832200000000000e+07
1.936040300000000000e+07
1.884265300000000000e+07
1.833530100000000000e+07
1.785871100000000000e+07
1.738211600000000000e+07
1.692999400000000000e+07
1.648551600000000000e+07
1.605329400000000000e+07
1.503771100000000000e+07
1.405408800000000000e+07
1.319462200000000000e+07
1.245739400000000000e+07
1.181458000000000000e+07
1.124471900000000000e+07
1.072599200000000000e+07
1.025030100000000000e+07
9.820486000000000000e+06
9.426556000000000000e+06
8.706188000000000000e+06
8.104957000000000000e+06
7.584095000000000000e+06
7.157929000000000000e+06
6.797527000000000000e+06
6.512136000000000000e+06
6.254619000000000000e+06
6.058868000000000000e+06
5.825118000000000000e+06
5.585278000000000000e+06
2.443446000000000000e+07
2.403705000000000000e+07
2.328736600000000000e+07
2.259204300000000000e+07
2.193987900000000000e+07
2.131600600000000000e+07
2.072004900000000000e+07
2.014822400000000000e+07
1.960535800000000000e+07
1.907571000000000000e+07
1.856766100000000000e+07
1.807076200000000000e+07
1.760071000000000000e+07
1.713938300000000000e+07
1.669080100000000000e+07
1.624919300000000000e+07
1.582771500000000000e+07
1.481377400000000000e+07
1.387108500000000000e+07
1.301407900000000000e+07
1.228022100000000000e+07
1.164303100000000000e+07
1.110011700000000000e+07
1.057160600000000000e+07
1.011263100000000000e+07
9.692529000000000000e+06
9.286595000000000000e+06
8.612753000000000000e+06
8.018615000000000000e+06
7.502265000000000000e+06
7.075428000000000000e+06
6.703065000000000000e+06
6.471455000000000000e+06
6.146321000000000000e+06
5.922969000000000000e+06
5.763700000000000000e+06
5.583863000000000000e+06
2.364683500000000000e+07
2.292162400000000000e+07
2.224119000000000000e+07
2.160340700000000000e+07
2.098911500000000000e+07
2.041247300000000000e+07
1.985701300000000000e+07
1.930896000000000000e+07
1.879341500000000000e+07
1.829068900000000000e+07
1.781522200000000000e+07
1.734143400000000000e+07
1.689097300000000000e+07
1.644947500000000000e+07
1.601894800000000000e+07
1.560506100000000000e+07
1.461841400000000000e+07
1.368082300000000000e+07
1.282896900000000000e+07
1.211806500000000000e+07
1.149076200000000000e+07
1.093397900000000000e+07
1.043085700000000000e+07
9.996917000000000000e+06
9.559812000000000000e+06
9.203663000000000000e+06
8.506375000000000000e+06
7.905926000000000000e+06
7.417448000000000000e+06
7.022615000000000000e+06
6.640393000000000000e+06
6.405912000000000000e+06
6.095630000000000000e+06
5.910743000000000000e+06
5.709227000000000000e+06
5.413280000000000000e+06
2.222702500000000000e+07
2.158078900000000000e+07
2.096397500000000000e+07
2.038390400000000000e+07
1.982822500000000000e+07
1.928029100000000000e+07
1.876602600000000000e+07
1.826483200000000000e+07
1.778920600000000000e+07
1.731803800000000000e+07
1.686839100000000000e+07
1.642895300000000000e+07
1.599882000000000000e+07
1.558714200000000000e+07
1.518028800000000000e+07
1.422450500000000000e+07
1.332328100000000000e+07
1.248903300000000000e+07
1.179050900000000000e+07
1.119055000000000000e+07
1.066249100000000000e+07
1.017233500000000000e+07
9.735455000000000000e+06
9.319309000000000000e+06
8.951680000000000000e+06
8.313975000000000000e+06
7.750048000000000000e+06
7.219708000000000000e+06
6.848418000000000000e+06
6.477717000000000000e+06
6.255730000000000000e+06
6.026413000000000000e+06
5.858509000000000000e+06
5.633942000000000000e+06
5.429652000000000000e+06
2.095661700000000000e+07
2.037051300000000000e+07
1.981268800000000000e+07
1.926399900000000000e+07
1.875019500000000000e+07
1.824981800000000000e+07
1.777350900000000000e+07
1.730419400000000000e+07
1.685422100000000000e+07
1.641652900000000000e+07
1.598978000000000000e+07
1.557639000000000000e+07
1.517016500000000000e+07
1.477268900000000000e+07
1.384303200000000000e+07
1.297056000000000000e+07
1.215478300000000000e+07
1.148143900000000000e+07
1.091917700000000000e+07
1.038413500000000000e+07
9.915660000000000000e+06
9.496697000000000000e+06
9.090483000000000000e+06
8.743419000000000000e+06
8.092242000000000000e+06
7.554021000000000000e+06
7.079477000000000000e+06
6.719752000000000000e+06
6.395770000000000000e+06
6.110126000000000000e+06
5.887835000000000000e+06
5.671724000000000000e+06
5.554954000000000000e+06
5.333617000000000000e+06
1.980718700000000000e+07
1.925743700000000000e+07
1.874410700000000000e+07
1.824195200000000000e+07
1.776341800000000000e+07
1.729556100000000000e+07
1.684548400000000000e+07
1.640940700000000000e+07
1.598205900000000000e+07
1.556943500000000000e+07
1.516451200000000000e+07
1.476485000000000000e+07
1.439663900000000000e+07
1.348063700000000000e+07
1.262358200000000000e+07
1.184080900000000000e+07
1.119410200000000000e+07
1.063013800000000000e+07
1.012367400000000000e+07
9.683224000000000000e+06
9.254915000000000000e+06
8.900724000000000000e+06
8.530882000000000000e+06
7.930387000000000000e+06
7.387245000000000000e+06
6.898804000000000000e+06
6.559922000000000000e+06
6.251143000000000000e+06
6.010507000000000000e+06
5.811266000000000000e+06
5.603838000000000000e+06
5.425732000000000000e+06
5.319126000000000000e+06
1.874049600000000000e+07
1.823865800000000000e+07
1.775773700000000000e+07
1.729077600000000000e+07
1.684182600000000000e+07
1.640479900000000000e+07
1.597614200000000000e+07
1.556438800000000000e+07
1.516110300000000000e+07
1.476061600000000000e+07
1.439412200000000000e+07
1.401622600000000000e+07
1.313836800000000000e+07
1.230212300000000000e+07
1.153098200000000000e+07
1.090361800000000000e+07
1.036519700000000000e+07
9.870521000000000000e+06
9.434726000000000000e+06
9.036979000000000000e+06
8.677461000000000000e+06
8.339355000000000000e+06
7.735686000000000000e+06
7.230694000000000000e+06
6.756177000000000000e+06
6.397099000000000000e+06
6.170185000000000000e+06
5.912006000000000000e+06
5.699098000000000000e+06
5.556276000000000000e+06
5.308032000000000000e+06
5.230539000000000000e+06
1.775560700000000000e+07
1.728993100000000000e+07
1.683960000000000000e+07
1.640204200000000000e+07
1.597274200000000000e+07
1.556080700000000000e+07
1.515973200000000000e+07
1.475830200000000000e+07
1.439302300000000000e+07
1.401649700000000000e+07
1.365731400000000000e+07
1.279983200000000000e+07
1.198974500000000000e+07
1.123512500000000000e+07
1.062032300000000000e+07
1.009194300000000000e+07
9.639164000000000000e+06
9.199735000000000000e+06
8.831685000000000000e+06
8.459496000000000000e+06
8.144362000000000000e+06
7.558637000000000000e+06
7.081066000000000000e+06
6.646001000000000000e+06
6.310100000000000000e+06
6.068661000000000000e+06
5.791870000000000000e+06
5.609954000000000000e+06
5.456554000000000000e+06
5.268382000000000000e+06
5.133010000000000000e+06
1.683951400000000000e+07
1.640065400000000000e+07
1.597134000000000000e+07
1.555911600000000000e+07
1.515902100000000000e+07
1.475828800000000000e+07
1.439283100000000000e+07
1.401740400000000000e+07
1.365798600000000000e+07
1.331148000000000000e+07
1.247429300000000000e+07
1.167485400000000000e+07
1.094506600000000000e+07
1.035563700000000000e+07
9.843003000000000000e+06
9.388915000000000000e+06
8.972453000000000000e+06
8.596878000000000000e+06
8.268540000000000000e+06
7.961197000000000000e+06
7.408569000000000000e+06
6.904331000000000000e+06
6.500826000000000000e+06
6.172138000000000000e+06
5.951677000000000000e+06
5.711787000000000000e+06
5.522527000000000000e+06
5.323227000000000000e+06
5.200331000000000000e+06
5.081771000000000000e+06
1.597082900000000000e+07
1.555813000000000000e+07
1.515898600000000000e+07
1.475825900000000000e+07
1.439324500000000000e+07
1.401963200000000000e+07
1.365902300000000000e+07
1.331265000000000000e+07
1.297105700000000000e+07
1.215105300000000000e+07
1.137190700000000000e+07
1.066969600000000000e+07
1.009055600000000000e+07
9.589477000000000000e+06
9.154780000000000000e+06
8.755724000000000000e+06
8.396362000000000000e+06
8.078321000000000000e+06
7.769526000000000000e+06
7.225392000000000000e+06
6.764417000000000000e+06
6.353160000000000000e+06
6.065907000000000000e+06
5.778819000000000000e+06
5.590791000000000000e+06
5.403876000000000000e+06
5.270659000000000000e+06
5.074014000000000000e+06
4.972204000000000000e+06
1.515895800000000000e+07
1.475854200000000000e+07
1.439363900000000000e+07
1.402239100000000000e+07
1.366040900000000000e+07
1.331364800000000000e+07
1.297226900000000000e+07
1.263130500000000000e+07
1.184199500000000000e+07
1.108720600000000000e+07
1.039423300000000000e+07
9.829933000000000000e+06
9.355688000000000000e+06
8.930571000000000000e+06
8.558958000000000000e+06
8.192021000000000000e+06
7.886844000000000000e+06
7.597305000000000000e+06
7.063452000000000000e+06
6.594956000000000000e+06
6.215356000000000000e+06
5.916273000000000000e+06
5.721827000000000000e+06
5.512358000000000000e+06
5.367921000000000000e+06
5.190659000000000000e+06
5.066763000000000000e+06
4.950062000000000000e+06
1.439292900000000000e+07
1.402579400000000000e+07
1.366144100000000000e+07
1.331409300000000000e+07
1.297301900000000000e+07
1.263230300000000000e+07
1.231252800000000000e+07
1.153642100000000000e+07
1.079940700000000000e+07
1.012274800000000000e+07
9.575766000000000000e+06
9.113513000000000000e+06
8.704261000000000000e+06
8.340383000000000000e+06
8.001964000000000000e+06
7.698365000000000000e+06
7.422493000000000000e+06
6.913842000000000000e+06
6.458411000000000000e+06
6.082065000000000000e+06
5.824678000000000000e+06
5.598952000000000000e+06
5.418711000000000000e+06
5.251192000000000000e+06
5.027844000000000000e+06
4.999081000000000000e+06
4.826691000000000000e+06
1.366249500000000000e+07
1.331445500000000000e+07
1.297376500000000000e+07
1.263353700000000000e+07
1.231360600000000000e+07
1.200279200000000000e+07
1.123950800000000000e+07
1.052213800000000000e+07
9.853905000000000000e+06
9.342708000000000000e+06
8.885113000000000000e+06
8.493936000000000000e+06
8.129039000000000000e+06
7.807950000000000000e+06
7.524323000000000000e+06
7.233453000000000000e+06
6.767732000000000000e+06
6.344803000000000000e+06
5.935466000000000000e+06
5.702310000000000000e+06
5.477753000000000000e+06
5.292767000000000000e+06
5.166354000000000000e+06
4.993870000000000000e+06
4.914732000000000000e+06
4.789186000000000000e+06
1.297403400000000000e+07
1.263420200000000000e+07
1.231431800000000000e+07
1.200352900000000000e+07
1.169351600000000000e+07
1.094980700000000000e+07
1.023956000000000000e+07
9.597086000000000000e+06
9.086533000000000000e+06
8.655050000000000000e+06
8.268307000000000000e+06
7.943013000000000000e+06
7.628662000000000000e+06
7.348834000000000000e+06
7.087364000000000000e+06
6.601349000000000000e+06
6.204954000000000000e+06
5.817208000000000000e+06
5.631776000000000000e+06
5.381809000000000000e+06
5.223391000000000000e+06
5.081092000000000000e+06
5.020757000000000000e+06
4.857981000000000000e+06
4.781607000000000000e+06
1.231431500000000000e+07
1.200365200000000000e+07
1.169416000000000000e+07
1.138781200000000000e+07
1.066799500000000000e+07
9.980197000000000000e+06
9.337276000000000000e+06
8.858746000000000000e+06
8.435226000000000000e+06
8.072383000000000000e+06
7.748021000000000000e+06
7.448243000000000000e+06
7.180696000000000000e+06
6.912557000000000000e+06
6.462697000000000000e+06
6.065139000000000000e+06
5.712917000000000000e+06
5.498458000000000000e+06
5.287208000000000000e+06
5.169184000000000000e+06
5.025509000000000000e+06
4.864745000000000000e+06
4.805895000000000000e+06
4.671563000000000000e+06
1.169449200000000000e+07
1.138896400000000000e+07
1.109814900000000000e+07
1.039206800000000000e+07
9.712399000000000000e+06
9.098518000000000000e+06
8.633865000000000000e+06
8.224998000000000000e+06
7.866527000000000000e+06
7.557484000000000000e+06
7.276084000000000000e+06
7.000043000000000000e+06
6.756418000000000000e+06
6.319976000000000000e+06
5.933178000000000000e+06
5.596575000000000000e+06
5.418903000000000000e+06
5.211757000000000000e+06
5.034303000000000000e+06
4.910396000000000000e+06
4.884414000000000000e+06
4.744639000000000000e+06
4.656107000000000000e+06
1.109831300000000000e+07
1.081176900000000000e+07
1.010907700000000000e+07
9.461120000000000000e+06
8.850170000000000000e+06
8.405714000000000000e+06
8.016150000000000000e+06
7.679475000000000000e+06
7.368037000000000000e+06
7.104086000000000000e+06
6.833402000000000000e+06
6.604061000000000000e+06
6.171124000000000000e+06
5.813758000000000000e+06
5.481246000000000000e+06
5.305445000000000000e+06
5.079143000000000000e+06
4.954576000000000000e+06
4.805540000000000000e+06
4.806043000000000000e+06
4.615197000000000000e+06
4.556207000000000000e+06
1.053120700000000000e+07
9.851048000000000000e+06
9.217328000000000000e+06
8.620244000000000000e+06
8.181149000000000000e+06
7.824019000000000000e+06
7.483734000000000000e+06
7.199710000000000000e+06
6.926536000000000000e+06
6.687235000000000000e+06
6.461931000000000000e+06
6.059470000000000000e+06
5.681516000000000000e+06
5.391725000000000000e+06
5.158936000000000000e+06
5.014295000000000000e+06
4.865478000000000000e+06
4.742557000000000000e+06
4.653797000000000000e+06
4.634353000000000000e+06
4.470818000000000000e+06
9.219778000000000000e+06
8.602959000000000000e+06
8.039047000000000000e+06
7.668974000000000000e+06
7.326341000000000000e+06
7.044012000000000000e+06
6.775340000000000000e+06
6.543451000000000000e+06
6.322381000000000000e+06
6.098463000000000000e+06
5.736078000000000000e+06
5.394858000000000000e+06
5.106766000000000000e+06
4.931958000000000000e+06
4.760312000000000000e+06
4.745831000000000000e+06
4.584514000000000000e+06
4.511447000000000000e+06
4.489960000000000000e+06
4.408957000000000000e+06
8.013153000000000000e+06
7.521788000000000000e+06
7.174533000000000000e+06
6.899478000000000000e+06
6.649822000000000000e+06
6.415135000000000000e+06
6.198565000000000000e+06
5.993552000000000000e+06
5.819627000000000000e+06
5.459914000000000000e+06
5.177160000000000000e+06
4.915504000000000000e+06
4.752299000000000000e+06
4.623809000000000000e+06
4.556001000000000000e+06
4.457029000000000000e+06
4.419971000000000000e+06
4.321483000000000000e+06
4.328280000000000000e+06
7.087019000000000000e+06
6.823505000000000000e+06
6.580739000000000000e+06
6.351747000000000000e+06
6.134752000000000000e+06
5.932441000000000000e+06
5.758838000000000000e+06
5.568606000000000000e+06
5.250953000000000000e+06
4.950336000000000000e+06
4.724174000000000000e+06
4.577614000000000000e+06
4.532044000000000000e+06
4.373634000000000000e+06
4.325750000000000000e+06
4.379418000000000000e+06
4.297593000000000000e+06
4.236757000000000000e+06
6.576893000000000000e+06
6.342270000000000000e+06
6.121622000000000000e+06
5.922964000000000000e+06
5.740172000000000000e+06
5.550306000000000000e+06
5.385650000000000000e+06
5.097738000000000000e+06
4.811731000000000000e+06
4.584572000000000000e+06
4.441546000000000000e+06
4.345434000000000000e+06
4.277885000000000000e+06
4.261759000000000000e+06
4.229248000000000000e+06
4.265589000000000000e+06
4.114097000000000000e+06
6.117531000000000000e+06
5.918607000000000000e+06
5.728962000000000000e+06
5.539096000000000000e+06
5.373463000000000000e+06
5.211497000000000000e+06
4.915124000000000000e+06
4.667663000000000000e+06
4.469530000000000000e+06
4.357511000000000000e+06
4.242346000000000000e+06
4.222508000000000000e+06
4.230066000000000000e+06
4.180753000000000000e+06
4.173764000000000000e+06
4.124314000000000000e+06
5.724711000000000000e+06
5.547292000000000000e+06
5.367937000000000000e+06
5.202264000000000000e+06
5.051288000000000000e+06
4.781285000000000000e+06
4.547872000000000000e+06
4.303187000000000000e+06
4.204484000000000000e+06
4.175526000000000000e+06
4.114871000000000000e+06
4.191857000000000000e+06
4.127550000000000000e+06
4.009878000000000000e+06
4.082650000000000000e+06
5.368398000000000000e+06
5.198243000000000000e+06
5.045061000000000000e+06
4.911428000000000000e+06
4.638156000000000000e+06
4.412230000000000000e+06
4.216813000000000000e+06
4.077635000000000000e+06
4.046959000000000000e+06
4.112528000000000000e+06
4.084158000000000000e+06
4.163988000000000000e+06
4.068162000000000000e+06
4.054620000000000000e+06
5.043285000000000000e+06
4.909180000000000000e+06
4.778156000000000000e+06
4.529163000000000000e+06
4.298191000000000000e+06
4.103856000000000000e+06
4.021961000000000000e+06
4.016756000000000000e+06
4.012882000000000000e+06
3.991082000000000000e+06
3.998908000000000000e+06
4.032915000000000000e+06
3.990843000000000000e+06
4.774961000000000000e+06
4.643004000000000000e+06
4.414775000000000000e+06
4.198676000000000000e+06
4.025866000000000000e+06
3.956860000000000000e+06
3.895111000000000000e+06
3.984686000000000000e+06
4.069002000000000000e+06
3.936113000000000000e+06
3.931053000000000000e+06
3.995366000000000000e+06
4.523752000000000000e+06
4.290167000000000000e+06
4.095060000000000000e+06
3.928599000000000000e+06
3.884630000000000000e+06
3.848339000000000000e+06
3.888329000000000000e+06
3.907865000000000000e+06
3.978787000000000000e+06
3.960724000000000000e+06
3.881216000000000000e+06
4.091752000000000000e+06
3.900951000000000000e+06
3.750023000000000000e+06
3.747637000000000000e+06
3.796705000000000000e+06
3.837034000000000000e+06
3.897417000000000000e+06
3.862658000000000000e+06
3.865281000000000000e+06
3.792615000000000000e+06
3.730803000000000000e+06
3.620875000000000000e+06
3.674317000000000000e+06
3.691683000000000000e+06
3.740262000000000000e+06
3.685391000000000000e+06
3.839162000000000000e+06
3.699847000000000000e+06
3.901817000000000000e+06
3.611566000000000000e+06
3.670975000000000000e+06
3.688968000000000000e+06
3.721334000000000000e+06
3.727538000000000000e+06
3.668750000000000000e+06
3.939329000000000000e+06
3.812582000000000000e+06
3.680338000000000000e+06
3.746618000000000000e+06
3.649496000000000000e+06
3.817357000000000000e+06
3.797276000000000000e+06
3.771397000000000000e+06
3.929442000000000000e+06
3.719092000000000000e+06
3.772971000000000000e+06
3.785321000000000000e+06
3.836548000000000000e+06
3.857061000000000000e+06
3.943356000000000000e+06
3.802665000000000000e+06
3.815245000000000000e+06
3.851249000000000000e+06
3.865774000000000000e+06
3.816475000000000000e+06
3.902334000000000000e+06
3.869353000000000000e+06
3.878190000000000000e+06
3.934912000000000000e+06
3.876027000000000000e+06
3.907282000000000000e+06
3.932045000000000000e+06
3.959143000000000000e+06
4.136213000000000000e+06
3.966829000000000000e+06
