2.190000000000000000e+02
3.140000000000000000e+02
3.890000000000000000e+02
4.530000000000000000e+02
5.100000000000000000e+02
5.620000000000000000e+02
6.110000000000000000e+02
6.570000000000000000e+02
7.010000000000000000e+02
7.440000000000000000e+02
8.430000000000000000e+02
9.310000000000000000e+02
1.008000000000000000e+03
1.074000000000000000e+03
1.136000000000000000e+03
1.215000000000000000e+03
1.368000000000000000e+03
1.519000000000000000e+03
1.668000000000000000e+03
1.815000000000000000e+03
1.962000000000000000e+03
2.109000000000000000e+03
2.256000000000000000e+03
2.404000000000000000e+03
2.551000000000000000e+03
2.700000000000000000e+03
2.849000000000000000e+03
2.999000000000000000e+03
3.149000000000000000e+03
3.301000000000000000e+03
3.453000000000000000e+03
3.760000000000000000e+03
4.071000000000000000e+03
4.385000000000000000e+03
4.704000000000000000e+03
5.025000000000000000e+03
5.351000000000000000e+03
5.679000000000000000e+03
6.013000000000000000e+03
1.820616000000000000e+06
4.806105000000000000e+06
8.756787000000000000e+06
1.151367800000000000e+07
1.406087900000000000e+07
1.530619000000000000e+07
1.530533500000000000e+07
1.530909600000000000e+07
1.531015000000000000e+07
1.530753200000000000e+07
1.530908400000000000e+07
1.531031800000000000e+07
1.531122000000000000e+07
1.530788800000000000e+07
1.530946100000000000e+07
1.531071300000000000e+07
1.530969200000000000e+07
1.530723800000000000e+07
1.530986700000000000e+07
1.530519600000000000e+07
1.666768000000000000e+07
1.666587700000000000e+07
1.530661700000000000e+07
1.666118600000000000e+07
1.666726700000000000e+07
1.666295400000000000e+07
1.666042000000000000e+07
1.666118300000000000e+07
1.666768000000000000e+07
1.666768000000000000e+07
1.666227700000000000e+07
1.666768000000000000e+07
3.150000000000000000e+02
3.890000000000000000e+02
4.530000000000000000e+02
5.100000000000000000e+02
5.620000000000000000e+02
6.110000000000000000e+02
6.570000000000000000e+02
7.020000000000000000e+02
7.440000000000000000e+02
8.420000000000000000e+02
9.280000000000000000e+02
1.003000000000000000e+03
1.068000000000000000e+03
1.140000000000000000e+03
1.218000000000000000e+03
1.373000000000000000e+03
1.523000000000000000e+03
1.671000000000000000e+03
1.818000000000000000e+03
1.966000000000000000e+03
2.113000000000000000e+03
2.260000000000000000e+03
2.407000000000000000e+03
2.555000000000000000e+03
2.703000000000000000e+03
2.852000000000000000e+03
3.002000000000000000e+03
3.153000000000000000e+03
3.304000000000000000e+03
3.456000000000000000e+03
3.764000000000000000e+03
4.074000000000000000e+03
4.389000000000000000e+03
4.707000000000000000e+03
5.029000000000000000e+03
5.355000000000000000e+03
5.683000000000000000e+03
6.016000000000000000e+03
1.507601000000000000e+06
4.630569000000000000e+06
8.692239000000000000e+06
1.149780200000000000e+07
1.410543500000000000e+07
1.530977800000000000e+07
1.530535800000000000e+07
1.530886800000000000e+07
1.530936500000000000e+07
1.530919200000000000e+07
1.530934200000000000e+07
1.531119400000000000e+07
1.530713100000000000e+07
1.531021200000000000e+07
1.530656500000000000e+07
1.530890100000000000e+07
1.530607400000000000e+07
1.530760200000000000e+07
1.530802700000000000e+07
1.531233000000000000e+07
1.531010900000000000e+07
1.666728700000000000e+07
1.666279600000000000e+07
1.666642900000000000e+07
1.666768000000000000e+07
1.666184000000000000e+07
1.666749100000000000e+07
1.666533700000000000e+07
1.666768000000000000e+07
1.666768000000000000e+07
1.666768000000000000e+07
1.665914900000000000e+07
3.890000000000000000e+02
4.530000000000000000e+02
5.100000000000000000e+02
5.620000000000000000e+02
6.110000000000000000e+02
6.570000000000000000e+02
7.010000000000000000e+02
7.440000000000000000e+02
8.400000000000000000e+02
9.250000000000000000e+02
9.990000000000000000e+02
1.064000000000000000e+03
1.144000000000000000e+03
1.223000000000000000e+03
1.376000000000000000e+03
1.526000000000000000e+03
1.675000000000000000e+03
1.823000000000000000e+03
1.969000000000000000e+03
2.116000000000000000e+03
2.263000000000000000e+03
2.411000000000000000e+03
2.558000000000000000e+03
2.707000000000000000e+03
2.856000000000000000e+03
3.005000000000000000e+03
3.156000000000000000e+03
3.308000000000000000e+03
3.460000000000000000e+03
3.767000000000000000e+03
4.078000000000000000e+03
4.392000000000000000e+03
4.710000000000000000e+03
5.033000000000000000e+03
5.358000000000000000e+03
5.687000000000000000e+03
6.019000000000000000e+03
1.352405200000000000e+07
4.486377000000000000e+06
8.610812000000000000e+06
1.148164400000000000e+07
1.413923700000000000e+07
1.530628500000000000e+07
1.530713900000000000e+07
1.530896800000000000e+07
1.530734500000000000e+07
1.530966700000000000e+07
1.530740700000000000e+07
1.530911400000000000e+07
1.530562000000000000e+07
1.530785500000000000e+07
1.531124900000000000e+07
1.531020300000000000e+07
1.530446300000000000e+07
1.530855000000000000e+07
1.531105000000000000e+07
1.530766700000000000e+07
1.531141700000000000e+07
1.666768000000000000e+07
1.666041400000000000e+07
1.666063500000000000e+07
1.666014500000000000e+07
1.666040800000000000e+07
1.666292200000000000e+07
1.666768000000000000e+07
1.666768000000000000e+07
1.666331300000000000e+07
1.666768000000000000e+07
1.666768000000000000e+07
4.530000000000000000e+02
5.100000000000000000e+02
5.620000000000000000e+02
6.110000000000000000e+02
6.570000000000000000e+02
7.010000000000000000e+02
7.430000000000000000e+02
8.380000000000000000e+02
9.220000000000000000e+02
9.940000000000000000e+02
1.068000000000000000e+03
1.148000000000000000e+03
1.226000000000000000e+03
1.380000000000000000e+03
1.530000000000000000e+03
1.679000000000000000e+03
1.826000000000000000e+03
1.973000000000000000e+03
2.120000000000000000e+03
2.267000000000000000e+03
2.414000000000000000e+03
2.562000000000000000e+03
2.710000000000000000e+03
2.859000000000000000e+03
3.008000000000000000e+03
3.159000000000000000e+03
3.311000000000000000e+03
3.463000000000000000e+03
3.771000000000000000e+03
4.081000000000000000e+03
4.396000000000000000e+03
4.714000000000000000e+03
5.036000000000000000e+03
5.362000000000000000e+03
5.690000000000000000e+03
6.023000000000000000e+03
7.756170000000000000e+05
4.338237000000000000e+06
8.531884000000000000e+06
1.146843000000000000e+07
1.417682200000000000e+07
1.530717800000000000e+07
1.531006000000000000e+07
1.530933000000000000e+07
1.530949300000000000e+07
1.530573300000000000e+07
1.530691600000000000e+07
1.531045800000000000e+07
1.531006700000000000e+07
1.530935100000000000e+07
1.530753800000000000e+07
1.530717700000000000e+07
1.530702200000000000e+07
1.531195300000000000e+07
1.530852900000000000e+07
1.531044300000000000e+07
1.666639200000000000e+07
1.666768000000000000e+07
1.666768000000000000e+07
1.666523800000000000e+07
1.666156000000000000e+07
1.666768000000000000e+07
1.666768000000000000e+07
1.666120100000000000e+07
1.666768000000000000e+07
1.666111800000000000e+07
1.666018000000000000e+07
1.666768000000000000e+07
5.100000000000000000e+02
5.620000000000000000e+02
6.110000000000000000e+02
6.570000000000000000e+02
7.010000000000000000e+02
7.420000000000000000e+02
8.360000000000000000e+02
9.190000000000000000e+02
9.910000000000000000e+02
1.072000000000000000e+03
1.152000000000000000e+03
1.230000000000000000e+03
1.383000000000000000e+03
1.534000000000000000e+03
1.682000000000000000e+03
1.829000000000000000e+03
1.976000000000000000e+03
2.123000000000000000e+03
2.270000000000000000e+03
2.417000000000000000e+03
2.565000000000000000e+03
2.713000000000000000e+03
2.862000000000000000e+03
3.012000000000000000e+03
3.162000000000000000e+03
3.314000000000000000e+03
3.466000000000000000e+03
3.773000000000000000e+03
4.084000000000000000e+03
4.399000000000000000e+03
4.717000000000000000e+03
5.039000000000000000e+03
5.365000000000000000e+03
5.694000000000000000e+03
6.027000000000000000e+03
7.746760000000000000e+05
4.218347000000000000e+06
8.435933000000000000e+06
1.143801900000000000e+07
1.419321800000000000e+07
1.530584900000000000e+07
1.530669200000000000e+07
1.530978400000000000e+07
1.530714900000000000e+07
1.530895300000000000e+07
1.530662500000000000e+07
1.531110400000000000e+07
1.530872700000000000e+07
1.530717000000000000e+07
1.530627500000000000e+07
1.530781700000000000e+07
1.530624500000000000e+07
1.530855700000000000e+07
1.531066000000000000e+07
1.666608400000000000e+07
1.531092900000000000e+07
1.531112400000000000e+07
1.666516800000000000e+07
1.665876100000000000e+07
1.666266000000000000e+07
1.666768000000000000e+07
1.666422000000000000e+07
1.666448400000000000e+07
1.666768000000000000e+07
1.666768000000000000e+07
1.666768000000000000e+07
1.666035700000000000e+07
5.630000000000000000e+02
6.110000000000000000e+02
6.570000000000000000e+02
7.000000000000000000e+02
7.410000000000000000e+02
8.350000000000000000e+02
9.160000000000000000e+02
9.940000000000000000e+02
1.076000000000000000e+03
1.156000000000000000e+03
1.234000000000000000e+03
1.387000000000000000e+03
1.537000000000000000e+03
1.685000000000000000e+03
1.833000000000000000e+03
1.979000000000000000e+03
2.126000000000000000e+03
2.273000000000000000e+03
2.420000000000000000e+03
2.568000000000000000e+03
2.716000000000000000e+03
2.866000000000000000e+03
3.015000000000000000e+03
3.166000000000000000e+03
3.317000000000000000e+03
3.469000000000000000e+03
3.777000000000000000e+03
4.087000000000000000e+03
4.402000000000000000e+03
4.721000000000000000e+03
5.042000000000000000e+03
5.368000000000000000e+03
5.698000000000000000e+03
6.031000000000000000e+03
4.820770000000000000e+05
4.094605000000000000e+06
8.319191000000000000e+06
1.140042500000000000e+07
1.421660900000000000e+07
1.530877700000000000e+07
1.530730400000000000e+07
1.530944000000000000e+07
1.530460100000000000e+07
1.530547500000000000e+07
1.530855500000000000e+07
1.530780800000000000e+07
1.530735400000000000e+07
1.530938600000000000e+07
1.530790100000000000e+07
1.530520900000000000e+07
1.530976500000000000e+07
1.530881900000000000e+07
1.531150100000000000e+07
1.531068200000000000e+07
1.530999900000000000e+07
1.531004200000000000e+07
1.666176300000000000e+07
1.666272100000000000e+07
1.666344600000000000e+07
1.666541400000000000e+07
1.666768000000000000e+07
1.666768000000000000e+07
1.666768000000000000e+07
1.666768000000000000e+07
1.666148200000000000e+07
1.666768000000000000e+07
6.120000000000000000e+02
6.570000000000000000e+02
7.000000000000000000e+02
7.410000000000000000e+02
8.340000000000000000e+02
9.150000000000000000e+02
9.980000000000000000e+02
1.079000000000000000e+03
1.159000000000000000e+03
1.237000000000000000e+03
1.390000000000000000e+03
1.540000000000000000e+03
1.689000000000000000e+03
1.835000000000000000e+03
1.983000000000000000e+03
2.129000000000000000e+03
2.276000000000000000e+03
2.424000000000000000e+03
2.571000000000000000e+03
2.720000000000000000e+03
2.868000000000000000e+03
3.018000000000000000e+03
3.169000000000000000e+03
3.320000000000000000e+03
3.472000000000000000e+03
3.780000000000000000e+03
4.091000000000000000e+03
4.405000000000000000e+03
4.724000000000000000e+03
5.046000000000000000e+03
5.372000000000000000e+03
5.701000000000000000e+03
6.033000000000000000e+03
6.371000000000000000e+03
3.986300000000000000e+06
8.218261000000000000e+06
1.135874500000000000e+07
1.424318300000000000e+07
1.530796400000000000e+07
1.530835500000000000e+07
1.530858500000000000e+07
1.530829900000000000e+07
1.530849800000000000e+07
1.531026300000000000e+07
1.530792600000000000e+07
1.531015300000000000e+07
1.530942500000000000e+07
1.531075000000000000e+07
1.530690000000000000e+07
1.530970900000000000e+07
1.531105300000000000e+07
1.530691600000000000e+07
1.666768000000000000e+07
1.666669300000000000e+07
1.531244900000000000e+07
1.530621100000000000e+07
1.530471500000000000e+07
1.666391700000000000e+07
1.666272900000000000e+07
1.666431100000000000e+07
1.666768000000000000e+07
1.666768000000000000e+07
1.666768000000000000e+07
1.666768000000000000e+07
1.666768000000000000e+07
6.580000000000000000e+02
7.010000000000000000e+02
7.410000000000000000e+02
8.340000000000000000e+02
9.170000000000000000e+02
1.001000000000000000e+03
1.082000000000000000e+03
1.162000000000000000e+03
1.240000000000000000e+03
1.394000000000000000e+03
1.543000000000000000e+03
1.691000000000000000e+03
1.839000000000000000e+03
1.986000000000000000e+03
2.132000000000000000e+03
2.279000000000000000e+03
2.426000000000000000e+03
2.574000000000000000e+03
2.722000000000000000e+03
2.872000000000000000e+03
3.021000000000000000e+03
3.172000000000000000e+03
3.323000000000000000e+03
3.475000000000000000e+03
3.783000000000000000e+03
4.094000000000000000e+03
4.408000000000000000e+03
4.727000000000000000e+03
5.049000000000000000e+03
5.375000000000000000e+03
5.704000000000000000e+03
6.037000000000000000e+03
6.374000000000000000e+03
3.887376000000000000e+06
8.073026000000000000e+06
1.130651900000000000e+07
1.425221800000000000e+07
1.530930200000000000e+07
1.530921200000000000e+07
1.530753800000000000e+07
1.530679000000000000e+07
1.531061800000000000e+07
1.531162600000000000e+07
1.530653700000000000e+07
1.530890100000000000e+07
1.530982800000000000e+07
1.530696200000000000e+07
1.530513100000000000e+07
1.530883700000000000e+07
1.530969100000000000e+07
1.531276100000000000e+07
1.530543200000000000e+07
1.666768000000000000e+07
1.531151800000000000e+07
1.530579300000000000e+07
1.665887600000000000e+07
1.666407100000000000e+07
1.665972300000000000e+07
1.666768000000000000e+07
1.666094800000000000e+07
1.666768000000000000e+07
1.666154300000000000e+07
1.666169200000000000e+07
1.666768000000000000e+07
7.020000000000000000e+02
7.420000000000000000e+02
8.350000000000000000e+02
9.210000000000000000e+02
1.005000000000000000e+03
1.086000000000000000e+03
1.166000000000000000e+03
1.244000000000000000e+03
1.397000000000000000e+03
1.547000000000000000e+03
1.695000000000000000e+03
1.842000000000000000e+03
1.989000000000000000e+03
2.135000000000000000e+03
2.282000000000000000e+03
2.429000000000000000e+03
2.577000000000000000e+03
2.725000000000000000e+03
2.874000000000000000e+03
3.024000000000000000e+03
3.175000000000000000e+03
3.326000000000000000e+03
3.478000000000000000e+03
3.786000000000000000e+03
4.097000000000000000e+03
4.412000000000000000e+03
4.730000000000000000e+03
5.052000000000000000e+03
5.378000000000000000e+03
5.708000000000000000e+03
6.041000000000000000e+03
6.377000000000000000e+03
3.797464000000000000e+06
7.930089000000000000e+06
1.125389400000000000e+07
1.424683000000000000e+07
1.530598600000000000e+07
1.530987500000000000e+07
1.530629800000000000e+07
1.530771300000000000e+07
1.530755100000000000e+07
1.530891900000000000e+07
1.530520100000000000e+07
1.530649700000000000e+07
1.530711700000000000e+07
1.530636700000000000e+07
1.530705200000000000e+07
1.531167000000000000e+07
1.530781100000000000e+07
1.530767500000000000e+07
1.666768000000000000e+07
1.531129400000000000e+07
1.531014400000000000e+07
1.666009900000000000e+07
1.666188000000000000e+07
1.666391000000000000e+07
1.530870400000000000e+07
1.666319400000000000e+07
1.666307200000000000e+07
1.666768000000000000e+07
1.666768000000000000e+07
1.666768000000000000e+07
1.666768000000000000e+07
7.450000000000000000e+02
8.370000000000000000e+02
9.240000000000000000e+02
1.008000000000000000e+03
1.089000000000000000e+03
1.169000000000000000e+03
1.247000000000000000e+03
1.399000000000000000e+03
1.550000000000000000e+03
1.698000000000000000e+03
1.845000000000000000e+03
1.992000000000000000e+03
2.138000000000000000e+03
2.285000000000000000e+03
2.432000000000000000e+03
2.580000000000000000e+03
2.728000000000000000e+03
2.877000000000000000e+03
3.027000000000000000e+03
3.178000000000000000e+03
3.329000000000000000e+03
3.482000000000000000e+03
3.789000000000000000e+03
4.100000000000000000e+03
4.415000000000000000e+03
4.733000000000000000e+03
5.056000000000000000e+03
5.381000000000000000e+03
5.711000000000000000e+03
6.044000000000000000e+03
6.381000000000000000e+03
3.607960000000000000e+06
7.769479000000000000e+06
1.117620700000000000e+07
1.424123600000000000e+07
1.530833300000000000e+07
1.530995000000000000e+07
1.530759900000000000e+07
1.530826800000000000e+07
1.530605700000000000e+07
1.530977200000000000e+07
1.530916000000000000e+07
1.530849200000000000e+07
1.530915300000000000e+07
1.530684300000000000e+07
1.530774500000000000e+07
1.530859300000000000e+07
1.531069000000000000e+07
1.531095800000000000e+07
1.531080500000000000e+07
1.531087000000000000e+07
1.530845700000000000e+07
1.666598200000000000e+07
1.666457200000000000e+07
1.666343200000000000e+07
1.666404800000000000e+07
1.666768000000000000e+07
1.666491100000000000e+07
1.666768000000000000e+07
1.666768000000000000e+07
1.666080900000000000e+07
1.666768000000000000e+07
8.450000000000000000e+02
9.320000000000000000e+02
1.016000000000000000e+03
1.097000000000000000e+03
1.176000000000000000e+03
1.254000000000000000e+03
1.407000000000000000e+03
1.556000000000000000e+03
1.705000000000000000e+03
1.852000000000000000e+03
1.998000000000000000e+03
2.145000000000000000e+03
2.292000000000000000e+03
2.439000000000000000e+03
2.587000000000000000e+03
2.735000000000000000e+03
2.884000000000000000e+03
3.034000000000000000e+03
3.185000000000000000e+03
3.336000000000000000e+03
3.488000000000000000e+03
3.796000000000000000e+03
4.107000000000000000e+03
4.422000000000000000e+03
4.741000000000000000e+03
5.063000000000000000e+03
5.389000000000000000e+03
5.719000000000000000e+03
6.053000000000000000e+03
6.389000000000000000e+03
2.676063000000000000e+06
7.308906000000000000e+06
1.098156900000000000e+07
1.420809100000000000e+07
1.530631000000000000e+07
1.530692000000000000e+07
1.531015800000000000e+07
1.531098200000000000e+07
1.530913300000000000e+07
1.530872600000000000e+07
1.530646200000000000e+07
1.530883300000000000e+07
1.530875400000000000e+07
1.530529800000000000e+07
1.531180300000000000e+07
1.531069900000000000e+07
1.530907500000000000e+07
1.530918900000000000e+07
1.666768000000000000e+07
1.530653100000000000e+07
1.666133700000000000e+07
1.666326400000000000e+07
1.530802800000000000e+07
1.666641800000000000e+07
1.665925600000000000e+07
1.666699100000000000e+07
1.666768000000000000e+07
1.666398400000000000e+07
1.666768000000000000e+07
1.666768000000000000e+07
1.666768000000000000e+07
9.390000000000000000e+02
1.023000000000000000e+03
1.104000000000000000e+03
1.183000000000000000e+03
1.261000000000000000e+03
1.413000000000000000e+03
1.563000000000000000e+03
1.711000000000000000e+03
1.858000000000000000e+03
2.004000000000000000e+03
2.151000000000000000e+03
2.298000000000000000e+03
2.445000000000000000e+03
2.593000000000000000e+03
2.741000000000000000e+03
2.891000000000000000e+03
3.040000000000000000e+03
3.191000000000000000e+03
3.342000000000000000e+03
3.495000000000000000e+03
3.802000000000000000e+03
4.114000000000000000e+03
4.428000000000000000e+03
4.748000000000000000e+03
5.070000000000000000e+03
5.397000000000000000e+03
5.726000000000000000e+03
6.060000000000000000e+03
6.398000000000000000e+03
1.470151000000000000e+06
6.738413000000000000e+06
1.070967200000000000e+07
1.411205500000000000e+07
1.530698100000000000e+07
1.530986600000000000e+07
1.530688200000000000e+07
1.530918100000000000e+07
1.530636200000000000e+07
1.531087400000000000e+07
1.530845700000000000e+07
1.530689600000000000e+07
1.530636100000000000e+07
1.530819300000000000e+07
1.530655000000000000e+07
1.530828800000000000e+07
1.531104400000000000e+07
1.531103900000000000e+07
1.531065600000000000e+07
1.531113200000000000e+07
1.666486000000000000e+07
1.666768000000000000e+07
1.531108600000000000e+07
1.666746900000000000e+07
1.666390800000000000e+07
1.666417100000000000e+07
1.666768000000000000e+07
1.666768000000000000e+07
1.666768000000000000e+07
1.666004200000000000e+07
1.666768000000000000e+07
1.029000000000000000e+03
1.110000000000000000e+03
1.189000000000000000e+03
1.267000000000000000e+03
1.419000000000000000e+03
1.569000000000000000e+03
1.717000000000000000e+03
1.864000000000000000e+03
2.011000000000000000e+03
2.157000000000000000e+03
2.304000000000000000e+03
2.451000000000000000e+03
2.599000000000000000e+03
2.747000000000000000e+03
2.896000000000000000e+03
3.046000000000000000e+03
3.197000000000000000e+03
3.349000000000000000e+03
3.501000000000000000e+03
3.809000000000000000e+03
4.120000000000000000e+03
4.435000000000000000e+03
4.754000000000000000e+03
5.077000000000000000e+03
5.403000000000000000e+03
5.734000000000000000e+03
6.068000000000000000e+03
6.406000000000000000e+03
6.114430000000000000e+05
4.617478000000000000e+06
1.037272200000000000e+07
1.398066100000000000e+07
1.530756600000000000e+07
1.530854500000000000e+07
1.530501400000000000e+07
1.530988600000000000e+07
1.531077800000000000e+07
1.530763900000000000e+07
1.530887100000000000e+07
1.530626900000000000e+07
1.530920400000000000e+07
1.530883000000000000e+07
1.530905800000000000e+07
1.530822500000000000e+07
1.530967700000000000e+07
1.531062000000000000e+07
1.530715900000000000e+07
1.666768000000000000e+07
1.666631000000000000e+07
1.666236100000000000e+07
1.530952600000000000e+07
1.666658000000000000e+07
1.666670100000000000e+07
1.665947000000000000e+07
1.666768000000000000e+07
1.666293700000000000e+07
1.666768000000000000e+07
1.666768000000000000e+07
1.666768000000000000e+07
1.116000000000000000e+03
1.195000000000000000e+03
1.273000000000000000e+03
1.425000000000000000e+03
1.575000000000000000e+03
1.722000000000000000e+03
1.351900000000000000e+07
2.016000000000000000e+03
2.163000000000000000e+03
2.309000000000000000e+03
2.457000000000000000e+03
2.605000000000000000e+03
2.753000000000000000e+03
2.902000000000000000e+03
3.052000000000000000e+03
3.203000000000000000e+03
3.355000000000000000e+03
3.507000000000000000e+03
3.815000000000000000e+03
4.126000000000000000e+03
4.442000000000000000e+03
4.761000000000000000e+03
5.084000000000000000e+03
5.411000000000000000e+03
5.741000000000000000e+03
6.076000000000000000e+03
6.414000000000000000e+03
6.755000000000000000e+03
4.166597000000000000e+06
9.919952000000000000e+06
1.379174900000000000e+07
1.531011600000000000e+07
1.530829000000000000e+07
1.530802800000000000e+07
1.530579400000000000e+07
1.531002500000000000e+07
1.530951500000000000e+07
1.530870200000000000e+07
1.530888800000000000e+07
1.530656600000000000e+07
1.530748200000000000e+07
1.530832000000000000e+07
1.531095000000000000e+07
1.531109600000000000e+07
1.531108000000000000e+07
1.531100900000000000e+07
1.530873900000000000e+07
1.666568100000000000e+07
1.666426900000000000e+07
1.530802900000000000e+07
1.666374300000000000e+07
1.666763000000000000e+07
1.666460500000000000e+07
1.666768000000000000e+07
1.666768000000000000e+07
1.666050100000000000e+07
1.666768000000000000e+07
1.666768000000000000e+07
1.200000000000000000e+03
1.278000000000000000e+03
1.430000000000000000e+03
1.580000000000000000e+03
1.728000000000000000e+03
1.875000000000000000e+03
2.021000000000000000e+03
2.168000000000000000e+03
2.315000000000000000e+03
2.462000000000000000e+03
2.610000000000000000e+03
2.759000000000000000e+03
2.908000000000000000e+03
3.057000000000000000e+03
3.209000000000000000e+03
3.360000000000000000e+03
3.513000000000000000e+03
3.820000000000000000e+03
4.132000000000000000e+03
4.448000000000000000e+03
4.767000000000000000e+03
5.090000000000000000e+03
5.418000000000000000e+03
5.748000000000000000e+03
6.083000000000000000e+03
6.421000000000000000e+03
6.763000000000000000e+03
3.867137000000000000e+06
9.377634000000000000e+06
1.354032000000000000e+07
1.530668500000000000e+07
1.531056400000000000e+07
1.531075900000000000e+07
1.530962000000000000e+07
1.530893200000000000e+07
1.530620100000000000e+07
1.530856000000000000e+07
1.530913700000000000e+07
1.530531600000000000e+07
1.531200800000000000e+07
1.531045400000000000e+07
1.530880200000000000e+07
1.530940400000000000e+07
1.666768000000000000e+07
1.530663600000000000e+07
1.666104000000000000e+07
1.666296500000000000e+07
1.530450500000000000e+07
1.666611700000000000e+07
1.665895400000000000e+07
1.666668900000000000e+07
1.666768000000000000e+07
1.666368000000000000e+07
1.666768000000000000e+07
1.666768000000000000e+07
1.666768000000000000e+07
1.666768000000000000e+07
1.283000000000000000e+03
1.435000000000000000e+03
1.584000000000000000e+03
1.732000000000000000e+03
1.879000000000000000e+03
2.026000000000000000e+03
2.173000000000000000e+03
2.320000000000000000e+03
2.467000000000000000e+03
2.615000000000000000e+03
2.763000000000000000e+03
2.913000000000000000e+03
3.062000000000000000e+03
3.214000000000000000e+03
3.365000000000000000e+03
3.518000000000000000e+03
3.826000000000000000e+03
4.138000000000000000e+03
4.454000000000000000e+03
4.773000000000000000e+03
5.097000000000000000e+03
5.424000000000000000e+03
5.755000000000000000e+03
6.090000000000000000e+03
6.428000000000000000e+03
6.770000000000000000e+03
2.819101000000000000e+06
8.744492000000000000e+06
1.321050000000000000e+07
1.530963200000000000e+07
1.530661800000000000e+07
1.530898100000000000e+07
1.530610400000000000e+07
1.531064700000000000e+07
1.530819300000000000e+07
1.530662500000000000e+07
1.530643100000000000e+07
1.530855600000000000e+07
1.530684200000000000e+07
1.530802100000000000e+07
1.530758500000000000e+07
1.530766900000000000e+07
1.531038700000000000e+07
1.531085600000000000e+07
1.666456500000000000e+07
1.666768000000000000e+07
1.531120400000000000e+07
1.666717100000000000e+07
1.666360900000000000e+07
1.666387200000000000e+07
1.666768000000000000e+07
1.666768000000000000e+07
1.666768000000000000e+07
1.665973900000000000e+07
1.666768000000000000e+07
1.666768000000000000e+07
1.443000000000000000e+03
1.593000000000000000e+03
1.741000000000000000e+03
1.888000000000000000e+03
2.035000000000000000e+03
2.182000000000000000e+03
2.329000000000000000e+03
2.476000000000000000e+03
2.624000000000000000e+03
2.773000000000000000e+03
2.922000000000000000e+03
3.072000000000000000e+03
3.223000000000000000e+03
3.375000000000000000e+03
3.528000000000000000e+03
3.836000000000000000e+03
4.149000000000000000e+03
4.465000000000000000e+03
4.785000000000000000e+03
5.109000000000000000e+03
5.437000000000000000e+03
5.768000000000000000e+03
6.104000000000000000e+03
6.443000000000000000e+03
6.785000000000000000e+03
7.132000000000000000e+03
7.000924000000000000e+06
1.230588800000000000e+07
1.530892200000000000e+07
1.530779000000000000e+07
1.530553500000000000e+07
1.531021600000000000e+07
1.530979300000000000e+07
1.530886100000000000e+07
1.530862700000000000e+07
1.530629300000000000e+07
1.530722300000000000e+07
1.530805200000000000e+07
1.531116100000000000e+07
1.531120600000000000e+07
1.531130300000000000e+07
1.531112200000000000e+07
1.530897700000000000e+07
1.666539200000000000e+07
1.666397900000000000e+07
1.531145800000000000e+07
1.666345100000000000e+07
1.666733600000000000e+07
1.666431100000000000e+07
1.666768000000000000e+07
1.666768000000000000e+07
1.666020400000000000e+07
1.666768000000000000e+07
1.666768000000000000e+07
1.666768000000000000e+07
1.600000000000000000e+03
1.748000000000000000e+03
1.896000000000000000e+03
2.042000000000000000e+03
2.189000000000000000e+03
2.337000000000000000e+03
2.484000000000000000e+03
2.632000000000000000e+03
2.781000000000000000e+03
2.931000000000000000e+03
3.081000000000000000e+03
3.232000000000000000e+03
3.385000000000000000e+03
3.537000000000000000e+03
3.846000000000000000e+03
4.159000000000000000e+03
4.476000000000000000e+03
4.796000000000000000e+03
5.120000000000000000e+03
5.449000000000000000e+03
5.781000000000000000e+03
6.116000000000000000e+03
6.456000000000000000e+03
6.799000000000000000e+03
7.147000000000000000e+03
3.886450000000000000e+06
1.096053500000000000e+07
1.530636000000000000e+07
1.530873100000000000e+07
1.530584900000000000e+07
1.530670500000000000e+07
1.530793100000000000e+07
1.530635900000000000e+07
1.530648500000000000e+07
1.530889800000000000e+07
1.530711600000000000e+07
1.530775900000000000e+07
1.530780100000000000e+07
1.530788300000000000e+07
1.531012300000000000e+07
1.531058400000000000e+07
1.666428300000000000e+07
1.531130400000000000e+07
1.531129800000000000e+07
1.666688500000000000e+07
1.666332200000000000e+07
1.666358300000000000e+07
1.666768000000000000e+07
1.666768000000000000e+07
1.666768000000000000e+07
1.665944800000000000e+07
1.666768000000000000e+07
1.666768000000000000e+07
1.666768000000000000e+07
1.755000000000000000e+03
1.902000000000000000e+03
2.049000000000000000e+03
2.196000000000000000e+03
2.344000000000000000e+03
2.491000000000000000e+03
2.640000000000000000e+03
2.789000000000000000e+03
2.939000000000000000e+03
3.089000000000000000e+03
3.240000000000000000e+03
3.393000000000000000e+03
3.546000000000000000e+03
3.855000000000000000e+03
4.168000000000000000e+03
4.485000000000000000e+03
4.806000000000000000e+03
5.131000000000000000e+03
5.460000000000000000e+03
5.793000000000000000e+03
6.129000000000000000e+03
6.469000000000000000e+03
6.813000000000000000e+03
7.161000000000000000e+03
6.914300000000000000e+04
8.962511000000000000e+06
1.492124500000000000e+07
1.530528000000000000e+07
1.531017100000000000e+07
1.531001400000000000e+07
1.530897500000000000e+07
1.530836900000000000e+07
1.530602500000000000e+07
1.530696700000000000e+07
1.530778700000000000e+07
1.531133600000000000e+07
1.531115700000000000e+07
1.531148900000000000e+07
1.531121400000000000e+07
1.530917600000000000e+07
1.666511400000000000e+07
1.531270200000000000e+07
1.530729000000000000e+07
1.531243400000000000e+07
1.666705400000000000e+07
1.666402700000000000e+07
1.666768000000000000e+07
1.666768000000000000e+07
1.665991900000000000e+07
1.666768000000000000e+07
1.666768000000000000e+07
1.666768000000000000e+07
1.666768000000000000e+07
1.908000000000000000e+03
2.055000000000000000e+03
2.202000000000000000e+03
2.350000000000000000e+03
2.497000000000000000e+03
2.646000000000000000e+03
2.796000000000000000e+03
2.945000000000000000e+03
3.096000000000000000e+03
3.248000000000000000e+03
3.400000000000000000e+03
3.554000000000000000e+03
3.864000000000000000e+03
4.177000000000000000e+03
4.494000000000000000e+03
4.816000000000000000e+03
5.141000000000000000e+03
5.471000000000000000e+03
5.804000000000000000e+03
6.140000000000000000e+03
6.481000000000000000e+03
6.826000000000000000e+03
7.174000000000000000e+03
7.526000000000000000e+03
4.127592000000000000e+06
1.335379200000000000e+07
1.530559800000000000e+07
1.530643900000000000e+07
1.530767400000000000e+07
1.530609600000000000e+07
1.530652400000000000e+07
1.530921300000000000e+07
1.530737100000000000e+07
1.530750100000000000e+07
1.530797700000000000e+07
1.530805900000000000e+07
1.530986200000000000e+07
1.531031500000000000e+07
1.666401000000000000e+07
1.531136000000000000e+07
1.531137500000000000e+07
1.666660900000000000e+07
1.666304400000000000e+07
1.666330500000000000e+07
1.666768000000000000e+07
1.666768000000000000e+07
1.666768000000000000e+07
1.665916700000000000e+07
1.666768000000000000e+07
1.666768000000000000e+07
1.666768000000000000e+07
1.666768000000000000e+07
2.060000000000000000e+03
2.208000000000000000e+03
2.355000000000000000e+03
2.504000000000000000e+03
2.652000000000000000e+03
2.801000000000000000e+03
2.952000000000000000e+03
3.103000000000000000e+03
3.254000000000000000e+03
3.407000000000000000e+03
3.561000000000000000e+03
3.871000000000000000e+03
4.185000000000000000e+03
4.503000000000000000e+03
4.825000000000000000e+03
5.151000000000000000e+03
5.481000000000000000e+03
5.814000000000000000e+03
6.152000000000000000e+03
6.493000000000000000e+03
6.839000000000000000e+03
7.188000000000000000e+03
7.540000000000000000e+03
7.733890000000000000e+05
1.110700100000000000e+07
1.530993300000000000e+07
1.531019400000000000e+07
1.530871400000000000e+07
1.530811600000000000e+07
1.530575900000000000e+07
1.530671600000000000e+07
1.530752600000000000e+07
1.531148400000000000e+07
1.531089900000000000e+07
1.531164600000000000e+07
1.531128800000000000e+07
1.530934500000000000e+07
1.666484500000000000e+07
1.531281000000000000e+07
1.530700100000000000e+07
1.531249900000000000e+07
1.666678100000000000e+07
1.666375300000000000e+07
1.666768000000000000e+07
1.666768000000000000e+07
1.665964200000000000e+07
1.666768000000000000e+07
1.666758300000000000e+07
1.666768000000000000e+07
1.666768000000000000e+07
1.666712700000000000e+07
2.213000000000000000e+03
2.360000000000000000e+03
2.509000000000000000e+03
2.658000000000000000e+03
2.807000000000000000e+03
2.958000000000000000e+03
3.109000000000000000e+03
3.261000000000000000e+03
3.414000000000000000e+03
3.568000000000000000e+03
3.878000000000000000e+03
4.193000000000000000e+03
4.511000000000000000e+03
4.834000000000000000e+03
5.160000000000000000e+03
5.491000000000000000e+03
5.825000000000000000e+03
6.163000000000000000e+03
6.505000000000000000e+03
6.850000000000000000e+03
7.200000000000000000e+03
7.553000000000000000e+03
7.910000000000000000e+03
4.359762000000000000e+06
1.530617800000000000e+07
1.530742100000000000e+07
1.530583700000000000e+07
1.530654800000000000e+07
1.530950100000000000e+07
1.530760600000000000e+07
1.530724600000000000e+07
1.530812300000000000e+07
1.530820400000000000e+07
1.530960400000000000e+07
1.531005100000000000e+07
1.530727100000000000e+07
1.531108700000000000e+07
1.531144000000000000e+07
1.666634100000000000e+07
1.666277600000000000e+07
1.666303600000000000e+07
1.666768000000000000e+07
1.666768000000000000e+07
1.666768000000000000e+07
1.665889300000000000e+07
1.666768000000000000e+07
1.666768000000000000e+07
1.666768000000000000e+07
1.666768000000000000e+07
1.666746600000000000e+07
2.365000000000000000e+03
2.514000000000000000e+03
2.663000000000000000e+03
2.812000000000000000e+03
2.963000000000000000e+03
3.115000000000000000e+03
3.267000000000000000e+03
3.420000000000000000e+03
3.574000000000000000e+03
3.885000000000000000e+03
4.200000000000000000e+03
4.519000000000000000e+03
4.842000000000000000e+03
5.169000000000000000e+03
5.500000000000000000e+03
5.834000000000000000e+03
6.173000000000000000e+03
6.516000000000000000e+03
6.862000000000000000e+03
7.212000000000000000e+03
7.566000000000000000e+03
7.924000000000000000e+03
1.864410000000000000e+06
1.348420800000000000e+07
1.530845700000000000e+07
1.530786600000000000e+07
1.530549900000000000e+07
1.530646800000000000e+07
1.530726900000000000e+07
1.531161200000000000e+07
1.531064400000000000e+07
1.531178300000000000e+07
1.531127500000000000e+07
1.530948700000000000e+07
1.530651800000000000e+07
1.531290500000000000e+07
1.530671500000000000e+07
1.531255400000000000e+07
1.666651500000000000e+07
1.666348700000000000e+07
1.666768000000000000e+07
1.666768000000000000e+07
1.665937300000000000e+07
1.666768000000000000e+07
1.666768000000000000e+07
1.666768000000000000e+07
1.666768000000000000e+07
1.666685500000000000e+07
1.666768000000000000e+07
2.518000000000000000e+03
2.667000000000000000e+03
2.817000000000000000e+03
2.968000000000000000e+03
3.120000000000000000e+03
3.272000000000000000e+03
3.425000000000000000e+03
3.580000000000000000e+03
3.891000000000000000e+03
4.207000000000000000e+03
4.526000000000000000e+03
4.850000000000000000e+03
5.177000000000000000e+03
5.509000000000000000e+03
5.844000000000000000e+03
6.183000000000000000e+03
6.527000000000000000e+03
6.873000000000000000e+03
7.224000000000000000e+03
7.579000000000000000e+03
7.937000000000000000e+03
8.299000000000000000e+03
4.772464000000000000e+06
1.530558200000000000e+07
1.530655800000000000e+07
1.530976100000000000e+07
1.530782000000000000e+07
1.530699500000000000e+07
1.530824600000000000e+07
1.530832600000000000e+07
1.530935100000000000e+07
1.530978900000000000e+07
1.530723000000000000e+07
1.531082000000000000e+07
1.531149500000000000e+07
1.531329900000000000e+07
1.666251500000000000e+07
1.530863500000000000e+07
1.666768000000000000e+07
1.666768000000000000e+07
1.666768000000000000e+07
1.665862800000000000e+07
1.666768000000000000e+07
1.666768000000000000e+07
1.666768000000000000e+07
1.666768000000000000e+07
1.666719700000000000e+07
1.666383700000000000e+07
2.671000000000000000e+03
2.822000000000000000e+03
2.973000000000000000e+03
3.124000000000000000e+03
3.277000000000000000e+03
3.431000000000000000e+03
3.585000000000000000e+03
3.897000000000000000e+03
4.213000000000000000e+03
4.533000000000000000e+03
4.857000000000000000e+03
5.185000000000000000e+03
5.517000000000000000e+03
5.853000000000000000e+03
6.193000000000000000e+03
6.537000000000000000e+03
6.885000000000000000e+03
7.236000000000000000e+03
7.591000000000000000e+03
7.950000000000000000e+03
8.312000000000000000e+03
3.354335000000000000e+06
1.530762100000000000e+07
1.530524100000000000e+07
1.530622400000000000e+07
1.530701600000000000e+07
1.531172500000000000e+07
1.531039500000000000e+07
1.531190200000000000e+07
1.531101700000000000e+07
1.530960800000000000e+07
1.530658700000000000e+07
1.531299100000000000e+07
1.530643200000000000e+07
1.531260300000000000e+07
1.666625800000000000e+07
1.531048800000000000e+07
1.666768000000000000e+07
1.666445500000000000e+07
1.665911100000000000e+07
1.666768000000000000e+07
1.666768000000000000e+07
1.666768000000000000e+07
1.666768000000000000e+07
1.666658900000000000e+07
1.666768000000000000e+07
1.666768000000000000e+07
2.826000000000000000e+03
2.977000000000000000e+03
3.129000000000000000e+03
3.282000000000000000e+03
3.436000000000000000e+03
3.591000000000000000e+03
3.903000000000000000e+03
4.219000000000000000e+03
4.540000000000000000e+03
4.864000000000000000e+03
5.193000000000000000e+03
5.525000000000000000e+03
5.862000000000000000e+03
6.202000000000000000e+03
6.547000000000000000e+03
6.895000000000000000e+03
7.247000000000000000e+03
7.603000000000000000e+03
7.963000000000000000e+03
8.325000000000000000e+03
8.692000000000000000e+03
1.188964000000000000e+07
1.530999700000000000e+07
2.849000000000000000e+04
1.530674700000000000e+07
1.530835100000000000e+07
1.530843000000000000e+07
1.530910100000000000e+07
1.530953200000000000e+07
1.530718100000000000e+07
1.531055500000000000e+07
1.531154400000000000e+07
1.531335300000000000e+07
1.666226100000000000e+07
1.530860300000000000e+07
1.666768000000000000e+07
1.666768000000000000e+07
1.666768000000000000e+07
1.665836900000000000e+07
1.531451700000000000e+07
1.666768000000000000e+07
1.666768000000000000e+07
1.666768000000000000e+07
1.666693400000000000e+07
1.666357400000000000e+07
1.666437200000000000e+07
2.981000000000000000e+03
3.133000000000000000e+03
3.286000000000000000e+03
3.440000000000000000e+03
3.595000000000000000e+03
3.908000000000000000e+03
4.225000000000000000e+03
4.546000000000000000e+03
4.871000000000000000e+03
5.200000000000000000e+03
5.534000000000000000e+03
5.871000000000000000e+03
6.212000000000000000e+03
6.557000000000000000e+03
6.906000000000000000e+03
7.258000000000000000e+03
7.615000000000000000e+03
7.975000000000000000e+03
8.338000000000000000e+03
8.706000000000000000e+03
3.940004000000000000e+06
1.530598400000000000e+07
1.530676600000000000e+07
1.531182600000000000e+07
1.531014700000000000e+07
1.531201100000000000e+07
1.531076300000000000e+07
1.530971300000000000e+07
1.530663900000000000e+07
1.530841400000000000e+07
1.530615300000000000e+07
1.531264800000000000e+07
1.531131200000000000e+07
1.531051400000000000e+07
1.666589500000000000e+07
1.666420000000000000e+07
1.531328400000000000e+07
1.666768000000000000e+07
1.666768000000000000e+07
1.666768000000000000e+07
1.666768000000000000e+07
1.666633000000000000e+07
1.666768000000000000e+07
1.666768000000000000e+07
1.666300600000000000e+07
3.137000000000000000e+03
3.290000000000000000e+03
3.445000000000000000e+03
3.600000000000000000e+03
3.913000000000000000e+03
4.231000000000000000e+03
4.553000000000000000e+03
4.878000000000000000e+03
5.208000000000000000e+03
5.541000000000000000e+03
5.879000000000000000e+03
6.221000000000000000e+03
6.566000000000000000e+03
6.916000000000000000e+03
7.269000000000000000e+03
7.626000000000000000e+03
7.987000000000000000e+03
8.351000000000000000e+03
8.719000000000000000e+03
9.091000000000000000e+03
1.418267900000000000e+07
1.530650400000000000e+07
1.530844200000000000e+07
1.530852100000000000e+07
1.530885500000000000e+07
1.530927800000000000e+07
1.530712700000000000e+07
1.531029400000000000e+07
1.531158600000000000e+07
1.531312000000000000e+07
1.530963300000000000e+07
1.530854700000000000e+07
1.666768000000000000e+07
1.530931100000000000e+07
1.666768000000000000e+07
1.531255300000000000e+07
1.531454300000000000e+07
1.666768000000000000e+07
1.666768000000000000e+07
1.666768000000000000e+07
1.666667700000000000e+07
1.666331600000000000e+07
1.666411300000000000e+07
1.666768000000000000e+07
3.294000000000000000e+03
3.449000000000000000e+03
3.605000000000000000e+03
3.918000000000000000e+03
4.236000000000000000e+03
4.558000000000000000e+03
4.884000000000000000e+03
5.215000000000000000e+03
5.549000000000000000e+03
5.887000000000000000e+03
6.229000000000000000e+03
6.575000000000000000e+03
6.926000000000000000e+03
7.279000000000000000e+03
7.637000000000000000e+03
7.998000000000000000e+03
8.363000000000000000e+03
8.732000000000000000e+03
9.104000000000000000e+03
4.017755000000000000e+06
1.531191700000000000e+07
1.530990400000000000e+07
1.530754400000000000e+07
1.531051200000000000e+07
1.530980400000000000e+07
1.530667600000000000e+07
1.530844600000000000e+07
1.530587800000000000e+07
1.531268800000000000e+07
1.531135200000000000e+07
1.531052600000000000e+07
1.666564700000000000e+07
1.666395100000000000e+07
1.531302600000000000e+07
1.666768000000000000e+07
1.530811600000000000e+07
1.666768000000000000e+07
1.666768000000000000e+07
1.666607500000000000e+07
1.666768000000000000e+07
1.666768000000000000e+07
1.666275000000000000e+07
1.666768000000000000e+07
3.453000000000000000e+03
3.609000000000000000e+03
3.923000000000000000e+03
4.241000000000000000e+03
4.564000000000000000e+03
4.891000000000000000e+03
5.221000000000000000e+03
5.556000000000000000e+03
5.895000000000000000e+03
6.238000000000000000e+03
6.585000000000000000e+03
6.935000000000000000e+03
7.289000000000000000e+03
7.648000000000000000e+03
8.010000000000000000e+03
8.375000000000000000e+03
8.745000000000000000e+03
9.118000000000000000e+03
9.494000000000000000e+03
1.530852200000000000e+07
1.530860100000000000e+07
1.530861200000000000e+07
1.530902700000000000e+07
1.530706800000000000e+07
1.531003600000000000e+07
1.531162500000000000e+07
1.531287600000000000e+07
1.530937300000000000e+07
1.530846800000000000e+07
1.531373600000000000e+07
1.530904000000000000e+07
1.666768000000000000e+07
1.531256500000000000e+07
1.531456900000000000e+07
1.666768000000000000e+07
1.666768000000000000e+07
1.666768000000000000e+07
1.666642400000000000e+07
1.666306200000000000e+07
1.666385900000000000e+07
1.666768000000000000e+07
1.666768000000000000e+07
3.613000000000000000e+03
3.927000000000000000e+03
4.247000000000000000e+03
4.569000000000000000e+03
4.897000000000000000e+03
5.228000000000000000e+03
5.562000000000000000e+03
5.902000000000000000e+03
6.246000000000000000e+03
6.593000000000000000e+03
6.944000000000000000e+03
7.299000000000000000e+03
7.658000000000000000e+03
8.021000000000000000e+03
8.387000000000000000e+03
8.757000000000000000e+03
9.131000000000000000e+03
9.508000000000000000e+03
4.080130000000000000e+06
1.530760000000000000e+07
1.531026400000000000e+07
1.530988600000000000e+07
1.530670100000000000e+07
1.530847200000000000e+07
1.530560500000000000e+07
1.531246900000000000e+07
1.531138600000000000e+07
1.531052700000000000e+07
1.530481200000000000e+07
1.530502500000000000e+07
1.530767400000000000e+07
1.531067900000000000e+07
1.530797200000000000e+07
1.531270400000000000e+07
1.666768000000000000e+07
1.666582500000000000e+07
1.666768000000000000e+07
1.666768000000000000e+07
1.666249800000000000e+07
1.666768000000000000e+07
1.665836500000000000e+07
3.936000000000000000e+03
4.256000000000000000e+03
4.580000000000000000e+03
4.908000000000000000e+03
5.240000000000000000e+03
5.577000000000000000e+03
5.917000000000000000e+03
6.262000000000000000e+03
6.610000000000000000e+03
6.962000000000000000e+03
7.319000000000000000e+03
7.679000000000000000e+03
8.043000000000000000e+03
8.410000000000000000e+03
8.781000000000000000e+03
9.156000000000000000e+03
9.535000000000000000e+03
9.916000000000000000e+03
5.156009000000000000e+06
1.530996100000000000e+07
1.530671600000000000e+07
1.530849700000000000e+07
1.530533400000000000e+07
1.531222000000000000e+07
1.531141800000000000e+07
1.531051900000000000e+07
1.530465500000000000e+07
1.530474000000000000e+07
1.530738700000000000e+07
1.531067300000000000e+07
1.530783000000000000e+07
1.531270000000000000e+07
1.666768000000000000e+07
1.666558000000000000e+07
1.666768000000000000e+07
1.666768000000000000e+07
1.666225000000000000e+07
1.666768000000000000e+07
1.666768000000000000e+07
1.666697400000000000e+07
4.265000000000000000e+03
4.590000000000000000e+03
4.919000000000000000e+03
5.252000000000000000e+03
5.589000000000000000e+03
5.931000000000000000e+03
6.276000000000000000e+03
6.626000000000000000e+03
6.979000000000000000e+03
7.337000000000000000e+03
7.698000000000000000e+03
8.063000000000000000e+03
8.432000000000000000e+03
8.805000000000000000e+03
9.181000000000000000e+03
9.561000000000000000e+03
9.944000000000000000e+03
1.033000000000000000e+04
7.273295000000000000e+06
1.530851900000000000e+07
1.530506800000000000e+07
1.531197300000000000e+07
1.531144800000000000e+07
1.531050300000000000e+07
1.530449700000000000e+07
1.530445700000000000e+07
1.530710200000000000e+07
1.531066700000000000e+07
1.530769100000000000e+07
1.531269600000000000e+07
1.666768000000000000e+07
1.531374600000000000e+07
1.666768000000000000e+07
1.666768000000000000e+07
1.666200600000000000e+07
1.666768000000000000e+07
1.666768000000000000e+07
1.666672800000000000e+07
1.666768000000000000e+07
4.599000000000000000e+03
4.929000000000000000e+03
5.263000000000000000e+03
5.601000000000000000e+03
5.944000000000000000e+03
6.290000000000000000e+03
6.641000000000000000e+03
6.996000000000000000e+03
7.355000000000000000e+03
7.717000000000000000e+03
8.083000000000000000e+03
8.453000000000000000e+03
8.827000000000000000e+03
9.204000000000000000e+03
9.585000000000000000e+03
9.970000000000000000e+03
1.035800000000000000e+04
1.075000000000000000e+04
9.610027000000000000e+06
1.531173100000000000e+07
1.531147700000000000e+07
1.531048000000000000e+07
1.530434200000000000e+07
1.530417700000000000e+07
1.530682000000000000e+07
1.531066200000000000e+07
1.530756000000000000e+07
1.531269300000000000e+07
1.666768000000000000e+07
1.531347800000000000e+07
1.666768000000000000e+07
1.666768000000000000e+07
1.530761800000000000e+07
1.666768000000000000e+07
1.666768000000000000e+07
1.666648500000000000e+07
1.666768000000000000e+07
1.666591200000000000e+07
4.938000000000000000e+03
5.274000000000000000e+03
5.613000000000000000e+03
5.956000000000000000e+03
6.304000000000000000e+03
6.656000000000000000e+03
7.012000000000000000e+03
7.371000000000000000e+03
7.735000000000000000e+03
8.103000000000000000e+03
8.474000000000000000e+03
8.849000000000000000e+03
9.227000000000000000e+03
9.609000000000000000e+03
9.995000000000000000e+03
1.038500000000000000e+04
1.077700000000000000e+04
1.117300000000000000e+04
1.004535700000000000e+07
1.531045200000000000e+07
1.530419300000000000e+07
1.530390000000000000e+07
1.530654100000000000e+07
1.531065700000000000e+07
1.530743700000000000e+07
1.531269100000000000e+07
1.531175000000000000e+07
1.531321400000000000e+07
1.531082300000000000e+07
1.531146900000000000e+07
1.530748200000000000e+07
1.666768000000000000e+07
1.666768000000000000e+07
1.531158200000000000e+07
1.666768000000000000e+07
1.666567100000000000e+07
1.665721300000000000e+07
5.284000000000000000e+03
5.624000000000000000e+03
5.969000000000000000e+03
6.317000000000000000e+03
6.670000000000000000e+03
7.027000000000000000e+03
7.388000000000000000e+03
7.753000000000000000e+03
8.121000000000000000e+03
8.493000000000000000e+03
8.870000000000000000e+03
9.249000000000000000e+03
9.633000000000000000e+03
1.002000000000000000e+04
1.041000000000000000e+04
1.080400000000000000e+04
1.120200000000000000e+04
1.160300000000000000e+04
1.006569400000000000e+07
1.530362500000000000e+07
1.530626500000000000e+07
1.531065400000000000e+07
1.530732500000000000e+07
1.531269100000000000e+07
1.531148300000000000e+07
1.531295400000000000e+07
1.531079100000000000e+07
1.530524200000000000e+07
1.530735600000000000e+07
1.531210400000000000e+07
1.666768000000000000e+07
1.531149900000000000e+07
1.530549400000000000e+07
1.666543300000000000e+07
1.665697400000000000e+07
1.665953300000000000e+07
5.635000000000000000e+03
5.980000000000000000e+03
6.330000000000000000e+03
6.684000000000000000e+03
7.042000000000000000e+03
7.404000000000000000e+03
7.769000000000000000e+03
8.139000000000000000e+03
8.513000000000000000e+03
8.890000000000000000e+03
9.271000000000000000e+03
9.656000000000000000e+03
1.004400000000000000e+04
1.043500000000000000e+04
1.083100000000000000e+04
1.123000000000000000e+04
1.163200000000000000e+04
1.203700000000000000e+04
1.008554800000000000e+07
1.531065200000000000e+07
1.530143300000000000e+07
1.531269300000000000e+07
1.531121800000000000e+07
1.531269600000000000e+07
1.531076100000000000e+07
1.530495300000000000e+07
1.530724300000000000e+07
1.531183200000000000e+07
1.530793300000000000e+07
1.531141800000000000e+07
1.530519300000000000e+07
1.666519600000000000e+07
1.665673700000000000e+07
1.665929600000000000e+07
1.665805500000000000e+07
5.991000000000000000e+03
6.342000000000000000e+03
6.697000000000000000e+03
7.056000000000000000e+03
7.419000000000000000e+03
7.786000000000000000e+03
8.156000000000000000e+03
8.531000000000000000e+03
8.909000000000000000e+03
9.292000000000000000e+03
9.677000000000000000e+03
1.006600000000000000e+04
1.046000000000000000e+04
1.085600000000000000e+04
1.125600000000000000e+04
1.166000000000000000e+04
1.206600000000000000e+04
1.247600000000000000e+04
1.009876300000000000e+07
1.531269700000000000e+07
1.531095700000000000e+07
1.530639400000000000e+07
1.531073400000000000e+07
1.530466500000000000e+07
1.530714000000000000e+07
1.531156400000000000e+07
1.530782300000000000e+07
1.531133800000000000e+07
1.530489500000000000e+07
1.666496300000000000e+07
1.531012900000000000e+07
1.665906000000000000e+07
1.665781900000000000e+07
1.666768000000000000e+07
6.354000000000000000e+03
6.710000000000000000e+03
7.070000000000000000e+03
7.433000000000000000e+03
7.801000000000000000e+03
8.173000000000000000e+03
8.549000000000000000e+03
8.928000000000000000e+03
9.312000000000000000e+03
9.698000000000000000e+03
1.008900000000000000e+04
1.048300000000000000e+04
1.088100000000000000e+04
1.128200000000000000e+04
1.168700000000000000e+04
1.209500000000000000e+04
1.250600000000000000e+04
1.292100000000000000e+04
1.011838400000000000e+07
1.530611700000000000e+07
1.531070900000000000e+07
1.530438200000000000e+07
1.530804500000000000e+07
1.531129900000000000e+07
1.530771100000000000e+07
1.531126000000000000e+07
1.530460000000000000e+07
1.531002200000000000e+07
1.530984100000000000e+07
1.665882700000000000e+07
1.530798800000000000e+07
1.666768000000000000e+07
1.666231400000000000e+07
6.722000000000000000e+03
7.083000000000000000e+03
7.448000000000000000e+03
7.817000000000000000e+03
8.189000000000000000e+03
8.566000000000000000e+03
8.947000000000000000e+03
9.331000000000000000e+03
9.719000000000000000e+03
1.011100000000000000e+04
1.050600000000000000e+04
1.090500000000000000e+04
1.130700000000000000e+04
1.171300000000000000e+04
1.212200000000000000e+04
1.253500000000000000e+04
1.295100000000000000e+04
1.337000000000000000e+04
1.013148100000000000e+07
1.530409900000000000e+07
1.530778500000000000e+07
1.530457700000000000e+07
1.530759800000000000e+07
1.531118400000000000e+07
1.530430700000000000e+07
1.530967100000000000e+07
1.530955600000000000e+07
1.531166600000000000e+07
1.530785800000000000e+07
1.666768000000000000e+07
1.666208100000000000e+07
1.666768000000000000e+07
7.096000000000000000e+03
7.461000000000000000e+03
7.831000000000000000e+03
8.205000000000000000e+03
8.583000000000000000e+03
8.965000000000000000e+03
9.350000000000000000e+03
9.739000000000000000e+03
1.013200000000000000e+04
1.052800000000000000e+04
1.092800000000000000e+04
1.133200000000000000e+04
1.173900000000000000e+04
1.214900000000000000e+04
1.256300000000000000e+04
1.298000000000000000e+04
1.340000000000000000e+04
1.382400000000000000e+04
1.014424100000000000e+07
1.530429700000000000e+07
1.530748600000000000e+07
1.531111000000000000e+07
1.530401500000000000e+07
1.530930600000000000e+07
1.530927400000000000e+07
1.531146700000000000e+07
1.530774300000000000e+07
1.666768000000000000e+07
1.530766200000000000e+07
1.666768000000000000e+07
1.530170000000000000e+07
7.475000000000000000e+03
7.846000000000000000e+03
8.220000000000000000e+03
8.599000000000000000e+03
8.982000000000000000e+03
9.368000000000000000e+03
9.759000000000000000e+03
1.015300000000000000e+04
1.055000000000000000e+04
1.095100000000000000e+04
1.135600000000000000e+04
1.176400000000000000e+04
1.217600000000000000e+04
1.259000000000000000e+04
1.300900000000000000e+04
1.343000000000000000e+04
1.385500000000000000e+04
1.428300000000000000e+04
1.016049000000000000e+07
1.531104000000000000e+07
1.530372600000000000e+07
1.530893600000000000e+07
1.530899500000000000e+07
1.531125700000000000e+07
1.530207400000000000e+07
1.530979700000000000e+07
1.530740900000000000e+07
1.666768000000000000e+07
1.530154800000000000e+07
1.666768000000000000e+07
7.860000000000000000e+03
8.235000000000000000e+03
8.615000000000000000e+03
8.999000000000000000e+03
9.386000000000000000e+03
9.778000000000000000e+03
1.017300000000000000e+04
1.057100000000000000e+04
1.097300000000000000e+04
1.137900000000000000e+04
1.178800000000000000e+04
1.220100000000000000e+04
1.261700000000000000e+04
1.303700000000000000e+04
1.345900000000000000e+04
1.388500000000000000e+04
1.431500000000000000e+04
1.474700000000000000e+04
1.015848100000000000e+07
1.530857800000000000e+07
1.530871900000000000e+07
1.531103200000000000e+07
1.530178100000000000e+07
1.530969400000000000e+07
1.530718100000000000e+07
1.531063700000000000e+07
1.530140900000000000e+07
1.531006300000000000e+07
1.666768000000000000e+07
8.250000000000000000e+03
8.631000000000000000e+03
9.015000000000000000e+03
9.404000000000000000e+03
9.796000000000000000e+03
1.019200000000000000e+04
1.059200000000000000e+04
1.099500000000000000e+04
1.140200000000000000e+04
1.181200000000000000e+04
1.222600000000000000e+04
1.264300000000000000e+04
1.306400000000000000e+04
1.348800000000000000e+04
1.391500000000000000e+04
1.434500000000000000e+04
1.477900000000000000e+04
1.521600000000000000e+04
1.016381700000000000e+07
1.531079200000000000e+07
1.530149200000000000e+07
1.530959200000000000e+07
1.530697700000000000e+07
1.531053600000000000e+07
1.530281800000000000e+07
1.530966000000000000e+07
1.531556100000000000e+07
1.665710300000000000e+07
8.646000000000000000e+03
9.031000000000000000e+03
9.421000000000000000e+03
9.814000000000000000e+03
1.021100000000000000e+04
1.061200000000000000e+04
1.101600000000000000e+04
1.142400000000000000e+04
1.183500000000000000e+04
1.225000000000000000e+04
1.266800000000000000e+04
1.309000000000000000e+04
1.351500000000000000e+04
1.394400000000000000e+04
1.437500000000000000e+04
1.481000000000000000e+04
1.524800000000000000e+04
1.568900000000000000e+04
1.016940500000000000e+07
1.530949300000000000e+07
1.530679400000000000e+07
1.531043700000000000e+07
1.530251800000000000e+07
1.530166800000000000e+07
1.531527000000000000e+07
1.530904500000000000e+07
1.530538100000000000e+07
9.047000000000000000e+03
9.437000000000000000e+03
9.831000000000000000e+03
1.022900000000000000e+04
1.063100000000000000e+04
1.103600000000000000e+04
1.144500000000000000e+04
1.185800000000000000e+04
1.227400000000000000e+04
1.269300000000000000e+04
1.311600000000000000e+04
1.354200000000000000e+04
1.397200000000000000e+04
1.440400000000000000e+04
1.484000000000000000e+04
1.527900000000000000e+04
1.572200000000000000e+04
1.616700000000000000e+04
1.017698600000000000e+07
1.531034200000000000e+07
1.530222000000000000e+07
1.530131800000000000e+07
1.530720300000000000e+07
1.530900200000000000e+07
1.530507300000000000e+07
1.531330900000000000e+07
9.453000000000000000e+03
9.848000000000000000e+03
1.024700000000000000e+04
1.065000000000000000e+04
1.105700000000000000e+04
1.146600000000000000e+04
1.188000000000000000e+04
1.229700000000000000e+04
1.271700000000000000e+04
1.314100000000000000e+04
1.356800000000000000e+04
1.399900000000000000e+04
1.443300000000000000e+04
1.487000000000000000e+04
1.531000000000000000e+04
1.575400000000000000e+04
1.620000000000000000e+04
1.665000000000000000e+04
1.016886200000000000e+07
1.530100400000000000e+07
1.530691000000000000e+07
1.530880800000000000e+07
1.530476700000000000e+07
1.531300600000000000e+07
1.530670600000000000e+07
9.865000000000000000e+03
1.026500000000000000e+04
1.066900000000000000e+04
1.107600000000000000e+04
1.148700000000000000e+04
1.190200000000000000e+04
1.232000000000000000e+04
1.274100000000000000e+04
1.316600000000000000e+04
1.359400000000000000e+04
1.402600000000000000e+04
1.446100000000000000e+04
1.489900000000000000e+04
1.534000000000000000e+04
1.578500000000000000e+04
1.623300000000000000e+04
1.668300000000000000e+04
1.713700000000000000e+04
1.018159100000000000e+07
1.530850900000000000e+07
1.530446400000000000e+07
1.531270400000000000e+07
1.530640400000000000e+07
1.530737000000000000e+07
1.028200000000000000e+04
1.068700000000000000e+04
1.109500000000000000e+04
1.150700000000000000e+04
1.192200000000000000e+04
1.234200000000000000e+04
1.276400000000000000e+04
1.319000000000000000e+04
1.361900000000000000e+04
1.405200000000000000e+04
1.448800000000000000e+04
1.492700000000000000e+04
1.537000000000000000e+04
1.581500000000000000e+04
1.626400000000000000e+04
1.671600000000000000e+04
1.717100000000000000e+04
1.762900000000000000e+04
1.018126800000000000e+07
1.531240500000000000e+07
1.530610500000000000e+07
1.530686300000000000e+07
1.530362100000000000e+07
1.070400000000000000e+04
1.111400000000000000e+04
1.152600000000000000e+04
1.194300000000000000e+04
1.236300000000000000e+04
1.278700000000000000e+04
1.321400000000000000e+04
1.364400000000000000e+04
1.407800000000000000e+04
1.451500000000000000e+04
1.495500000000000000e+04
1.539900000000000000e+04
1.584500000000000000e+04
1.629500000000000000e+04
1.674800000000000000e+04
1.720400000000000000e+04
1.766300000000000000e+04
1.812600000000000000e+04
1.018613400000000000e+07
1.530637700000000000e+07
1.530331300000000000e+07
1.530710600000000000e+07
1.113200000000000000e+04
1.154600000000000000e+04
1.196300000000000000e+04
1.238400000000000000e+04
1.280900000000000000e+04
1.323700000000000000e+04
1.366800000000000000e+04
1.410300000000000000e+04
1.454100000000000000e+04
1.498200000000000000e+04
1.542700000000000000e+04
1.587500000000000000e+04
1.632600000000000000e+04
1.678000000000000000e+04
1.723700000000000000e+04
1.769700000000000000e+04
1.816000000000000000e+04
1.862700000000000000e+04
1.019745800000000000e+07
1.530744900000000000e+07
1.531430300000000000e+07
1.156400000000000000e+04
1.198300000000000000e+04
1.240500000000000000e+04
1.283000000000000000e+04
1.325900000000000000e+04
1.369200000000000000e+04
1.412700000000000000e+04
1.456600000000000000e+04
1.500900000000000000e+04
1.545400000000000000e+04
1.590300000000000000e+04
1.635500000000000000e+04
1.681000000000000000e+04
1.726900000000000000e+04
1.773000000000000000e+04
1.819400000000000000e+04
1.866200000000000000e+04
1.913200000000000000e+04
1.019445800000000000e+07
1.531072900000000000e+07
1.200200000000000000e+04
1.242500000000000000e+04
1.285100000000000000e+04
1.328100000000000000e+04
1.371400000000000000e+04
1.415100000000000000e+04
1.459100000000000000e+04
1.503500000000000000e+04
1.548100000000000000e+04
1.593100000000000000e+04
1.638400000000000000e+04
1.684100000000000000e+04
1.730000000000000000e+04
1.776200000000000000e+04
1.822800000000000000e+04
1.869600000000000000e+04
1.916800000000000000e+04
1.964200000000000000e+04
1.019641900000000000e+07
1.244400000000000000e+04
1.287200000000000000e+04
1.330300000000000000e+04
1.373700000000000000e+04
1.417500000000000000e+04
1.461600000000000000e+04
1.506000000000000000e+04
1.550800000000000000e+04
1.595900000000000000e+04
1.641300000000000000e+04
1.687000000000000000e+04
1.733100000000000000e+04
1.779400000000000000e+04
1.826000000000000000e+04
1.873000000000000000e+04
1.920200000000000000e+04
1.967800000000000000e+04
2.015600000000000000e+04
1.289200000000000000e+04
1.332400000000000000e+04
1.375900000000000000e+04
1.419800000000000000e+04
1.464000000000000000e+04
1.508500000000000000e+04
1.553400000000000000e+04
1.598600000000000000e+04
1.644100000000000000e+04
1.689900000000000000e+04
1.736000000000000000e+04
1.782500000000000000e+04
1.829200000000000000e+04
1.876300000000000000e+04
1.923700000000000000e+04
1.971300000000000000e+04
2.019200000000000000e+04
1.334400000000000000e+04
1.378100000000000000e+04
1.422000000000000000e+04
1.466300000000000000e+04
1.511000000000000000e+04
1.555900000000000000e+04
1.601200000000000000e+04
1.646800000000000000e+04
1.692700000000000000e+04
1.739000000000000000e+04
1.785500000000000000e+04
1.832400000000000000e+04
1.879500000000000000e+04
1.927000000000000000e+04
1.974800000000000000e+04
2.022800000000000000e+04
1.380200000000000000e+04
1.424200000000000000e+04
1.468600000000000000e+04
1.513300000000000000e+04
1.558400000000000000e+04
1.603800000000000000e+04
1.649500000000000000e+04
1.695500000000000000e+04
1.741900000000000000e+04
1.788500000000000000e+04
1.835500000000000000e+04
1.882700000000000000e+04
1.930300000000000000e+04
1.978200000000000000e+04
2.026300000000000000e+04
1.426400000000000000e+04
1.470900000000000000e+04
1.515700000000000000e+04
1.560800000000000000e+04
1.606300000000000000e+04
1.652100000000000000e+04
1.698200000000000000e+04
1.744700000000000000e+04
1.791400000000000000e+04
1.838500000000000000e+04
1.885900000000000000e+04
1.933500000000000000e+04
1.981500000000000000e+04
2.029700000000000000e+04
1.473100000000000000e+04
1.518000000000000000e+04
1.563200000000000000e+04
1.608800000000000000e+04
1.654700000000000000e+04
1.700900000000000000e+04
1.747400000000000000e+04
1.794300000000000000e+04
1.841500000000000000e+04
1.888900000000000000e+04
1.936700000000000000e+04
1.984700000000000000e+04
2.033100000000000000e+04
1.520200000000000000e+04
1.565600000000000000e+04
1.611200000000000000e+04
1.657200000000000000e+04
1.703500000000000000e+04
1.750200000000000000e+04
1.797100000000000000e+04
1.844400000000000000e+04
1.891900000000000000e+04
1.939800000000000000e+04
1.987900000000000000e+04
2.036400000000000000e+04
1.567900000000000000e+04
1.613600000000000000e+04
1.659700000000000000e+04
1.706100000000000000e+04
1.752800000000000000e+04
1.799900000000000000e+04
1.847200000000000000e+04
1.894900000000000000e+04
1.942800000000000000e+04
1.991100000000000000e+04
2.039600000000000000e+04
1.616000000000000000e+04
1.662100000000000000e+04
1.708600000000000000e+04
1.755400000000000000e+04
1.802600000000000000e+04
1.850000000000000000e+04
1.897800000000000000e+04
1.945800000000000000e+04
1.994200000000000000e+04
2.042800000000000000e+04
1.664500000000000000e+04
1.711100000000000000e+04
1.758000000000000000e+04
1.805200000000000000e+04
1.852800000000000000e+04
1.900600000000000000e+04
1.948800000000000000e+04
1.997200000000000000e+04
2.046000000000000000e+04
1.713500000000000000e+04
1.760500000000000000e+04
1.807800000000000000e+04
1.855500000000000000e+04
1.903400000000000000e+04
1.951700000000000000e+04
2.000200000000000000e+04
2.049000000000000000e+04
1.763000000000000000e+04
1.810400000000000000e+04
1.858100000000000000e+04
1.906200000000000000e+04
1.954500000000000000e+04
2.003100000000000000e+04
2.052100000000000000e+04
1.812900000000000000e+04
1.860700000000000000e+04
1.908800000000000000e+04
1.957300000000000000e+04
2.006000000000000000e+04
2.055000000000000000e+04
1.863300000000000000e+04
1.911500000000000000e+04
1.960000000000000000e+04
2.008800000000000000e+04
2.057900000000000000e+04
1.914100000000000000e+04
1.962700000000000000e+04
2.011600000000000000e+04
2.060800000000000000e+04
1.965300000000000000e+04
2.014300000000000000e+04
2.063600000000000000e+04
2.017000000000000000e+04
2.066400000000000000e+04
2.069100000000000000e+04
