1.955900000000000000e+04
1.951400000000000000e+04
1.960600000000000000e+04
1.968500000000000000e+04
1.988000000000000000e+04
2.291000000000000000e+04
1.992000000000000000e+04
1.964400000000000000e+04
2.009300000000000000e+04
2.014700000000000000e+04
1.985600000000000000e+04
1.776000000000000000e+04
2.069200000000000000e+04
2.087000000000000000e+04
2.039700000000000000e+04
1.818200000000000000e+04
2.081300000000000000e+04
1.857100000000000000e+04
1.884400000000000000e+04
1.896800000000000000e+04
1.894200000000000000e+04
1.920400000000000000e+04
1.954700000000000000e+04
1.758300000000000000e+04
1.765300000000000000e+04
2.023800000000000000e+04
1.794600000000000000e+04
2.074600000000000000e+04
2.099800000000000000e+04
1.656500000000000000e+04
1.673400000000000000e+04
1.714100000000000000e+04
1.740400000000000000e+04
1.773300000000000000e+04
1.704000000000000000e+04
1.720700000000000000e+04
1.508800000000000000e+04
1.903800000000000000e+04
1.530600000000000000e+04
1.549100000000000000e+04
1.588900000000000000e+04
1.973100000000000000e+04
1.569400000000000000e+04
1.814200000000000000e+04
1.728100000000000000e+04
1.729500000000000000e+04
1.632000000000000000e+04
1.607600000000000000e+04
1.616300000000000000e+04
1.505900000000000000e+04
1.634100000000000000e+04
1.412100000000000000e+04
1.649500000000000000e+04
1.388400000000000000e+04
1.421300000000000000e+04
1.613600000000000000e+04
1.837300000000000000e+04
1.441000000000000000e+04
1.748400000000000000e+04
1.931600000000000000e+04
1.414600000000000000e+04
1.758400000000000000e+04
1.524600000000000000e+04
1.312700000000000000e+04
1.605700000000000000e+04
1.671700000000000000e+04
1.332200000000000000e+04
1.285700000000000000e+04
1.285400000000000000e+04
1.313700000000000000e+04
1.285400000000000000e+04
1.958100000000000000e+04
1.969900000000000000e+04
1.990100000000000000e+04
2.294800000000000000e+04
1.988700000000000000e+04
1.967900000000000000e+04
2.011000000000000000e+04
2.007500000000000000e+04
2.015200000000000000e+04
2.034300000000000000e+04
2.053000000000000000e+04
2.071400000000000000e+04
1.800400000000000000e+04
2.047000000000000000e+04
1.825100000000000000e+04
1.841100000000000000e+04
1.879100000000000000e+04
1.881700000000000000e+04
1.901000000000000000e+04
1.897700000000000000e+04
1.940000000000000000e+04
1.731700000000000000e+04
1.976500000000000000e+04
1.764600000000000000e+04
2.028000000000000000e+04
1.803300000000000000e+04
1.624700000000000000e+04
2.104300000000000000e+04
1.839800000000000000e+04
1.856000000000000000e+04
1.710300000000000000e+04
1.743600000000000000e+04
1.776800000000000000e+04
1.809600000000000000e+04
1.842300000000000000e+04
1.503000000000000000e+04
1.529300000000000000e+04
1.523900000000000000e+04
1.973800000000000000e+04
1.845100000000000000e+04
1.561300000000000000e+04
1.603500000000000000e+04
1.713100000000000000e+04
1.596600000000000000e+04
1.610600000000000000e+04
1.643100000000000000e+04
1.609100000000000000e+04
1.619000000000000000e+04
1.628200000000000000e+04
1.369100000000000000e+04
1.544800000000000000e+04
1.372900000000000000e+04
1.580900000000000000e+04
1.366400000000000000e+04
1.829500000000000000e+04
1.493900000000000000e+04
1.712500000000000000e+04
1.339400000000000000e+04
1.421300000000000000e+04
1.623300000000000000e+04
1.859500000000000000e+04
1.338400000000000000e+04
1.319700000000000000e+04
1.325700000000000000e+04
1.322000000000000000e+04
1.330100000000000000e+04
1.285400000000000000e+04
1.285400000000000000e+04
1.285400000000000000e+04
1.285400000000000000e+04
1.992300000000000000e+04
2.299000000000000000e+04
1.990800000000000000e+04
1.971600000000000000e+04
2.012600000000000000e+04
2.003900000000000000e+04
2.009400000000000000e+04
2.022500000000000000e+04
2.036600000000000000e+04
2.014400000000000000e+04
2.027700000000000000e+04
2.092700000000000000e+04
2.055200000000000000e+04
2.069300000000000000e+04
1.848000000000000000e+04
1.866200000000000000e+04
1.885600000000000000e+04
1.905400000000000000e+04
1.901500000000000000e+04
1.928100000000000000e+04
1.963500000000000000e+04
1.980600000000000000e+04
2.006600000000000000e+04
1.781700000000000000e+04
1.802200000000000000e+04
1.812500000000000000e+04
1.827800000000000000e+04
1.662400000000000000e+04
1.858200000000000000e+04
1.713500000000000000e+04
1.776500000000000000e+04
1.780200000000000000e+04
1.813200000000000000e+04
1.493800000000000000e+04
1.509000000000000000e+04
1.911900000000000000e+04
1.526000000000000000e+04
1.551400000000000000e+04
1.921400000000000000e+04
1.577200000000000000e+04
1.786700000000000000e+04
1.581600000000000000e+04
1.434400000000000000e+04
1.601600000000000000e+04
1.634700000000000000e+04
1.612400000000000000e+04
1.630100000000000000e+04
1.629300000000000000e+04
1.383800000000000000e+04
1.646000000000000000e+04
1.566700000000000000e+04
1.406900000000000000e+04
1.406100000000000000e+04
1.781900000000000000e+04
1.378100000000000000e+04
1.374300000000000000e+04
1.627900000000000000e+04
1.347200000000000000e+04
1.940800000000000000e+04
1.921900000000000000e+04
1.335600000000000000e+04
1.776400000000000000e+04
1.316600000000000000e+04
1.327100000000000000e+04
1.647200000000000000e+04
1.590700000000000000e+04
1.437800000000000000e+04
1.285400000000000000e+04
1.285400000000000000e+04
1.992900000000000000e+04
1.975400000000000000e+04
2.014500000000000000e+04
2.005700000000000000e+04
2.004200000000000000e+04
2.024200000000000000e+04
2.015900000000000000e+04
2.022700000000000000e+04
2.049700000000000000e+04
2.035800000000000000e+04
1.808800000000000000e+04
1.819600000000000000e+04
1.829300000000000000e+04
1.849600000000000000e+04
1.869700000000000000e+04
1.889800000000000000e+04
1.909600000000000000e+04
1.929200000000000000e+04
1.948500000000000000e+04
1.958500000000000000e+04
1.984800000000000000e+04
2.010800000000000000e+04
1.785200000000000000e+04
2.062400000000000000e+04
2.088000000000000000e+04
1.648100000000000000e+04
2.138700000000000000e+04
1.682800000000000000e+04
1.716800000000000000e+04
1.750500000000000000e+04
1.783800000000000000e+04
1.816900000000000000e+04
1.849900000000000000e+04
1.882900000000000000e+04
1.540500000000000000e+04
1.540400000000000000e+04
1.837100000000000000e+04
1.940800000000000000e+04
1.950800000000000000e+04
1.730500000000000000e+04
1.415100000000000000e+04
1.691200000000000000e+04
1.642000000000000000e+04
1.615100000000000000e+04
1.618400000000000000e+04
1.499700000000000000e+04
1.618000000000000000e+04
1.637300000000000000e+04
1.388700000000000000e+04
1.414000000000000000e+04
1.370200000000000000e+04
1.376600000000000000e+04
1.697500000000000000e+04
1.356500000000000000e+04
1.616100000000000000e+04
1.460600000000000000e+04
1.853000000000000000e+04
1.354300000000000000e+04
1.890900000000000000e+04
1.365900000000000000e+04
1.453600000000000000e+04
1.575200000000000000e+04
1.351100000000000000e+04
1.323700000000000000e+04
1.290600000000000000e+04
1.572600000000000000e+04
1.416800000000000000e+04
1.285400000000000000e+04
2.016400000000000000e+04
2.007700000000000000e+04
2.002200000000000000e+04
2.026100000000000000e+04
2.017600000000000000e+04
2.023500000000000000e+04
1.782800000000000000e+04
1.793300000000000000e+04
2.081700000000000000e+04
1.813300000000000000e+04
2.119100000000000000e+04
1.834400000000000000e+04
1.856100000000000000e+04
1.881700000000000000e+04
1.894000000000000000e+04
1.913600000000000000e+04
1.909300000000000000e+04
1.936200000000000000e+04
1.962800000000000000e+04
1.771300000000000000e+04
1.772600000000000000e+04
1.789500000000000000e+04
1.804100000000000000e+04
2.092700000000000000e+04
2.118200000000000000e+04
2.143500000000000000e+04
2.168900000000000000e+04
1.895100000000000000e+04
1.754000000000000000e+04
1.787400000000000000e+04
1.820700000000000000e+04
1.853900000000000000e+04
1.887000000000000000e+04
1.541900000000000000e+04
1.790600000000000000e+04
1.578700000000000000e+04
1.915500000000000000e+04
1.589400000000000000e+04
1.588000000000000000e+04
1.592600000000000000e+04
1.594800000000000000e+04
1.650700000000000000e+04
1.615700000000000000e+04
1.627900000000000000e+04
1.555700000000000000e+04
1.521000000000000000e+04
1.538800000000000000e+04
1.556800000000000000e+04
1.575000000000000000e+04
1.715900000000000000e+04
1.491700000000000000e+04
1.547900000000000000e+04
1.649900000000000000e+04
1.351300000000000000e+04
1.358200000000000000e+04
1.387700000000000000e+04
1.415600000000000000e+04
1.877600000000000000e+04
1.285400000000000000e+04
1.385100000000000000e+04
1.308600000000000000e+04
1.335700000000000000e+04
1.641000000000000000e+04
1.297300000000000000e+04
1.600800000000000000e+04
1.463200000000000000e+04
1.285400000000000000e+04
2.004100000000000000e+04
2.027900000000000000e+04
2.019300000000000000e+04
2.019300000000000000e+04
1.776000000000000000e+04
2.054400000000000000e+04
2.066700000000000000e+04
2.052200000000000000e+04
1.818600000000000000e+04
1.829000000000000000e+04
2.094100000000000000e+04
1.858000000000000000e+04
1.890300000000000000e+04
1.898300000000000000e+04
1.886200000000000000e+04
1.913400000000000000e+04
1.956900000000000000e+04
1.976200000000000000e+04
1.765900000000000000e+04
2.019800000000000000e+04
1.795500000000000000e+04
2.071700000000000000e+04
2.097400000000000000e+04
1.654600000000000000e+04
1.672000000000000000e+04
1.869000000000000000e+04
1.723700000000000000e+04
1.757600000000000000e+04
1.791200000000000000e+04
1.824600000000000000e+04
1.506200000000000000e+04
1.891200000000000000e+04
1.924600000000000000e+04
1.958000000000000000e+04
1.544100000000000000e+04
1.811900000000000000e+04
1.949200000000000000e+04
1.568000000000000000e+04
1.577600000000000000e+04
1.763100000000000000e+04
1.596500000000000000e+04
1.615600000000000000e+04
1.503400000000000000e+04
1.553900000000000000e+04
1.525000000000000000e+04
1.542800000000000000e+04
1.648500000000000000e+04
1.656200000000000000e+04
1.597700000000000000e+04
1.654800000000000000e+04
1.352200000000000000e+04
1.569500000000000000e+04
1.364100000000000000e+04
1.463400000000000000e+04
1.458200000000000000e+04
1.430400000000000000e+04
1.883400000000000000e+04
1.285400000000000000e+04
1.285400000000000000e+04
1.687300000000000000e+04
1.440900000000000000e+04
1.315400000000000000e+04
1.576900000000000000e+04
1.295900000000000000e+04
1.531000000000000000e+04
1.285400000000000000e+04
2.021100000000000000e+04
2.019300000000000000e+04
1.776100000000000000e+04
2.031600000000000000e+04
2.051500000000000000e+04
1.800700000000000000e+04
2.060400000000000000e+04
2.079700000000000000e+04
2.088100000000000000e+04
1.841900000000000000e+04
1.885100000000000000e+04
1.882700000000000000e+04
1.902600000000000000e+04
1.890200000000000000e+04
1.942000000000000000e+04
1.731700000000000000e+04
1.971400000000000000e+04
1.998100000000000000e+04
2.024400000000000000e+04
1.804300000000000000e+04
1.622200000000000000e+04
2.102200000000000000e+04
1.841400000000000000e+04
1.857700000000000000e+04
1.871600000000000000e+04
1.727300000000000000e+04
1.824500000000000000e+04
1.795000000000000000e+04
1.487800000000000000e+04
1.862000000000000000e+04
1.755100000000000000e+04
1.928900000000000000e+04
1.779000000000000000e+04
1.909300000000000000e+04
1.590200000000000000e+04
1.614600000000000000e+04
1.597600000000000000e+04
1.587700000000000000e+04
1.590100000000000000e+04
1.598800000000000000e+04
1.614900000000000000e+04
1.567100000000000000e+04
1.626700000000000000e+04
1.633900000000000000e+04
1.644600000000000000e+04
1.369700000000000000e+04
1.583300000000000000e+04
1.429600000000000000e+04
1.750700000000000000e+04
1.680800000000000000e+04
1.370200000000000000e+04
1.581400000000000000e+04
1.403100000000000000e+04
1.429300000000000000e+04
1.361300000000000000e+04
1.907300000000000000e+04
1.714100000000000000e+04
1.769700000000000000e+04
1.321100000000000000e+04
1.341600000000000000e+04
1.402900000000000000e+04
1.615400000000000000e+04
1.285400000000000000e+04
1.592600000000000000e+04
1.285400000000000000e+04
1.776100000000000000e+04
2.029900000000000000e+04
2.029400000000000000e+04
2.042000000000000000e+04
2.075800000000000000e+04
2.068600000000000000e+04
2.082400000000000000e+04
2.133200000000000000e+04
1.848700000000000000e+04
1.867200000000000000e+04
1.886800000000000000e+04
1.906900000000000000e+04
1.927200000000000000e+04
1.922000000000000000e+04
1.965600000000000000e+04
1.976100000000000000e+04
2.002600000000000000e+04
1.782400000000000000e+04
1.803100000000000000e+04
1.813700000000000000e+04
1.829200000000000000e+04
1.661200000000000000e+04
1.860000000000000000e+04
1.696300000000000000e+04
1.730900000000000000e+04
1.765100000000000000e+04
1.798900000000000000e+04
1.832600000000000000e+04
1.866200000000000000e+04
1.758700000000000000e+04
1.777400000000000000e+04
1.529000000000000000e+04
1.825500000000000000e+04
1.553300000000000000e+04
1.984000000000000000e+04
1.589600000000000000e+04
1.873400000000000000e+04
1.600000000000000000e+04
1.602100000000000000e+04
1.614000000000000000e+04
1.497300000000000000e+04
1.627700000000000000e+04
1.530100000000000000e+04
1.671500000000000000e+04
1.569100000000000000e+04
1.448300000000000000e+04
1.364000000000000000e+04
1.808000000000000000e+04
1.365300000000000000e+04
1.458800000000000000e+04
1.364300000000000000e+04
1.807600000000000000e+04
1.941300000000000000e+04
1.333200000000000000e+04
1.897900000000000000e+04
1.872100000000000000e+04
1.360600000000000000e+04
1.313200000000000000e+04
1.441400000000000000e+04
1.637600000000000000e+04
1.340900000000000000e+04
1.528500000000000000e+04
1.599400000000000000e+04
1.300100000000000000e+04
2.032700000000000000e+04
2.057800000000000000e+04
2.050200000000000000e+04
1.809200000000000000e+04
1.820100000000000000e+04
1.830000000000000000e+04
1.841400000000000000e+04
1.850500000000000000e+04
1.870900000000000000e+04
1.891200000000000000e+04
1.911200000000000000e+04
1.930900000000000000e+04
1.950500000000000000e+04
1.953700000000000000e+04
1.980700000000000000e+04
2.007400000000000000e+04
1.785900000000000000e+04
2.060100000000000000e+04
2.086200000000000000e+04
1.646900000000000000e+04
2.137900000000000000e+04
1.682400000000000000e+04
1.699900000000000000e+04
1.734600000000000000e+04
1.937900000000000000e+04
1.802900000000000000e+04
1.836700000000000000e+04
1.870400000000000000e+04
1.904100000000000000e+04
1.780300000000000000e+04
1.859100000000000000e+04
1.548400000000000000e+04
1.577600000000000000e+04
1.590300000000000000e+04
1.618600000000000000e+04
1.606000000000000000e+04
1.511900000000000000e+04
1.605800000000000000e+04
1.613200000000000000e+04
1.451600000000000000e+04
1.530100000000000000e+04
1.455300000000000000e+04
1.473700000000000000e+04
1.655700000000000000e+04
1.647800000000000000e+04
1.680300000000000000e+04
1.840300000000000000e+04
1.378400000000000000e+04
1.770000000000000000e+04
1.723800000000000000e+04
1.350600000000000000e+04
1.356900000000000000e+04
1.393400000000000000e+04
1.808900000000000000e+04
1.500300000000000000e+04
1.393600000000000000e+04
1.769300000000000000e+04
1.343800000000000000e+04
1.303300000000000000e+04
1.400000000000000000e+04
1.560800000000000000e+04
1.285400000000000000e+04
1.285400000000000000e+04
1.793500000000000000e+04
2.065800000000000000e+04
1.813700000000000000e+04
2.105300000000000000e+04
1.835100000000000000e+04
2.143700000000000000e+04
1.860900000000000000e+04
1.888000000000000000e+04
1.895500000000000000e+04
1.915000000000000000e+04
1.903200000000000000e+04
1.930900000000000000e+04
1.958200000000000000e+04
1.993400000000000000e+04
1.773300000000000000e+04
1.790400000000000000e+04
1.805200000000000000e+04
2.091200000000000000e+04
2.117200000000000000e+04
2.143100000000000000e+04
2.168800000000000000e+04
1.703600000000000000e+04
1.738400000000000000e+04
1.680100000000000000e+04
1.806900000000000000e+04
1.840800000000000000e+04
1.743900000000000000e+04
1.532300000000000000e+04
1.784700000000000000e+04
1.802700000000000000e+04
1.822600000000000000e+04
1.630100000000000000e+04
1.805100000000000000e+04
1.707100000000000000e+04
1.585900000000000000e+04
1.452600000000000000e+04
1.609500000000000000e+04
1.612600000000000000e+04
1.626400000000000000e+04
1.522900000000000000e+04
1.643600000000000000e+04
1.650600000000000000e+04
1.362700000000000000e+04
1.559400000000000000e+04
1.614900000000000000e+04
1.678900000000000000e+04
1.629600000000000000e+04
1.378800000000000000e+04
1.427000000000000000e+04
1.348300000000000000e+04
1.422500000000000000e+04
1.578200000000000000e+04
1.670300000000000000e+04
1.325300000000000000e+04
1.681400000000000000e+04
1.321900000000000000e+04
1.354000000000000000e+04
1.633100000000000000e+04
1.610900000000000000e+04
1.611700000000000000e+04
1.304000000000000000e+04
1.285400000000000000e+04
1.813900000000000000e+04
2.099100000000000000e+04
1.835400000000000000e+04
2.138400000000000000e+04
1.864000000000000000e+04
1.875800000000000000e+04
1.885900000000000000e+04
1.906200000000000000e+04
1.886400000000000000e+04
1.944000000000000000e+04
1.942600000000000000e+04
1.985000000000000000e+04
1.997500000000000000e+04
2.024500000000000000e+04
2.051200000000000000e+04
1.817100000000000000e+04
1.831300000000000000e+04
2.130300000000000000e+04
1.860100000000000000e+04
1.875600000000000000e+04
1.713100000000000000e+04
1.748200000000000000e+04
1.782900000000000000e+04
1.817300000000000000e+04
1.727500000000000000e+04
1.885700000000000000e+04
1.772500000000000000e+04
1.788700000000000000e+04
1.809900000000000000e+04
1.544300000000000000e+04
1.981800000000000000e+04
1.577300000000000000e+04
1.576300000000000000e+04
1.611200000000000000e+04
1.734900000000000000e+04
1.616800000000000000e+04
1.616000000000000000e+04
1.629600000000000000e+04
1.633300000000000000e+04
1.400500000000000000e+04
1.569700000000000000e+04
1.402900000000000000e+04
1.668400000000000000e+04
1.809000000000000000e+04
1.358300000000000000e+04
1.596000000000000000e+04
1.462600000000000000e+04
1.425600000000000000e+04
1.368400000000000000e+04
1.802700000000000000e+04
1.886900000000000000e+04
1.418500000000000000e+04
1.727700000000000000e+04
1.382200000000000000e+04
1.364700000000000000e+04
1.344900000000000000e+04
1.285400000000000000e+04
1.625300000000000000e+04
1.590600000000000000e+04
1.536900000000000000e+04
1.564300000000000000e+04
1.835600000000000000e+04
2.133200000000000000e+04
1.867300000000000000e+04
1.879000000000000000e+04
1.894600000000000000e+04
1.896800000000000000e+04
1.916500000000000000e+04
1.898200000000000000e+04
1.926800000000000000e+04
1.955000000000000000e+04
1.995900000000000000e+04
1.773800000000000000e+04
1.791200000000000000e+04
1.806200000000000000e+04
2.090800000000000000e+04
2.117400000000000000e+04
2.143700000000000000e+04
2.169900000000000000e+04
1.705200000000000000e+04
1.899500000000000000e+04
1.929400000000000000e+04
1.793400000000000000e+04
1.828200000000000000e+04
1.862800000000000000e+04
1.897200000000000000e+04
1.777100000000000000e+04
1.821600000000000000e+04
1.782400000000000000e+04
1.876200000000000000e+04
1.591900000000000000e+04
1.590900000000000000e+04
1.596000000000000000e+04
1.598600000000000000e+04
1.677300000000000000e+04
1.619900000000000000e+04
1.633800000000000000e+04
1.530600000000000000e+04
1.543400000000000000e+04
1.561800000000000000e+04
1.580500000000000000e+04
1.599200000000000000e+04
1.707000000000000000e+04
1.454400000000000000e+04
1.516000000000000000e+04
1.695500000000000000e+04
1.357300000000000000e+04
1.365200000000000000e+04
1.392100000000000000e+04
1.419600000000000000e+04
1.949100000000000000e+04
1.285400000000000000e+04
1.391900000000000000e+04
1.319500000000000000e+04
1.345500000000000000e+04
1.679100000000000000e+04
1.310800000000000000e+04
1.611600000000000000e+04
1.494600000000000000e+04
1.294000000000000000e+04
1.285400000000000000e+04
1.870600000000000000e+04
1.882300000000000000e+04
1.898100000000000000e+04
1.887100000000000000e+04
1.907700000000000000e+04
1.881200000000000000e+04
1.945600000000000000e+04
1.939300000000000000e+04
1.987300000000000000e+04
2.005600000000000000e+04
2.023300000000000000e+04
2.050600000000000000e+04
1.818200000000000000e+04
1.832500000000000000e+04
1.846400000000000000e+04
1.861900000000000000e+04
1.877500000000000000e+04
1.715400000000000000e+04
1.733400000000000000e+04
1.769100000000000000e+04
1.804300000000000000e+04
1.718300000000000000e+04
1.740600000000000000e+04
1.909000000000000000e+04
1.943800000000000000e+04
1.802000000000000000e+04
1.545700000000000000e+04
1.869000000000000000e+04
1.576800000000000000e+04
1.622100000000000000e+04
1.895500000000000000e+04
1.712100000000000000e+04
1.697100000000000000e+04
1.619000000000000000e+04
1.565800000000000000e+04
1.631800000000000000e+04
1.647100000000000000e+04
1.650400000000000000e+04
1.365800000000000000e+04
1.393800000000000000e+04
1.629500000000000000e+04
1.363900000000000000e+04
1.668200000000000000e+04
1.698600000000000000e+04
1.707700000000000000e+04
1.347200000000000000e+04
1.711700000000000000e+04
1.404200000000000000e+04
1.922700000000000000e+04
1.838100000000000000e+04
1.677100000000000000e+04
1.285400000000000000e+04
1.715600000000000000e+04
1.285400000000000000e+04
1.557000000000000000e+04
1.285400000000000000e+04
1.285400000000000000e+04
1.602000000000000000e+04
1.438800000000000000e+04
1.901500000000000000e+04
1.887500000000000000e+04
1.898200000000000000e+04
1.917800000000000000e+04
1.952600000000000000e+04
1.923500000000000000e+04
1.952500000000000000e+04
1.998400000000000000e+04
2.009000000000000000e+04
1.792000000000000000e+04
1.807100000000000000e+04
2.091500000000000000e+04
2.118600000000000000e+04
2.145400000000000000e+04
1.689200000000000000e+04
1.707700000000000000e+04
1.901700000000000000e+04
1.744100000000000000e+04
1.780100000000000000e+04
1.815600000000000000e+04
1.850900000000000000e+04
1.886100000000000000e+04
1.769600000000000000e+04
1.789300000000000000e+04
1.807900000000000000e+04
1.828600000000000000e+04
1.796600000000000000e+04
1.692700000000000000e+04
1.617200000000000000e+04
1.589100000000000000e+04
1.473000000000000000e+04
1.613200000000000000e+04
1.617400000000000000e+04
1.631600000000000000e+04
1.546100000000000000e+04
1.650200000000000000e+04
1.658000000000000000e+04
1.364200000000000000e+04
1.621600000000000000e+04
1.640900000000000000e+04
1.689000000000000000e+04
1.680000000000000000e+04
1.381900000000000000e+04
1.429200000000000000e+04
1.354000000000000000e+04
1.426100000000000000e+04
1.551500000000000000e+04
1.648000000000000000e+04
1.335000000000000000e+04
1.706700000000000000e+04
1.332000000000000000e+04
1.353200000000000000e+04
1.679900000000000000e+04
1.632800000000000000e+04
1.624200000000000000e+04
1.319200000000000000e+04
1.285400000000000000e+04
1.544300000000000000e+04
1.898900000000000000e+04
1.909100000000000000e+04
1.876900000000000000e+04
1.952000000000000000e+04
1.936900000000000000e+04
1.989600000000000000e+04
2.008000000000000000e+04
1.794400000000000000e+04
2.050800000000000000e+04
1.819200000000000000e+04
1.833700000000000000e+04
1.848000000000000000e+04
1.863600000000000000e+04
1.879400000000000000e+04
1.718600000000000000e+04
1.910400000000000000e+04
1.755300000000000000e+04
1.696900000000000000e+04
1.827300000000000000e+04
1.729900000000000000e+04
1.898300000000000000e+04
1.776400000000000000e+04
1.793300000000000000e+04
1.815200000000000000e+04
1.544500000000000000e+04
1.958500000000000000e+04
1.579600000000000000e+04
1.578500000000000000e+04
1.613100000000000000e+04
1.689700000000000000e+04
1.620600000000000000e+04
1.621200000000000000e+04
1.635600000000000000e+04
1.639700000000000000e+04
1.470000000000000000e+04
1.594700000000000000e+04
1.511300000000000000e+04
1.677200000000000000e+04
1.807500000000000000e+04
1.361400000000000000e+04
1.686000000000000000e+04
1.561800000000000000e+04
1.432100000000000000e+04
1.373200000000000000e+04
1.793500000000000000e+04
1.882400000000000000e+04
1.427500000000000000e+04
1.762900000000000000e+04
1.389400000000000000e+04
1.376000000000000000e+04
1.357000000000000000e+04
1.285400000000000000e+04
1.639900000000000000e+04
1.607500000000000000e+04
1.550800000000000000e+04
1.576200000000000000e+04
1.285400000000000000e+04
1.919200000000000000e+04
1.959400000000000000e+04
1.920800000000000000e+04
1.950700000000000000e+04
2.000700000000000000e+04
2.008800000000000000e+04
1.792700000000000000e+04
1.808100000000000000e+04
2.092900000000000000e+04
2.120500000000000000e+04
2.147800000000000000e+04
1.692100000000000000e+04
1.711000000000000000e+04
1.903700000000000000e+04
1.748300000000000000e+04
1.934600000000000000e+04
1.964900000000000000e+04
1.839300000000000000e+04
1.875100000000000000e+04
1.910800000000000000e+04
1.781000000000000000e+04
1.982100000000000000e+04
1.869200000000000000e+04
1.841800000000000000e+04
1.594200000000000000e+04
1.593400000000000000e+04
1.599000000000000000e+04
1.602200000000000000e+04
1.723900000000000000e+04
1.623700000000000000e+04
1.639200000000000000e+04
1.549100000000000000e+04
1.567900000000000000e+04
1.586900000000000000e+04
1.606100000000000000e+04
1.625400000000000000e+04
1.701800000000000000e+04
1.420500000000000000e+04
1.487400000000000000e+04
1.706300000000000000e+04
1.362900000000000000e+04
1.371600000000000000e+04
1.396200000000000000e+04
1.423500000000000000e+04
1.976600000000000000e+04
1.285400000000000000e+04
1.398300000000000000e+04
1.329800000000000000e+04
1.354700000000000000e+04
1.725300000000000000e+04
1.323600000000000000e+04
1.338100000000000000e+04
1.535100000000000000e+04
1.307800000000000000e+04
1.285400000000000000e+04
1.285400000000000000e+04
1.918600000000000000e+04
1.999500000000000000e+04
2.003100000000000000e+04
2.009000000000000000e+04
1.793300000000000000e+04
1.808900000000000000e+04
2.095100000000000000e+04
2.123100000000000000e+04
2.150900000000000000e+04
1.695700000000000000e+04
1.715100000000000000e+04
1.905800000000000000e+04
1.753200000000000000e+04
1.937000000000000000e+04
1.790600000000000000e+04
1.827500000000000000e+04
1.864100000000000000e+04
1.900500000000000000e+04
1.772800000000000000e+04
1.793500000000000000e+04
1.812900000000000000e+04
1.834200000000000000e+04
1.913500000000000000e+04
1.600900000000000000e+04
1.596500000000000000e+04
1.592000000000000000e+04
1.495700000000000000e+04
1.616800000000000000e+04
1.621900000000000000e+04
1.636600000000000000e+04
1.571200000000000000e+04
1.656500000000000000e+04
1.664900000000000000e+04
1.365500000000000000e+04
1.648800000000000000e+04
1.668500000000000000e+04
1.698600000000000000e+04
1.708400000000000000e+04
1.384900000000000000e+04
1.431400000000000000e+04
1.359200000000000000e+04
1.429500000000000000e+04
1.530700000000000000e+04
1.631000000000000000e+04
1.344100000000000000e+04
1.389600000000000000e+04
1.341400000000000000e+04
1.362300000000000000e+04
1.694200000000000000e+04
1.659400000000000000e+04
1.637100000000000000e+04
1.333400000000000000e+04
1.285400000000000000e+04
1.556800000000000000e+04
1.292900000000000000e+04
2.009500000000000000e+04
2.009700000000000000e+04
1.794000000000000000e+04
1.809700000000000000e+04
2.097700000000000000e+04
2.126300000000000000e+04
2.154600000000000000e+04
1.699900000000000000e+04
1.719700000000000000e+04
1.907800000000000000e+04
1.758600000000000000e+04
1.939400000000000000e+04
1.796700000000000000e+04
1.970600000000000000e+04
1.853000000000000000e+04
1.890200000000000000e+04
1.927000000000000000e+04
1.784500000000000000e+04
2.000300000000000000e+04
2.036900000000000000e+04
1.847700000000000000e+04
1.596100000000000000e+04
1.595700000000000000e+04
1.601700000000000000e+04
1.605300000000000000e+04
1.793300000000000000e+04
1.627300000000000000e+04
1.644400000000000000e+04
1.574600000000000000e+04
1.594000000000000000e+04
1.613500000000000000e+04
1.633200000000000000e+04
1.652900000000000000e+04
1.700000000000000000e+04
1.391200000000000000e+04
1.462200000000000000e+04
1.733200000000000000e+04
1.368000000000000000e+04
1.377500000000000000e+04
1.400100000000000000e+04
1.427200000000000000e+04
1.981100000000000000e+04
1.424700000000000000e+04
1.404600000000000000e+04
1.339500000000000000e+04
1.363400000000000000e+04
1.775400000000000000e+04
1.335600000000000000e+04
1.348900000000000000e+04
1.580900000000000000e+04
1.320800000000000000e+04
1.344600000000000000e+04
1.295200000000000000e+04
1.299800000000000000e+04
1.794600000000000000e+04
1.810600000000000000e+04
2.100800000000000000e+04
2.130000000000000000e+04
2.158700000000000000e+04
1.704500000000000000e+04
1.724700000000000000e+04
1.909600000000000000e+04
1.764500000000000000e+04
1.941700000000000000e+04
1.803400000000000000e+04
1.973300000000000000e+04
1.841700000000000000e+04
1.745500000000000000e+04
1.917100000000000000e+04
1.775900000000000000e+04
1.797500000000000000e+04
1.817500000000000000e+04
1.839600000000000000e+04
1.962300000000000000e+04
1.578000000000000000e+04
1.597500000000000000e+04
1.594600000000000000e+04
1.519800000000000000e+04
1.620000000000000000e+04
1.626000000000000000e+04
1.641300000000000000e+04
1.597700000000000000e+04
1.662300000000000000e+04
1.671500000000000000e+04
1.381800000000000000e+04
1.677200000000000000e+04
1.697300000000000000e+04
1.717600000000000000e+04
1.738000000000000000e+04
1.387600000000000000e+04
1.433400000000000000e+04
1.364100000000000000e+04
1.432700000000000000e+04
1.515200000000000000e+04
1.618800000000000000e+04
1.352600000000000000e+04
1.441700000000000000e+04
1.350300000000000000e+04
1.371000000000000000e+04
1.687200000000000000e+04
1.690900000000000000e+04
1.650200000000000000e+04
1.347100000000000000e+04
1.285400000000000000e+04
1.571500000000000000e+04
1.307600000000000000e+04
1.297500000000000000e+04
1.830200000000000000e+04
2.133900000000000000e+04
2.163200000000000000e+04
1.879700000000000000e+04
1.730200000000000000e+04
1.911600000000000000e+04
1.770800000000000000e+04
1.944000000000000000e+04
1.810500000000000000e+04
1.976000000000000000e+04
1.849500000000000000e+04
1.868800000000000000e+04
1.907100000000000000e+04
1.945000000000000000e+04
1.787900000000000000e+04
2.020300000000000000e+04
2.057800000000000000e+04
1.853200000000000000e+04
1.598000000000000000e+04
1.597600000000000000e+04
1.604200000000000000e+04
1.608200000000000000e+04
1.809400000000000000e+04
1.630700000000000000e+04
1.649100000000000000e+04
1.601500000000000000e+04
1.621400000000000000e+04
1.641400000000000000e+04
1.661500000000000000e+04
1.681700000000000000e+04
1.701200000000000000e+04
1.392200000000000000e+04
1.446200000000000000e+04
1.763400000000000000e+04
1.372700000000000000e+04
1.383000000000000000e+04
1.458200000000000000e+04
1.430900000000000000e+04
1.988500000000000000e+04
1.429500000000000000e+04
1.410500000000000000e+04
1.348700000000000000e+04
1.371700000000000000e+04
1.822300000000000000e+04
1.347000000000000000e+04
1.359300000000000000e+04
1.626100000000000000e+04
1.333100000000000000e+04
1.358800000000000000e+04
1.309600000000000000e+04
1.314300000000000000e+04
1.454600000000000000e+04
2.168000000000000000e+04
1.880900000000000000e+04
1.735900000000000000e+04
1.913400000000000000e+04
1.777400000000000000e+04
1.946200000000000000e+04
1.817900000000000000e+04
1.978600000000000000e+04
1.857600000000000000e+04
1.877200000000000000e+04
1.747400000000000000e+04
1.935400000000000000e+04
1.778600000000000000e+04
1.801200000000000000e+04
1.822000000000000000e+04
1.844700000000000000e+04
2.125500000000000000e+04
1.579200000000000000e+04
1.598300000000000000e+04
1.597000000000000000e+04
1.545400000000000000e+04
1.623100000000000000e+04
1.629900000000000000e+04
1.645500000000000000e+04
1.625400000000000000e+04
1.667900000000000000e+04
1.677700000000000000e+04
1.477100000000000000e+04
1.706600000000000000e+04
1.727100000000000000e+04
1.747700000000000000e+04
1.768500000000000000e+04
1.390100000000000000e+04
1.435400000000000000e+04
1.368700000000000000e+04
1.435800000000000000e+04
1.504100000000000000e+04
1.610800000000000000e+04
1.360600000000000000e+04
1.495300000000000000e+04
1.358600000000000000e+04
1.379200000000000000e+04
1.684400000000000000e+04
1.727600000000000000e+04
1.663400000000000000e+04
1.359900000000000000e+04
1.285400000000000000e+04
1.588500000000000000e+04
1.321500000000000000e+04
1.312300000000000000e+04
1.308600000000000000e+04
1.742000000000000000e+04
1.915100000000000000e+04
1.784400000000000000e+04
1.948400000000000000e+04
1.825600000000000000e+04
1.981200000000000000e+04
1.866000000000000000e+04
1.885900000000000000e+04
1.748300000000000000e+04
1.925400000000000000e+04
1.964300000000000000e+04
1.791000000000000000e+04
2.041600000000000000e+04
2.080000000000000000e+04
1.858500000000000000e+04
1.599400000000000000e+04
1.608100000000000000e+04
1.606300000000000000e+04
1.610800000000000000e+04
1.772900000000000000e+04
1.633800000000000000e+04
1.653500000000000000e+04
1.629400000000000000e+04
1.649700000000000000e+04
1.685600000000000000e+04
1.690700000000000000e+04
1.711200000000000000e+04
1.707700000000000000e+04
1.393000000000000000e+04
1.449900000000000000e+04
1.794500000000000000e+04
1.377000000000000000e+04
1.388100000000000000e+04
1.528700000000000000e+04
1.434200000000000000e+04
1.998600000000000000e+04
1.434100000000000000e+04
1.416100000000000000e+04
1.357200000000000000e+04
1.379500000000000000e+04
1.852800000000000000e+04
1.357800000000000000e+04
1.369100000000000000e+04
1.656700000000000000e+04
1.344800000000000000e+04
1.372300000000000000e+04
1.323200000000000000e+04
1.328100000000000000e+04
1.469400000000000000e+04
1.309000000000000000e+04
1.791400000000000000e+04
1.950500000000000000e+04
1.833500000000000000e+04
1.983700000000000000e+04
1.874600000000000000e+04
1.894800000000000000e+04
1.749100000000000000e+04
1.934900000000000000e+04
1.954800000000000000e+04
1.781200000000000000e+04
1.804600000000000000e+04
1.826000000000000000e+04
1.849500000000000000e+04
2.149400000000000000e+04
1.580200000000000000e+04
1.599000000000000000e+04
1.599000000000000000e+04
1.571800000000000000e+04
1.625700000000000000e+04
1.633500000000000000e+04
1.649500000000000000e+04
1.653900000000000000e+04
1.673200000000000000e+04
1.683700000000000000e+04
1.552000000000000000e+04
1.736700000000000000e+04
1.757600000000000000e+04
1.778700000000000000e+04
1.799800000000000000e+04
1.392400000000000000e+04
1.437300000000000000e+04
1.372800000000000000e+04
1.438800000000000000e+04
1.496600000000000000e+04
1.606200000000000000e+04
1.368000000000000000e+04
1.551200000000000000e+04
1.366600000000000000e+04
1.387000000000000000e+04
1.685200000000000000e+04
1.769700000000000000e+04
1.676300000000000000e+04
1.372100000000000000e+04
1.285400000000000000e+04
1.607200000000000000e+04
1.334700000000000000e+04
1.326300000000000000e+04
1.324200000000000000e+04
1.388600000000000000e+04
1.841500000000000000e+04
1.986100000000000000e+04
1.883400000000000000e+04
1.732200000000000000e+04
1.749900000000000000e+04
1.944600000000000000e+04
1.964700000000000000e+04
1.984700000000000000e+04
1.793800000000000000e+04
2.063800000000000000e+04
2.103100000000000000e+04
1.863400000000000000e+04
1.887300000000000000e+04
1.658100000000000000e+04
1.608200000000000000e+04
1.613100000000000000e+04
1.721000000000000000e+04
1.636600000000000000e+04
1.657600000000000000e+04
1.658000000000000000e+04
1.678800000000000000e+04
1.699700000000000000e+04
1.720600000000000000e+04
1.741600000000000000e+04
1.715000000000000000e+04
1.393700000000000000e+04
1.453200000000000000e+04
1.826200000000000000e+04
1.380800000000000000e+04
1.392700000000000000e+04
1.604000000000000000e+04
1.437400000000000000e+04
2.010800000000000000e+04
1.438400000000000000e+04
1.421400000000000000e+04
1.365300000000000000e+04
1.386900000000000000e+04
1.860400000000000000e+04
1.368000000000000000e+04
1.378400000000000000e+04
1.660500000000000000e+04
1.355900000000000000e+04
1.385000000000000000e+04
1.336100000000000000e+04
1.341300000000000000e+04
1.487100000000000000e+04
1.316000000000000000e+04
1.317900000000000000e+04
1.892300000000000000e+04
1.732800000000000000e+04
1.750700000000000000e+04
1.954500000000000000e+04
1.974900000000000000e+04
1.995200000000000000e+04
2.015300000000000000e+04
1.807800000000000000e+04
1.830000000000000000e+04
1.854000000000000000e+04
2.174000000000000000e+04
1.581000000000000000e+04
1.599500000000000000e+04
1.600600000000000000e+04
1.968300000000000000e+04
1.628200000000000000e+04
1.636700000000000000e+04
1.662100000000000000e+04
1.683100000000000000e+04
1.704200000000000000e+04
1.689200000000000000e+04
1.606000000000000000e+04
1.767500000000000000e+04
1.788800000000000000e+04
1.810100000000000000e+04
1.831500000000000000e+04
1.394400000000000000e+04
1.438900000000000000e+04
1.376700000000000000e+04
1.441500000000000000e+04
1.492100000000000000e+04
1.604800000000000000e+04
1.374900000000000000e+04
1.610100000000000000e+04
1.374000000000000000e+04
1.394300000000000000e+04
1.688800000000000000e+04
1.817000000000000000e+04
1.688900000000000000e+04
1.383600000000000000e+04
1.285400000000000000e+04
1.627300000000000000e+04
1.347300000000000000e+04
1.339700000000000000e+04
1.338900000000000000e+04
1.396700000000000000e+04
1.285400000000000000e+04
2.040700000000000000e+04
1.964600000000000000e+04
1.985200000000000000e+04
2.005800000000000000e+04
2.026200000000000000e+04
1.796500000000000000e+04
2.086800000000000000e+04
2.126900000000000000e+04
1.868100000000000000e+04
1.892600000000000000e+04
1.729300000000000000e+04
1.609900000000000000e+04
1.615200000000000000e+04
1.812800000000000000e+04
1.644800000000000000e+04
1.666100000000000000e+04
1.687200000000000000e+04
1.708500000000000000e+04
1.729800000000000000e+04
1.751100000000000000e+04
1.772500000000000000e+04
1.722100000000000000e+04
1.394200000000000000e+04
1.511700000000000000e+04
1.858500000000000000e+04
1.384300000000000000e+04
1.396900000000000000e+04
1.679500000000000000e+04
1.440400000000000000e+04
2.024700000000000000e+04
1.442500000000000000e+04
1.426400000000000000e+04
1.372800000000000000e+04
1.393800000000000000e+04
1.871300000000000000e+04
1.377600000000000000e+04
1.387300000000000000e+04
1.666600000000000000e+04
1.366500000000000000e+04
1.397200000000000000e+04
1.348400000000000000e+04
1.353800000000000000e+04
1.507000000000000000e+04
1.324200000000000000e+04
1.332600000000000000e+04
1.387100000000000000e+04
1.995600000000000000e+04
2.016400000000000000e+04
2.037100000000000000e+04
1.797700000000000000e+04
1.810700000000000000e+04
1.833500000000000000e+04
1.858300000000000000e+04
2.199300000000000000e+04
1.581500000000000000e+04
1.599800000000000000e+04
1.605000000000000000e+04
1.975500000000000000e+04
1.648300000000000000e+04
1.639700000000000000e+04
1.691300000000000000e+04
1.712800000000000000e+04
1.734300000000000000e+04
1.694400000000000000e+04
1.646700000000000000e+04
1.798800000000000000e+04
1.820400000000000000e+04
1.842100000000000000e+04
1.863800000000000000e+04
1.396200000000000000e+04
1.774900000000000000e+04
1.380200000000000000e+04
1.444100000000000000e+04
1.490100000000000000e+04
1.606000000000000000e+04
1.381300000000000000e+04
1.672400000000000000e+04
1.380900000000000000e+04
1.401200000000000000e+04
1.694900000000000000e+04
1.868500000000000000e+04
1.418900000000000000e+04
1.394500000000000000e+04
1.285400000000000000e+04
1.648500000000000000e+04
1.359300000000000000e+04
1.352400000000000000e+04
1.353000000000000000e+04
1.405900000000000000e+04
1.285400000000000000e+04
1.556300000000000000e+04
2.048100000000000000e+04
1.798800000000000000e+04
1.812200000000000000e+04
2.110200000000000000e+04
2.151100000000000000e+04
1.872700000000000000e+04
1.897600000000000000e+04
1.926800000000000000e+04
1.611300000000000000e+04
1.629800000000000000e+04
1.782200000000000000e+04
1.673500000000000000e+04
1.695200000000000000e+04
1.716900000000000000e+04
1.738600000000000000e+04
1.760300000000000000e+04
1.782000000000000000e+04
1.803700000000000000e+04
1.730900000000000000e+04
1.394600000000000000e+04
1.752600000000000000e+04
1.891000000000000000e+04
1.387400000000000000e+04
1.400700000000000000e+04
1.747800000000000000e+04
1.443300000000000000e+04
2.039900000000000000e+04
1.446300000000000000e+04
1.431100000000000000e+04
1.379800000000000000e+04
1.400400000000000000e+04
1.885500000000000000e+04
1.386600000000000000e+04
1.395700000000000000e+04
1.674500000000000000e+04
1.376600000000000000e+04
1.408700000000000000e+04
1.360000000000000000e+04
1.365800000000000000e+04
1.529200000000000000e+04
1.333500000000000000e+04
1.346600000000000000e+04
1.430500000000000000e+04
1.285400000000000000e+04
1.813400000000000000e+04
2.122000000000000000e+04
1.836900000000000000e+04
1.862300000000000000e+04
2.224800000000000000e+04
1.587500000000000000e+04
1.935100000000000000e+04
1.632600000000000000e+04
1.982500000000000000e+04
1.676900000000000000e+04
1.702900000000000000e+04
1.721000000000000000e+04
1.742900000000000000e+04
1.764800000000000000e+04
1.699300000000000000e+04
1.679200000000000000e+04
1.830500000000000000e+04
1.852500000000000000e+04
1.874400000000000000e+04
1.896500000000000000e+04
1.397900000000000000e+04
1.783800000000000000e+04
1.383200000000000000e+04
1.446500000000000000e+04
1.490200000000000000e+04
1.609300000000000000e+04
1.387400000000000000e+04
1.737900000000000000e+04
1.387400000000000000e+04
1.407800000000000000e+04
1.703200000000000000e+04
1.921700000000000000e+04
1.450800000000000000e+04
1.404800000000000000e+04
1.285400000000000000e+04
1.670400000000000000e+04
1.370800000000000000e+04
1.364600000000000000e+04
1.366400000000000000e+04
1.416200000000000000e+04
1.285400000000000000e+04
1.568900000000000000e+04
1.349700000000000000e+04
1.838500000000000000e+04
2.175600000000000000e+04
1.876900000000000000e+04
1.902400000000000000e+04
1.995100000000000000e+04
1.635100000000000000e+04
1.657800000000000000e+04
1.761500000000000000e+04
1.702500000000000000e+04
1.724800000000000000e+04
1.746900000000000000e+04
1.769100000000000000e+04
1.791200000000000000e+04
1.813300000000000000e+04
1.835300000000000000e+04
1.743100000000000000e+04
1.394700000000000000e+04
1.759800000000000000e+04
1.924100000000000000e+04
1.390100000000000000e+04
1.404100000000000000e+04
1.805100000000000000e+04
1.452900000000000000e+04
2.056200000000000000e+04
1.449900000000000000e+04
1.435500000000000000e+04
1.386400000000000000e+04
1.406500000000000000e+04
1.902600000000000000e+04
1.395200000000000000e+04
1.403600000000000000e+04
1.684000000000000000e+04
1.386000000000000000e+04
1.419600000000000000e+04
1.371200000000000000e+04
1.377200000000000000e+04
1.553200000000000000e+04
1.343500000000000000e+04
1.360000000000000000e+04
1.470900000000000000e+04
1.285400000000000000e+04
1.588800000000000000e+04
1.866100000000000000e+04
2.250600000000000000e+04
1.614000000000000000e+04
1.940400000000000000e+04
1.660400000000000000e+04
1.989100000000000000e+04
1.705900000000000000e+04
1.728400000000000000e+04
1.750800000000000000e+04
1.773200000000000000e+04
1.795600000000000000e+04
1.703900000000000000e+04
1.706500000000000000e+04
1.862500000000000000e+04
1.884800000000000000e+04
1.907100000000000000e+04
1.929500000000000000e+04
1.399200000000000000e+04
1.792200000000000000e+04
1.386100000000000000e+04
1.448900000000000000e+04
1.491700000000000000e+04
1.614400000000000000e+04
1.392900000000000000e+04
1.804400000000000000e+04
1.393500000000000000e+04
1.413900000000000000e+04
1.713000000000000000e+04
1.973200000000000000e+04
1.482000000000000000e+04
1.414500000000000000e+04
1.285400000000000000e+04
1.692700000000000000e+04
1.381700000000000000e+04
1.376200000000000000e+04
1.379200000000000000e+04
1.427200000000000000e+04
1.398400000000000000e+04
1.581000000000000000e+04
1.364900000000000000e+04
1.285400000000000000e+04
1.640600000000000000e+04
1.945500000000000000e+04
1.688200000000000000e+04
1.995600000000000000e+04
1.735000000000000000e+04
1.758000000000000000e+04
1.781000000000000000e+04
1.803700000000000000e+04
1.826500000000000000e+04
1.708200000000000000e+04
1.871900000000000000e+04
1.894600000000000000e+04
1.917200000000000000e+04
1.939900000000000000e+04
1.962600000000000000e+04
1.400300000000000000e+04
1.800300000000000000e+04
1.388600000000000000e+04
1.824200000000000000e+04
1.494700000000000000e+04
1.621100000000000000e+04
1.398000000000000000e+04
1.868100000000000000e+04
1.399300000000000000e+04
1.419700000000000000e+04
1.724500000000000000e+04
2.019800000000000000e+04
1.512800000000000000e+04
1.423800000000000000e+04
1.285400000000000000e+04
1.715100000000000000e+04
1.392000000000000000e+04
1.387100000000000000e+04
1.391400000000000000e+04
1.438800000000000000e+04
1.411800000000000000e+04
1.592200000000000000e+04
1.379600000000000000e+04
1.285400000000000000e+04
1.376200000000000000e+04
1.716300000000000000e+04
2.001800000000000000e+04
1.764100000000000000e+04
1.787700000000000000e+04
1.811100000000000000e+04
1.834400000000000000e+04
1.857600000000000000e+04
1.712300000000000000e+04
1.903800000000000000e+04
1.926800000000000000e+04
1.949900000000000000e+04
1.972900000000000000e+04
1.995900000000000000e+04
1.401200000000000000e+04
1.808100000000000000e+04
1.390700000000000000e+04
1.832900000000000000e+04
1.498600000000000000e+04
1.629000000000000000e+04
1.402900000000000000e+04
1.925300000000000000e+04
1.404600000000000000e+04
1.425100000000000000e+04
1.737400000000000000e+04
2.059900000000000000e+04
1.543100000000000000e+04
1.432500000000000000e+04
1.285400000000000000e+04
1.737300000000000000e+04
1.401700000000000000e+04
1.397500000000000000e+04
1.402900000000000000e+04
1.450900000000000000e+04
1.424600000000000000e+04
1.602400000000000000e+04
1.393500000000000000e+04
1.285400000000000000e+04
1.390400000000000000e+04
1.585400000000000000e+04
1.793200000000000000e+04
1.817300000000000000e+04
1.841300000000000000e+04
1.865000000000000000e+04
1.888700000000000000e+04
1.716000000000000000e+04
1.935700000000000000e+04
1.959200000000000000e+04
1.982600000000000000e+04
2.006000000000000000e+04
2.029300000000000000e+04
1.401900000000000000e+04
1.815500000000000000e+04
1.392600000000000000e+04
1.841200000000000000e+04
1.503200000000000000e+04
1.638000000000000000e+04
1.407200000000000000e+04
1.974900000000000000e+04
1.409500000000000000e+04
1.430200000000000000e+04
1.751300000000000000e+04
2.093500000000000000e+04
1.573000000000000000e+04
1.440700000000000000e+04
1.289500000000000000e+04
1.759300000000000000e+04
1.411000000000000000e+04
1.407500000000000000e+04
1.413900000000000000e+04
1.463600000000000000e+04
1.436600000000000000e+04
1.611300000000000000e+04
1.406900000000000000e+04
1.285400000000000000e+04
1.404000000000000000e+04
1.285400000000000000e+04
1.382700000000000000e+04
1.871400000000000000e+04
1.895700000000000000e+04
1.919800000000000000e+04
1.943900000000000000e+04
1.967700000000000000e+04
1.991600000000000000e+04
2.015300000000000000e+04
2.039100000000000000e+04
2.062800000000000000e+04
1.402500000000000000e+04
1.822500000000000000e+04
1.394300000000000000e+04
1.849300000000000000e+04
1.508400000000000000e+04
1.647900000000000000e+04
1.411200000000000000e+04
2.017600000000000000e+04
1.414200000000000000e+04
1.435000000000000000e+04
1.766300000000000000e+04
2.121200000000000000e+04
1.602600000000000000e+04
1.448400000000000000e+04
1.299900000000000000e+04
1.781000000000000000e+04
1.419900000000000000e+04
1.416900000000000000e+04
1.424300000000000000e+04
1.476400000000000000e+04
1.448300000000000000e+04
1.618900000000000000e+04
1.419600000000000000e+04
1.285400000000000000e+04
1.417000000000000000e+04
1.285400000000000000e+04
1.397600000000000000e+04
1.384900000000000000e+04
1.950800000000000000e+04
1.975300000000000000e+04
1.999700000000000000e+04
2.024000000000000000e+04
2.048100000000000000e+04
2.072200000000000000e+04
2.096200000000000000e+04
1.821100000000000000e+04
1.829300000000000000e+04
1.395500000000000000e+04
1.856900000000000000e+04
1.514000000000000000e+04
1.658400000000000000e+04
1.414700000000000000e+04
2.054600000000000000e+04
1.418400000000000000e+04
1.439300000000000000e+04
1.782400000000000000e+04
2.143900000000000000e+04
1.631900000000000000e+04
1.455800000000000000e+04
1.310500000000000000e+04
1.802200000000000000e+04
1.428300000000000000e+04
1.425900000000000000e+04
1.434300000000000000e+04
1.489600000000000000e+04
1.459300000000000000e+04
1.625100000000000000e+04
1.431700000000000000e+04
1.285400000000000000e+04
1.429600000000000000e+04
1.285400000000000000e+04
1.412100000000000000e+04
1.399700000000000000e+04
1.398300000000000000e+04
2.031500000000000000e+04
2.056100000000000000e+04
2.080800000000000000e+04
2.105200000000000000e+04
2.129700000000000000e+04
1.827000000000000000e+04
1.835800000000000000e+04
1.396600000000000000e+04
1.864300000000000000e+04
1.519900000000000000e+04
1.669600000000000000e+04
1.418000000000000000e+04
2.087100000000000000e+04
1.422200000000000000e+04
1.443500000000000000e+04
1.799300000000000000e+04
2.162100000000000000e+04
1.660800000000000000e+04
1.462700000000000000e+04
1.321400000000000000e+04
1.823300000000000000e+04
1.436200000000000000e+04
1.434500000000000000e+04
1.443700000000000000e+04
1.503000000000000000e+04
1.469800000000000000e+04
1.629900000000000000e+04
1.443300000000000000e+04
1.300600000000000000e+04
1.441500000000000000e+04
1.285400000000000000e+04
1.425900000000000000e+04
1.414000000000000000e+04
1.413100000000000000e+04
1.562400000000000000e+04
2.113300000000000000e+04
2.138200000000000000e+04
2.163100000000000000e+04
1.832500000000000000e+04
1.842000000000000000e+04
1.397400000000000000e+04
1.871400000000000000e+04
1.525900000000000000e+04
1.681100000000000000e+04
1.420900000000000000e+04
2.115900000000000000e+04
1.425800000000000000e+04
1.447300000000000000e+04
1.817100000000000000e+04
2.176500000000000000e+04
1.689300000000000000e+04
1.469100000000000000e+04
1.332500000000000000e+04
1.844300000000000000e+04
1.443800000000000000e+04
1.442500000000000000e+04
1.452700000000000000e+04
1.516500000000000000e+04
1.479800000000000000e+04
1.633400000000000000e+04
1.454500000000000000e+04
1.321000000000000000e+04
1.453000000000000000e+04
1.302000000000000000e+04
1.439200000000000000e+04
1.427600000000000000e+04
1.427400000000000000e+04
1.566900000000000000e+04
1.285400000000000000e+04
2.196300000000000000e+04
1.837800000000000000e+04
1.847900000000000000e+04
1.397900000000000000e+04
1.878300000000000000e+04
1.532000000000000000e+04
1.692800000000000000e+04
1.423500000000000000e+04
2.142000000000000000e+04
1.429000000000000000e+04
1.450800000000000000e+04
1.835900000000000000e+04
2.187700000000000000e+04
1.717700000000000000e+04
1.475200000000000000e+04
1.343500000000000000e+04
1.892400000000000000e+04
1.450900000000000000e+04
1.450300000000000000e+04
1.461200000000000000e+04
1.530100000000000000e+04
1.489300000000000000e+04
1.535800000000000000e+04
1.465000000000000000e+04
1.342600000000000000e+04
1.463900000000000000e+04
1.341900000000000000e+04
1.451800000000000000e+04
1.440700000000000000e+04
1.441100000000000000e+04
1.569700000000000000e+04
1.285400000000000000e+04
1.468100000000000000e+04
1.857500000000000000e+04
1.398200000000000000e+04
1.884800000000000000e+04
1.901400000000000000e+04
1.704600000000000000e+04
1.425800000000000000e+04
2.165700000000000000e+04
1.431900000000000000e+04
1.454000000000000000e+04
1.855700000000000000e+04
2.329200000000000000e+04
1.745800000000000000e+04
1.480900000000000000e+04
1.354700000000000000e+04
1.931500000000000000e+04
1.457600000000000000e+04
1.457500000000000000e+04
1.469200000000000000e+04
1.543600000000000000e+04
1.498300000000000000e+04
1.554200000000000000e+04
1.475100000000000000e+04
1.365700000000000000e+04
1.474400000000000000e+04
1.381800000000000000e+04
1.463900000000000000e+04
1.453200000000000000e+04
1.454300000000000000e+04
1.576700000000000000e+04
1.285400000000000000e+04
1.487300000000000000e+04
1.285400000000000000e+04
1.891000000000000000e+04
1.907800000000000000e+04
1.716100000000000000e+04
1.427800000000000000e+04
2.187500000000000000e+04
1.434500000000000000e+04
1.456900000000000000e+04
1.876800000000000000e+04
2.351400000000000000e+04
1.773800000000000000e+04
1.486200000000000000e+04
1.544400000000000000e+04
1.972600000000000000e+04
1.463900000000000000e+04
1.464300000000000000e+04
1.476800000000000000e+04
1.557400000000000000e+04
1.507000000000000000e+04
1.572200000000000000e+04
1.484800000000000000e+04
1.390200000000000000e+04
1.484500000000000000e+04
1.421900000000000000e+04
1.475500000000000000e+04
1.465300000000000000e+04
1.467000000000000000e+04
1.600900000000000000e+04
1.285400000000000000e+04
1.503800000000000000e+04
1.285400000000000000e+04
1.644800000000000000e+04
1.727200000000000000e+04
1.429400000000000000e+04
2.207700000000000000e+04
1.436800000000000000e+04
1.459700000000000000e+04
1.899300000000000000e+04
2.372000000000000000e+04
1.801600000000000000e+04
1.491200000000000000e+04
1.548500000000000000e+04
2.016500000000000000e+04
1.469900000000000000e+04
1.470700000000000000e+04
1.484100000000000000e+04
1.570900000000000000e+04
1.515200000000000000e+04
1.589400000000000000e+04
1.493900000000000000e+04
1.416800000000000000e+04
1.494000000000000000e+04
1.462000000000000000e+04
1.486700000000000000e+04
1.476800000000000000e+04
1.479000000000000000e+04
1.473100000000000000e+04
1.285400000000000000e+04
1.517700000000000000e+04
1.285400000000000000e+04
1.670800000000000000e+04
1.343200000000000000e+04
2.539300000000000000e+04
1.438800000000000000e+04
1.462000000000000000e+04
1.924200000000000000e+04
2.644000000000000000e+04
1.829300000000000000e+04
1.495900000000000000e+04
2.067800000000000000e+04
2.064200000000000000e+04
1.475500000000000000e+04
1.476800000000000000e+04
1.490900000000000000e+04
1.584500000000000000e+04
1.522900000000000000e+04
1.606100000000000000e+04
1.502600000000000000e+04
1.445800000000000000e+04
1.503200000000000000e+04
1.502100000000000000e+04
1.497300000000000000e+04
1.508200000000000000e+04
1.490700000000000000e+04
1.530100000000000000e+04
1.285400000000000000e+04
1.528900000000000000e+04
1.285400000000000000e+04
1.695900000000000000e+04
1.374300000000000000e+04
1.529800000000000000e+04
1.476900000000000000e+04
1.952700000000000000e+04
2.680700000000000000e+04
1.857100000000000000e+04
1.500200000000000000e+04
2.077500000000000000e+04
2.115900000000000000e+04
1.509100000000000000e+04
1.513200000000000000e+04
1.517100000000000000e+04
1.597900000000000000e+04
1.530300000000000000e+04
1.622000000000000000e+04
1.532000000000000000e+04
1.477200000000000000e+04
1.514000000000000000e+04
1.542300000000000000e+04
1.517900000000000000e+04
1.548700000000000000e+04
1.501700000000000000e+04
1.554900000000000000e+04
1.285400000000000000e+04
1.537500000000000000e+04
1.285400000000000000e+04
1.566400000000000000e+04
1.403300000000000000e+04
1.571800000000000000e+04
1.506000000000000000e+04
2.717300000000000000e+04
1.885100000000000000e+04
1.533300000000000000e+04
2.086900000000000000e+04
2.170800000000000000e+04
1.547100000000000000e+04
1.551500000000000000e+04
1.555700000000000000e+04
1.611100000000000000e+04
1.563900000000000000e+04
1.637200000000000000e+04
1.571600000000000000e+04
1.596200000000000000e+04
1.542300000000000000e+04
1.582500000000000000e+04
1.541300000000000000e+04
1.589300000000000000e+04
1.512400000000000000e+04
1.595900000000000000e+04
1.598800000000000000e+04
1.552100000000000000e+04
1.598900000000000000e+04
1.608100000000000000e+04
1.429100000000000000e+04
1.613800000000000000e+04
1.515400000000000000e+04
1.619300000000000000e+04
1.570300000000000000e+04
2.096100000000000000e+04
2.224900000000000000e+04
1.585100000000000000e+04
1.589700000000000000e+04
1.594200000000000000e+04
1.624300000000000000e+04
1.602900000000000000e+04
1.651800000000000000e+04
1.611100000000000000e+04
1.603900000000000000e+04
1.567000000000000000e+04
1.622700000000000000e+04
1.561000000000000000e+04
1.630000000000000000e+04
1.522700000000000000e+04
1.636900000000000000e+04
1.621100000000000000e+04
1.581900000000000000e+04
1.621400000000000000e+04
1.649800000000000000e+04
1.451400000000000000e+04
1.655900000000000000e+04
1.522400000000000000e+04
1.661700000000000000e+04
1.563600000000000000e+04
2.274800000000000000e+04
1.622900000000000000e+04
1.627800000000000000e+04
1.632600000000000000e+04
1.637300000000000000e+04
1.641800000000000000e+04
1.665600000000000000e+04
1.650500000000000000e+04
1.611200000000000000e+04
1.588200000000000000e+04
1.662800000000000000e+04
1.576900000000000000e+04
1.670500000000000000e+04
1.532500000000000000e+04
1.677900000000000000e+04
1.643200000000000000e+04
1.610000000000000000e+04
1.643800000000000000e+04
1.691600000000000000e+04
1.484700000000000000e+04
1.695200000000000000e+04
1.542600000000000000e+04
1.704300000000000000e+04
1.594100000000000000e+04
1.710200000000000000e+04
1.665800000000000000e+04
1.670800000000000000e+04
1.675800000000000000e+04
1.680700000000000000e+04
1.685300000000000000e+04
1.689900000000000000e+04
1.618200000000000000e+04
1.605600000000000000e+04
1.702900000000000000e+04
1.589400000000000000e+04
1.711000000000000000e+04
1.541800000000000000e+04
1.718900000000000000e+04
1.665200000000000000e+04
1.636700000000000000e+04
1.666000000000000000e+04
1.733400000000000000e+04
1.525700000000000000e+04
1.717800000000000000e+04
1.571800000000000000e+04
1.746800000000000000e+04
1.623000000000000000e+04
1.753100000000000000e+04
1.541000000000000000e+04
1.714300000000000000e+04
1.719400000000000000e+04
1.724300000000000000e+04
1.729200000000000000e+04
1.650000000000000000e+04
1.619700000000000000e+04
1.743000000000000000e+04
1.598600000000000000e+04
1.751600000000000000e+04
1.550800000000000000e+04
1.759900000000000000e+04
1.687000000000000000e+04
1.767700000000000000e+04
1.688100000000000000e+04
1.775300000000000000e+04
1.563800000000000000e+04
1.740200000000000000e+04
1.599400000000000000e+04
1.789300000000000000e+04
1.650400000000000000e+04
1.793100000000000000e+04
1.555200000000000000e+04
1.802300000000000000e+04
1.763100000000000000e+04
1.768300000000000000e+04
1.678700000000000000e+04
1.630700000000000000e+04
1.782900000000000000e+04
1.604900000000000000e+04
1.792000000000000000e+04
1.559300000000000000e+04
1.800800000000000000e+04
1.708600000000000000e+04
1.809000000000000000e+04
1.710000000000000000e+04
1.817000000000000000e+04
1.599200000000000000e+04
1.824600000000000000e+04
1.625500000000000000e+04
1.831900000000000000e+04
1.676400000000000000e+04
1.814500000000000000e+04
1.569100000000000000e+04
1.845600000000000000e+04
1.913300000000000000e+04
1.704400000000000000e+04
1.639100000000000000e+04
1.822700000000000000e+04
1.608400000000000000e+04
1.832400000000000000e+04
1.567600000000000000e+04
1.841600000000000000e+04
1.730000000000000000e+04
1.850400000000000000e+04
1.731700000000000000e+04
1.858700000000000000e+04
1.632200000000000000e+04
1.866800000000000000e+04
1.650300000000000000e+04
1.874500000000000000e+04
1.701100000000000000e+04
1.835100000000000000e+04
1.582400000000000000e+04
1.888900000000000000e+04
1.892300000000000000e+04
1.573700000000000000e+04
1.862400000000000000e+04
1.609400000000000000e+04
1.872700000000000000e+04
1.575400000000000000e+04
1.882400000000000000e+04
1.751300000000000000e+04
1.891600000000000000e+04
1.753300000000000000e+04
1.900500000000000000e+04
1.663200000000000000e+04
1.908900000000000000e+04
1.674100000000000000e+04
1.917100000000000000e+04
1.724800000000000000e+04
1.924800000000000000e+04
1.595200000000000000e+04
1.932200000000000000e+04
1.935900000000000000e+04
1.588200000000000000e+04
1.586300000000000000e+04
1.912800000000000000e+04
1.582800000000000000e+04
1.923100000000000000e+04
1.772400000000000000e+04
1.932800000000000000e+04
1.774700000000000000e+04
1.942100000000000000e+04
1.692300000000000000e+04
1.951100000000000000e+04
1.696800000000000000e+04
1.959600000000000000e+04
1.747500000000000000e+04
1.967800000000000000e+04
1.615500000000000000e+04
1.975600000000000000e+04
1.979400000000000000e+04
1.602100000000000000e+04
1.600600000000000000e+04
1.599500000000000000e+04
1.963600000000000000e+04
1.793300000000000000e+04
1.973900000000000000e+04
1.796000000000000000e+04
1.983700000000000000e+04
1.719800000000000000e+04
1.993100000000000000e+04
1.718500000000000000e+04
2.002000000000000000e+04
1.769300000000000000e+04
2.010700000000000000e+04
1.660400000000000000e+04
2.018900000000000000e+04
2.022900000000000000e+04
1.615600000000000000e+04
1.614400000000000000e+04
1.613800000000000000e+04
1.612000000000000000e+04
2.014900000000000000e+04
1.817100000000000000e+04
2.025200000000000000e+04
2.030100000000000000e+04
2.035000000000000000e+04
1.739400000000000000e+04
2.044500000000000000e+04
1.790300000000000000e+04
2.053600000000000000e+04
1.701600000000000000e+04
2.062200000000000000e+04
2.066400000000000000e+04
1.628600000000000000e+04
1.627800000000000000e+04
1.627700000000000000e+04
1.626400000000000000e+04
1.640900000000000000e+04
2.066500000000000000e+04
2.071800000000000000e+04
2.076900000000000000e+04
1.759400000000000000e+04
2.086800000000000000e+04
1.810400000000000000e+04
2.096300000000000000e+04
1.739500000000000000e+04
2.105500000000000000e+04
2.109900000000000000e+04
1.641200000000000000e+04
1.640800000000000000e+04
1.641000000000000000e+04
1.640200000000000000e+04
1.655300000000000000e+04
1.767600000000000000e+04
2.118600000000000000e+04
2.123900000000000000e+04
2.129100000000000000e+04
2.134100000000000000e+04
2.139100000000000000e+04
1.774600000000000000e+04
2.148600000000000000e+04
2.153200000000000000e+04
1.653400000000000000e+04
1.653300000000000000e+04
1.654000000000000000e+04
1.653700000000000000e+04
1.669100000000000000e+04
1.790600000000000000e+04
1.702600000000000000e+04
2.171300000000000000e+04
2.176600000000000000e+04
2.181700000000000000e+04
1.807400000000000000e+04
2.191700000000000000e+04
2.196600000000000000e+04
1.665200000000000000e+04
1.665400000000000000e+04
1.666500000000000000e+04
1.666700000000000000e+04
1.682500000000000000e+04
1.813600000000000000e+04
1.725700000000000000e+04
2.046300000000000000e+04
2.224300000000000000e+04
1.838000000000000000e+04
2.234800000000000000e+04
2.239900000000000000e+04
1.676600000000000000e+04
1.677200000000000000e+04
1.678700000000000000e+04
1.679300000000000000e+04
1.695600000000000000e+04
1.836500000000000000e+04
1.748700000000000000e+04
2.068600000000000000e+04
1.329700000000000000e+04
2.277700000000000000e+04
2.283000000000000000e+04
1.687600000000000000e+04
1.688500000000000000e+04
1.690400000000000000e+04
1.691500000000000000e+04
1.708100000000000000e+04
1.859300000000000000e+04
1.771600000000000000e+04
2.090100000000000000e+04
1.352900000000000000e+04
1.701000000000000000e+04
1.698200000000000000e+04
1.699500000000000000e+04
1.701800000000000000e+04
1.703300000000000000e+04
1.720200000000000000e+04
1.881900000000000000e+04
1.794400000000000000e+04
2.111000000000000000e+04
1.375900000000000000e+04
1.715300000000000000e+04
1.827200000000000000e+04
1.712800000000000000e+04
1.714800000000000000e+04
1.732000000000000000e+04
1.904500000000000000e+04
1.817100000000000000e+04
2.411700000000000000e+04
1.398900000000000000e+04
1.729100000000000000e+04
1.850400000000000000e+04
2.430700000000000000e+04
1.743300000000000000e+04
1.940800000000000000e+04
1.839700000000000000e+04
2.456500000000000000e+04
1.421700000000000000e+04
1.742600000000000000e+04
1.873500000000000000e+04
2.476400000000000000e+04
1.779800000000000000e+04
1.862200000000000000e+04
2.501200000000000000e+04
1.444500000000000000e+04
1.755500000000000000e+04
1.896500000000000000e+04
2.521800000000000000e+04
1.821400000000000000e+04
1.749000000000000000e+04
1.467200000000000000e+04
1.768100000000000000e+04
1.919400000000000000e+04
2.567300000000000000e+04
1.860400000000000000e+04
1.763200000000000000e+04
2.170200000000000000e+04
1.942300000000000000e+04
2.612700000000000000e+04
1.897200000000000000e+04
1.776900000000000000e+04
2.193600000000000000e+04
2.633600000000000000e+04
1.931800000000000000e+04
1.790300000000000000e+04
2.216800000000000000e+04
2.679800000000000000e+04
1.021100000000000000e+04
2.240000000000000000e+04
2.725800000000000000e+04
1.028400000000000000e+04
1.990300000000000000e+04
1.035100000000000000e+04
2.053400000000000000e+04
2.788500000000000000e+04
2.835100000000000000e+04
2.226500000000000000e+04
1.493700000000000000e+04
