2.190000000000000000e+02
3.080000000000000000e+02
3.810000000000000000e+02
4.440000000000000000e+02
5.030000000000000000e+02
5.570000000000000000e+02
6.070000000000000000e+02
6.550000000000000000e+02
7.000000000000000000e+02
7.440000000000000000e+02
8.430000000000000000e+02
9.320000000000000000e+02
1.009000000000000000e+03
1.075000000000000000e+03
1.131000000000000000e+03
1.194000000000000000e+03
1.347000000000000000e+03
1.496000000000000000e+03
1.644000000000000000e+03
1.790000000000000000e+03
1.937000000000000000e+03
2.083000000000000000e+03
2.229000000000000000e+03
2.376000000000000000e+03
2.524000000000000000e+03
2.673000000000000000e+03
2.821000000000000000e+03
2.971000000000000000e+03
3.122000000000000000e+03
3.273000000000000000e+03
3.426000000000000000e+03
3.734000000000000000e+03
4.045000000000000000e+03
4.360000000000000000e+03
4.679000000000000000e+03
5.002000000000000000e+03
5.328000000000000000e+03
5.350000000000000000e+03
5.991000000000000000e+03
6.328000000000000000e+03
5.746000000000000000e+03
6.121000000000000000e+03
6.499000000000000000e+03
6.879000000000000000e+03
6.822000000000000000e+03
7.649000000000000000e+03
8.038000000000000000e+03
7.911000000000000000e+03
9.514000000000000000e+03
9.105000000000000000e+03
1.025800000000000000e+04
6.891000000000000000e+03
1.042200000000000000e+04
1.082600000000000000e+04
1.141900000000000000e+04
1.164300000000000000e+04
1.178200000000000000e+04
1.246800000000000000e+04
1.064200000000000000e+04
1.248400000000000000e+04
1.372100000000000000e+04
1.231700000000000000e+04
8.525000000000000000e+03
1.499500000000000000e+04
9.269000000000000000e+03
1.458400000000000000e+04
1.275500000000000000e+04
9.780000000000000000e+03
1.716200000000000000e+04
1.760200000000000000e+04
1.258200000000000000e+04
3.150000000000000000e+02
3.860000000000000000e+02
4.490000000000000000e+02
5.060000000000000000e+02
5.590000000000000000e+02
6.090000000000000000e+02
6.560000000000000000e+02
7.000000000000000000e+02
7.440000000000000000e+02
8.420000000000000000e+02
9.280000000000000000e+02
1.004000000000000000e+03
1.069000000000000000e+03
1.124000000000000000e+03
1.200000000000000000e+03
1.352000000000000000e+03
1.501000000000000000e+03
1.649000000000000000e+03
1.796000000000000000e+03
1.941000000000000000e+03
2.087000000000000000e+03
2.234000000000000000e+03
2.381000000000000000e+03
2.529000000000000000e+03
2.677000000000000000e+03
2.826000000000000000e+03
2.975000000000000000e+03
3.126000000000000000e+03
3.277000000000000000e+03
3.430000000000000000e+03
3.738000000000000000e+03
4.049000000000000000e+03
4.365000000000000000e+03
4.683000000000000000e+03
5.005000000000000000e+03
4.649000000000000000e+03
5.662000000000000000e+03
5.038000000000000000e+03
5.404000000000000000e+03
6.673000000000000000e+03
6.145000000000000000e+03
7.364000000000000000e+03
6.902000000000000000e+03
7.285000000000000000e+03
7.672000000000000000e+03
7.302000000000000000e+03
8.450000000000000000e+03
9.519000000000000000e+03
9.889000000000000000e+03
9.637000000000000000e+03
1.003700000000000000e+04
6.572000000000000000e+03
1.084400000000000000e+04
1.125100000000000000e+04
1.165900000000000000e+04
1.184300000000000000e+04
1.248400000000000000e+04
1.290000000000000000e+04
1.331700000000000000e+04
1.335500000000000000e+04
1.175700000000000000e+04
1.140800000000000000e+04
1.501100000000000000e+04
1.018000000000000000e+04
7.129000000000000000e+03
1.589900000000000000e+04
1.656900000000000000e+04
1.125800000000000000e+04
1.285400000000000000e+04
1.805900000000000000e+04
3.890000000000000000e+02
4.510000000000000000e+02
5.080000000000000000e+02
5.610000000000000000e+02
6.100000000000000000e+02
6.570000000000000000e+02
7.020000000000000000e+02
7.430000000000000000e+02
8.390000000000000000e+02
9.250000000000000000e+02
1.000000000000000000e+03
1.063000000000000000e+03
1.128000000000000000e+03
1.205000000000000000e+03
1.357000000000000000e+03
1.506000000000000000e+03
1.653000000000000000e+03
1.800000000000000000e+03
1.946000000000000000e+03
2.092000000000000000e+03
2.238000000000000000e+03
2.385000000000000000e+03
2.533000000000000000e+03
2.681000000000000000e+03
2.830000000000000000e+03
2.980000000000000000e+03
3.130000000000000000e+03
3.282000000000000000e+03
3.434000000000000000e+03
3.742000000000000000e+03
4.054000000000000000e+03
4.368000000000000000e+03
4.687000000000000000e+03
5.010000000000000000e+03
5.336000000000000000e+03
5.319000000000000000e+03
6.000000000000000000e+03
6.337000000000000000e+03
6.676000000000000000e+03
7.021000000000000000e+03
7.369000000000000000e+03
6.926000000000000000e+03
7.307000000000000000e+03
7.693000000000000000e+03
8.081000000000000000e+03
8.471000000000000000e+03
9.524000000000000000e+03
9.895000000000000000e+03
9.656000000000000000e+03
1.064600000000000000e+04
1.045700000000000000e+04
1.085200000000000000e+04
5.737000000000000000e+03
1.089700000000000000e+04
1.208800000000000000e+04
6.369000000000000000e+03
1.291500000000000000e+04
1.333300000000000000e+04
1.018100000000000000e+04
1.237900000000000000e+04
1.050000000000000000e+04
1.308100000000000000e+04
8.252000000000000000e+03
1.285400000000000000e+04
1.502800000000000000e+04
1.180700000000000000e+04
1.368600000000000000e+04
1.656000000000000000e+04
5.765000000000000000e+03
4.530000000000000000e+02
5.090000000000000000e+02
5.610000000000000000e+02
6.110000000000000000e+02
6.570000000000000000e+02
7.010000000000000000e+02
7.430000000000000000e+02
8.380000000000000000e+02
9.220000000000000000e+02
9.950000000000000000e+02
1.057000000000000000e+03
1.133000000000000000e+03
1.210000000000000000e+03
1.362000000000000000e+03
1.511000000000000000e+03
1.658000000000000000e+03
1.805000000000000000e+03
1.950000000000000000e+03
2.096000000000000000e+03
2.243000000000000000e+03
2.390000000000000000e+03
2.537000000000000000e+03
2.685000000000000000e+03
2.834000000000000000e+03
2.984000000000000000e+03
3.135000000000000000e+03
3.286000000000000000e+03
3.438000000000000000e+03
3.746000000000000000e+03
4.058000000000000000e+03
4.372000000000000000e+03
4.692000000000000000e+03
5.014000000000000000e+03
5.340000000000000000e+03
5.669000000000000000e+03
5.333000000000000000e+03
6.340000000000000000e+03
5.823000000000000000e+03
7.026000000000000000e+03
7.373000000000000000e+03
7.209000000000000000e+03
8.078000000000000000e+03
7.714000000000000000e+03
7.812000000000000000e+03
5.548000000000000000e+03
8.882000000000000000e+03
9.158000000000000000e+03
9.674000000000000000e+03
1.007400000000000000e+04
1.086400000000000000e+04
1.087900000000000000e+04
1.128500000000000000e+04
1.169300000000000000e+04
7.013000000000000000e+03
1.251600000000000000e+04
7.416000000000000000e+03
1.193600000000000000e+04
1.107000000000000000e+04
1.273300000000000000e+04
6.326000000000000000e+03
1.157200000000000000e+04
1.330900000000000000e+04
1.493500000000000000e+04
6.953000000000000000e+03
9.417000000000000000e+03
1.331400000000000000e+04
7.325000000000000000e+03
1.715500000000000000e+04
5.100000000000000000e+02
5.610000000000000000e+02
6.110000000000000000e+02
6.570000000000000000e+02
7.010000000000000000e+02
7.420000000000000000e+02
8.360000000000000000e+02
9.190000000000000000e+02
9.910000000000000000e+02
1.059000000000000000e+03
1.138000000000000000e+03
1.215000000000000000e+03
1.366000000000000000e+03
1.515000000000000000e+03
1.663000000000000000e+03
1.808000000000000000e+03
1.955000000000000000e+03
2.100000000000000000e+03
2.247000000000000000e+03
2.393000000000000000e+03
2.541000000000000000e+03
2.689000000000000000e+03
2.838000000000000000e+03
2.988000000000000000e+03
3.139000000000000000e+03
3.290000000000000000e+03
3.442000000000000000e+03
3.750000000000000000e+03
4.061000000000000000e+03
4.376000000000000000e+03
4.695000000000000000e+03
5.018000000000000000e+03
5.344000000000000000e+03
5.576000000000000000e+03
6.008000000000000000e+03
5.480000000000000000e+03
6.685000000000000000e+03
6.218000000000000000e+03
6.592000000000000000e+03
7.729000000000000000e+03
8.082000000000000000e+03
6.778000000000000000e+03
8.122000000000000000e+03
8.511000000000000000e+03
7.960000000000000000e+03
9.297000000000000000e+03
9.692000000000000000e+03
1.009200000000000000e+04
1.049200000000000000e+04
1.016800000000000000e+04
1.045300000000000000e+04
1.091900000000000000e+04
1.254400000000000000e+04
1.253200000000000000e+04
9.504000000000000000e+03
1.073800000000000000e+04
1.144700000000000000e+04
1.286900000000000000e+04
1.230500000000000000e+04
5.928000000000000000e+03
1.548400000000000000e+04
1.591400000000000000e+04
1.118500000000000000e+04
1.677200000000000000e+04
1.285400000000000000e+04
1.154700000000000000e+04
7.584000000000000000e+03
5.620000000000000000e+02
6.110000000000000000e+02
6.570000000000000000e+02
7.000000000000000000e+02
7.410000000000000000e+02
8.350000000000000000e+02
9.170000000000000000e+02
9.880000000000000000e+02
1.064000000000000000e+03
1.143000000000000000e+03
1.220000000000000000e+03
1.371000000000000000e+03
1.519000000000000000e+03
1.666000000000000000e+03
1.813000000000000000e+03
1.959000000000000000e+03
2.105000000000000000e+03
2.251000000000000000e+03
2.397000000000000000e+03
2.545000000000000000e+03
2.693000000000000000e+03
2.842000000000000000e+03
2.991000000000000000e+03
3.143000000000000000e+03
3.294000000000000000e+03
3.446000000000000000e+03
3.754000000000000000e+03
4.065000000000000000e+03
4.380000000000000000e+03
4.699000000000000000e+03
5.021000000000000000e+03
5.347000000000000000e+03
5.678000000000000000e+03
6.011000000000000000e+03
6.349000000000000000e+03
6.690000000000000000e+03
6.242000000000000000e+03
6.614000000000000000e+03
7.733000000000000000e+03
8.088000000000000000e+03
7.755000000000000000e+03
8.140000000000000000e+03
8.529000000000000000e+03
7.620000000000000000e+03
9.314000000000000000e+03
9.710000000000000000e+03
1.010900000000000000e+04
5.684000000000000000e+03
9.530000000000000000e+03
1.131800000000000000e+04
1.172600000000000000e+04
1.213500000000000000e+04
9.577000000000000000e+03
1.296200000000000000e+04
1.234700000000000000e+04
1.196300000000000000e+04
1.280400000000000000e+04
8.369000000000000000e+03
1.203900000000000000e+04
1.465700000000000000e+04
9.423000000000000000e+03
1.636100000000000000e+04
1.036000000000000000e+04
1.723300000000000000e+04
1.327000000000000000e+04
1.627500000000000000e+04
6.110000000000000000e+02
6.560000000000000000e+02
7.000000000000000000e+02
7.410000000000000000e+02
8.350000000000000000e+02
9.160000000000000000e+02
9.880000000000000000e+02
1.068000000000000000e+03
1.147000000000000000e+03
1.224000000000000000e+03
1.375000000000000000e+03
1.524000000000000000e+03
1.670000000000000000e+03
1.817000000000000000e+03
1.963000000000000000e+03
2.109000000000000000e+03
2.255000000000000000e+03
2.402000000000000000e+03
2.549000000000000000e+03
2.697000000000000000e+03
2.846000000000000000e+03
2.996000000000000000e+03
3.146000000000000000e+03
3.297000000000000000e+03
3.450000000000000000e+03
3.758000000000000000e+03
4.068000000000000000e+03
4.384000000000000000e+03
4.703000000000000000e+03
4.747000000000000000e+03
5.352000000000000000e+03
5.681000000000000000e+03
5.486000000000000000e+03
6.352000000000000000e+03
6.278000000000000000e+03
7.038000000000000000e+03
6.636000000000000000e+03
7.737000000000000000e+03
8.091000000000000000e+03
7.775000000000000000e+03
8.160000000000000000e+03
7.168000000000000000e+03
8.939000000000000000e+03
9.332000000000000000e+03
1.028900000000000000e+04
6.672000000000000000e+03
1.052500000000000000e+04
1.142900000000000000e+04
1.048000000000000000e+04
5.162000000000000000e+03
6.487000000000000000e+03
1.252200000000000000e+04
1.297700000000000000e+04
7.308000000000000000e+03
1.157900000000000000e+04
1.252500000000000000e+04
1.180900000000000000e+04
8.582000000000000000e+03
1.191500000000000000e+04
1.170500000000000000e+04
1.114100000000000000e+04
7.642000000000000000e+03
8.847000000000000000e+03
1.285400000000000000e+04
1.285400000000000000e+04
6.580000000000000000e+02
7.010000000000000000e+02
7.410000000000000000e+02
8.340000000000000000e+02
9.140000000000000000e+02
9.930000000000000000e+02
1.072000000000000000e+03
1.151000000000000000e+03
1.228000000000000000e+03
1.379000000000000000e+03
1.528000000000000000e+03
1.674000000000000000e+03
1.820000000000000000e+03
1.966000000000000000e+03
2.112000000000000000e+03
2.259000000000000000e+03
2.406000000000000000e+03
2.553000000000000000e+03
2.700000000000000000e+03
2.850000000000000000e+03
2.999000000000000000e+03
3.149000000000000000e+03
3.301000000000000000e+03
3.454000000000000000e+03
3.761000000000000000e+03
4.072000000000000000e+03
4.387000000000000000e+03
4.707000000000000000e+03
5.029000000000000000e+03
5.355000000000000000e+03
5.685000000000000000e+03
6.020000000000000000e+03
5.552000000000000000e+03
5.916000000000000000e+03
7.042000000000000000e+03
7.390000000000000000e+03
7.379000000000000000e+03
8.096000000000000000e+03
7.794000000000000000e+03
8.179000000000000000e+03
8.566000000000000000e+03
8.956000000000000000e+03
9.349000000000000000e+03
1.015600000000000000e+04
9.374000000000000000e+03
1.080100000000000000e+04
8.231000000000000000e+03
1.134900000000000000e+04
1.175700000000000000e+04
1.216600000000000000e+04
1.257800000000000000e+04
1.235800000000000000e+04
1.240200000000000000e+04
1.119400000000000000e+04
1.210900000000000000e+04
1.037800000000000000e+04
1.472800000000000000e+04
7.849000000000000000e+03
1.424900000000000000e+04
1.285400000000000000e+04
1.682300000000000000e+04
1.238100000000000000e+04
1.721000000000000000e+04
1.586900000000000000e+04
7.020000000000000000e+02
7.420000000000000000e+02
8.340000000000000000e+02
9.150000000000000000e+02
9.970000000000000000e+02
1.077000000000000000e+03
1.156000000000000000e+03
1.232000000000000000e+03
1.383000000000000000e+03
1.531000000000000000e+03
1.678000000000000000e+03
1.824000000000000000e+03
1.970000000000000000e+03
2.116000000000000000e+03
2.262000000000000000e+03
2.409000000000000000e+03
2.557000000000000000e+03
2.704000000000000000e+03
2.853000000000000000e+03
3.003000000000000000e+03
3.153000000000000000e+03
3.304000000000000000e+03
3.457000000000000000e+03
3.765000000000000000e+03
4.076000000000000000e+03
4.391000000000000000e+03
4.710000000000000000e+03
5.033000000000000000e+03
5.359000000000000000e+03
5.689000000000000000e+03
5.248000000000000000e+03
6.361000000000000000e+03
6.701000000000000000e+03
7.046000000000000000e+03
7.394000000000000000e+03
7.054000000000000000e+03
8.039000000000000000e+03
7.813000000000000000e+03
8.197000000000000000e+03
8.716000000000000000e+03
8.974000000000000000e+03
9.366000000000000000e+03
7.824000000000000000e+03
1.067700000000000000e+04
9.417000000000000000e+03
1.096000000000000000e+04
1.132800000000000000e+04
1.031500000000000000e+04
1.218000000000000000e+04
1.259200000000000000e+04
7.827000000000000000e+03
1.342300000000000000e+04
1.036400000000000000e+04
1.106300000000000000e+04
1.395900000000000000e+04
1.511100000000000000e+04
1.096200000000000000e+04
1.597000000000000000e+04
1.640200000000000000e+04
7.000000000000000000e+03
1.310000000000000000e+04
8.739000000000000000e+03
1.081600000000000000e+04
7.440000000000000000e+02
8.360000000000000000e+02
9.200000000000000000e+02
1.001000000000000000e+03
1.082000000000000000e+03
1.160000000000000000e+03
1.237000000000000000e+03
1.387000000000000000e+03
1.535000000000000000e+03
1.682000000000000000e+03
1.828000000000000000e+03
1.974000000000000000e+03
2.119000000000000000e+03
2.266000000000000000e+03
2.413000000000000000e+03
2.560000000000000000e+03
2.708000000000000000e+03
2.856000000000000000e+03
3.007000000000000000e+03
3.157000000000000000e+03
3.308000000000000000e+03
3.461000000000000000e+03
3.768000000000000000e+03
4.079000000000000000e+03
4.394000000000000000e+03
4.713000000000000000e+03
5.036000000000000000e+03
5.363000000000000000e+03
5.693000000000000000e+03
6.027000000000000000e+03
6.365000000000000000e+03
6.705000000000000000e+03
6.326000000000000000e+03
7.398000000000000000e+03
7.073000000000000000e+03
7.451000000000000000e+03
7.831000000000000000e+03
8.215000000000000000e+03
9.190000000000000000e+03
8.991000000000000000e+03
9.930000000000000000e+03
6.967000000000000000e+03
1.017500000000000000e+04
8.478000000000000000e+03
1.097600000000000000e+04
1.138000000000000000e+04
1.178600000000000000e+04
6.238000000000000000e+03
1.208900000000000000e+04
7.186000000000000000e+03
1.343600000000000000e+04
9.188000000000000000e+03
9.981000000000000000e+03
1.469900000000000000e+04
1.502100000000000000e+04
1.555300000000000000e+04
7.828000000000000000e+03
1.021000000000000000e+04
1.123900000000000000e+04
8.094000000000000000e+03
1.772700000000000000e+04
1.616600000000000000e+04
8.450000000000000000e+02
9.300000000000000000e+02
1.011000000000000000e+03
1.091000000000000000e+03
1.169000000000000000e+03
1.246000000000000000e+03
1.397000000000000000e+03
1.544000000000000000e+03
1.691000000000000000e+03
1.837000000000000000e+03
1.983000000000000000e+03
2.128000000000000000e+03
2.274000000000000000e+03
2.421000000000000000e+03
2.568000000000000000e+03
2.716000000000000000e+03
2.865000000000000000e+03
3.014000000000000000e+03
3.165000000000000000e+03
3.317000000000000000e+03
3.469000000000000000e+03
3.776000000000000000e+03
4.088000000000000000e+03
4.403000000000000000e+03
4.722000000000000000e+03
5.045000000000000000e+03
5.371000000000000000e+03
5.702000000000000000e+03
6.036000000000000000e+03
5.648000000000000000e+03
6.715000000000000000e+03
6.376000000000000000e+03
7.408000000000000000e+03
7.760000000000000000e+03
8.116000000000000000e+03
8.474000000000000000e+03
8.836000000000000000e+03
8.644000000000000000e+03
9.032000000000000000e+03
7.595000000000000000e+03
9.817000000000000000e+03
1.021400000000000000e+04
1.061200000000000000e+04
1.109600000000000000e+04
7.120000000000000000e+03
1.182200000000000000e+04
1.152100000000000000e+04
1.264200000000000000e+04
1.305500000000000000e+04
1.244600000000000000e+04
1.173900000000000000e+04
6.299000000000000000e+03
1.439000000000000000e+04
1.137500000000000000e+04
9.378000000000000000e+03
1.601600000000000000e+04
1.644700000000000000e+04
9.314000000000000000e+03
1.213400000000000000e+04
1.371300000000000000e+04
1.555100000000000000e+04
9.390000000000000000e+02
1.021000000000000000e+03
1.100000000000000000e+03
1.178000000000000000e+03
1.255000000000000000e+03
1.404000000000000000e+03
1.552000000000000000e+03
1.699000000000000000e+03
1.845000000000000000e+03
1.991000000000000000e+03
2.137000000000000000e+03
2.282000000000000000e+03
2.429000000000000000e+03
2.576000000000000000e+03
2.724000000000000000e+03
2.873000000000000000e+03
3.023000000000000000e+03
3.173000000000000000e+03
3.325000000000000000e+03
3.476000000000000000e+03
3.784000000000000000e+03
4.096000000000000000e+03
4.411000000000000000e+03
4.731000000000000000e+03
5.053000000000000000e+03
5.380000000000000000e+03
5.710000000000000000e+03
5.342000000000000000e+03
6.383000000000000000e+03
6.059000000000000000e+03
6.424000000000000000e+03
7.418000000000000000e+03
7.771000000000000000e+03
6.272000000000000000e+03
7.918000000000000000e+03
8.300000000000000000e+03
8.267000000000000000e+03
9.072000000000000000e+03
9.462000000000000000e+03
9.854000000000000000e+03
1.025000000000000000e+04
9.831000000000000000e+03
1.026200000000000000e+04
1.076000000000000000e+04
1.225400000000000000e+04
1.226500000000000000e+04
9.363000000000000000e+03
1.043200000000000000e+04
1.131000000000000000e+04
1.255600000000000000e+04
1.230100000000000000e+04
5.825000000000000000e+03
1.519000000000000000e+04
1.561700000000000000e+04
1.104800000000000000e+04
1.647900000000000000e+04
1.285400000000000000e+04
1.160000000000000000e+04
7.490000000000000000e+03
1.209500000000000000e+04
1.029000000000000000e+03
1.108000000000000000e+03
1.186000000000000000e+03
1.262000000000000000e+03
1.412000000000000000e+03
1.560000000000000000e+03
1.707000000000000000e+03
1.853000000000000000e+03
1.998000000000000000e+03
2.143000000000000000e+03
2.290000000000000000e+03
2.436000000000000000e+03
2.584000000000000000e+03
2.732000000000000000e+03
2.880000000000000000e+03
3.029000000000000000e+03
3.181000000000000000e+03
3.332000000000000000e+03
3.484000000000000000e+03
3.791000000000000000e+03
4.104000000000000000e+03
4.419000000000000000e+03
4.738000000000000000e+03
5.062000000000000000e+03
5.388000000000000000e+03
5.719000000000000000e+03
6.054000000000000000e+03
6.392000000000000000e+03
6.105000000000000000e+03
6.528000000000000000e+03
6.835000000000000000e+03
7.206000000000000000e+03
8.136000000000000000e+03
8.495000000000000000e+03
8.339000000000000000e+03
9.223000000000000000e+03
9.593000000000000000e+03
9.498000000000000000e+03
9.890000000000000000e+03
7.946000000000000000e+03
1.068200000000000000e+04
1.108200000000000000e+04
1.148500000000000000e+04
9.696000000000000000e+03
1.229700000000000000e+04
1.270700000000000000e+04
1.186400000000000000e+04
1.184000000000000000e+04
1.195400000000000000e+04
8.666000000000000000e+03
1.289700000000000000e+04
1.169500000000000000e+04
1.053100000000000000e+04
1.215700000000000000e+04
1.280500000000000000e+04
6.980000000000000000e+03
1.633600000000000000e+04
1.049200000000000000e+04
1.219700000000000000e+04
1.116000000000000000e+03
1.193000000000000000e+03
1.269000000000000000e+03
1.420000000000000000e+03
1.567000000000000000e+03
1.714000000000000000e+03
1.859000000000000000e+03
2.005000000000000000e+03
2.150000000000000000e+03
2.297000000000000000e+03
2.444000000000000000e+03
2.591000000000000000e+03
2.739000000000000000e+03
2.888000000000000000e+03
3.037000000000000000e+03
3.187000000000000000e+03
3.339000000000000000e+03
3.491000000000000000e+03
3.799000000000000000e+03
4.110000000000000000e+03
4.427000000000000000e+03
4.746000000000000000e+03
5.069000000000000000e+03
5.396000000000000000e+03
5.727000000000000000e+03
6.061000000000000000e+03
6.400000000000000000e+03
6.147000000000000000e+03
7.088000000000000000e+03
6.876000000000000000e+03
7.247000000000000000e+03
7.619000000000000000e+03
7.996000000000000000e+03
8.868000000000000000e+03
8.759000000000000000e+03
9.604000000000000000e+03
7.199000000000000000e+03
9.925000000000000000e+03
8.990000000000000000e+03
1.071500000000000000e+04
1.111500000000000000e+04
1.151700000000000000e+04
6.114000000000000000e+03
1.188600000000000000e+04
7.061000000000000000e+03
1.315100000000000000e+04
8.887000000000000000e+03
9.846000000000000000e+03
1.440300000000000000e+04
1.476600000000000000e+04
1.525000000000000000e+04
7.522000000000000000e+03
9.800000000000000000e+03
1.125800000000000000e+04
7.994000000000000000e+03
1.741200000000000000e+04
1.634700000000000000e+04
1.507800000000000000e+04
1.200000000000000000e+03
1.276000000000000000e+03
1.426000000000000000e+03
1.573000000000000000e+03
1.720000000000000000e+03
1.866000000000000000e+03
2.012000000000000000e+03
2.158000000000000000e+03
2.304000000000000000e+03
2.450000000000000000e+03
2.597000000000000000e+03
2.745000000000000000e+03
2.894000000000000000e+03
3.044000000000000000e+03
3.194000000000000000e+03
3.345000000000000000e+03
3.498000000000000000e+03
3.806000000000000000e+03
4.117000000000000000e+03
4.434000000000000000e+03
4.753000000000000000e+03
5.076000000000000000e+03
5.403000000000000000e+03
5.735000000000000000e+03
5.479000000000000000e+03
6.408000000000000000e+03
6.189000000000000000e+03
7.096000000000000000e+03
7.446000000000000000e+03
7.798000000000000000e+03
8.155000000000000000e+03
8.515000000000000000e+03
8.411000000000000000e+03
8.794000000000000000e+03
7.440000000000000000e+03
9.567000000000000000e+03
9.957000000000000000e+03
1.035100000000000000e+04
1.093400000000000000e+04
6.984000000000000000e+03
1.154700000000000000e+04
1.136100000000000000e+04
1.235900000000000000e+04
1.276900000000000000e+04
1.255800000000000000e+04
1.140100000000000000e+04
6.190000000000000000e+03
1.413400000000000000e+04
1.165800000000000000e+04
9.076000000000000000e+03
1.570700000000000000e+04
1.613700000000000000e+04
9.204000000000000000e+03
1.182900000000000000e+04
1.337100000000000000e+04
1.527800000000000000e+04
9.644000000000000000e+03
1.282000000000000000e+03
1.432000000000000000e+03
1.580000000000000000e+03
1.726000000000000000e+03
1.872000000000000000e+03
2.018000000000000000e+03
2.164000000000000000e+03
2.309000000000000000e+03
2.456000000000000000e+03
2.603000000000000000e+03
2.752000000000000000e+03
2.900000000000000000e+03
3.049000000000000000e+03
3.200000000000000000e+03
3.353000000000000000e+03
3.505000000000000000e+03
3.812000000000000000e+03
4.125000000000000000e+03
4.440000000000000000e+03
4.760000000000000000e+03
5.084000000000000000e+03
5.411000000000000000e+03
5.174000000000000000e+03
6.077000000000000000e+03
5.871000000000000000e+03
6.227000000000000000e+03
7.105000000000000000e+03
7.455000000000000000e+03
5.726000000000000000e+03
7.692000000000000000e+03
8.067000000000000000e+03
8.383000000000000000e+03
8.826000000000000000e+03
9.211000000000000000e+03
9.598000000000000000e+03
9.989000000000000000e+03
9.513000000000000000e+03
1.007000000000000000e+04
1.059900000000000000e+04
1.191500000000000000e+04
1.198200000000000000e+04
9.219000000000000000e+03
1.014000000000000000e+04
1.101700000000000000e+04
1.226800000000000000e+04
1.229600000000000000e+04
5.718000000000000000e+03
1.488300000000000000e+04
1.530800000000000000e+04
1.090500000000000000e+04
1.616500000000000000e+04
1.285400000000000000e+04
1.164900000000000000e+04
7.393000000000000000e+03
1.179200000000000000e+04
1.835100000000000000e+04
1.443000000000000000e+03
1.590000000000000000e+03
1.737000000000000000e+03
1.882000000000000000e+03
2.028000000000000000e+03
2.175000000000000000e+03
2.320000000000000000e+03
2.468000000000000000e+03
2.615000000000000000e+03
2.763000000000000000e+03
2.912000000000000000e+03
3.061000000000000000e+03
3.212000000000000000e+03
3.365000000000000000e+03
3.516000000000000000e+03
3.825000000000000000e+03
4.137000000000000000e+03
4.453000000000000000e+03
4.773000000000000000e+03
5.097000000000000000e+03
5.425000000000000000e+03
5.757000000000000000e+03
6.093000000000000000e+03
5.945000000000000000e+03
6.774000000000000000e+03
6.658000000000000000e+03
7.020000000000000000e+03
7.387000000000000000e+03
7.757000000000000000e+03
8.543000000000000000e+03
8.508000000000000000e+03
9.276000000000000000e+03
7.321000000000000000e+03
9.658000000000000000e+03
9.230000000000000000e+03
1.044000000000000000e+04
1.083500000000000000e+04
1.123300000000000000e+04
5.988000000000000000e+03
1.168200000000000000e+04
6.932000000000000000e+03
1.285200000000000000e+04
8.600000000000000000e+03
9.708000000000000000e+03
1.409500000000000000e+04
1.451500000000000000e+04
1.493700000000000000e+04
7.228000000000000000e+03
9.992000000000000000e+03
1.127400000000000000e+04
7.887000000000000000e+03
1.708600000000000000e+04
1.641900000000000000e+04
1.481700000000000000e+04
1.635400000000000000e+04
1.600000000000000000e+03
1.746000000000000000e+03
1.892000000000000000e+03
2.038000000000000000e+03
2.184000000000000000e+03
2.330000000000000000e+03
2.477000000000000000e+03
2.624000000000000000e+03
2.773000000000000000e+03
2.922000000000000000e+03
3.072000000000000000e+03
3.223000000000000000e+03
3.375000000000000000e+03
3.527000000000000000e+03
3.836000000000000000e+03
4.148000000000000000e+03
4.465000000000000000e+03
4.785000000000000000e+03
5.110000000000000000e+03
4.982000000000000000e+03
5.770000000000000000e+03
5.688000000000000000e+03
6.011000000000000000e+03
6.790000000000000000e+03
7.137000000000000000e+03
5.111000000000000000e+03
7.448000000000000000e+03
7.817000000000000000e+03
8.188000000000000000e+03
8.565000000000000000e+03
8.945000000000000000e+03
9.327000000000000000e+03
9.713000000000000000e+03
9.215000000000000000e+03
9.875000000000000000e+03
1.043700000000000000e+04
1.157400000000000000e+04
1.168500000000000000e+04
9.445000000000000000e+03
9.861000000000000000e+03
1.073500000000000000e+04
1.200500000000000000e+04
1.217100000000000000e+04
5.610000000000000000e+03
1.456600000000000000e+04
1.498800000000000000e+04
1.088000000000000000e+04
1.584000000000000000e+04
1.285400000000000000e+04
1.169200000000000000e+04
7.292000000000000000e+03
1.150000000000000000e+04
1.801600000000000000e+04
1.660300000000000000e+04
1.754000000000000000e+03
1.900000000000000000e+03
2.046000000000000000e+03
2.192000000000000000e+03
2.339000000000000000e+03
2.486000000000000000e+03
2.633000000000000000e+03
2.782000000000000000e+03
2.931000000000000000e+03
3.082000000000000000e+03
3.233000000000000000e+03
3.384000000000000000e+03
3.537000000000000000e+03
3.846000000000000000e+03
4.159000000000000000e+03
4.476000000000000000e+03
4.797000000000000000e+03
5.121000000000000000e+03
5.450000000000000000e+03
5.784000000000000000e+03
5.723000000000000000e+03
6.460000000000000000e+03
6.422000000000000000e+03
6.777000000000000000e+03
7.138000000000000000e+03
7.502000000000000000e+03
8.217000000000000000e+03
8.242000000000000000e+03
8.945000000000000000e+03
7.358000000000000000e+03
9.378000000000000000e+03
9.324000000000000000e+03
1.015100000000000000e+04
1.054200000000000000e+04
1.093700000000000000e+04
5.859000000000000000e+03
1.147700000000000000e+04
6.802000000000000000e+03
1.254300000000000000e+04
8.323000000000000000e+03
9.568000000000000000e+03
1.377700000000000000e+04
1.419400000000000000e+04
1.461400000000000000e+04
6.946000000000000000e+03
1.012300000000000000e+04
1.128900000000000000e+04
7.774000000000000000e+03
1.675200000000000000e+04
1.641800000000000000e+04
1.458800000000000000e+04
1.645500000000000000e+04
1.850900000000000000e+04
1.908000000000000000e+03
2.054000000000000000e+03
2.200000000000000000e+03
2.346000000000000000e+03
2.493000000000000000e+03
2.642000000000000000e+03
2.790000000000000000e+03
2.940000000000000000e+03
3.090000000000000000e+03
3.241000000000000000e+03
3.394000000000000000e+03
3.546000000000000000e+03
3.856000000000000000e+03
4.169000000000000000e+03
4.486000000000000000e+03
4.807000000000000000e+03
4.772000000000000000e+03
5.462000000000000000e+03
5.530000000000000000e+03
5.778000000000000000e+03
6.474000000000000000e+03
6.818000000000000000e+03
5.712000000000000000e+03
7.189000000000000000e+03
7.552000000000000000e+03
7.920000000000000000e+03
8.291000000000000000e+03
8.666000000000000000e+03
9.044000000000000000e+03
9.425000000000000000e+03
8.936000000000000000e+03
9.678000000000000000e+03
1.027300000000000000e+04
1.123100000000000000e+04
1.137900000000000000e+04
9.621000000000000000e+03
9.591000000000000000e+03
1.046400000000000000e+04
1.176100000000000000e+04
1.197800000000000000e+04
5.704000000000000000e+03
1.424000000000000000e+04
1.465900000000000000e+04
1.135100000000000000e+04
1.550800000000000000e+04
1.285400000000000000e+04
1.196900000000000000e+04
7.189000000000000000e+03
1.121800000000000000e+04
1.767300000000000000e+04
1.666300000000000000e+04
1.356400000000000000e+04
2.060000000000000000e+03
2.207000000000000000e+03
2.353000000000000000e+03
2.500000000000000000e+03
2.649000000000000000e+03
2.797000000000000000e+03
2.947000000000000000e+03
3.097000000000000000e+03
3.249000000000000000e+03
3.402000000000000000e+03
3.555000000000000000e+03
3.865000000000000000e+03
4.178000000000000000e+03
4.496000000000000000e+03
4.818000000000000000e+03
5.143000000000000000e+03
5.473000000000000000e+03
5.487000000000000000e+03
6.145000000000000000e+03
6.173000000000000000e+03
6.548000000000000000e+03
6.877000000000000000e+03
7.236000000000000000e+03
7.890000000000000000e+03
7.965000000000000000e+03
8.613000000000000000e+03
7.332000000000000000e+03
9.088000000000000000e+03
9.331000000000000000e+03
9.854000000000000000e+03
1.024100000000000000e+04
1.063200000000000000e+04
5.729000000000000000e+03
1.127000000000000000e+04
6.669000000000000000e+03
1.222500000000000000e+04
8.056000000000000000e+03
9.426000000000000000e+03
1.345200000000000000e+04
1.386600000000000000e+04
1.428300000000000000e+04
6.672000000000000000e+03
1.020600000000000000e+04
1.130000000000000000e+04
7.655000000000000000e+03
1.641100000000000000e+04
1.636600000000000000e+04
1.438800000000000000e+04
1.647900000000000000e+04
1.816100000000000000e+04
8.487000000000000000e+03
2.212000000000000000e+03
2.359000000000000000e+03
2.506000000000000000e+03
2.655000000000000000e+03
2.804000000000000000e+03
2.954000000000000000e+03
3.105000000000000000e+03
3.256000000000000000e+03
3.408000000000000000e+03
3.563000000000000000e+03
3.873000000000000000e+03
4.186000000000000000e+03
4.505000000000000000e+03
4.551000000000000000e+03
5.154000000000000000e+03
5.369000000000000000e+03
5.533000000000000000e+03
6.156000000000000000e+03
6.499000000000000000e+03
5.965000000000000000e+03
6.920000000000000000e+03
7.279000000000000000e+03
7.641000000000000000e+03
8.008000000000000000e+03
8.378000000000000000e+03
8.752000000000000000e+03
9.129000000000000000e+03
8.675000000000000000e+03
9.481000000000000000e+03
1.010700000000000000e+04
1.088500000000000000e+04
1.106600000000000000e+04
9.743000000000000000e+03
9.331000000000000000e+03
1.020300000000000000e+04
1.153600000000000000e+04
1.178200000000000000e+04
6.051000000000000000e+03
1.390700000000000000e+04
1.432400000000000000e+04
1.170000000000000000e+04
1.516800000000000000e+04
1.285400000000000000e+04
1.235100000000000000e+04
7.081000000000000000e+03
1.094400000000000000e+04
1.732400000000000000e+04
1.665800000000000000e+04
1.335800000000000000e+04
1.616800000000000000e+04
2.365000000000000000e+03
2.512000000000000000e+03
2.661000000000000000e+03
2.810000000000000000e+03
2.960000000000000000e+03
3.111000000000000000e+03
3.263000000000000000e+03
3.415000000000000000e+03
3.570000000000000000e+03
3.880000000000000000e+03
4.195000000000000000e+03
4.513000000000000000e+03
4.836000000000000000e+03
5.163000000000000000e+03
5.242000000000000000e+03
5.829000000000000000e+03
5.914000000000000000e+03
6.385000000000000000e+03
6.606000000000000000e+03
6.961000000000000000e+03
7.560000000000000000e+03
7.681000000000000000e+03
8.279000000000000000e+03
7.257000000000000000e+03
8.790000000000000000e+03
9.167000000000000000e+03
9.548000000000000000e+03
9.932000000000000000e+03
1.031900000000000000e+04
5.596000000000000000e+03
1.106300000000000000e+04
6.534000000000000000e+03
1.190200000000000000e+04
7.797000000000000000e+03
9.279000000000000000e+03
1.311900000000000000e+04
1.353200000000000000e+04
1.394700000000000000e+04
6.407000000000000000e+03
1.025100000000000000e+04
1.131100000000000000e+04
7.530000000000000000e+03
1.606300000000000000e+04
1.627400000000000000e+04
1.421100000000000000e+04
1.644700000000000000e+04
1.780700000000000000e+04
8.376000000000000000e+03
5.405000000000000000e+03
2.517000000000000000e+03
2.666000000000000000e+03
2.816000000000000000e+03
2.966000000000000000e+03
3.117000000000000000e+03
3.269000000000000000e+03
3.422000000000000000e+03
3.577000000000000000e+03
3.888000000000000000e+03
4.203000000000000000e+03
4.320000000000000000e+03
4.845000000000000000e+03
5.172000000000000000e+03
5.280000000000000000e+03
5.839000000000000000e+03
6.179000000000000000e+03
6.052000000000000000e+03
6.644000000000000000e+03
6.997000000000000000e+03
7.355000000000000000e+03
7.717000000000000000e+03
8.082000000000000000e+03
8.453000000000000000e+03
8.825000000000000000e+03
8.433000000000000000e+03
9.282000000000000000e+03
9.940000000000000000e+03
1.053800000000000000e+04
1.074600000000000000e+04
9.821000000000000000e+03
9.079000000000000000e+03
9.949000000000000000e+03
1.132700000000000000e+04
1.158600000000000000e+04
6.098000000000000000e+03
1.356900000000000000e+04
1.398400000000000000e+04
1.192600000000000000e+04
1.482300000000000000e+04
1.262200000000000000e+04
1.262200000000000000e+04
6.970000000000000000e+03
1.067700000000000000e+04
1.697000000000000000e+04
1.660500000000000000e+04
1.318500000000000000e+04
1.624300000000000000e+04
1.780300000000000000e+04
2.671000000000000000e+03
2.820000000000000000e+03
2.971000000000000000e+03
3.123000000000000000e+03
3.275000000000000000e+03
3.428000000000000000e+03
3.582000000000000000e+03
3.893000000000000000e+03
4.209000000000000000e+03
4.530000000000000000e+03
4.853000000000000000e+03
4.988000000000000000e+03
5.512000000000000000e+03
5.648000000000000000e+03
6.188000000000000000e+03
6.330000000000000000e+03
6.678000000000000000e+03
7.231000000000000000e+03
7.389000000000000000e+03
7.945000000000000000e+03
7.145000000000000000e+03
8.486000000000000000e+03
8.859000000000000000e+03
9.236000000000000000e+03
9.617000000000000000e+03
1.000100000000000000e+04
5.461000000000000000e+03
1.085500000000000000e+04
6.396000000000000000e+03
1.157100000000000000e+04
7.547000000000000000e+03
9.131000000000000000e+03
1.278200000000000000e+04
1.319100000000000000e+04
1.360400000000000000e+04
6.149000000000000000e+03
1.026400000000000000e+04
1.131700000000000000e+04
7.402000000000000000e+03
1.571100000000000000e+04
1.614100000000000000e+04
1.405500000000000000e+04
1.637400000000000000e+04
1.744700000000000000e+04
8.258000000000000000e+03
5.309000000000000000e+03
1.064700000000000000e+04
2.825000000000000000e+03
2.976000000000000000e+03
3.128000000000000000e+03
3.280000000000000000e+03
3.433000000000000000e+03
3.588000000000000000e+03
3.900000000000000000e+03
4.140000000000000000e+03
4.536000000000000000e+03
4.860000000000000000e+03
5.020000000000000000e+03
5.522000000000000000e+03
5.858000000000000000e+03
6.018000000000000000e+03
6.361000000000000000e+03
6.709000000000000000e+03
7.062000000000000000e+03
7.420000000000000000e+03
7.781000000000000000e+03
8.147000000000000000e+03
8.517000000000000000e+03
8.208000000000000000e+03
9.084000000000000000e+03
9.771000000000000000e+03
1.019000000000000000e+04
1.042000000000000000e+04
9.864000000000000000e+03
8.835000000000000000e+03
9.703000000000000000e+03
1.113000000000000000e+04
1.146900000000000000e+04
6.115000000000000000e+03
1.322500000000000000e+04
1.363900000000000000e+04
1.205200000000000000e+04
1.447400000000000000e+04
1.236500000000000000e+04
1.279100000000000000e+04
6.856000000000000000e+03
1.041700000000000000e+04
1.661100000000000000e+04
1.651600000000000000e+04
1.304100000000000000e+04
1.625500000000000000e+04
1.771400000000000000e+04
1.062900000000000000e+04
2.981000000000000000e+03
3.132000000000000000e+03
3.285000000000000000e+03
3.439000000000000000e+03
3.593000000000000000e+03
3.906000000000000000e+03
4.223000000000000000e+03
4.544000000000000000e+03
4.729000000000000000e+03
5.197000000000000000e+03
5.376000000000000000e+03
5.867000000000000000e+03
6.047000000000000000e+03
6.390000000000000000e+03
6.902000000000000000e+03
7.092000000000000000e+03
7.611000000000000000e+03
7.001000000000000000e+03
8.176000000000000000e+03
8.546000000000000000e+03
8.920000000000000000e+03
9.298000000000000000e+03
9.679000000000000000e+03
5.323000000000000000e+03
1.059100000000000000e+04
6.256000000000000000e+03
1.123700000000000000e+04
7.303000000000000000e+03
8.980000000000000000e+03
1.244000000000000000e+04
1.284800000000000000e+04
1.325800000000000000e+04
5.898000000000000000e+03
1.025300000000000000e+04
1.132100000000000000e+04
7.268000000000000000e+03
1.535500000000000000e+04
1.578300000000000000e+04
1.391300000000000000e+04
1.626900000000000000e+04
1.708400000000000000e+04
8.136000000000000000e+03
5.210000000000000000e+03
1.069300000000000000e+04
1.656600000000000000e+04
3.137000000000000000e+03
3.290000000000000000e+03
3.443000000000000000e+03
3.599000000000000000e+03
3.912000000000000000e+03
4.229000000000000000e+03
4.550000000000000000e+03
4.756000000000000000e+03
5.204000000000000000e+03
5.538000000000000000e+03
5.735000000000000000e+03
6.074000000000000000e+03
6.418000000000000000e+03
6.766000000000000000e+03
7.119000000000000000e+03
7.477000000000000000e+03
7.838000000000000000e+03
8.204000000000000000e+03
7.997000000000000000e+03
8.885000000000000000e+03
9.462000000000000000e+03
9.841000000000000000e+03
1.009100000000000000e+04
9.802000000000000000e+03
8.598000000000000000e+03
9.463000000000000000e+03
1.094200000000000000e+04
1.144300000000000000e+04
6.106000000000000000e+03
1.287900000000000000e+04
1.328900000000000000e+04
1.210000000000000000e+04
1.412000000000000000e+04
1.211300000000000000e+04
1.287800000000000000e+04
6.740000000000000000e+03
1.016300000000000000e+04
1.624900000000000000e+04
1.639800000000000000e+04
1.292500000000000000e+04
1.621800000000000000e+04
1.759900000000000000e+04
1.070700000000000000e+04
1.889500000000000000e+04
3.294000000000000000e+03
3.448000000000000000e+03
3.603000000000000000e+03
3.916000000000000000e+03
4.235000000000000000e+03
4.467000000000000000e+03
4.882000000000000000e+03
5.101000000000000000e+03
5.546000000000000000e+03
5.761000000000000000e+03
6.098000000000000000e+03
6.572000000000000000e+03
6.790000000000000000e+03
7.276000000000000000e+03
6.835000000000000000e+03
7.864000000000000000e+03
8.229000000000000000e+03
8.600000000000000000e+03
8.974000000000000000e+03
9.351000000000000000e+03
5.184000000000000000e+03
1.023900000000000000e+04
6.113000000000000000e+03
1.089900000000000000e+04
7.066000000000000000e+03
8.826000000000000000e+03
1.209400000000000000e+04
1.250000000000000000e+04
1.290700000000000000e+04
5.695000000000000000e+03
1.021900000000000000e+04
1.132400000000000000e+04
7.132000000000000000e+03
1.499500000000000000e+04
1.542000000000000000e+04
1.378100000000000000e+04
1.613900000000000000e+04
1.671700000000000000e+04
8.009000000000000000e+03
5.108000000000000000e+03
1.073400000000000000e+04
1.644400000000000000e+04
1.893200000000000000e+04
3.452000000000000000e+03
3.608000000000000000e+03
3.922000000000000000e+03
4.239000000000000000e+03
4.489000000000000000e+03
4.888000000000000000e+03
5.219000000000000000e+03
5.450000000000000000e+03
5.783000000000000000e+03
6.122000000000000000e+03
6.465000000000000000e+03
6.815000000000000000e+03
7.167000000000000000e+03
7.525000000000000000e+03
7.888000000000000000e+03
7.799000000000000000e+03
8.684000000000000000e+03
9.115000000000000000e+03
9.491000000000000000e+03
9.759000000000000000e+03
9.564000000000000000e+03
8.367000000000000000e+03
9.230000000000000000e+03
1.076100000000000000e+04
1.118000000000000000e+04
6.076000000000000000e+03
1.252800000000000000e+04
1.293600000000000000e+04
1.209100000000000000e+04
1.376300000000000000e+04
1.186800000000000000e+04
1.290000000000000000e+04
6.619000000000000000e+03
9.914000000000000000e+03
1.588200000000000000e+04
1.625900000000000000e+04
1.283000000000000000e+04
1.614500000000000000e+04
1.745900000000000000e+04
1.077800000000000000e+04
1.851900000000000000e+04
1.821400000000000000e+04
3.613000000000000000e+03
3.926000000000000000e+03
4.202000000000000000e+03
4.568000000000000000e+03
4.823000000000000000e+03
5.225000000000000000e+03
5.471000000000000000e+03
5.804000000000000000e+03
6.243000000000000000e+03
6.487000000000000000e+03
6.942000000000000000e+03
6.650000000000000000e+03
7.547000000000000000e+03
7.910000000000000000e+03
8.277000000000000000e+03
8.647000000000000000e+03
9.022000000000000000e+03
5.042000000000000000e+03
9.886000000000000000e+03
5.969000000000000000e+03
1.055800000000000000e+04
6.835000000000000000e+03
8.669000000000000000e+03
1.174500000000000000e+04
1.214900000000000000e+04
1.255400000000000000e+04
5.569000000000000000e+03
1.016800000000000000e+04
1.132300000000000000e+04
6.990000000000000000e+03
1.463100000000000000e+04
1.505600000000000000e+04
1.365600000000000000e+04
1.591300000000000000e+04
1.634600000000000000e+04
7.878000000000000000e+03
5.003000000000000000e+03
1.065000000000000000e+04
1.632400000000000000e+04
1.855400000000000000e+04
8.509000000000000000e+03
3.936000000000000000e+03
4.255000000000000000e+03
4.544000000000000000e+03
4.907000000000000000e+03
5.180000000000000000e+03
5.509000000000000000e+03
5.915000000000000000e+03
6.182000000000000000e+03
6.607000000000000000e+03
6.451000000000000000e+03
7.230000000000000000e+03
7.588000000000000000e+03
7.952000000000000000e+03
8.319000000000000000e+03
8.690000000000000000e+03
4.899000000000000000e+03
9.533000000000000000e+03
5.821000000000000000e+03
1.021400000000000000e+04
6.609000000000000000e+03
8.510000000000000000e+03
1.139500000000000000e+04
1.179500000000000000e+04
1.219900000000000000e+04
5.441000000000000000e+03
1.010100000000000000e+04
1.131200000000000000e+04
6.846000000000000000e+03
1.426500000000000000e+04
1.468700000000000000e+04
1.353300000000000000e+04
1.554200000000000000e+04
1.597300000000000000e+04
7.743000000000000000e+03
4.896000000000000000e+03
1.052500000000000000e+04
1.620200000000000000e+04
1.817300000000000000e+04
8.300000000000000000e+03
1.132700000000000000e+04
4.265000000000000000e+03
4.588000000000000000e+03
4.889000000000000000e+03
5.212000000000000000e+03
5.588000000000000000e+03
5.875000000000000000e+03
6.275000000000000000e+03
6.253000000000000000e+03
6.911000000000000000e+03
7.266000000000000000e+03
7.625000000000000000e+03
7.989000000000000000e+03
8.357000000000000000e+03
4.754000000000000000e+03
9.179000000000000000e+03
5.672000000000000000e+03
9.869000000000000000e+03
6.389000000000000000e+03
8.350000000000000000e+03
1.104100000000000000e+04
1.144000000000000000e+04
1.184100000000000000e+04
5.310000000000000000e+03
1.002100000000000000e+04
1.114900000000000000e+04
6.699000000000000000e+03
1.389700000000000000e+04
1.431800000000000000e+04
1.340900000000000000e+04
1.516700000000000000e+04
1.559800000000000000e+04
7.603000000000000000e+03
4.785000000000000000e+03
1.039600000000000000e+04
1.607500000000000000e+04
1.779000000000000000e+04
8.097000000000000000e+03
1.118500000000000000e+04
9.850000000000000000e+03
4.599000000000000000e+03
4.915000000000000000e+03
5.262000000000000000e+03
5.569000000000000000e+03
5.943000000000000000e+03
6.176000000000000000e+03
6.591000000000000000e+03
6.943000000000000000e+03
7.298000000000000000e+03
7.658000000000000000e+03
8.022000000000000000e+03
4.607000000000000000e+03
8.825000000000000000e+03
5.522000000000000000e+03
9.522000000000000000e+03
6.174000000000000000e+03
8.187000000000000000e+03
1.068700000000000000e+04
1.108300000000000000e+04
1.148200000000000000e+04
5.178000000000000000e+03
9.930000000000000000e+03
1.098400000000000000e+04
6.549000000000000000e+03
1.352700000000000000e+04
1.394500000000000000e+04
1.328300000000000000e+04
1.479200000000000000e+04
1.521900000000000000e+04
7.460000000000000000e+03
4.672000000000000000e+03
1.026200000000000000e+04
1.594300000000000000e+04
1.740400000000000000e+04
7.899000000000000000e+03
1.103800000000000000e+04
9.927000000000000000e+03
1.285400000000000000e+04
4.938000000000000000e+03
5.262000000000000000e+03
5.613000000000000000e+03
5.929000000000000000e+03
6.272000000000000000e+03
6.619000000000000000e+03
6.970000000000000000e+03
7.327000000000000000e+03
7.688000000000000000e+03
4.459000000000000000e+03
8.472000000000000000e+03
5.370000000000000000e+03
9.175000000000000000e+03
5.964000000000000000e+03
8.022000000000000000e+03
1.033200000000000000e+04
1.072500000000000000e+04
1.112100000000000000e+04
5.043000000000000000e+03
9.829000000000000000e+03
1.081600000000000000e+04
6.396000000000000000e+03
1.315500000000000000e+04
1.357200000000000000e+04
1.315000000000000000e+04
1.441400000000000000e+04
1.484000000000000000e+04
7.314000000000000000e+03
4.557000000000000000e+03
1.012600000000000000e+04
1.580300000000000000e+04
1.701600000000000000e+04
7.706000000000000000e+03
1.088700000000000000e+04
9.997000000000000000e+03
1.285400000000000000e+04
1.926300000000000000e+04
5.283000000000000000e+03
5.615000000000000000e+03
5.953000000000000000e+03
6.295000000000000000e+03
6.643000000000000000e+03
6.996000000000000000e+03
7.353000000000000000e+03
4.309000000000000000e+03
8.120000000000000000e+03
5.215000000000000000e+03
8.828000000000000000e+03
5.759000000000000000e+03
7.856000000000000000e+03
9.975000000000000000e+03
1.036600000000000000e+04
1.076000000000000000e+04
4.906000000000000000e+03
9.718000000000000000e+03
1.064600000000000000e+04
6.241000000000000000e+03
1.278300000000000000e+04
1.319600000000000000e+04
1.301000000000000000e+04
1.403600000000000000e+04
1.446000000000000000e+04
7.167000000000000000e+03
4.439000000000000000e+03
9.986000000000000000e+03
1.565500000000000000e+04
1.662700000000000000e+04
7.517000000000000000e+03
1.073300000000000000e+04
1.006200000000000000e+04
1.285400000000000000e+04
1.886600000000000000e+04
1.285400000000000000e+04
5.634000000000000000e+03
5.973000000000000000e+03
6.316000000000000000e+03
6.665000000000000000e+03
7.019000000000000000e+03
4.159000000000000000e+03
7.768000000000000000e+03
5.060000000000000000e+03
8.479000000000000000e+03
5.559000000000000000e+03
7.689000000000000000e+03
9.619000000000000000e+03
1.000600000000000000e+04
1.039800000000000000e+04
4.768000000000000000e+03
9.601000000000000000e+03
1.047500000000000000e+04
6.084000000000000000e+03
1.240800000000000000e+04
1.282100000000000000e+04
1.286400000000000000e+04
1.365500000000000000e+04
1.407800000000000000e+04
7.015000000000000000e+03
4.320000000000000000e+03
9.841000000000000000e+03
1.550000000000000000e+04
1.623500000000000000e+04
7.331000000000000000e+03
1.057300000000000000e+04
1.012100000000000000e+04
1.285400000000000000e+04
1.846700000000000000e+04
1.285400000000000000e+04
9.987000000000000000e+03
5.991000000000000000e+03
6.336000000000000000e+03
6.686000000000000000e+03
4.007000000000000000e+03
7.418000000000000000e+03
4.904000000000000000e+03
8.132000000000000000e+03
5.364000000000000000e+03
7.520000000000000000e+03
9.262000000000000000e+03
9.647000000000000000e+03
1.003600000000000000e+04
4.627000000000000000e+03
9.476000000000000000e+03
1.030100000000000000e+04
5.926000000000000000e+03
1.203400000000000000e+04
1.244400000000000000e+04
1.271000000000000000e+04
1.327400000000000000e+04
1.369500000000000000e+04
6.861000000000000000e+03
4.197000000000000000e+03
9.694000000000000000e+03
1.533600000000000000e+04
1.584200000000000000e+04
7.148000000000000000e+03
1.041200000000000000e+04
1.017600000000000000e+04
1.285400000000000000e+04
1.806600000000000000e+04
1.285400000000000000e+04
1.005400000000000000e+04
9.834000000000000000e+03
6.354000000000000000e+03
3.855000000000000000e+03
7.069000000000000000e+03
4.746000000000000000e+03
7.785000000000000000e+03
5.173000000000000000e+03
7.350000000000000000e+03
8.906000000000000000e+03
9.288000000000000000e+03
9.673000000000000000e+03
4.485000000000000000e+03
9.345000000000000000e+03
1.012600000000000000e+04
5.765000000000000000e+03
1.166000000000000000e+04
1.206700000000000000e+04
1.247900000000000000e+04
1.289300000000000000e+04
1.331100000000000000e+04
6.705000000000000000e+03
4.073000000000000000e+03
9.544000000000000000e+03
1.501500000000000000e+04
1.544900000000000000e+04
6.969000000000000000e+03
1.024600000000000000e+04
1.022500000000000000e+04
1.285400000000000000e+04
1.766500000000000000e+04
1.285400000000000000e+04
1.011600000000000000e+04
9.926000000000000000e+03
1.630600000000000000e+04
6.721000000000000000e+03
4.588000000000000000e+03
7.440000000000000000e+03
4.988000000000000000e+03
7.179000000000000000e+03
8.551000000000000000e+03
8.929000000000000000e+03
9.312000000000000000e+03
4.341000000000000000e+03
9.209000000000000000e+03
9.949000000000000000e+03
5.603000000000000000e+03
1.128400000000000000e+04
1.169000000000000000e+04
1.209900000000000000e+04
1.251100000000000000e+04
1.292600000000000000e+04
6.547000000000000000e+03
3.947000000000000000e+03
9.390000000000000000e+03
1.462300000000000000e+04
1.505500000000000000e+04
6.792000000000000000e+03
1.007800000000000000e+04
1.026900000000000000e+04
1.285400000000000000e+04
1.726200000000000000e+04
1.273300000000000000e+04
1.017300000000000000e+04
1.000900000000000000e+04
1.631300000000000000e+04
6.348000000000000000e+03
7.095000000000000000e+03
4.808000000000000000e+03
7.008000000000000000e+03
8.195000000000000000e+03
8.572000000000000000e+03
8.951000000000000000e+03
4.196000000000000000e+03
9.068000000000000000e+03
9.771000000000000000e+03
5.439000000000000000e+03
1.090900000000000000e+04
1.131300000000000000e+04
1.171900000000000000e+04
1.212900000000000000e+04
1.254200000000000000e+04
6.386000000000000000e+03
3.819000000000000000e+03
9.235000000000000000e+03
1.423000000000000000e+04
1.466100000000000000e+04
6.618000000000000000e+03
9.907000000000000000e+03
1.030800000000000000e+04
1.285400000000000000e+04
1.685800000000000000e+04
1.250400000000000000e+04
1.022400000000000000e+04
1.008600000000000000e+04
1.629800000000000000e+04
6.207000000000000000e+03
9.342000000000000000e+03
6.835000000000000000e+03
7.842000000000000000e+03
8.215000000000000000e+03
8.592000000000000000e+03
4.051000000000000000e+03
8.923000000000000000e+03
9.592000000000000000e+03
5.275000000000000000e+03
1.053500000000000000e+04
1.093600000000000000e+04
1.134000000000000000e+04
1.174700000000000000e+04
1.215900000000000000e+04
6.225000000000000000e+03
3.690000000000000000e+03
9.077000000000000000e+03
1.383800000000000000e+04
1.426500000000000000e+04
6.446000000000000000e+03
9.733000000000000000e+03
1.034400000000000000e+04
1.285400000000000000e+04
1.645300000000000000e+04
1.227600000000000000e+04
1.027200000000000000e+04
1.015700000000000000e+04
1.626000000000000000e+04
6.061000000000000000e+03
9.435000000000000000e+03
6.245000000000000000e+03
7.859000000000000000e+03
8.233000000000000000e+03
3.903000000000000000e+03
8.774000000000000000e+03
9.386000000000000000e+03
5.109000000000000000e+03
1.016100000000000000e+04
1.055900000000000000e+04
1.096000000000000000e+04
1.136500000000000000e+04
1.177400000000000000e+04
6.061000000000000000e+03
3.559000000000000000e+03
8.916000000000000000e+03
1.344400000000000000e+04
1.387000000000000000e+04
6.278000000000000000e+03
9.688000000000000000e+03
1.037500000000000000e+04
1.285400000000000000e+04
1.604800000000000000e+04
1.205100000000000000e+04
1.018400000000000000e+04
1.022300000000000000e+04
1.620000000000000000e+04
5.910000000000000000e+03
9.520000000000000000e+03
6.105000000000000000e+03
1.814300000000000000e+04
3.755000000000000000e+03
8.617000000000000000e+03
9.014000000000000000e+03
4.942000000000000000e+03
9.789000000000000000e+03
1.018300000000000000e+04
1.058200000000000000e+04
1.098500000000000000e+04
1.139000000000000000e+04
5.896000000000000000e+03
3.427000000000000000e+03
8.753000000000000000e+03
1.305100000000000000e+04
1.347400000000000000e+04
6.112000000000000000e+03
9.804000000000000000e+03
1.040100000000000000e+04
1.285400000000000000e+04
1.564200000000000000e+04
1.182700000000000000e+04
1.003700000000000000e+04
1.028100000000000000e+04
1.611900000000000000e+04
5.755000000000000000e+03
9.599000000000000000e+03
5.962000000000000000e+03
1.798100000000000000e+04
9.651000000000000000e+03
8.646000000000000000e+03
4.775000000000000000e+03
9.417000000000000000e+03
9.809000000000000000e+03
1.020500000000000000e+04
1.060500000000000000e+04
1.100800000000000000e+04
5.730000000000000000e+03
3.293000000000000000e+03
8.588000000000000000e+03
1.265800000000000000e+04
1.307900000000000000e+04
5.949000000000000000e+03
9.894000000000000000e+03
1.042500000000000000e+04
1.285400000000000000e+04
1.523500000000000000e+04
1.160500000000000000e+04
9.887000000000000000e+03
1.033500000000000000e+04
1.602000000000000000e+04
5.596000000000000000e+03
9.673000000000000000e+03
5.817000000000000000e+03
1.780500000000000000e+04
9.467000000000000000e+03
1.978300000000000000e+04
9.046000000000000000e+03
9.435000000000000000e+03
9.828000000000000000e+03
1.022500000000000000e+04
1.062600000000000000e+04
5.563000000000000000e+03
3.158000000000000000e+03
8.422000000000000000e+03
1.226600000000000000e+04
1.268400000000000000e+04
5.791000000000000000e+03
9.950000000000000000e+03
1.044500000000000000e+04
1.272900000000000000e+04
1.483000000000000000e+04
1.138400000000000000e+04
9.735000000000000000e+03
1.038400000000000000e+04
1.590400000000000000e+04
5.433000000000000000e+03
9.740000000000000000e+03
5.670000000000000000e+03
1.761800000000000000e+04
9.280000000000000000e+03
1.935900000000000000e+04
1.722700000000000000e+04
9.453000000000000000e+03
9.846000000000000000e+03
1.024400000000000000e+04
5.394000000000000000e+03
3.023000000000000000e+03
8.253000000000000000e+03
1.187300000000000000e+04
1.229000000000000000e+04
5.634000000000000000e+03
9.970000000000000000e+03
1.030100000000000000e+04
1.255000000000000000e+04
1.442400000000000000e+04
1.116600000000000000e+04
9.580000000000000000e+03
1.042700000000000000e+04
1.577100000000000000e+04
5.264000000000000000e+03
9.802000000000000000e+03
5.521000000000000000e+03
1.742200000000000000e+04
9.090000000000000000e+03
1.893300000000000000e+04
1.710600000000000000e+04
1.886200000000000000e+04
9.864000000000000000e+03
5.225000000000000000e+03
2.886000000000000000e+03
8.084000000000000000e+03
1.148300000000000000e+04
1.189700000000000000e+04
5.483000000000000000e+03
9.955000000000000000e+03
1.013000000000000000e+04
1.236800000000000000e+04
1.401800000000000000e+04
1.094900000000000000e+04
9.421000000000000000e+03
1.046600000000000000e+04
1.562400000000000000e+04
5.091000000000000000e+03
9.858000000000000000e+03
5.370000000000000000e+03
1.721500000000000000e+04
8.899000000000000000e+03
1.850800000000000000e+04
1.696700000000000000e+04
1.866500000000000000e+04
1.448300000000000000e+04
2.748000000000000000e+03
7.912000000000000000e+03
1.109300000000000000e+04
1.150400000000000000e+04
5.337000000000000000e+03
9.909000000000000000e+03
9.957000000000000000e+03
1.218500000000000000e+04
1.361400000000000000e+04
1.073400000000000000e+04
9.260000000000000000e+03
1.050000000000000000e+04
1.536300000000000000e+04
4.913000000000000000e+03
9.909000000000000000e+03
5.218000000000000000e+03
1.700000000000000000e+04
8.706000000000000000e+03
1.808300000000000000e+04
1.681400000000000000e+04
1.845800000000000000e+04
1.468500000000000000e+04
1.009800000000000000e+04
1.070300000000000000e+04
1.111200000000000000e+04
5.196000000000000000e+03
9.834000000000000000e+03
9.783000000000000000e+03
1.200100000000000000e+04
1.320900000000000000e+04
1.052100000000000000e+04
9.098000000000000000e+03
1.053000000000000000e+04
1.494900000000000000e+04
4.730000000000000000e+03
9.955000000000000000e+03
5.064000000000000000e+03
1.674200000000000000e+04
8.512000000000000000e+03
1.765700000000000000e+04
1.664600000000000000e+04
1.824200000000000000e+04
1.486700000000000000e+04
9.868000000000000000e+03
1.988700000000000000e+04
5.064000000000000000e+03
9.736000000000000000e+03
9.607000000000000000e+03
1.181400000000000000e+04
1.280600000000000000e+04
1.031000000000000000e+04
8.933000000000000000e+03
1.055600000000000000e+04
1.453600000000000000e+04
4.542000000000000000e+03
9.997000000000000000e+03
4.908000000000000000e+03
1.632000000000000000e+04
8.316000000000000000e+03
1.723100000000000000e+04
1.646600000000000000e+04
1.801900000000000000e+04
1.501300000000000000e+04
9.640000000000000000e+03
1.956100000000000000e+04
8.078000000000000000e+03
9.430000000000000000e+03
1.162700000000000000e+04
1.240300000000000000e+04
1.010100000000000000e+04
8.766000000000000000e+03
1.057800000000000000e+04
1.412300000000000000e+04
4.348000000000000000e+03
1.003500000000000000e+04
4.750000000000000000e+03
1.589900000000000000e+04
8.118000000000000000e+03
1.680500000000000000e+04
1.627500000000000000e+04
1.772500000000000000e+04
1.511600000000000000e+04
9.412000000000000000e+03
1.912600000000000000e+04
7.942000000000000000e+03
1.068200000000000000e+04
1.200200000000000000e+04
9.893000000000000000e+03
8.597000000000000000e+03
1.059500000000000000e+04
1.371200000000000000e+04
4.149000000000000000e+03
1.006800000000000000e+04
4.592000000000000000e+03
1.547700000000000000e+04
7.920000000000000000e+03
1.638000000000000000e+04
1.607500000000000000e+04
1.729600000000000000e+04
1.517500000000000000e+04
9.424000000000000000e+03
1.869100000000000000e+04
7.803000000000000000e+03
1.045300000000000000e+04
6.955000000000000000e+03
8.427000000000000000e+03
1.041100000000000000e+04
1.330100000000000000e+04
3.944000000000000000e+03
1.009700000000000000e+04
4.433000000000000000e+03
1.505700000000000000e+04
7.720000000000000000e+03
1.595600000000000000e+04
1.586600000000000000e+04
1.686600000000000000e+04
1.519300000000000000e+04
9.498000000000000000e+03
1.825600000000000000e+04
7.662000000000000000e+03
1.022400000000000000e+04
6.818000000000000000e+03
1.345400000000000000e+04
1.289100000000000000e+04
3.731000000000000000e+03
1.012300000000000000e+04
4.273000000000000000e+03
1.463800000000000000e+04
7.520000000000000000e+03
1.553100000000000000e+04
1.564900000000000000e+04
1.643800000000000000e+04
1.517400000000000000e+04
9.566000000000000000e+03
1.782100000000000000e+04
7.518000000000000000e+03
9.996000000000000000e+03
6.680000000000000000e+03
1.355200000000000000e+04
9.535000000000000000e+03
1.014400000000000000e+04
4.111000000000000000e+03
1.421900000000000000e+04
7.319000000000000000e+03
1.510800000000000000e+04
1.542400000000000000e+04
1.600900000000000000e+04
1.512300000000000000e+04
9.629000000000000000e+03
1.738700000000000000e+04
7.372000000000000000e+03
9.769000000000000000e+03
6.539000000000000000e+03
1.362600000000000000e+04
9.393000000000000000e+03
8.823000000000000000e+03
1.380200000000000000e+04
7.117000000000000000e+03
1.468500000000000000e+04
1.513200000000000000e+04
1.558200000000000000e+04
1.504500000000000000e+04
9.687000000000000000e+03
1.695200000000000000e+04
7.224000000000000000e+03
9.543000000000000000e+03
6.396000000000000000e+03
1.367100000000000000e+04
9.247000000000000000e+03
8.922000000000000000e+03
1.285400000000000000e+04
1.426300000000000000e+04
1.470800000000000000e+04
1.515600000000000000e+04
1.494300000000000000e+04
9.739000000000000000e+03
1.651900000000000000e+04
7.074000000000000000e+03
9.318000000000000000e+03
6.252000000000000000e+03
1.368600000000000000e+04
9.098000000000000000e+03
9.015000000000000000e+03
1.285400000000000000e+04
1.944900000000000000e+04
1.473000000000000000e+04
1.482100000000000000e+04
9.788000000000000000e+03
1.608700000000000000e+04
6.923000000000000000e+03
9.094000000000000000e+03
6.106000000000000000e+03
1.367200000000000000e+04
8.948000000000000000e+03
9.102000000000000000e+03
1.285400000000000000e+04
1.922300000000000000e+04
1.160500000000000000e+04
9.831000000000000000e+03
1.565500000000000000e+04
6.769000000000000000e+03
8.872000000000000000e+03
5.958000000000000000e+03
1.363000000000000000e+04
8.794000000000000000e+03
9.182000000000000000e+03
1.285400000000000000e+04
1.898900000000000000e+04
1.138800000000000000e+04
8.900000000000000000e+03
6.614000000000000000e+03
8.651000000000000000e+03
5.808000000000000000e+03
1.356300000000000000e+04
8.639000000000000000e+03
9.257000000000000000e+03
1.285400000000000000e+04
1.874900000000000000e+04
1.116900000000000000e+04
8.755000000000000000e+03
1.285400000000000000e+04
5.658000000000000000e+03
1.347400000000000000e+04
8.481000000000000000e+03
9.325000000000000000e+03
1.285400000000000000e+04
1.849900000000000000e+04
1.095000000000000000e+04
8.605000000000000000e+03
1.285400000000000000e+04
2.042600000000000000e+04
8.321000000000000000e+03
9.390000000000000000e+03
1.285400000000000000e+04
1.805100000000000000e+04
1.073100000000000000e+04
8.454000000000000000e+03
1.285400000000000000e+04
1.997000000000000000e+04
1.057700000000000000e+04
1.285400000000000000e+04
1.760400000000000000e+04
1.051200000000000000e+04
8.300000000000000000e+03
1.285400000000000000e+04
1.951500000000000000e+04
1.034400000000000000e+04
8.347000000000000000e+03
1.029200000000000000e+04
8.145000000000000000e+03
1.285400000000000000e+04
1.906100000000000000e+04
1.011200000000000000e+04
8.177000000000000000e+03
5.156000000000000000e+03
1.285400000000000000e+04
1.860600000000000000e+04
9.882000000000000000e+03
8.004000000000000000e+03
5.011000000000000000e+03
2.054900000000000000e+04
9.652000000000000000e+03
7.830000000000000000e+03
4.863000000000000000e+03
2.008700000000000000e+04
3.988000000000000000e+03
4.715000000000000000e+03
1.962600000000000000e+04
3.840000000000000000e+03
1.038300000000000000e+04
3.691000000000000000e+03
1.020500000000000000e+04
1.285400000000000000e+04
1.285400000000000000e+04
1.259300000000000000e+04
1.131200000000000000e+04
