2.190000000000000000e+02
3.080000000000000000e+02
3.810000000000000000e+02
4.450000000000000000e+02
5.020000000000000000e+02
5.570000000000000000e+02
6.070000000000000000e+02
6.550000000000000000e+02
7.000000000000000000e+02
7.430000000000000000e+02
8.430000000000000000e+02
9.320000000000000000e+02
1.009000000000000000e+03
1.075000000000000000e+03
1.132000000000000000e+03
1.195000000000000000e+03
1.347000000000000000e+03
1.496000000000000000e+03
1.644000000000000000e+03
1.790000000000000000e+03
1.937000000000000000e+03
2.083000000000000000e+03
2.229000000000000000e+03
2.377000000000000000e+03
2.524000000000000000e+03
2.672000000000000000e+03
2.821000000000000000e+03
2.971000000000000000e+03
3.122000000000000000e+03
3.273000000000000000e+03
3.426000000000000000e+03
3.733000000000000000e+03
4.045000000000000000e+03
4.360000000000000000e+03
4.679000000000000000e+03
5.001000000000000000e+03
4.832000000000000000e+03
5.658000000000000000e+03
5.521000000000000000e+03
5.962000000000000000e+03
6.668000000000000000e+03
7.012000000000000000e+03
7.360000000000000000e+03
7.711000000000000000e+03
8.064000000000000000e+03
8.176000000000000000e+03
8.782000000000000000e+03
9.147000000000000000e+03
8.823000000000000000e+03
9.220000000000000000e+03
6.206000000000000000e+03
1.037800000000000000e+04
1.101400000000000000e+04
1.029800000000000000e+04
1.123300000000000000e+04
1.143500000000000000e+04
1.150800000000000000e+04
6.068000000000000000e+03
1.263500000000000000e+04
1.071300000000000000e+04
6.365000000000000000e+03
1.253000000000000000e+04
1.385900000000000000e+04
9.316000000000000000e+03
1.306800000000000000e+04
1.028700000000000000e+04
1.628800000000000000e+04
1.672400000000000000e+04
1.118200000000000000e+04
7.505000000000000000e+03
1.804400000000000000e+04
3.150000000000000000e+02
3.860000000000000000e+02
4.480000000000000000e+02
5.060000000000000000e+02
5.590000000000000000e+02
6.090000000000000000e+02
6.560000000000000000e+02
7.010000000000000000e+02
7.440000000000000000e+02
8.410000000000000000e+02
9.280000000000000000e+02
1.004000000000000000e+03
1.069000000000000000e+03
1.123000000000000000e+03
1.200000000000000000e+03
1.352000000000000000e+03
1.500000000000000000e+03
1.648000000000000000e+03
1.795000000000000000e+03
1.942000000000000000e+03
2.088000000000000000e+03
2.234000000000000000e+03
2.381000000000000000e+03
2.528000000000000000e+03
2.677000000000000000e+03
2.826000000000000000e+03
2.976000000000000000e+03
3.126000000000000000e+03
3.278000000000000000e+03
3.431000000000000000e+03
3.738000000000000000e+03
4.049000000000000000e+03
4.364000000000000000e+03
4.683000000000000000e+03
5.005000000000000000e+03
5.332000000000000000e+03
5.299000000000000000e+03
5.995000000000000000e+03
6.332000000000000000e+03
5.772000000000000000e+03
7.016000000000000000e+03
6.522000000000000000e+03
7.715000000000000000e+03
8.069000000000000000e+03
8.427000000000000000e+03
8.788000000000000000e+03
9.151000000000000000e+03
8.843000000000000000e+03
9.239000000000000000e+03
6.835000000000000000e+03
1.003700000000000000e+04
1.043900000000000000e+04
1.084400000000000000e+04
8.881000000000000000e+03
1.139500000000000000e+04
1.207100000000000000e+04
1.024900000000000000e+04
8.684000000000000000e+03
1.160000000000000000e+04
9.700000000000000000e+03
1.168900000000000000e+04
1.458300000000000000e+04
9.617000000000000000e+03
1.543900000000000000e+04
1.587000000000000000e+04
1.161700000000000000e+04
9.744000000000000000e+03
1.717700000000000000e+04
1.761700000000000000e+04
1.130300000000000000e+04
3.890000000000000000e+02
4.510000000000000000e+02
5.080000000000000000e+02
5.610000000000000000e+02
6.100000000000000000e+02
6.560000000000000000e+02
7.010000000000000000e+02
7.430000000000000000e+02
8.400000000000000000e+02
9.250000000000000000e+02
9.990000000000000000e+02
1.063000000000000000e+03
1.128000000000000000e+03
1.205000000000000000e+03
1.357000000000000000e+03
1.506000000000000000e+03
1.653000000000000000e+03
1.799000000000000000e+03
1.946000000000000000e+03
2.092000000000000000e+03
2.239000000000000000e+03
2.385000000000000000e+03
2.533000000000000000e+03
2.681000000000000000e+03
2.830000000000000000e+03
2.980000000000000000e+03
3.130000000000000000e+03
3.282000000000000000e+03
3.434000000000000000e+03
3.741000000000000000e+03
4.053000000000000000e+03
4.368000000000000000e+03
4.687000000000000000e+03
4.621000000000000000e+03
5.211000000000000000e+03
5.665000000000000000e+03
5.065000000000000000e+03
5.493000000000000000e+03
6.124000000000000000e+03
6.170000000000000000e+03
6.546000000000000000e+03
7.719000000000000000e+03
7.429000000000000000e+03
8.431000000000000000e+03
8.792000000000000000e+03
9.156000000000000000e+03
5.895000000000000000e+03
9.258000000000000000e+03
8.794000000000000000e+03
9.155000000000000000e+03
1.045800000000000000e+04
1.086100000000000000e+04
1.126800000000000000e+04
1.167600000000000000e+04
9.795000000000000000e+03
1.250000000000000000e+04
9.497000000000000000e+03
1.080700000000000000e+04
1.267200000000000000e+04
1.049500000000000000e+04
1.459900000000000000e+04
1.080000000000000000e+04
1.545400000000000000e+04
1.588500000000000000e+04
9.550000000000000000e+03
1.087500000000000000e+04
1.146800000000000000e+04
6.146000000000000000e+03
1.765500000000000000e+04
4.530000000000000000e+02
5.090000000000000000e+02
5.610000000000000000e+02
6.100000000000000000e+02
6.570000000000000000e+02
7.010000000000000000e+02
7.430000000000000000e+02
8.390000000000000000e+02
9.220000000000000000e+02
9.950000000000000000e+02
1.058000000000000000e+03
1.133000000000000000e+03
1.210000000000000000e+03
1.362000000000000000e+03
1.511000000000000000e+03
1.658000000000000000e+03
1.804000000000000000e+03
1.950000000000000000e+03
2.097000000000000000e+03
2.243000000000000000e+03
2.390000000000000000e+03
2.537000000000000000e+03
2.686000000000000000e+03
2.834000000000000000e+03
2.984000000000000000e+03
3.135000000000000000e+03
3.286000000000000000e+03
3.438000000000000000e+03
3.746000000000000000e+03
4.057000000000000000e+03
4.372000000000000000e+03
4.691000000000000000e+03
5.013000000000000000e+03
5.340000000000000000e+03
5.409000000000000000e+03
6.003000000000000000e+03
6.341000000000000000e+03
6.682000000000000000e+03
6.194000000000000000e+03
6.570000000000000000e+03
7.268000000000000000e+03
7.330000000000000000e+03
8.436000000000000000e+03
8.797000000000000000e+03
9.161000000000000000e+03
8.883000000000000000e+03
9.277000000000000000e+03
1.027300000000000000e+04
6.069000000000000000e+03
5.579000000000000000e+03
8.810000000000000000e+03
8.402000000000000000e+03
1.019400000000000000e+04
1.210400000000000000e+04
9.236000000000000000e+03
1.293100000000000000e+04
1.162300000000000000e+04
1.376900000000000000e+04
1.187100000000000000e+04
1.461400000000000000e+04
1.423700000000000000e+04
8.882000000000000000e+03
1.131700000000000000e+04
1.633200000000000000e+04
1.676800000000000000e+04
7.591000000000000000e+03
1.369000000000000000e+04
6.644000000000000000e+03
5.100000000000000000e+02
5.620000000000000000e+02
6.110000000000000000e+02
6.570000000000000000e+02
7.010000000000000000e+02
7.410000000000000000e+02
8.370000000000000000e+02
9.190000000000000000e+02
9.910000000000000000e+02
1.059000000000000000e+03
1.138000000000000000e+03
1.215000000000000000e+03
1.366000000000000000e+03
1.515000000000000000e+03
1.662000000000000000e+03
1.808000000000000000e+03
1.954000000000000000e+03
2.100000000000000000e+03
2.247000000000000000e+03
2.394000000000000000e+03
2.541000000000000000e+03
2.689000000000000000e+03
2.838000000000000000e+03
2.988000000000000000e+03
3.138000000000000000e+03
3.290000000000000000e+03
3.442000000000000000e+03
3.750000000000000000e+03
4.061000000000000000e+03
4.278000000000000000e+03
4.695000000000000000e+03
5.018000000000000000e+03
5.344000000000000000e+03
5.674000000000000000e+03
6.007000000000000000e+03
6.345000000000000000e+03
6.686000000000000000e+03
7.030000000000000000e+03
7.378000000000000000e+03
6.970000000000000000e+03
7.351000000000000000e+03
8.441000000000000000e+03
8.802000000000000000e+03
9.166000000000000000e+03
8.902000000000000000e+03
9.296000000000000000e+03
9.683000000000000000e+03
8.718000000000000000e+03
1.049200000000000000e+04
1.123600000000000000e+04
1.130100000000000000e+04
1.170900000000000000e+04
1.037500000000000000e+04
9.958000000000000000e+03
1.294700000000000000e+04
1.336400000000000000e+04
1.378300000000000000e+04
9.728000000000000000e+03
1.462800000000000000e+04
1.505500000000000000e+04
8.777000000000000000e+03
1.202500000000000000e+04
1.190600000000000000e+04
1.227500000000000000e+04
1.713500000000000000e+04
1.228700000000000000e+04
1.668100000000000000e+04
5.620000000000000000e+02
6.110000000000000000e+02
6.570000000000000000e+02
7.000000000000000000e+02
7.410000000000000000e+02
8.350000000000000000e+02
9.170000000000000000e+02
9.880000000000000000e+02
1.064000000000000000e+03
1.142000000000000000e+03
1.220000000000000000e+03
1.371000000000000000e+03
1.520000000000000000e+03
1.666000000000000000e+03
1.813000000000000000e+03
1.959000000000000000e+03
2.104000000000000000e+03
2.251000000000000000e+03
2.397000000000000000e+03
2.545000000000000000e+03
2.694000000000000000e+03
2.842000000000000000e+03
2.992000000000000000e+03
3.142000000000000000e+03
3.294000000000000000e+03
3.446000000000000000e+03
3.754000000000000000e+03
4.065000000000000000e+03
4.380000000000000000e+03
4.699000000000000000e+03
4.853000000000000000e+03
5.348000000000000000e+03
5.678000000000000000e+03
6.012000000000000000e+03
5.505000000000000000e+03
5.870000000000000000e+03
7.034000000000000000e+03
7.381000000000000000e+03
6.992000000000000000e+03
7.372000000000000000e+03
8.445000000000000000e+03
8.807000000000000000e+03
8.586000000000000000e+03
9.059000000000000000e+03
9.854000000000000000e+03
9.710000000000000000e+03
1.066100000000000000e+04
1.104200000000000000e+04
1.091200000000000000e+04
9.932000000000000000e+03
9.048000000000000000e+03
8.988000000000000000e+03
1.254800000000000000e+04
1.052400000000000000e+04
1.337900000000000000e+04
1.379800000000000000e+04
9.668000000000000000e+03
1.464300000000000000e+04
1.506900000000000000e+04
1.192200000000000000e+04
1.425500000000000000e+04
1.098700000000000000e+04
1.254400000000000000e+04
7.492000000000000000e+03
1.167600000000000000e+04
1.126700000000000000e+04
6.110000000000000000e+02
6.570000000000000000e+02
7.000000000000000000e+02
7.410000000000000000e+02
8.340000000000000000e+02
9.160000000000000000e+02
9.880000000000000000e+02
1.069000000000000000e+03
1.147000000000000000e+03
1.224000000000000000e+03
1.375000000000000000e+03
1.523000000000000000e+03
1.670000000000000000e+03
1.817000000000000000e+03
1.963000000000000000e+03
2.109000000000000000e+03
2.255000000000000000e+03
2.401000000000000000e+03
2.549000000000000000e+03
2.697000000000000000e+03
2.846000000000000000e+03
2.995000000000000000e+03
3.146000000000000000e+03
3.298000000000000000e+03
3.450000000000000000e+03
3.757000000000000000e+03
4.068000000000000000e+03
4.384000000000000000e+03
4.293000000000000000e+03
5.025000000000000000e+03
5.351000000000000000e+03
5.682000000000000000e+03
6.016000000000000000e+03
6.353000000000000000e+03
6.694000000000000000e+03
6.738000000000000000e+03
7.386000000000000000e+03
7.013000000000000000e+03
7.392000000000000000e+03
8.449000000000000000e+03
8.811000000000000000e+03
8.548000000000000000e+03
9.544000000000000000e+03
9.915000000000000000e+03
9.727000000000000000e+03
1.012500000000000000e+04
1.052600000000000000e+04
7.971000000000000000e+03
1.133300000000000000e+04
1.220800000000000000e+04
1.215100000000000000e+04
1.256300000000000000e+04
1.170100000000000000e+04
1.339300000000000000e+04
1.381300000000000000e+04
1.238500000000000000e+04
1.452300000000000000e+04
1.317700000000000000e+04
1.504800000000000000e+04
1.594200000000000000e+04
1.450000000000000000e+04
1.655800000000000000e+04
1.653100000000000000e+04
1.569300000000000000e+04
1.599100000000000000e+04
6.580000000000000000e+02
7.000000000000000000e+02
7.410000000000000000e+02
8.340000000000000000e+02
9.150000000000000000e+02
9.930000000000000000e+02
1.073000000000000000e+03
1.151000000000000000e+03
1.229000000000000000e+03
1.379000000000000000e+03
1.528000000000000000e+03
1.674000000000000000e+03
1.820000000000000000e+03
1.967000000000000000e+03
2.113000000000000000e+03
2.259000000000000000e+03
2.406000000000000000e+03
2.552000000000000000e+03
2.700000000000000000e+03
2.850000000000000000e+03
2.999000000000000000e+03
3.149000000000000000e+03
3.301000000000000000e+03
3.454000000000000000e+03
3.761000000000000000e+03
4.072000000000000000e+03
4.388000000000000000e+03
4.706000000000000000e+03
5.029000000000000000e+03
5.356000000000000000e+03
5.685000000000000000e+03
5.191000000000000000e+03
6.357000000000000000e+03
6.698000000000000000e+03
6.286000000000000000e+03
6.658000000000000000e+03
7.045000000000000000e+03
7.412000000000000000e+03
8.454000000000000000e+03
8.816000000000000000e+03
8.566000000000000000e+03
9.548000000000000000e+03
9.227000000000000000e+03
9.744000000000000000e+03
1.014200000000000000e+04
7.753000000000000000e+03
1.094400000000000000e+04
1.102900000000000000e+04
7.465000000000000000e+03
6.341000000000000000e+03
9.447000000000000000e+03
1.105800000000000000e+04
1.084100000000000000e+04
1.382700000000000000e+04
1.105800000000000000e+04
1.218200000000000000e+04
6.618000000000000000e+03
1.552500000000000000e+04
1.163900000000000000e+04
1.574500000000000000e+04
1.221900000000000000e+04
1.066700000000000000e+04
9.661000000000000000e+03
1.110000000000000000e+04
7.020000000000000000e+02
7.420000000000000000e+02
8.340000000000000000e+02
9.150000000000000000e+02
9.970000000000000000e+02
1.077000000000000000e+03
1.155000000000000000e+03
1.232000000000000000e+03
1.383000000000000000e+03
1.532000000000000000e+03
1.678000000000000000e+03
1.824000000000000000e+03
1.970000000000000000e+03
2.116000000000000000e+03
2.262000000000000000e+03
2.409000000000000000e+03
2.556000000000000000e+03
2.704000000000000000e+03
2.854000000000000000e+03
3.003000000000000000e+03
3.153000000000000000e+03
3.304000000000000000e+03
3.457000000000000000e+03
3.764000000000000000e+03
4.076000000000000000e+03
4.391000000000000000e+03
4.710000000000000000e+03
5.032000000000000000e+03
5.359000000000000000e+03
5.690000000000000000e+03
6.023000000000000000e+03
5.574000000000000000e+03
5.938000000000000000e+03
6.527000000000000000e+03
6.678000000000000000e+03
7.745000000000000000e+03
7.432000000000000000e+03
8.459000000000000000e+03
8.820000000000000000e+03
6.571000000000000000e+03
9.319000000000000000e+03
7.490000000000000000e+03
9.761000000000000000e+03
9.115000000000000000e+03
1.055800000000000000e+04
1.142000000000000000e+04
1.136400000000000000e+04
1.177200000000000000e+04
1.064100000000000000e+04
1.018700000000000000e+04
1.300600000000000000e+04
1.095400000000000000e+04
1.384100000000000000e+04
1.211600000000000000e+04
7.982000000000000000e+03
1.174300000000000000e+04
1.099500000000000000e+04
1.258900000000000000e+04
7.781000000000000000e+03
1.441700000000000000e+04
1.285400000000000000e+04
1.771300000000000000e+04
1.593200000000000000e+04
7.440000000000000000e+02
8.360000000000000000e+02
9.190000000000000000e+02
1.002000000000000000e+03
1.082000000000000000e+03
1.160000000000000000e+03
1.237000000000000000e+03
1.387000000000000000e+03
1.536000000000000000e+03
1.682000000000000000e+03
1.828000000000000000e+03
1.974000000000000000e+03
2.119000000000000000e+03
2.266000000000000000e+03
2.413000000000000000e+03
2.560000000000000000e+03
2.708000000000000000e+03
2.857000000000000000e+03
3.006000000000000000e+03
3.157000000000000000e+03
3.308000000000000000e+03
3.461000000000000000e+03
3.768000000000000000e+03
4.080000000000000000e+03
4.394000000000000000e+03
4.657000000000000000e+03
5.037000000000000000e+03
5.321000000000000000e+03
5.693000000000000000e+03
6.026000000000000000e+03
6.364000000000000000e+03
5.959000000000000000e+03
7.050000000000000000e+03
6.698000000000000000e+03
7.750000000000000000e+03
7.451000000000000000e+03
8.463000000000000000e+03
8.825000000000000000e+03
8.602000000000000000e+03
8.992000000000000000e+03
6.508000000000000000e+03
1.030500000000000000e+04
7.693000000000000000e+03
1.057400000000000000e+04
1.083700000000000000e+04
1.183500000000000000e+04
1.095500000000000000e+04
1.219600000000000000e+04
1.260600000000000000e+04
1.302100000000000000e+04
1.237500000000000000e+04
1.353300000000000000e+04
1.310700000000000000e+04
1.089000000000000000e+04
6.999000000000000000e+03
1.041100000000000000e+04
1.492800000000000000e+04
1.081200000000000000e+04
1.371000000000000000e+04
1.651400000000000000e+04
7.852000000000000000e+03
1.077100000000000000e+04
8.450000000000000000e+02
9.300000000000000000e+02
1.012000000000000000e+03
1.091000000000000000e+03
1.169000000000000000e+03
1.246000000000000000e+03
1.397000000000000000e+03
1.544000000000000000e+03
1.691000000000000000e+03
1.837000000000000000e+03
1.983000000000000000e+03
2.129000000000000000e+03
2.274000000000000000e+03
2.421000000000000000e+03
2.568000000000000000e+03
2.716000000000000000e+03
2.865000000000000000e+03
3.015000000000000000e+03
3.165000000000000000e+03
3.317000000000000000e+03
3.469000000000000000e+03
3.777000000000000000e+03
4.087000000000000000e+03
4.403000000000000000e+03
4.722000000000000000e+03
5.045000000000000000e+03
5.372000000000000000e+03
5.702000000000000000e+03
6.036000000000000000e+03
6.374000000000000000e+03
6.715000000000000000e+03
7.060000000000000000e+03
6.747000000000000000e+03
7.120000000000000000e+03
7.497000000000000000e+03
7.877000000000000000e+03
8.259000000000000000e+03
9.201000000000000000e+03
9.570000000000000000e+03
9.424000000000000000e+03
9.817000000000000000e+03
7.742000000000000000e+03
1.107700000000000000e+04
1.092000000000000000e+04
1.141600000000000000e+04
9.501000000000000000e+03
1.223100000000000000e+04
1.117000000000000000e+04
6.442000000000000000e+03
1.089300000000000000e+04
1.157400000000000000e+04
1.430900000000000000e+04
6.693000000000000000e+03
1.515800000000000000e+04
1.558500000000000000e+04
1.082600000000000000e+04
1.140000000000000000e+04
1.603000000000000000e+04
1.444500000000000000e+04
1.285400000000000000e+04
1.076000000000000000e+04
9.390000000000000000e+02
1.021000000000000000e+03
1.100000000000000000e+03
1.178000000000000000e+03
1.255000000000000000e+03
1.404000000000000000e+03
1.552000000000000000e+03
1.699000000000000000e+03
1.845000000000000000e+03
1.991000000000000000e+03
2.136000000000000000e+03
2.283000000000000000e+03
2.429000000000000000e+03
2.576000000000000000e+03
2.724000000000000000e+03
2.873000000000000000e+03
3.023000000000000000e+03
3.173000000000000000e+03
3.325000000000000000e+03
3.477000000000000000e+03
3.784000000000000000e+03
4.095000000000000000e+03
4.411000000000000000e+03
4.730000000000000000e+03
5.054000000000000000e+03
5.380000000000000000e+03
5.710000000000000000e+03
6.045000000000000000e+03
6.383000000000000000e+03
6.724000000000000000e+03
7.069000000000000000e+03
6.793000000000000000e+03
7.164000000000000000e+03
8.125000000000000000e+03
8.485000000000000000e+03
8.847000000000000000e+03
8.685000000000000000e+03
9.072000000000000000e+03
9.486000000000000000e+03
9.087000000000000000e+03
1.025000000000000000e+04
1.102600000000000000e+04
1.104800000000000000e+04
1.145100000000000000e+04
1.073500000000000000e+04
1.013000000000000000e+04
1.267500000000000000e+04
1.308900000000000000e+04
1.350400000000000000e+04
1.029600000000000000e+04
1.434200000000000000e+04
1.476400000000000000e+04
8.660000000000000000e+03
1.236800000000000000e+04
1.145200000000000000e+04
1.196100000000000000e+04
1.688300000000000000e+04
1.197200000000000000e+04
1.679500000000000000e+04
1.823300000000000000e+04
1.029000000000000000e+03
1.108000000000000000e+03
1.186000000000000000e+03
1.262000000000000000e+03
1.413000000000000000e+03
1.560000000000000000e+03
1.707000000000000000e+03
1.853000000000000000e+03
1.998000000000000000e+03
2.144000000000000000e+03
2.290000000000000000e+03
2.436000000000000000e+03
2.583000000000000000e+03
2.732000000000000000e+03
2.881000000000000000e+03
3.030000000000000000e+03
3.181000000000000000e+03
3.332000000000000000e+03
3.484000000000000000e+03
3.792000000000000000e+03
4.104000000000000000e+03
4.419000000000000000e+03
4.738000000000000000e+03
4.795000000000000000e+03
4.697000000000000000e+03
5.719000000000000000e+03
5.391000000000000000e+03
5.746000000000000000e+03
6.733000000000000000e+03
7.079000000000000000e+03
7.428000000000000000e+03
7.780000000000000000e+03
7.581000000000000000e+03
7.958000000000000000e+03
7.312000000000000000e+03
8.723000000000000000e+03
9.109000000000000000e+03
9.966000000000000000e+03
7.752000000000000000e+03
1.028500000000000000e+04
1.068300000000000000e+04
8.295000000000000000e+03
1.134200000000000000e+04
1.189000000000000000e+04
1.017800000000000000e+04
1.074500000000000000e+04
1.289800000000000000e+04
1.353600000000000000e+04
1.121700000000000000e+04
1.326600000000000000e+04
9.503000000000000000e+03
1.522100000000000000e+04
1.337800000000000000e+04
1.607800000000000000e+04
1.209800000000000000e+04
1.694500000000000000e+04
6.238000000000000000e+03
1.673700000000000000e+04
1.027300000000000000e+04
1.116000000000000000e+03
1.193000000000000000e+03
1.269000000000000000e+03
1.420000000000000000e+03
1.567000000000000000e+03
1.713000000000000000e+03
1.859000000000000000e+03
2.005000000000000000e+03
2.151000000000000000e+03
2.297000000000000000e+03
2.443000000000000000e+03
2.591000000000000000e+03
2.739000000000000000e+03
2.888000000000000000e+03
3.037000000000000000e+03
3.187000000000000000e+03
3.340000000000000000e+03
3.492000000000000000e+03
3.799000000000000000e+03
4.111000000000000000e+03
4.426000000000000000e+03
4.746000000000000000e+03
5.069000000000000000e+03
5.396000000000000000e+03
5.727000000000000000e+03
6.062000000000000000e+03
5.790000000000000000e+03
6.742000000000000000e+03
6.510000000000000000e+03
7.437000000000000000e+03
7.246000000000000000e+03
8.145000000000000000e+03
8.505000000000000000e+03
8.376000000000000000e+03
8.759000000000000000e+03
6.758000000000000000e+03
9.977000000000000000e+03
7.543000000000000000e+03
1.031800000000000000e+04
1.071600000000000000e+04
1.150100000000000000e+04
1.079500000000000000e+04
1.192200000000000000e+04
1.232900000000000000e+04
1.273900000000000000e+04
1.217800000000000000e+04
1.353900000000000000e+04
1.323500000000000000e+04
1.058700000000000000e+04
6.892000000000000000e+03
1.027300000000000000e+04
1.500300000000000000e+04
1.146100000000000000e+04
1.337700000000000000e+04
1.626400000000000000e+04
7.757000000000000000e+03
1.083200000000000000e+04
1.243900000000000000e+04
1.200000000000000000e+03
1.276000000000000000e+03
1.426000000000000000e+03
1.574000000000000000e+03
1.720000000000000000e+03
1.866000000000000000e+03
2.012000000000000000e+03
2.157000000000000000e+03
2.303000000000000000e+03
2.450000000000000000e+03
2.597000000000000000e+03
2.745000000000000000e+03
2.894000000000000000e+03
3.044000000000000000e+03
3.194000000000000000e+03
3.346000000000000000e+03
3.498000000000000000e+03
3.806000000000000000e+03
4.117000000000000000e+03
4.434000000000000000e+03
4.753000000000000000e+03
5.076000000000000000e+03
5.404000000000000000e+03
5.734000000000000000e+03
6.069000000000000000e+03
6.408000000000000000e+03
6.751000000000000000e+03
6.550000000000000000e+03
6.916000000000000000e+03
7.284000000000000000e+03
7.657000000000000000e+03
8.032000000000000000e+03
8.879000000000000000e+03
9.245000000000000000e+03
9.179000000000000000e+03
9.566000000000000000e+03
7.673000000000000000e+03
1.074400000000000000e+04
1.064000000000000000e+04
1.114600000000000000e+04
9.609000000000000000e+03
1.195300000000000000e+04
1.101300000000000000e+04
6.322000000000000000e+03
1.051100000000000000e+04
1.192700000000000000e+04
1.401300000000000000e+04
7.001000000000000000e+03
1.485500000000000000e+04
1.528000000000000000e+04
1.070100000000000000e+04
1.142300000000000000e+04
1.578000000000000000e+04
1.414700000000000000e+04
1.285400000000000000e+04
1.080500000000000000e+04
1.832200000000000000e+04
1.282000000000000000e+03
1.432000000000000000e+03
1.580000000000000000e+03
1.726000000000000000e+03
1.872000000000000000e+03
2.018000000000000000e+03
2.163000000000000000e+03
2.310000000000000000e+03
2.456000000000000000e+03
2.603000000000000000e+03
2.751000000000000000e+03
2.900000000000000000e+03
3.049000000000000000e+03
3.201000000000000000e+03
3.352000000000000000e+03
3.505000000000000000e+03
3.813000000000000000e+03
4.124000000000000000e+03
4.441000000000000000e+03
4.760000000000000000e+03
5.083000000000000000e+03
5.412000000000000000e+03
5.742000000000000000e+03
6.077000000000000000e+03
6.416000000000000000e+03
6.759000000000000000e+03
6.588000000000000000e+03
6.952000000000000000e+03
7.807000000000000000e+03
8.165000000000000000e+03
8.525000000000000000e+03
8.445000000000000000e+03
8.827000000000000000e+03
9.286000000000000000e+03
9.241000000000000000e+03
9.989000000000000000e+03
1.075600000000000000e+04
1.077700000000000000e+04
1.117600000000000000e+04
1.089700000000000000e+04
1.019300000000000000e+04
1.238800000000000000e+04
1.279700000000000000e+04
1.321000000000000000e+04
1.087400000000000000e+04
1.404100000000000000e+04
1.446100000000000000e+04
8.540000000000000000e+03
1.261400000000000000e+04
1.111200000000000000e+04
1.166000000000000000e+04
1.659700000000000000e+04
1.167000000000000000e+04
1.682000000000000000e+04
1.790900000000000000e+04
8.271000000000000000e+03
1.443000000000000000e+03
1.590000000000000000e+03
1.737000000000000000e+03
1.883000000000000000e+03
2.029000000000000000e+03
2.174000000000000000e+03
2.321000000000000000e+03
2.467000000000000000e+03
2.615000000000000000e+03
2.763000000000000000e+03
2.912000000000000000e+03
3.062000000000000000e+03
3.212000000000000000e+03
3.364000000000000000e+03
3.517000000000000000e+03
3.825000000000000000e+03
4.137000000000000000e+03
4.453000000000000000e+03
4.773000000000000000e+03
5.097000000000000000e+03
5.425000000000000000e+03
5.757000000000000000e+03
5.595000000000000000e+03
6.432000000000000000e+03
6.299000000000000000e+03
7.121000000000000000e+03
7.021000000000000000e+03
7.825000000000000000e+03
8.183000000000000000e+03
8.131000000000000000e+03
8.508000000000000000e+03
7.265000000000000000e+03
9.646000000000000000e+03
7.392000000000000000e+03
1.004700000000000000e+04
1.043900000000000000e+04
1.116300000000000000e+04
1.063400000000000000e+04
1.163400000000000000e+04
1.203700000000000000e+04
1.244300000000000000e+04
1.198000000000000000e+04
1.326400000000000000e+04
1.326600000000000000e+04
1.029700000000000000e+04
6.778000000000000000e+03
1.012800000000000000e+04
1.500100000000000000e+04
1.202000000000000000e+04
1.308200000000000000e+04
1.602800000000000000e+04
7.655000000000000000e+03
1.088700000000000000e+04
1.258700000000000000e+04
8.859000000000000000e+03
1.600000000000000000e+03
1.746000000000000000e+03
1.892000000000000000e+03
2.038000000000000000e+03
2.184000000000000000e+03
2.330000000000000000e+03
2.477000000000000000e+03
2.625000000000000000e+03
2.773000000000000000e+03
2.922000000000000000e+03
3.072000000000000000e+03
3.223000000000000000e+03
3.374000000000000000e+03
3.528000000000000000e+03
3.836000000000000000e+03
4.148000000000000000e+03
4.465000000000000000e+03
4.785000000000000000e+03
5.110000000000000000e+03
5.438000000000000000e+03
5.771000000000000000e+03
6.106000000000000000e+03
6.446000000000000000e+03
6.364000000000000000e+03
6.721000000000000000e+03
7.488000000000000000e+03
7.843000000000000000e+03
8.201000000000000000e+03
8.189000000000000000e+03
8.565000000000000000e+03
9.087000000000000000e+03
9.283000000000000000e+03
9.713000000000000000e+03
1.042000000000000000e+04
1.049300000000000000e+04
1.088800000000000000e+04
1.094600000000000000e+04
1.017500000000000000e+04
1.208900000000000000e+04
1.249500000000000000e+04
1.290400000000000000e+04
1.124000000000000000e+04
1.372900000000000000e+04
1.414600000000000000e+04
8.418000000000000000e+03
1.278800000000000000e+04
1.127600000000000000e+04
1.137100000000000000e+04
1.627000000000000000e+04
1.137900000000000000e+04
1.678300000000000000e+04
1.757500000000000000e+04
8.173000000000000000e+03
7.921000000000000000e+03
1.754000000000000000e+03
1.900000000000000000e+03
2.046000000000000000e+03
2.193000000000000000e+03
2.339000000000000000e+03
2.485000000000000000e+03
2.633000000000000000e+03
2.782000000000000000e+03
2.931000000000000000e+03
3.081000000000000000e+03
3.232000000000000000e+03
3.385000000000000000e+03
3.538000000000000000e+03
3.847000000000000000e+03
4.160000000000000000e+03
4.476000000000000000e+03
4.797000000000000000e+03
5.121000000000000000e+03
5.451000000000000000e+03
5.381000000000000000e+03
6.120000000000000000e+03
6.070000000000000000e+03
6.804000000000000000e+03
6.778000000000000000e+03
7.504000000000000000e+03
7.859000000000000000e+03
7.871000000000000000e+03
8.242000000000000000e+03
7.606000000000000000e+03
9.314000000000000000e+03
7.239000000000000000e+03
9.763000000000000000e+03
1.015100000000000000e+04
1.082300000000000000e+04
1.047100000000000000e+04
1.133400000000000000e+04
1.173400000000000000e+04
1.213700000000000000e+04
1.177900000000000000e+04
1.295200000000000000e+04
1.323300000000000000e+04
1.001700000000000000e+04
6.659000000000000000e+03
9.978000000000000000e+03
1.494500000000000000e+04
1.243100000000000000e+04
1.282000000000000000e+04
1.580500000000000000e+04
7.547000000000000000e+03
1.093600000000000000e+04
1.268200000000000000e+04
8.571000000000000000e+03
7.775000000000000000e+03
1.908000000000000000e+03
2.053000000000000000e+03
2.200000000000000000e+03
2.347000000000000000e+03
2.493000000000000000e+03
2.641000000000000000e+03
2.790000000000000000e+03
2.940000000000000000e+03
3.089000000000000000e+03
3.241000000000000000e+03
3.393000000000000000e+03
3.546000000000000000e+03
3.855000000000000000e+03
4.169000000000000000e+03
4.486000000000000000e+03
4.807000000000000000e+03
5.133000000000000000e+03
5.462000000000000000e+03
5.796000000000000000e+03
6.132000000000000000e+03
6.125000000000000000e+03
6.474000000000000000e+03
7.166000000000000000e+03
7.519000000000000000e+03
7.875000000000000000e+03
7.920000000000000000e+03
8.291000000000000000e+03
8.886000000000000000e+03
9.043000000000000000e+03
9.425000000000000000e+03
1.008200000000000000e+04
1.019800000000000000e+04
1.058800000000000000e+04
1.092500000000000000e+04
1.009500000000000000e+04
1.178000000000000000e+04
1.218300000000000000e+04
1.258800000000000000e+04
1.144200000000000000e+04
1.340900000000000000e+04
1.382200000000000000e+04
8.292000000000000000e+03
1.285400000000000000e+04
1.138600000000000000e+04
1.109200000000000000e+04
1.593600000000000000e+04
1.109800000000000000e+04
1.670300000000000000e+04
1.723500000000000000e+04
8.072000000000000000e+03
7.638000000000000000e+03
1.285400000000000000e+04
2.060000000000000000e+03
2.206000000000000000e+03
2.353000000000000000e+03
2.501000000000000000e+03
2.648000000000000000e+03
2.798000000000000000e+03
2.947000000000000000e+03
3.098000000000000000e+03
3.249000000000000000e+03
3.401000000000000000e+03
3.554000000000000000e+03
3.865000000000000000e+03
4.178000000000000000e+03
4.496000000000000000e+03
4.818000000000000000e+03
5.144000000000000000e+03
5.153000000000000000e+03
5.807000000000000000e+03
5.828000000000000000e+03
6.486000000000000000e+03
6.575000000000000000e+03
7.180000000000000000e+03
7.533000000000000000e+03
7.599000000000000000e+03
7.966000000000000000e+03
7.751000000000000000e+03
8.980000000000000000e+03
7.085000000000000000e+03
9.469000000000000000e+03
9.853000000000000000e+03
1.048200000000000000e+04
1.030600000000000000e+04
1.102500000000000000e+04
1.142300000000000000e+04
1.182300000000000000e+04
1.157700000000000000e+04
1.263200000000000000e+04
1.304000000000000000e+04
9.747000000000000000e+03
6.651000000000000000e+03
9.823000000000000000e+03
1.470300000000000000e+04
1.269700000000000000e+04
1.259000000000000000e+04
1.559200000000000000e+04
7.432000000000000000e+03
1.098000000000000000e+04
1.273500000000000000e+04
8.292000000000000000e+03
7.677000000000000000e+03
1.860400000000000000e+04
2.212000000000000000e+03
2.359000000000000000e+03
2.506000000000000000e+03
2.655000000000000000e+03
2.804000000000000000e+03
2.954000000000000000e+03
3.104000000000000000e+03
3.256000000000000000e+03
3.409000000000000000e+03
3.563000000000000000e+03
3.873000000000000000e+03
4.187000000000000000e+03
4.505000000000000000e+03
4.828000000000000000e+03
5.153000000000000000e+03
5.484000000000000000e+03
5.818000000000000000e+03
5.873000000000000000e+03
6.217000000000000000e+03
6.845000000000000000e+03
7.194000000000000000e+03
7.547000000000000000e+03
7.642000000000000000e+03
8.008000000000000000e+03
8.629000000000000000e+03
8.751000000000000000e+03
9.129000000000000000e+03
9.742000000000000000e+03
9.894000000000000000e+03
1.028200000000000000e+04
1.067200000000000000e+04
9.969000000000000000e+03
1.146300000000000000e+04
1.186300000000000000e+04
1.226600000000000000e+04
1.153100000000000000e+04
1.308000000000000000e+04
1.349300000000000000e+04
8.163000000000000000e+03
1.285400000000000000e+04
1.145100000000000000e+04
1.082100000000000000e+04
1.559400000000000000e+04
1.082600000000000000e+04
1.645400000000000000e+04
1.688700000000000000e+04
7.967000000000000000e+03
7.362000000000000000e+03
1.285400000000000000e+04
1.044500000000000000e+04
2.365000000000000000e+03
2.513000000000000000e+03
2.661000000000000000e+03
2.810000000000000000e+03
2.960000000000000000e+03
3.111000000000000000e+03
3.263000000000000000e+03
3.416000000000000000e+03
3.570000000000000000e+03
3.880000000000000000e+03
4.195000000000000000e+03
4.513000000000000000e+03
4.837000000000000000e+03
4.915000000000000000e+03
5.494000000000000000e+03
5.576000000000000000e+03
6.167000000000000000e+03
6.388000000000000000e+03
6.856000000000000000e+03
7.207000000000000000e+03
7.318000000000000000e+03
7.680000000000000000e+03
7.789000000000000000e+03
8.644000000000000000e+03
7.011000000000000000e+03
9.167000000000000000e+03
9.548000000000000000e+03
1.013800000000000000e+04
1.017100000000000000e+04
1.071000000000000000e+04
1.110400000000000000e+04
1.150100000000000000e+04
1.137400000000000000e+04
1.230400000000000000e+04
1.271100000000000000e+04
9.486000000000000000e+03
6.875000000000000000e+03
9.664000000000000000e+03
1.436400000000000000e+04
1.284400000000000000e+04
1.238800000000000000e+04
1.538400000000000000e+04
7.312000000000000000e+03
1.102000000000000000e+04
1.275500000000000000e+04
8.020000000000000000e+03
7.574000000000000000e+03
1.824900000000000000e+04
1.509700000000000000e+04
2.518000000000000000e+03
2.666000000000000000e+03
2.815000000000000000e+03
2.966000000000000000e+03
3.117000000000000000e+03
3.269000000000000000e+03
3.422000000000000000e+03
3.576000000000000000e+03
3.887000000000000000e+03
4.203000000000000000e+03
4.521000000000000000e+03
4.845000000000000000e+03
5.172000000000000000e+03
5.504000000000000000e+03
5.613000000000000000e+03
5.951000000000000000e+03
6.521000000000000000e+03
6.868000000000000000e+03
7.219000000000000000e+03
7.355000000000000000e+03
7.716000000000000000e+03
8.294000000000000000e+03
8.452000000000000000e+03
8.825000000000000000e+03
9.401000000000000000e+03
9.583000000000000000e+03
9.968000000000000000e+03
1.035500000000000000e+04
9.806000000000000000e+03
1.114000000000000000e+04
1.153700000000000000e+04
1.193800000000000000e+04
1.154200000000000000e+04
1.274700000000000000e+04
1.315700000000000000e+04
8.031000000000000000e+03
1.285400000000000000e+04
1.148300000000000000e+04
1.055800000000000000e+04
1.524700000000000000e+04
1.056100000000000000e+04
1.610300000000000000e+04
1.653500000000000000e+04
7.858000000000000000e+03
7.190000000000000000e+03
1.285400000000000000e+04
1.049900000000000000e+04
1.048700000000000000e+04
2.671000000000000000e+03
2.821000000000000000e+03
2.971000000000000000e+03
3.123000000000000000e+03
3.275000000000000000e+03
3.428000000000000000e+03
3.583000000000000000e+03
3.894000000000000000e+03
4.209000000000000000e+03
4.529000000000000000e+03
4.668000000000000000e+03
5.181000000000000000e+03
5.316000000000000000e+03
5.849000000000000000e+03
6.189000000000000000e+03
6.532000000000000000e+03
6.880000000000000000e+03
7.032000000000000000e+03
7.389000000000000000e+03
7.750000000000000000e+03
8.307000000000000000e+03
7.246000000000000000e+03
8.859000000000000000e+03
9.236000000000000000e+03
9.793000000000000000e+03
1.000100000000000000e+04
1.038900000000000000e+04
1.077900000000000000e+04
1.117300000000000000e+04
1.117000000000000000e+04
1.197200000000000000e+04
1.237500000000000000e+04
9.232000000000000000e+03
7.124000000000000000e+03
9.501000000000000000e+03
1.402000000000000000e+04
1.290600000000000000e+04
1.220900000000000000e+04
1.518000000000000000e+04
7.188000000000000000e+03
1.105500000000000000e+04
1.274700000000000000e+04
7.756000000000000000e+03
7.469000000000000000e+03
1.788800000000000000e+04
1.528100000000000000e+04
1.877700000000000000e+04
2.825000000000000000e+03
2.976000000000000000e+03
3.128000000000000000e+03
3.280000000000000000e+03
3.434000000000000000e+03
3.588000000000000000e+03
3.900000000000000000e+03
4.216000000000000000e+03
4.537000000000000000e+03
4.860000000000000000e+03
5.189000000000000000e+03
5.347000000000000000e+03
5.680000000000000000e+03
6.199000000000000000e+03
6.543000000000000000e+03
6.891000000000000000e+03
7.063000000000000000e+03
7.420000000000000000e+03
7.958000000000000000e+03
8.148000000000000000e+03
8.517000000000000000e+03
9.058000000000000000e+03
9.267000000000000000e+03
9.647000000000000000e+03
1.003200000000000000e+04
9.615000000000000000e+03
1.081200000000000000e+04
1.120600000000000000e+04
1.160300000000000000e+04
1.150000000000000000e+04
1.240800000000000000e+04
1.281600000000000000e+04
7.895000000000000000e+03
1.280800000000000000e+04
1.148500000000000000e+04
1.030200000000000000e+04
1.489500000000000000e+04
1.030300000000000000e+04
1.574800000000000000e+04
1.617800000000000000e+04
7.745000000000000000e+03
7.081000000000000000e+03
1.285400000000000000e+04
1.054900000000000000e+04
1.035900000000000000e+04
1.245900000000000000e+04
2.980000000000000000e+03
3.132000000000000000e+03
3.285000000000000000e+03
3.439000000000000000e+03
3.594000000000000000e+03
3.906000000000000000e+03
4.222000000000000000e+03
4.416000000000000000e+03
4.868000000000000000e+03
5.100000000000000000e+03
5.530000000000000000e+03
5.867000000000000000e+03
6.208000000000000000e+03
6.553000000000000000e+03
6.739000000000000000e+03
7.092000000000000000e+03
7.449000000000000000e+03
7.971000000000000000e+03
7.344000000000000000e+03
8.660000000000000000e+03
8.919000000000000000e+03
9.447000000000000000e+03
9.803000000000000000e+03
1.006300000000000000e+04
1.045000000000000000e+04
1.084200000000000000e+04
1.096500000000000000e+04
1.163500000000000000e+04
1.203500000000000000e+04
8.985000000000000000e+03
7.402000000000000000e+03
9.335000000000000000e+03
1.367100000000000000e+04
1.290500000000000000e+04
1.205200000000000000e+04
1.492900000000000000e+04
7.058000000000000000e+03
1.108500000000000000e+04
1.271600000000000000e+04
7.498000000000000000e+03
7.359000000000000000e+03
1.752300000000000000e+04
1.538600000000000000e+04
1.840900000000000000e+04
9.756000000000000000e+03
3.136000000000000000e+03
3.289000000000000000e+03
3.444000000000000000e+03
3.599000000000000000e+03
3.911000000000000000e+03
4.228000000000000000e+03
4.550000000000000000e+03
4.875000000000000000e+03
5.076000000000000000e+03
5.403000000000000000e+03
5.875000000000000000e+03
6.217000000000000000e+03
6.563000000000000000e+03
6.765000000000000000e+03
7.118000000000000000e+03
7.622000000000000000e+03
7.838000000000000000e+03
8.204000000000000000e+03
8.716000000000000000e+03
8.947000000000000000e+03
9.325000000000000000e+03
9.707000000000000000e+03
9.402000000000000000e+03
1.048000000000000000e+04
1.087000000000000000e+04
1.126600000000000000e+04
1.141900000000000000e+04
1.206500000000000000e+04
1.247000000000000000e+04
7.757000000000000000e+03
1.256000000000000000e+04
1.146400000000000000e+04
1.005200000000000000e+04
1.454000000000000000e+04
1.005000000000000000e+04
1.538800000000000000e+04
1.581700000000000000e+04
7.628000000000000000e+03
6.971000000000000000e+03
1.266800000000000000e+04
1.059500000000000000e+04
1.022700000000000000e+04
1.278200000000000000e+04
1.285400000000000000e+04
3.294000000000000000e+03
3.449000000000000000e+03
3.604000000000000000e+03
3.917000000000000000e+03
4.160000000000000000e+03
4.556000000000000000e+03
4.882000000000000000e+03
5.212000000000000000e+03
5.546000000000000000e+03
5.884000000000000000e+03
6.227000000000000000e+03
6.442000000000000000e+03
6.791000000000000000e+03
7.144000000000000000e+03
7.633000000000000000e+03
7.356000000000000000e+03
8.360000000000000000e+03
8.600000000000000000e+03
9.101000000000000000e+03
9.476000000000000000e+03
9.733000000000000000e+03
1.011800000000000000e+04
1.050600000000000000e+04
1.075900000000000000e+04
1.129400000000000000e+04
1.169200000000000000e+04
8.744000000000000000e+03
7.710000000000000000e+03
9.165000000000000000e+03
1.331900000000000000e+04
1.285600000000000000e+04
1.191100000000000000e+04
1.457100000000000000e+04
6.925000000000000000e+03
1.111100000000000000e+04
1.266700000000000000e+04
7.245000000000000000e+03
7.246000000000000000e+03
1.715400000000000000e+04
1.542500000000000000e+04
1.803800000000000000e+04
9.690000000000000000e+03
8.130000000000000000e+03
3.453000000000000000e+03
3.608000000000000000e+03
3.921000000000000000e+03
4.239000000000000000e+03
4.562000000000000000e+03
4.803000000000000000e+03
5.123000000000000000e+03
5.554000000000000000e+03
5.892000000000000000e+03
6.235000000000000000e+03
6.465000000000000000e+03
6.814000000000000000e+03
7.287000000000000000e+03
7.526000000000000000e+03
7.888000000000000000e+03
8.373000000000000000e+03
8.625000000000000000e+03
8.999000000000000000e+03
9.376000000000000000e+03
9.170000000000000000e+03
1.014400000000000000e+04
1.053300000000000000e+04
1.092500000000000000e+04
1.130900000000000000e+04
1.172000000000000000e+04
1.212200000000000000e+04
7.615000000000000000e+03
1.231800000000000000e+04
1.142300000000000000e+04
9.807000000000000000e+03
1.418100000000000000e+04
9.803000000000000000e+03
1.502500000000000000e+04
1.545200000000000000e+04
7.509000000000000000e+03
6.856000000000000000e+03
1.241600000000000000e+04
1.063700000000000000e+04
1.008900000000000000e+04
1.306500000000000000e+04
1.285400000000000000e+04
1.285400000000000000e+04
3.613000000000000000e+03
3.927000000000000000e+03
4.245000000000000000e+03
4.567000000000000000e+03
4.894000000000000000e+03
5.226000000000000000e+03
5.561000000000000000e+03
5.900000000000000000e+03
6.144000000000000000e+03
6.487000000000000000e+03
6.836000000000000000e+03
7.297000000000000000e+03
7.314000000000000000e+03
8.018000000000000000e+03
8.277000000000000000e+03
8.755000000000000000e+03
9.128000000000000000e+03
9.400000000000000000e+03
9.783000000000000000e+03
1.016800000000000000e+04
1.055400000000000000e+04
1.095100000000000000e+04
1.134600000000000000e+04
8.509000000000000000e+03
8.024000000000000000e+03
8.993000000000000000e+03
1.296400000000000000e+04
1.277200000000000000e+04
1.178200000000000000e+04
1.420900000000000000e+04
6.788000000000000000e+03
1.113300000000000000e+04
1.260100000000000000e+04
6.997000000000000000e+03
7.130000000000000000e+03
1.678200000000000000e+04
1.541300000000000000e+04
1.766300000000000000e+04
9.609000000000000000e+03
8.007000000000000000e+03
1.143200000000000000e+04
3.936000000000000000e+03
4.255000000000000000e+03
4.579000000000000000e+03
4.906000000000000000e+03
5.239000000000000000e+03
5.575000000000000000e+03
5.842000000000000000e+03
6.182000000000000000e+03
6.526000000000000000e+03
6.960000000000000000e+03
7.230000000000000000e+03
7.677000000000000000e+03
7.951000000000000000e+03
8.408000000000000000e+03
8.779000000000000000e+03
9.065000000000000000e+03
9.445000000000000000e+03
9.827000000000000000e+03
1.030000000000000000e+04
1.060400000000000000e+04
1.099800000000000000e+04
8.279000000000000000e+03
8.308000000000000000e+03
8.819000000000000000e+03
1.260500000000000000e+04
1.266100000000000000e+04
1.166200000000000000e+04
1.384500000000000000e+04
6.648000000000000000e+03
1.115200000000000000e+04
1.252100000000000000e+04
6.778000000000000000e+03
7.010000000000000000e+03
1.640800000000000000e+04
1.536100000000000000e+04
1.728400000000000000e+04
9.516000000000000000e+03
7.882000000000000000e+03
1.133400000000000000e+04
1.285400000000000000e+04
4.264000000000000000e+03
4.589000000000000000e+03
4.918000000000000000e+03
5.250000000000000000e+03
5.541000000000000000e+03
5.926000000000000000e+03
6.215000000000000000e+03
6.624000000000000000e+03
6.911000000000000000e+03
7.335000000000000000e+03
7.625000000000000000e+03
8.061000000000000000e+03
8.430000000000000000e+03
8.729000000000000000e+03
9.105000000000000000e+03
9.485000000000000000e+03
9.942000000000000000e+03
1.025600000000000000e+04
1.064700000000000000e+04
8.055000000000000000e+03
8.525000000000000000e+03
8.642000000000000000e+03
1.224600000000000000e+04
1.252600000000000000e+04
1.154400000000000000e+04
1.347900000000000000e+04
6.505000000000000000e+03
1.116600000000000000e+04
1.242900000000000000e+04
6.653000000000000000e+03
6.887000000000000000e+03
1.603000000000000000e+04
1.527700000000000000e+04
1.690400000000000000e+04
9.412000000000000000e+03
7.751000000000000000e+03
1.122600000000000000e+04
1.285400000000000000e+04
1.893700000000000000e+04
4.599000000000000000e+03
4.928000000000000000e+03
5.239000000000000000e+03
5.600000000000000000e+03
5.904000000000000000e+03
6.290000000000000000e+03
6.591000000000000000e+03
6.994000000000000000e+03
7.298000000000000000e+03
7.716000000000000000e+03
8.082000000000000000e+03
8.392000000000000000e+03
8.764000000000000000e+03
9.142000000000000000e+03
9.584000000000000000e+03
9.907000000000000000e+03
1.029500000000000000e+04
7.835000000000000000e+03
8.664000000000000000e+03
8.463000000000000000e+03
1.188400000000000000e+04
1.228900000000000000e+04
1.142700000000000000e+04
1.311100000000000000e+04
6.358000000000000000e+03
1.117700000000000000e+04
1.232600000000000000e+04
6.527000000000000000e+03
6.761000000000000000e+03
1.565100000000000000e+04
1.516600000000000000e+04
1.652200000000000000e+04
9.298000000000000000e+03
7.617000000000000000e+03
1.110900000000000000e+04
1.285400000000000000e+04
1.874800000000000000e+04
1.194500000000000000e+04
4.938000000000000000e+03
5.273000000000000000e+03
5.594000000000000000e+03
5.956000000000000000e+03
6.271000000000000000e+03
6.655000000000000000e+03
6.970000000000000000e+03
7.371000000000000000e+03
7.734000000000000000e+03
8.053000000000000000e+03
8.423000000000000000e+03
8.797000000000000000e+03
9.226000000000000000e+03
9.557000000000000000e+03
9.943000000000000000e+03
7.620000000000000000e+03
8.733000000000000000e+03
8.283000000000000000e+03
1.152100000000000000e+04
1.192500000000000000e+04
1.130700000000000000e+04
1.274200000000000000e+04
6.210000000000000000e+03
1.118500000000000000e+04
1.221500000000000000e+04
6.398000000000000000e+03
6.632000000000000000e+03
1.526900000000000000e+04
1.503200000000000000e+04
1.613600000000000000e+04
9.176000000000000000e+03
7.479000000000000000e+03
1.098400000000000000e+04
1.285400000000000000e+04
1.835600000000000000e+04
1.189600000000000000e+04
9.142000000000000000e+03
5.283000000000000000e+03
5.624000000000000000e+03
5.952000000000000000e+03
6.317000000000000000e+03
6.643000000000000000e+03
7.026000000000000000e+03
7.387000000000000000e+03
7.752000000000000000e+03
8.082000000000000000e+03
8.453000000000000000e+03
8.868000000000000000e+03
9.207000000000000000e+03
9.589000000000000000e+03
7.409000000000000000e+03
8.744000000000000000e+03
8.100000000000000000e+03
1.115700000000000000e+04
1.155800000000000000e+04
1.118200000000000000e+04
1.237100000000000000e+04
6.059000000000000000e+03
1.119100000000000000e+04
1.209500000000000000e+04
6.265000000000000000e+03
6.501000000000000000e+03
1.488700000000000000e+04
1.488200000000000000e+04
1.575000000000000000e+04
9.046000000000000000e+03
7.339000000000000000e+03
1.085100000000000000e+04
1.285400000000000000e+04
1.796200000000000000e+04
1.187000000000000000e+04
9.006000000000000000e+03
9.991000000000000000e+03
5.634000000000000000e+03
5.980000000000000000e+03
6.317000000000000000e+03
6.683000000000000000e+03
7.041000000000000000e+03
7.402000000000000000e+03
7.740000000000000000e+03
8.108000000000000000e+03
8.512000000000000000e+03
8.856000000000000000e+03
9.235000000000000000e+03
7.204000000000000000e+03
8.709000000000000000e+03
7.916000000000000000e+03
1.079200000000000000e+04
1.119200000000000000e+04
1.105000000000000000e+04
1.200000000000000000e+04
5.906000000000000000e+03
1.119200000000000000e+04
1.196900000000000000e+04
6.131000000000000000e+03
6.367000000000000000e+03
1.450200000000000000e+04
1.471600000000000000e+04
1.536200000000000000e+04
8.910000000000000000e+03
7.195000000000000000e+03
1.071200000000000000e+04
1.285400000000000000e+04
1.756500000000000000e+04
1.186800000000000000e+04
8.865000000000000000e+03
9.867000000000000000e+03
1.832600000000000000e+04
5.991000000000000000e+03
6.342000000000000000e+03
6.697000000000000000e+03
7.055000000000000000e+03
7.399000000000000000e+03
7.763000000000000000e+03
8.155000000000000000e+03
8.505000000000000000e+03
8.882000000000000000e+03
7.002000000000000000e+03
8.638000000000000000e+03
7.731000000000000000e+03
1.042800000000000000e+04
1.082400000000000000e+04
1.091100000000000000e+04
1.162700000000000000e+04
5.750000000000000000e+03
1.119100000000000000e+04
1.183500000000000000e+04
5.994000000000000000e+03
6.231000000000000000e+03
1.411700000000000000e+04
1.453700000000000000e+04
1.497500000000000000e+04
8.768000000000000000e+03
7.049000000000000000e+03
1.056700000000000000e+04
1.285400000000000000e+04
1.716800000000000000e+04
1.189100000000000000e+04
8.720000000000000000e+03
9.752000000000000000e+03
1.819300000000000000e+04
1.030300000000000000e+04
6.354000000000000000e+03
6.709000000000000000e+03
7.059000000000000000e+03
7.420000000000000000e+03
7.801000000000000000e+03
8.155000000000000000e+03
8.529000000000000000e+03
6.805000000000000000e+03
8.540000000000000000e+03
7.545000000000000000e+03
1.006300000000000000e+04
1.045700000000000000e+04
1.076300000000000000e+04
1.125400000000000000e+04
5.593000000000000000e+03
1.118700000000000000e+04
1.169700000000000000e+04
5.855000000000000000e+03
6.093000000000000000e+03
1.373200000000000000e+04
1.415600000000000000e+04
1.458500000000000000e+04
8.621000000000000000e+03
6.899000000000000000e+03
1.041800000000000000e+04
1.285400000000000000e+04
1.676900000000000000e+04
1.194000000000000000e+04
8.573000000000000000e+03
9.644000000000000000e+03
1.804800000000000000e+04
1.006800000000000000e+04
1.146200000000000000e+04
6.721000000000000000e+03
7.078000000000000000e+03
7.447000000000000000e+03
7.816000000000000000e+03
8.176000000000000000e+03
6.612000000000000000e+03
8.418000000000000000e+03
7.357000000000000000e+03
9.699000000000000000e+03
1.009000000000000000e+04
1.048500000000000000e+04
1.088200000000000000e+04
5.434000000000000000e+03
1.118100000000000000e+04
1.155300000000000000e+04
5.714000000000000000e+03
5.952000000000000000e+03
1.334600000000000000e+04
1.376900000000000000e+04
1.419400000000000000e+04
8.469000000000000000e+03
6.747000000000000000e+03
1.043300000000000000e+04
1.285400000000000000e+04
1.637000000000000000e+04
1.201300000000000000e+04
8.423000000000000000e+03
9.548000000000000000e+03
1.789200000000000000e+04
9.835000000000000000e+03
1.129800000000000000e+04
1.273800000000000000e+04
7.095000000000000000e+03
7.461000000000000000e+03
7.825000000000000000e+03
6.425000000000000000e+03
8.279000000000000000e+03
7.170000000000000000e+03
9.335000000000000000e+03
9.723000000000000000e+03
1.011500000000000000e+04
1.051000000000000000e+04
5.274000000000000000e+03
1.099500000000000000e+04
1.140500000000000000e+04
5.570000000000000000e+03
5.809000000000000000e+03
1.296000000000000000e+04
1.337900000000000000e+04
1.380400000000000000e+04
8.313000000000000000e+03
6.593000000000000000e+03
1.046300000000000000e+04
1.285400000000000000e+04
1.596900000000000000e+04
1.210300000000000000e+04
8.270000000000000000e+03
9.463000000000000000e+03
1.772600000000000000e+04
9.603000000000000000e+03
1.113000000000000000e+04
1.250500000000000000e+04
1.903600000000000000e+04
7.474000000000000000e+03
6.241000000000000000e+03
8.124000000000000000e+03
6.981000000000000000e+03
8.972000000000000000e+03
9.357000000000000000e+03
9.746000000000000000e+03
1.013900000000000000e+04
5.113000000000000000e+03
1.078700000000000000e+04
1.125300000000000000e+04
5.425000000000000000e+03
5.663000000000000000e+03
1.257300000000000000e+04
1.299100000000000000e+04
1.341200000000000000e+04
8.153000000000000000e+03
6.437000000000000000e+03
1.048900000000000000e+04
1.285400000000000000e+04
1.556900000000000000e+04
1.220000000000000000e+04
8.113000000000000000e+03
9.393000000000000000e+03
1.734900000000000000e+04
9.374000000000000000e+03
1.095900000000000000e+04
1.227300000000000000e+04
1.888100000000000000e+04
1.474200000000000000e+04
7.859000000000000000e+03
6.792000000000000000e+03
8.610000000000000000e+03
8.992000000000000000e+03
9.378000000000000000e+03
9.768000000000000000e+03
4.950000000000000000e+03
1.057100000000000000e+04
1.089600000000000000e+04
5.279000000000000000e+03
5.517000000000000000e+03
1.218600000000000000e+04
1.260200000000000000e+04
1.302100000000000000e+04
7.989000000000000000e+03
6.279000000000000000e+03
1.051000000000000000e+04
1.285400000000000000e+04
1.516700000000000000e+04
1.229000000000000000e+04
7.954000000000000000e+03
9.339000000000000000e+03
1.694000000000000000e+04
9.146000000000000000e+03
1.078500000000000000e+04
1.204400000000000000e+04
1.871600000000000000e+04
1.487200000000000000e+04
1.285400000000000000e+04
8.249000000000000000e+03
8.628000000000000000e+03
9.011000000000000000e+03
9.398000000000000000e+03
4.787000000000000000e+03
1.019100000000000000e+04
1.053500000000000000e+04
5.130000000000000000e+03
5.369000000000000000e+03
1.180100000000000000e+04
1.221300000000000000e+04
1.263000000000000000e+04
7.823000000000000000e+03
6.119000000000000000e+03
1.052800000000000000e+04
1.269000000000000000e+04
1.476500000000000000e+04
1.236100000000000000e+04
7.793000000000000000e+03
9.305000000000000000e+03
1.653100000000000000e+04
8.920000000000000000e+03
1.060800000000000000e+04
1.181500000000000000e+04
1.834600000000000000e+04
1.498500000000000000e+04
1.285400000000000000e+04
1.643200000000000000e+04
8.645000000000000000e+03
9.029000000000000000e+03
4.622000000000000000e+03
9.814000000000000000e+03
1.017300000000000000e+04
4.981000000000000000e+03
5.219000000000000000e+03
1.141500000000000000e+04
1.182600000000000000e+04
1.224000000000000000e+04
7.654000000000000000e+03
5.958000000000000000e+03
1.052500000000000000e+04
1.247300000000000000e+04
1.436300000000000000e+04
1.240600000000000000e+04
7.630000000000000000e+03
9.297000000000000000e+03
1.612100000000000000e+04
8.695000000000000000e+03
1.042800000000000000e+04
1.158900000000000000e+04
1.792800000000000000e+04
1.507100000000000000e+04
1.285400000000000000e+04
1.636200000000000000e+04
1.285400000000000000e+04
4.457000000000000000e+03
9.437000000000000000e+03
9.812000000000000000e+03
4.830000000000000000e+03
5.068000000000000000e+03
1.103000000000000000e+04
1.143800000000000000e+04
1.185000000000000000e+04
7.482000000000000000e+03
5.796000000000000000e+03
1.035500000000000000e+04
1.225900000000000000e+04
1.396200000000000000e+04
1.242000000000000000e+04
7.465000000000000000e+03
9.322000000000000000e+03
1.571100000000000000e+04
8.472000000000000000e+03
1.024600000000000000e+04
1.136300000000000000e+04
1.751100000000000000e+04
1.512600000000000000e+04
1.285400000000000000e+04
1.626900000000000000e+04
1.269700000000000000e+04
9.655000000000000000e+03
9.452000000000000000e+03
4.678000000000000000e+03
4.916000000000000000e+03
1.064600000000000000e+04
1.105100000000000000e+04
1.146100000000000000e+04
7.308000000000000000e+03
5.631000000000000000e+03
1.018300000000000000e+04
1.204700000000000000e+04
1.356000000000000000e+04
1.240300000000000000e+04
7.298000000000000000e+03
9.388000000000000000e+03
1.530100000000000000e+04
8.251000000000000000e+03
1.006100000000000000e+04
1.114000000000000000e+04
1.709300000000000000e+04
1.514700000000000000e+04
1.285400000000000000e+04
1.615500000000000000e+04
1.246800000000000000e+04
9.500000000000000000e+03
1.285400000000000000e+04
4.762000000000000000e+03
1.026400000000000000e+04
1.066600000000000000e+04
1.107300000000000000e+04
7.132000000000000000e+03
5.466000000000000000e+03
1.000800000000000000e+04
1.183600000000000000e+04
1.315900000000000000e+04
1.235900000000000000e+04
7.129000000000000000e+03
9.505000000000000000e+03
1.489100000000000000e+04
8.032000000000000000e+03
9.875000000000000000e+03
1.091700000000000000e+04
1.667500000000000000e+04
1.513700000000000000e+04
1.285400000000000000e+04
1.602300000000000000e+04
1.224000000000000000e+04
9.342000000000000000e+03
1.285400000000000000e+04
1.140200000000000000e+04
1.028100000000000000e+04
1.068500000000000000e+04
6.955000000000000000e+03
5.299000000000000000e+03
9.833000000000000000e+03
1.162800000000000000e+04
1.275900000000000000e+04
1.228700000000000000e+04
6.958000000000000000e+03
9.677000000000000000e+03
1.448100000000000000e+04
7.814000000000000000e+03
9.687000000000000000e+03
1.069700000000000000e+04
1.625700000000000000e+04
1.509800000000000000e+04
1.285400000000000000e+04
1.587500000000000000e+04
1.201300000000000000e+04
9.182000000000000000e+03
1.285400000000000000e+04
1.117200000000000000e+04
1.995600000000000000e+04
6.775000000000000000e+03
5.132000000000000000e+03
9.655000000000000000e+03
1.142200000000000000e+04
1.236000000000000000e+04
1.219400000000000000e+04
6.787000000000000000e+03
9.889000000000000000e+03
1.407200000000000000e+04
7.597000000000000000e+03
9.497000000000000000e+03
1.050500000000000000e+04
1.583900000000000000e+04
1.503200000000000000e+04
1.285400000000000000e+04
1.571200000000000000e+04
1.178800000000000000e+04
9.018000000000000000e+03
1.285400000000000000e+04
1.094300000000000000e+04
1.952300000000000000e+04
6.432000000000000000e+03
9.477000000000000000e+03
1.121900000000000000e+04
1.196100000000000000e+04
1.208000000000000000e+04
6.614000000000000000e+03
1.010500000000000000e+04
1.366400000000000000e+04
7.383000000000000000e+03
9.306000000000000000e+03
1.031900000000000000e+04
1.542100000000000000e+04
1.494300000000000000e+04
1.285400000000000000e+04
1.553700000000000000e+04
1.156400000000000000e+04
8.852000000000000000e+03
1.285400000000000000e+04
1.071600000000000000e+04
1.909000000000000000e+04
6.280000000000000000e+03
1.285400000000000000e+04
1.156400000000000000e+04
1.195000000000000000e+04
6.440000000000000000e+03
1.028200000000000000e+04
1.325600000000000000e+04
7.170000000000000000e+03
9.113000000000000000e+03
1.013100000000000000e+04
1.500500000000000000e+04
1.483400000000000000e+04
1.285400000000000000e+04
1.535100000000000000e+04
1.134100000000000000e+04
8.684000000000000000e+03
1.285400000000000000e+04
1.048900000000000000e+04
1.865600000000000000e+04
6.126000000000000000e+03
1.285400000000000000e+04
1.042900000000000000e+04
6.265000000000000000e+03
1.039900000000000000e+04
1.284900000000000000e+04
6.959000000000000000e+03
8.919000000000000000e+03
9.941000000000000000e+03
1.458900000000000000e+04
1.470600000000000000e+04
1.285400000000000000e+04
1.515500000000000000e+04
1.111900000000000000e+04
8.514000000000000000e+03
1.285400000000000000e+04
1.026400000000000000e+04
1.822300000000000000e+04
5.969000000000000000e+03
1.285400000000000000e+04
1.038400000000000000e+04
9.150000000000000000e+03
1.244400000000000000e+04
6.750000000000000000e+03
8.725000000000000000e+03
9.749000000000000000e+03
1.417200000000000000e+04
1.456200000000000000e+04
1.285400000000000000e+04
1.495000000000000000e+04
1.089900000000000000e+04
8.342000000000000000e+03
1.285400000000000000e+04
1.004000000000000000e+04
1.779000000000000000e+04
5.812000000000000000e+03
1.285400000000000000e+04
1.035500000000000000e+04
8.988000000000000000e+03
9.748000000000000000e+03
8.529000000000000000e+03
9.556000000000000000e+03
1.375800000000000000e+04
1.419600000000000000e+04
1.285400000000000000e+04
1.473600000000000000e+04
1.068000000000000000e+04
8.168000000000000000e+03
1.285400000000000000e+04
9.816000000000000000e+03
1.735700000000000000e+04
5.653000000000000000e+03
1.285400000000000000e+04
1.034400000000000000e+04
8.824000000000000000e+03
9.518000000000000000e+03
1.285400000000000000e+04
1.334400000000000000e+04
1.377900000000000000e+04
1.285400000000000000e+04
1.451500000000000000e+04
1.046300000000000000e+04
7.993000000000000000e+03
1.285400000000000000e+04
9.595000000000000000e+03
1.692500000000000000e+04
5.493000000000000000e+03
1.284600000000000000e+04
1.035900000000000000e+04
8.657000000000000000e+03
9.288000000000000000e+03
1.285400000000000000e+04
1.512600000000000000e+04
1.282500000000000000e+04
1.424100000000000000e+04
1.024700000000000000e+04
7.817000000000000000e+03
1.285400000000000000e+04
9.374000000000000000e+03
1.649300000000000000e+04
5.331000000000000000e+03
1.263700000000000000e+04
1.040700000000000000e+04
8.489000000000000000e+03
9.060000000000000000e+03
1.285400000000000000e+04
1.536600000000000000e+04
4.665000000000000000e+03
1.003200000000000000e+04
7.637000000000000000e+03
1.285400000000000000e+04
9.155000000000000000e+03
1.606100000000000000e+04
5.168000000000000000e+03
1.242800000000000000e+04
1.050000000000000000e+04
8.318000000000000000e+03
8.833000000000000000e+03
1.285400000000000000e+04
1.555500000000000000e+04
4.526000000000000000e+03
8.890000000000000000e+03
1.285400000000000000e+04
8.937000000000000000e+03
1.563100000000000000e+04
5.004000000000000000e+03
1.221800000000000000e+04
1.064900000000000000e+04
8.146000000000000000e+03
8.606000000000000000e+03
1.285400000000000000e+04
1.568800000000000000e+04
4.387000000000000000e+03
8.746000000000000000e+03
9.158000000000000000e+03
1.520200000000000000e+04
4.838000000000000000e+03
1.200700000000000000e+04
1.087200000000000000e+04
7.972000000000000000e+03
8.381000000000000000e+03
1.285400000000000000e+04
1.576400000000000000e+04
4.246000000000000000e+03
8.598000000000000000e+03
9.256000000000000000e+03
6.638000000000000000e+03
1.179600000000000000e+04
1.117100000000000000e+04
7.797000000000000000e+03
8.157000000000000000e+03
1.285400000000000000e+04
1.579400000000000000e+04
4.103000000000000000e+03
8.449000000000000000e+03
9.347000000000000000e+03
6.474000000000000000e+03
4.464000000000000000e+03
7.620000000000000000e+03
7.934000000000000000e+03
1.285400000000000000e+04
1.578100000000000000e+04
3.960000000000000000e+03
8.297000000000000000e+03
9.432000000000000000e+03
6.309000000000000000e+03
4.321000000000000000e+03
8.668000000000000000e+03
1.285400000000000000e+04
1.573300000000000000e+04
3.815000000000000000e+03
8.143000000000000000e+03
9.511000000000000000e+03
6.142000000000000000e+03
4.178000000000000000e+03
8.770000000000000000e+03
1.562100000000000000e+04
3.669000000000000000e+03
7.987000000000000000e+03
9.585000000000000000e+03
5.974000000000000000e+03
4.034000000000000000e+03
8.865000000000000000e+03
1.558100000000000000e+04
1.034800000000000000e+04
9.652000000000000000e+03
5.804000000000000000e+03
3.888000000000000000e+03
8.953000000000000000e+03
1.551400000000000000e+04
1.011500000000000000e+04
1.220400000000000000e+04
3.741000000000000000e+03
9.036000000000000000e+03
1.542500000000000000e+04
9.883000000000000000e+03
1.197900000000000000e+04
1.285400000000000000e+04
1.531600000000000000e+04
9.651000000000000000e+03
1.175300000000000000e+04
1.285400000000000000e+04
1.021100000000000000e+04
1.152700000000000000e+04
1.264400000000000000e+04
1.028400000000000000e+04
1.652300000000000000e+04
1.035100000000000000e+04
1.669000000000000000e+04
2.063600000000000000e+04
2.017000000000000000e+04
1.839300000000000000e+04
4.539000000000000000e+03
