1.185859502275303896e+02
1.482131026773572842e+02
1.702518891100721987e+02
1.904303924655242497e+02
2.092563288814860982e+02
2.268466411288099209e+02
2.431009411687665533e+02
2.567007115086595377e+02
2.727509731740718735e+02
2.878038359238520343e+02
3.208728661280106849e+02
3.518283091729765033e+02
3.810553090432428007e+02
4.079046227500944610e+02
4.319120615274917441e+02
4.572569862046586877e+02
4.990713898969249840e+02
5.389447168462551190e+02
5.740977827159805429e+02
6.067635496922249558e+02
6.384773882859059313e+02
6.699783977021286319e+02
7.022926388545553209e+02
7.364217079157863282e+02
7.724487580052617659e+02
8.115178120028214153e+02
8.523606025101648811e+02
8.961179440533810521e+02
9.408913704972846972e+02
9.874776354244366985e+02
1.034201074576528981e+03
1.128119487722559825e+03
1.219523770213846774e+03
1.306945799394939286e+03
1.390745693290858298e+03
1.473444019652382394e+03
1.557525121005241317e+03
1.643389824133219008e+03
1.731176818418259472e+03
1.820316806647239218e+03
1.910811117279844666e+03
2.002208679702961035e+03
2.094316802953483148e+03
2.186994456727114084e+03
2.279872024292549213e+03
2.372938828559847025e+03
2.465773151741886977e+03
2.558350062204228379e+03
2.650511763515174607e+03
2.741993624647740944e+03
2.832780908366476524e+03
2.922745692737291392e+03
3.011727892445087491e+03
3.099743864150447280e+03
3.186839112551652306e+03
3.272643437899633227e+03
3.357555454479798755e+03
3.441566515327923298e+03
3.524354151015254956e+03
3.606303598621931542e+03
3.687057715073413419e+03
3.767158584006097044e+03
3.846329745562153221e+03
3.924716345290683876e+03
4.002465518361925206e+03
4.079521151222947537e+03
4.155826748246998250e+03
4.231617816122745353e+03
4.307002111737835548e+03
4.381708452817282705e+03
4.455866032317805548e+03
1.678268297483700451e+02
1.838937123778839009e+02
2.016722957731805650e+02
2.187199748461312083e+02
2.349529360793314368e+02
2.502070935425546736e+02
2.627915771209253535e+02
2.780689817937571888e+02
2.925221881368123604e+02
3.241916680895014906e+02
3.540452300079743395e+02
3.823448016706784074e+02
4.083553147802447256e+02
4.316932915772599131e+02
4.564946702473612277e+02
4.973094497416440163e+02
5.363598514409728750e+02
5.709484343965740436e+02
6.033280369753709920e+02
6.348408575101061615e+02
6.663175943185382266e+02
6.987885850617939241e+02
7.330988902412690322e+02
7.692912005234229582e+02
8.084965075564534800e+02
8.493830501000754793e+02
8.930881291114272926e+02
9.376972048234455315e+02
9.840904927540150311e+02
1.030632182852118149e+03
1.124052485227079615e+03
1.215260860624611496e+03
1.303188437971631174e+03
1.388459513098757270e+03
1.473161945169848195e+03
1.558812193775912647e+03
1.645828071452635868e+03
1.734513474473824544e+03
1.824293504009416665e+03
1.915335879562187301e+03
2.007104330494350506e+03
2.099479912964554387e+03
2.192304891058153771e+03
2.285435624218657722e+03
2.378453599555724850e+03
2.471355960050836529e+03
2.563880481002518081e+03
2.655903228020616098e+03
2.747295416791254866e+03
2.837925864267109318e+03
2.927605713649223617e+03
3.016381561176347532e+03
3.104183848616185969e+03
3.190893644547650638e+03
3.276704991332969257e+03
3.361249880707530338e+03
3.444941890325131681e+03
3.527504816161949748e+03
3.609202018933311592e+03
3.689939188444107003e+03
3.769893875141857279e+03
3.848791865300693189e+03
3.927186653476509036e+03
4.004800876560339475e+03
4.081725086368032862e+03
4.157806565251065877e+03
4.233478440493448943e+03
4.308624379080949439e+03
4.383316753765113390e+03
4.457635782401066535e+03
1.962714188878757966e+02
2.130417084847411502e+02
2.284486738663484289e+02
2.438502037064834553e+02
2.580438245137023046e+02
2.697714294255015375e+02
2.845619665567113543e+02
2.983378233875594105e+02
3.287165377112937108e+02
3.575997534284867925e+02
3.850795669921804461e+02
4.103119555752247152e+02
4.329070076603148323e+02
4.572954602613634734e+02
4.971225351015775686e+02
5.353634277895051810e+02
5.694695116388995757e+02
6.015982096844256830e+02
6.329364060475099905e+02
6.644815926043402214e+02
6.971243594000067105e+02
7.315607718748461821e+02
7.681063138926218699e+02
8.073027825401621840e+02
8.482547608548250082e+02
8.919207071065330865e+02
9.364167460049102374e+02
9.826513516999001467e+02
1.028986245989084637e+03
1.121993474732656296e+03
1.213071486898379135e+03
1.301432297511340266e+03
1.387823541459261833e+03
1.473911139633024504e+03
1.560760804544669099e+03
1.648704153939629578e+03
1.738147698933988067e+03
1.828480238779510955e+03
1.919962437295988821e+03
2.012122725152351904e+03
2.104756778869210393e+03
2.197772391390569283e+03
2.290958896978825578e+03
2.384061802099815850e+03
2.476970018694660666e+03
2.569380451256274682e+03
2.661324706664673613e+03
2.752582943412007808e+03
2.842964925051327555e+03
2.932506692418921375e+03
3.020952122799646986e+03
3.108555324941777144e+03
3.195074560041258337e+03
3.280532211792757153e+03
3.364892002179607971e+03
3.448336911974346549e+03
3.530706311444853782e+03
3.612167115582707083e+03
3.692879198239273137e+03
3.772587835172025279e+03
3.851292010774277514e+03
3.929409886379830368e+03
4.006847386965440364e+03
4.083678687463950155e+03
4.159790887120653679e+03
4.235442932920269413e+03
4.310510872666392061e+03
4.385154735237062596e+03
4.459447270876969924e+03
2.230551090699344172e+02
2.389652940868782025e+02
2.530219308017877893e+02
2.665428006623943133e+02
2.774125942806032299e+02
2.915774505163311687e+02
3.050279575370379916e+02
3.341821083373383772e+02
3.620177839748900510e+02
3.887103412312880550e+02
4.133220718048895606e+02
4.351937839117074986e+02
4.589727378539441816e+02
4.980882341788071699e+02
5.355639089786327531e+02
5.691568478871686239e+02
6.010394011363764548e+02
6.324547554773528191e+02
6.639807239466622377e+02
6.967817670171737063e+02
7.314268884673208504e+02
7.680743760316541966e+02
8.074373237531797258e+02
8.484768166764981743e+02
8.920525074167805997e+02
9.365056401477855843e+02
9.824722465540346548e+02
1.028655176033222233e+03
1.121274387568159000e+03
1.212260643166390082e+03
1.300985879269129327e+03
1.388234916736104424e+03
1.475415596636193868e+03
1.563207175700052176e+03
1.651952420025916354e+03
1.741994285760917592e+03
1.832916138221027495e+03
1.924713084016148969e+03
2.017224468477084883e+03
2.110067117340517143e+03
2.203258645155603517e+03
2.296477859635737332e+03
2.389646561467921856e+03
2.482460761292933057e+03
2.574830796772995654e+03
2.666596411012091266e+03
2.757726844442142465e+03
2.847934784322179439e+03
2.937177461398254309e+03
3.025467143428591498e+03
3.112830698088273493e+03
3.199043743913383878e+03
3.284317239236732348e+03
3.368466133813811666e+03
3.451711762276770060e+03
3.533873567851670487e+03
3.615251723038208183e+03
3.695742663185242691e+03
3.775224589786627803e+03
3.853930840071463535e+03
3.931791478899961021e+03
4.009058873189489987e+03
4.085741670680877178e+03
4.161815312769117554e+03
4.237490388523430738e+03
4.312472964500750095e+03
4.387224334701011685e+03
4.461360790219545379e+03
2.487361391209342401e+02
2.632292691590750451e+02
2.753761121961659342e+02
2.854018683166568735e+02
2.992370358928398559e+02
3.120960971181868899e+02
3.402731656897621519e+02
3.671538580169670354e+02
3.929964089492090693e+02
4.169947620928521701e+02
4.382623733415703100e+02
4.614714351394719642e+02
4.999293592564397954e+02
5.365863890850706639e+02
5.698986901413101123e+02
6.015054250666029247e+02
6.328331777580126527e+02
6.643978074163458132e+02
6.974145408761478393e+02
7.321849580196554825e+02
7.690866307584582273e+02
8.084507162168149534e+02
8.496072681331738750e+02
8.930709334965627022e+02
9.374922844568500295e+02
9.832014141825248998e+02
1.029183397125779720e+03
1.121457357449693745e+03
1.212391682400503214e+03
1.301512873762296294e+03
1.389463008267338637e+03
1.477508374877265396e+03
1.566074466625783089e+03
1.655482393571283410e+03
1.746118942234681526e+03
1.837494730790582253e+03
1.929575714067898843e+03
2.022337516912863748e+03
2.115418341083936411e+03
2.208673316142695512e+03
2.301999972409697421e+03
2.395112565365700448e+03
2.487926257476181490e+03
2.580232062789099473e+03
2.671915504221548872e+03
2.762779964581470267e+03
2.852732018160970711e+03
2.941805448151979817e+03
3.029964533073763505e+03
3.117091893041427284e+03
3.203049498604796099e+03
3.288057743820629184e+03
3.371965234464825699e+03
3.455076698870989276e+03
3.536992352840595231e+03
3.618050926659226207e+03
3.698413421469499553e+03
3.777771661133007001e+03
3.856249643100463345e+03
3.934115869089450371e+03
4.011461963213556828e+03
4.087869786436578579e+03
4.163874339819568377e+03
4.239535531684199668e+03
4.314545671628803575e+03
4.388933862553369181e+03
4.463137535124316855e+03
2.737621966699750828e+02
2.851788632729094957e+02
2.934584310809878502e+02
3.073222733669595641e+02
3.197193463090894738e+02
3.466804841127977852e+02
3.728660611267316085e+02
3.979153076317916771e+02
4.211721284214535785e+02
4.419722362847952581e+02
4.646217265703784847e+02
5.023982483756419697e+02
5.383418864272406381e+02
5.713948701162385078e+02
6.028060376057007943e+02
6.340491786916483079e+02
6.657054303177473003e+02
6.987958940274378392e+02
7.337741729827772588e+02
7.707967270945607652e+02
8.102651582085360360e+02
8.515096641020542165e+02
8.948119635669372656e+02
9.391672818085659173e+02
9.846740403865959479e+02
1.030488278199608658e+03
1.122461930576698023e+03
1.213336557437531155e+03
1.302738794265523211e+03
1.391264839220353224e+03
1.480082913742424807e+03
1.569306988543629359e+03
1.659325143986875673e+03
1.750375479829189317e+03
1.842167864364335401e+03
1.934617939006267761e+03
2.027589073719688031e+03
2.120804693645238331e+03
2.214187182149030377e+03
2.307515045599057430e+03
2.400646184120864746e+03
2.493330530449647995e+03
2.585587299019434340e+03
2.677013585271414740e+03
2.767778859433450634e+03
2.857541508953576795e+03
2.946425297513266742e+03
3.034349671550202402e+03
3.121102759039979901e+03
3.206909093843610663e+03
3.291766246388205218e+03
3.375435894047493548e+03
3.458239223857689467e+03
3.540017570412720488e+03
3.620922577615765476e+03
3.701078624510169902e+03
3.780256921391870947e+03
3.858696840078412606e+03
3.936456042910263932e+03
4.013511485939146041e+03
4.090067315145051452e+03
4.165935001709986864e+03
4.241519867631260240e+03
4.316311934144464431e+03
4.391046330091761774e+03
4.465127578239718787e+03
2.984228448517686161e+02
3.021524297715754983e+02
3.157947088763930878e+02
3.281631961382148575e+02
3.537090109222336878e+02
3.790260719125197397e+02
4.034559618801629313e+02
4.259568902139222928e+02
4.463048444269662696e+02
4.683845723428133851e+02
5.055496274150870590e+02
5.407856887786396101e+02
5.735873542899632866e+02
6.047685081522276960e+02
6.360103037989551922e+02
6.676646967001786379e+02
7.009411071216115943e+02
7.359889468943487145e+02
7.731981632547027630e+02
8.126875080738263932e+02
8.539944867197713165e+02
8.971630923061657086e+02
9.414098556503113286e+02
9.867254974894182169e+02
1.032367224591090917e+03
1.124086056807091154e+03
1.214910200830852091e+03
1.304591213962085476e+03
1.393602931281006022e+03
1.482991347593554792e+03
1.572770996794896746e+03
1.663384033073600449e+03
1.754794826603761976e+03
1.846967315706290719e+03
1.939666222827434467e+03
2.032812747400239004e+03
2.126213963281184078e+03
2.219657765839225249e+03
2.313006382806621332e+03
2.406052455042815836e+03
2.498692039843102975e+03
2.590742172195115472e+03
2.682091656646583942e+03
2.772693633922425761e+03
2.862301701248697555e+03
2.950900537933459418e+03
3.038624114917614861e+03
3.125144033792182654e+03
3.210833175732907875e+03
3.295384486156934599e+03
3.378846226049149664e+03
3.461386020602958524e+03
3.543086646234231921e+03
3.623737804101305301e+03
3.703731619213920112e+03
3.782763012399656873e+03
3.861281979130375021e+03
3.938765487702068640e+03
4.015740030485014358e+03
4.092341704521792053e+03
4.167997682681282640e+03
4.243374597283415824e+03
4.318300308397585468e+03
4.392829145384057483e+03
4.466777996557430015e+03
3.052976727954023772e+02
3.239216545612546270e+02
3.360884745971759457e+02
3.606653670345134515e+02
3.851058797418082804e+02
4.090812913489925222e+02
4.309357151555693122e+02
4.507977260579169183e+02
4.724164438684615561e+02
5.089730768815479109e+02
5.437470432934755991e+02
5.760416976576010484e+02
6.070936931770386309e+02
6.383607917233119906e+02
6.701288325125797201e+02
7.034756753850308542e+02
7.386801642060198674e+02
7.760083130239027014e+02
8.155093316028116988e+02
8.568293981569551079e+02
8.999010874557055786e+02
9.440577809569474539e+02
9.891831462144635907e+02
1.034705018940716855e+03
1.126130257573446897e+03
1.216964630472075214e+03
1.306870864965005694e+03
1.396313653389042202e+03
1.486279796358940985e+03
1.576536680056895875e+03
1.667625191205687770e+03
1.759432211151037563e+03
1.851895301627226218e+03
1.944793570366054155e+03
2.038165365632780322e+03
2.131633833362135192e+03
2.225173425010909341e+03
2.318471704794431389e+03
2.411512758250345541e+03
2.504057015526582290e+03
2.595956475702023454e+03
2.687206604801907815e+03
2.777541844255570140e+03
2.866871025336723960e+03
2.955287522868298311e+03
3.042800485125965679e+03
3.129197007573271549e+03
3.214498386685266723e+03
3.298836286333564658e+03
3.382180317087075309e+03
3.464580786854478902e+03
3.546061194041881208e+03
3.626731405049828027e+03
3.706370116957106802e+03
3.785275549926534040e+03
3.863572315680664360e+03
3.941147262882325776e+03
4.018174874764914421e+03
4.094487964233817365e+03
4.170095786911291725e+03
4.245434119497284883e+03
4.320481064083031015e+03
4.394772755886646337e+03
4.468892295486158218e+03
3.286007587848201297e+02
3.427668181479893406e+02
3.671384743980059966e+02
3.909021177964831395e+02
4.145400302741649057e+02
4.357663862181468630e+02
4.553238632705501345e+02
4.764706206254550125e+02
5.125252777562596975e+02
5.468012836136772421e+02
5.787593831180382722e+02
6.097965834320450540e+02
6.409826214627513536e+02
6.728333215547656891e+02
7.063256458019334332e+02
7.416131465997104897e+02
7.790146351006504801e+02
8.185479913462288550e+02
8.598136034608515956e+02
9.028256507954466770e+02
9.468575930721627856e+02
9.918247507621192653e+02
1.037220591018504592e+03
1.128458282391385410e+03
1.219209615762491694e+03
1.309490228407661562e+03
1.399369388550490612e+03
1.489805662941351784e+03
1.580541903477962251e+03
1.672022320332924664e+03
1.764125773292486883e+03
1.856837933038304527e+03
1.949978744448829502e+03
2.043459835065144262e+03
2.137068113983716103e+03
2.230618306473510529e+03
2.323914324252512415e+03
2.416828554565001923e+03
2.509333190810405085e+03
2.601139024533504198e+03
2.692116574998906799e+03
2.782266692909799531e+03
2.871486681431586476e+03
2.959731544533937267e+03
3.046876071812017926e+03
3.133004431887577084e+03
3.218252070365782856e+03
3.302304943399374224e+03
3.385490971013240596e+03
3.467687841279856912e+03
3.549060155906032378e+03
3.629442405017991405e+03
3.709010898861597070e+03
3.787819351065846604e+03
3.865906641404855236e+03
3.943420362698340341e+03
4.020257609080189468e+03
4.096570529960381464e+03
4.172243910623451484e+03
4.247502115305254847e+03
4.322241845891403500e+03
4.396577552187740366e+03
4.470616582204280348e+03
3.520672885747248984e+02
3.749530082002195286e+02
3.977684014253270561e+02
4.209039437110412791e+02
4.415371414534747601e+02
4.606612266876878721e+02
4.813766600479709723e+02
5.168544486460625649e+02
5.506216220189883188e+02
5.823581429081086753e+02
6.131924532775153693e+02
6.443715901624398157e+02
6.762140041377076614e+02
7.098206233869558446e+02
7.451889938613944651e+02
7.826277209063716782e+02
8.221878450681307413e+02
8.634191522763869671e+02
9.063032418970575463e+02
9.502115076018899344e+02
9.950035685103902097e+02
1.040314304979607869e+03
1.131349324339347731e+03
1.222137131907246840e+03
1.312514237693366567e+03
1.402776314555572299e+03
1.493576371573299411e+03
1.584677159888305596e+03
1.676573964062751429e+03
1.768924262162217474e+03
1.861932847335828683e+03
1.955192720321349952e+03
2.048782281102160596e+03
2.142505530849785373e+03
2.236034097895144441e+03
2.329355481858433450e+03
2.422194650432817070e+03
2.514519531626971911e+03
2.606130295457506236e+03
2.696967641135811846e+03
2.786888454877807817e+03
2.875902387206969706e+03
2.963941866556710011e+03
3.050885122625443728e+03
3.136863998389037533e+03
3.221855104511400896e+03
3.305727271365881279e+03
3.388814229710329528e+03
3.470708449030111296e+03
3.551827009027923850e+03
3.632157927093367562e+03
3.711647742230399672e+03
3.790427876489526625e+03
3.868428378317853912e+03
3.945810000200624017e+03
4.022477190834697922e+03
4.098672817387609939e+03
4.174359556348566002e+03
4.249574645213822805e+03
4.324188217874858310e+03
4.398626070617267942e+03
4.472639516776213895e+03
4.014374961121662864e+02
4.167396521769631477e+02
4.380277034008704504e+02
4.574851880186897120e+02
4.755554354613354917e+02
4.951444808527384112e+02
5.292673477150251529e+02
5.618532690156624767e+02
5.929909614151487176e+02
6.233796534943246570e+02
6.545063459536747814e+02
6.864617195334564030e+02
7.201950661043528044e+02
7.556487347025831696e+02
7.932353472163899823e+02
8.326601767807921988e+02
8.738216002755316367e+02
9.163377029212786056e+02
9.600113219558642186e+02
1.004318326628149407e+03
1.049344011301434648e+03
1.139905717207861699e+03
1.230614131553632660e+03
1.321343391392777903e+03
1.412256131761432016e+03
1.503931523903587276e+03
1.595801991481246205e+03
1.688359128818271984e+03
1.781322545998640180e+03
1.874777849482666170e+03
1.968359241396696916e+03
2.062212885852643012e+03
2.155963863191956079e+03
2.249482770520811755e+03
2.342694544191471778e+03
2.435334824420175664e+03
2.527236152323222086e+03
2.618478890793445771e+03
2.708858926496493496e+03
2.798294716204096858e+03
2.886767654110401963e+03
2.974284551471526811e+03
3.060747950766532995e+03
3.146201111896438306e+03
3.230642303872050434e+03
3.314200102451594375e+03
3.396661485559490757e+03
3.478355373267229879e+03
3.558948593101687948e+03
3.638879966086716649e+03
3.718223242768998716e+03
3.796480860196427329e+03
3.874386122968322525e+03
3.951359125611230411e+03
4.027931202180496257e+03
4.104131658259610049e+03
4.179584629533194857e+03
4.254773477618905417e+03
4.329501485912856879e+03
4.403648690763640843e+03
4.477670966510583639e+03
4.315395570787832185e+02
4.539630620504351555e+02
4.728894643333802605e+02
4.902025185191387209e+02
5.090403882190947797e+02
5.420962034249823773e+02
5.738596232356745759e+02
6.044928884899646846e+02
6.346959435224772506e+02
6.657694724452439914e+02
6.976570779011526611e+02
7.315419886271070027e+02
7.670108497807721051e+02
8.045979002953547479e+02
8.438570593068822063e+02
8.848611788210646409e+02
9.271011425225116227e+02
9.705152086335455124e+02
1.014506382912465824e+03
1.059236748349823301e+03
1.149446293238475391e+03
1.240371007655462563e+03
1.331488517460844150e+03
1.423076559108674246e+03
1.515205395625132951e+03
1.607625675633197261e+03
1.700774184104559936e+03
1.794098601237103139e+03
1.887857998963449745e+03
1.981732939756182986e+03
2.075548915132998445e+03
2.169308615133651983e+03
2.262715544914846760e+03
2.355632280841113243e+03
2.447978918596150834e+03
2.539613221749954391e+03
2.630465826363792985e+03
2.720376779436224297e+03
2.809265643591769731e+03
2.897251938837467605e+03
2.984272633402410065e+03
3.070286985875924984e+03
3.155258781035402990e+03
3.239142531990421958e+03
3.322200089233970630e+03
3.404390589947659464e+03
3.485567263824885686e+03
3.565998604475394131e+03
3.645683853343609371e+03
3.724530296663383524e+03
3.802667062846652698e+03
3.880195074263332117e+03
3.957310383179362816e+03
4.033562005476759623e+03
4.109440575098616137e+03
4.185090903123554199e+03
4.260119304201029081e+03
4.334582307756469163e+03
4.408932169696166966e+03
4.482738171832786975e+03
4.788494185491031203e+02
4.921300962714343541e+02
5.081034574651727098e+02
5.260368996848167171e+02
5.577890255081379109e+02
5.886769452273885008e+02
6.186886251432752033e+02
6.484405881406929666e+02
6.793142870189305995e+02
7.111237119983248931e+02
7.449216214750179006e+02
7.803088973979256480e+02
8.178215911790482551e+02
8.568421245018823811e+02
8.976055284876016458e+02
9.395125664115498694e+02
9.826233188401703273e+02
1.026326467810965369e+03
1.070774897311544009e+03
1.160688982756262249e+03
1.251320130377746409e+03
1.342599787262016434e+03
1.434648403959432699e+03
1.527118948216727631e+03
1.619943112629825691e+03
1.713499422837251132e+03
1.807054512932745638e+03
1.901048340262152578e+03
1.995005056829438672e+03
2.088794073301420667e+03
2.182464702073550598e+03
2.275695642668473738e+03
2.368377615478374992e+03
2.460289929670052516e+03
2.551529623303138578e+03
2.641893731278968971e+03
2.731340534391493748e+03
2.819861863267180979e+03
2.907341080963407876e+03
2.993889244864884404e+03
3.079355130691374143e+03
3.163846775049511052e+03
3.247398454100656636e+03
3.330156902607463053e+03
3.411834349853168533e+03
3.492682368644876078e+03
3.572881915904976722e+03
3.652203162534624880e+03
3.730749824148731477e+03
3.808886469440661585e+03
3.886191744574879522e+03
3.962981244672246248e+03
4.039253560681750514e+03
4.115211657895391909e+03
4.190547111586060055e+03
4.265420589999699587e+03
4.340069457787913052e+03
4.414118034023080327e+03
4.488072543107113233e+03
5.077571434644463011e+02
5.241749016578585270e+02
5.422020135579314228e+02
5.731246079396964888e+02
6.033988159791063026e+02
6.329900469841603581e+02
6.623300137680506623e+02
6.930686378145703657e+02
7.248022481440602860e+02
7.585215732961066806e+02
7.937815239661968008e+02
8.311657247614523385e+02
8.699459870095693077e+02
9.105147274410871887e+02
9.520781245065738858e+02
9.948850435050721899e+02
1.038322965115372654e+03
1.082590926913646172e+03
1.172302788095876622e+03
1.263077350605198717e+03
1.354475928397308508e+03
1.446814297556884640e+03
1.539532470000990770e+03
1.632648246137312753e+03
1.726391375610693331e+03
1.820129993106276288e+03
1.914212922806301322e+03
2.008176957695656938e+03
2.101887253013789632e+03
2.195317141910243208e+03
2.288322712620799393e+03
2.380666419407166359e+03
2.472262074440509423e+03
2.563063418934063975e+03
2.652999096220482897e+03
2.741981235514636865e+03
2.830018957575884542e+03
2.917069422086742179e+03
3.003078608732330849e+03
3.088167818593444736e+03
3.172271057135038973e+03
3.255429218389376729e+03
3.337777262504291684e+03
3.419122498168690981e+03
3.499696217143973627e+03
3.579541950704655846e+03
3.658725646371417952e+03
3.737195762714766715e+03
3.814993855548849751e+03
3.892190725194973766e+03
3.968744632758274292e+03
4.044947380047659863e+03
4.120630172892020710e+03
4.196037625418108291e+03
4.270783884486061652e+03
4.345403558641666677e+03
4.419607666368556238e+03
4.493749692843375669e+03
5.453631529305711183e+02
5.632412168018805687e+02
5.919214896802006933e+02
6.210041818234992661e+02
6.498723850194435272e+02
6.786737523914052872e+02
7.090843166659112740e+02
7.404937126593114272e+02
7.740220892094627061e+02
8.090002613177648527e+02
8.461183698874431229e+02
8.845575172129260864e+02
9.248560450540571765e+02
9.660834148370464618e+02
1.008642901057439985e+03
1.051720752029609685e+03
1.095780370413166793e+03
1.184816146198078513e+03
1.275396463861208758e+03
1.366850474577821842e+03
1.459406537234362986e+03
1.552276702312903126e+03
1.645564200338640148e+03
1.739410373383671185e+03
1.833311412235490025e+03
1.927273996522188554e+03
2.021208857830057923e+03
2.114789639428900500e+03
2.207902753376427427e+03
2.300653061544407592e+03
2.392655527553371485e+03
2.483826021295195460e+03
2.574241314475096260e+03
2.663727243746936892e+03
2.752252515795024010e+03
2.839853172371553228e+03
2.926437679714304068e+03
3.012070867354708753e+03
3.096739762781598074e+03
3.180437440437518035e+03
3.263367559514162167e+03
3.345237501671612335e+03
3.426424875326197707e+03
3.506618020265926589e+03
3.586174554872238332e+03
3.665280976326843302e+03
3.743352131911606648e+03
3.821108521192405988e+03
3.898034501899787301e+03
3.974587667816631892e+03
4.050843479510878296e+03
4.126364215162024266e+03
4.201678080894453160e+03
4.276601188719933816e+03
4.350983019584797148e+03
4.425229834469878369e+03
4.499048982738873747e+03
5.816411058300641344e+02
6.085630100240634874e+02
6.370581231674959781e+02
6.655929511329703701e+02
6.940486438138799485e+02
7.242436574840510275e+02
7.553462693168593205e+02
7.887508052685251414e+02
8.234404326717520917e+02
8.603784427467282967e+02
8.985662562645624121e+02
9.385626812436956925e+02
9.795188894839077420e+02
1.021827406234370756e+03
1.064725904286584409e+03
1.108667746783040002e+03
1.197670585550631813e+03
1.288108742115540963e+03
1.379579841360776527e+03
1.472238448796427974e+03
1.565172031099646802e+03
1.658689962897331498e+03
1.752454521770436259e+03
1.846347416773206987e+03
1.940189963001840169e+03
2.033965573029590814e+03
2.127373432085154946e+03
2.220227274410516657e+03
2.312561606380495959e+03
2.404205179128564396e+03
2.495079436659596468e+03
2.585103258366098089e+03
2.674179591764386714e+03
2.762224896335274025e+03
2.849363043715836284e+03
2.935552128013893253e+03
3.020835312784488451e+03
3.105126220687069690e+03
3.188397899709414105e+03
3.270883114652340282e+03
3.352637561303004077e+03
3.433374523149945162e+03
3.513535131852402628e+03
3.592946421560910039e+03
3.671550309980520069e+03
3.749640620055277395e+03
3.827129992870855403e+03
3.904229668127842160e+03
3.980521183752728120e+03
4.056535554307730308e+03
4.132305414888889572e+03
4.207521817951629600e+03
4.282190967798826932e+03
4.356764601447048335e+03
4.430823345434928342e+03
4.504896145313761735e+03
6.536659404474709163e+02
6.745599443405556030e+02
7.014205385152154122e+02
7.286127818838331223e+02
7.579249260887083892e+02
7.882861558554845942e+02
8.210873425458041766e+02
8.550143862597783482e+02
8.914343944689654791e+02
9.288671084529228210e+02
9.683575076815641296e+02
1.008609244481871201e+03
1.050415987558284996e+03
1.092505554334798944e+03
1.135964510684461857e+03
1.224307101731228613e+03
1.314330064439481248e+03
1.405818175129095380e+03
1.498247652396409194e+03
1.591138940577012590e+03
1.684646227530146234e+03
1.778213483186726990e+03
1.871950881502537641e+03
1.965382918665972966e+03
2.058796523960114882e+03
2.151664339168450624e+03
2.243999447169961968e+03
2.335613973574963893e+03
2.426429242243422777e+03
2.516480188032440765e+03
2.605668987639259740e+03
2.693905438957474871e+03
2.781214373452879045e+03
2.867582694533578888e+03
2.952958968996309522e+03
3.037496748512805425e+03
3.121112373613179898e+03
3.203834713351796381e+03
3.285819530204401417e+03
3.366885004247092638e+03
3.447225264646072901e+03
3.526897156281549542e+03
3.606051524899201468e+03
3.684471628026483359e+03
3.762261789529257840e+03
3.839545367229664862e+03
3.916181452801980413e+03
3.992552273967966357e+03
4.068409371350042420e+03
4.144020004158495794e+03
4.219052171628687574e+03
4.293921237960356848e+03
4.368380720330555050e+03
4.442835688027451397e+03
4.516744609773494631e+03
7.077180975468418183e+02
7.358555298445442077e+02
7.621350064233063222e+02
7.909905836933144201e+02
8.205413418307905431e+02
8.526556661022427761e+02
8.860478638219933600e+02
9.218913202439404131e+02
9.586426171978382627e+02
9.975511225090012886e+02
1.037328407886424884e+03
1.078815906163241834e+03
1.120615886355398743e+03
1.163791003794305880e+03
1.251407623475964101e+03
1.340921395929487289e+03
1.432223330479222341e+03
1.524269010556811736e+03
1.616836491477069330e+03
1.710151332124246437e+03
1.803261470969814127e+03
1.896701944121854467e+03
1.989765387766203048e+03
2.082436954624391547e+03
2.174739410355467953e+03
2.266356690520514348e+03
2.357291395671752070e+03
2.447431694561057157e+03
2.536754406922492763e+03
2.625164247904784133e+03
2.712568900782220226e+03
2.799118894063068183e+03
2.884770895648882743e+03
2.969614410623461481e+03
3.053527137867454712e+03
3.136472992136421908e+03
3.218696358158203111e+03
3.300279877392365506e+03
3.380892935488416697e+03
3.460965177891746407e+03
3.540345157406109138e+03
3.618979651389309765e+03
3.697120719295935487e+03
3.774789208265789512e+03
3.852049492265959998e+03
3.928541254527296587e+03
4.004751926901041315e+03
4.080763664802107996e+03
4.156224915529599457e+03
4.231234922106879822e+03
4.306070278718133522e+03
4.380484575868369575e+03
4.454867766272319386e+03
4.528762596964519616e+03
7.766231847491787903e+02
7.984045902412177611e+02
8.259040402317940561e+02
8.543562367629087930e+02
8.857572108675188929e+02
9.182846390567158323e+02
9.534696620570086907e+02
9.894714441529574742e+02
1.027798772836801618e+03
1.066684601926772984e+03
1.107549182736905777e+03
1.148751863303745040e+03
1.191558852109000100e+03
1.278368352893391148e+03
1.367295128555650081e+03
1.458207810495991907e+03
1.549802219423787847e+03
1.641915432881345851e+03
1.734838233745295156e+03
1.827508940195490140e+03
1.920374706231081973e+03
2.012985247791003985e+03
2.104907878755216188e+03
2.196602599335481045e+03
2.287569458807932278e+03
2.377741313899862234e+03
2.467170370577510766e+03
2.555741625023546476e+03
2.643421556974639770e+03
2.730227983033256351e+03
2.816199471555968557e+03
2.901235059846898366e+03
2.985445405377482984e+03
3.068853479799291563e+03
3.151385261474631989e+03
3.233273406174863339e+03
3.314242322627913381e+03
3.394622704325458926e+03
3.474322827683108699e+03
3.553550969456006897e+03
3.632126030214684306e+03
3.710080571599060931e+03
3.787570842785844434e+03
3.864442792684970755e+03
3.941067047596663087e+03
4.017179108411416109e+03
4.093093123508853296e+03
4.168422666416412540e+03
4.243648975244940630e+03
4.318388620188254208e+03
4.393174809580260444e+03
4.467555920676585629e+03
4.541387505440080531e+03
8.291113215250074973e+02
8.590634522294407134e+02
8.867887742239911404e+02
9.175935503472097707e+02
9.491467584864601577e+02
9.838019979830964985e+02
1.019322979922707759e+03
1.057294121183325160e+03
1.095600907043651659e+03
1.135913697083339684e+03
1.176787648586615887e+03
1.218886899142395805e+03
1.304916635608012257e+03
1.393381750936331400e+03
1.483580993978424431e+03
1.574561239478433663e+03
1.666435718142183532e+03
1.758533682825633832e+03
1.850883699609891437e+03
1.942975183119639496e+03
2.034979796512446910e+03
2.126457201367454672e+03
2.217233271810028327e+03
2.307561337300673586e+03
2.397132670283415791e+03
2.485919013186800839e+03
2.573871557612323159e+03
2.660861017084413106e+03
2.747060479961294732e+03
2.832505264671110581e+03
2.917075104594498953e+03
3.000847439210911489e+03
3.083709757063370034e+03
3.165875780595360993e+03
3.247457925032971616e+03
3.328146668413965017e+03
3.408295158821099449e+03
3.487822530580231614e+03
3.566638453005333758e+03
3.644980420932031848e+03
3.722891014762692976e+03
3.800412214014657820e+03
3.877201779783456004e+03
3.953721318621397586e+03
4.030015256247771504e+03
4.105797089508053432e+03
4.181139720561309332e+03
4.256327642754564295e+03
4.331157138487209522e+03
4.405870719125617143e+03
4.480086242248265989e+03
4.554415159750103157e+03
8.954637242574812035e+02
9.198040212249687784e+02
9.498024779267664144e+02
9.803292326109044552e+02
1.014158308455252381e+03
1.048596380418562603e+03
1.085858428276831546e+03
1.123561479376965508e+03
1.163517162773869131e+03
1.204010088729225799e+03
1.245466764785211353e+03
1.330664390070728587e+03
1.418622851345487106e+03
1.508053473679677381e+03
1.598382258884017347e+03
1.689783200192918684e+03
1.781221750063000400e+03
1.873050032523279242e+03
1.964478402210652803e+03
2.055881048180139260e+03
2.146822243102185439e+03
2.237090322433527035e+03
2.326560715940610862e+03
2.415488274208961229e+03
2.503654792087364967e+03
2.590983584542248082e+03
2.677600941528420663e+03
2.763379731711596833e+03
2.848211922784530088e+03
2.932302102842626482e+03
3.015700109655770575e+03
3.098229583006246685e+03
3.180170675730520088e+03
3.261247995757209537e+03
3.341772570515069674e+03
3.421667447226210243e+03
3.501108034604149907e+03
3.579901419300691032e+03
3.658139823697967586e+03
3.735929189148675050e+03
3.813129081120062438e+03
3.890091743017492718e+03
3.966557222649756113e+03
4.042805743560538758e+03
4.118478378405758122e+03
4.194067998391654328e+03
4.269179688831392014e+03
4.344278302783819527e+03
4.419030244478773966e+03
4.493277960587225607e+03
4.567415913971154623e+03
9.466286533421493914e+02
9.802088634331412322e+02
1.009991851842196638e+03
1.043577511226454135e+03
1.077239076166846189e+03
1.113764478899769074e+03
1.150996127565284951e+03
1.190250923953016354e+03
1.230254859651655806e+03
1.271153447575595692e+03
1.355517358716641411e+03
1.442855248860072834e+03
1.531551036671478414e+03
1.621196418418639269e+03
1.712046798137575024e+03
1.802858694295260193e+03
1.894137019246338696e+03
1.985054880449616121e+03
2.075730704846015215e+03
2.166045327277884098e+03
2.255771385238121638e+03
2.344841000258566964e+03
2.433201234929964812e+03
2.520830516705518676e+03
2.607622120791834732e+03
2.693651476815683054e+03
2.778916118714512322e+03
2.863422608392409984e+03
2.947201902237461582e+03
3.030150026995479493e+03
3.112404812495626629e+03
3.194140609126754498e+03
3.275020421052930033e+03
3.355399555279458582e+03
3.435173856149488984e+03
3.514254266768274192e+03
3.592911855378401015e+03
3.671126361732375699e+03
3.748971332820427961e+03
3.826130595967726549e+03
3.903022646851342870e+03
3.979661786150844819e+03
4.055813948476076348e+03
4.131535886857085643e+03
4.207109041337919734e+03
4.282374027094820121e+03
4.357440813354563943e+03
4.432015767397187119e+03
4.506647871006550304e+03
4.581084852738285917e+03
1.010830252744335894e+03
1.038221221818832419e+03
1.071229712769009893e+03
1.104108581922608664e+03
1.140576542095283912e+03
1.177366564695518946e+03
1.215755998117318086e+03
1.255484685680608436e+03
1.295789224409583767e+03
1.379288991213770259e+03
1.466038893566841125e+03
1.553959344877380317e+03
1.642948950640304247e+03
1.733277334609323134e+03
1.823421504883851412e+03
1.914211713493144543e+03
2.004634276392494030e+03
2.094638988076411351e+03
2.184431908818752163e+03
2.273571637207205640e+03
2.362131643733299370e+03
2.449992457321058282e+03
2.537116422885575957e+03
2.623500088129700544e+03
2.709190979612614228e+03
2.793992091421929672e+03
2.878113664671740480e+03
2.961681311804914003e+03
3.044321178560458975e+03
3.126470443642862847e+03
3.207771927954267539e+03
3.288545107182290849e+03
3.368737964641314647e+03
3.448467645327745686e+03
3.527583328877039094e+03
3.606149301922263021e+03
3.684318232489336879e+03
3.761890992946258848e+03
3.839238820851172477e+03
3.916104629286661748e+03
3.992766428345860731e+03
4.068817529274419940e+03
4.144785145775770616e+03
4.220286215848418578e+03
4.295720090404161965e+03
4.370847202499304331e+03
4.445606018836664589e+03
4.520086526968729231e+03
4.594650431846708670e+03
1.060900522391447566e+03
1.098879025374306138e+03
1.130771165314040445e+03
1.165949424895015682e+03
1.202576323274384322e+03
1.240205033234203711e+03
1.279617307034813166e+03
1.319326957909297107e+03
1.402438856129705073e+03
1.488144665408870196e+03
1.575353471423168685e+03
1.664025355085227147e+03
1.753486476858832702e+03
1.843306991967694330e+03
1.933246805842182312e+03
2.023233537276709285e+03
2.112708193537225270e+03
2.201853141141211381e+03
2.290608603732069241e+03
2.378704896391239345e+03
2.466154152116275327e+03
2.552817891437166509e+03
2.638803777323042596e+03
2.724068006730469733e+03
2.808630386738193010e+03
2.892666087041015089e+03
2.975736249289351690e+03
3.058196427933215091e+03
3.140211485801975414e+03
3.221364732741639273e+03
3.302065135893078150e+03
3.382150612370443014e+03
3.461606951215311710e+03
3.540633979748687125e+03
3.619221756234578606e+03
3.697442248923392071e+03
3.775013529389646919e+03
3.852306349671684984e+03
3.929352209670522825e+03
4.005898489718582823e+03
4.082035895420334782e+03
4.158003060339194235e+03
4.233662562397282272e+03
4.309253191322341081e+03
4.384144699685816704e+03
4.459092316649373970e+03
4.533940165052178600e+03
4.608429282706901176e+03
1.123241063207729439e+03
1.155744398980455117e+03
1.190619786907685693e+03
1.226410828614658158e+03
1.263601698292921810e+03
1.302506766145900883e+03
1.341632410365066335e+03
1.424256989160427565e+03
1.509164818071062200e+03
1.595683105162829861e+03
1.683934878524429905e+03
1.772684855703359517e+03
1.862129402836052577e+03
1.951388284223001847e+03
2.040967999928590643e+03
2.130095054053466811e+03
2.218523260950711119e+03
2.306852185672038559e+03
2.394551875241661492e+03
2.481583467639577975e+03
2.567947915757741157e+03
2.653665095764222315e+03
2.738604408677629181e+03
2.823021240974610919e+03
2.906692228492520826e+03
2.989562136582457697e+03
3.072029400384194560e+03
3.153627265526962674e+03
3.234747373084021092e+03
3.315287542079178820e+03
3.395400001422015066e+03
3.474864156010535226e+03
3.553854761619769306e+03
3.632442991950797023e+03
3.710444075377056379e+03
3.788221579111110714e+03
3.865517898684425290e+03
3.942582533918618537e+03
4.019081565307781602e+03
4.095519379257062155e+03
4.171372184382044907e+03
4.247205475081854274e+03
4.322700918926720988e+03
4.397812723012486458e+03
4.472893321572922105e+03
4.547688368489493769e+03
4.622154721097011134e+03
1.184708724938746627e+03
1.213280555776269466e+03
1.249258798971314036e+03
1.285525356336958112e+03
1.324349609249884907e+03
1.362970082490029654e+03
1.445022391201493065e+03
1.529168412639141479e+03
1.615002836047376377e+03
1.702828238117622277e+03
1.790953167059600219e+03
1.879979888628754452e+03
1.968679416692694531e+03
2.057791581587971450e+03
2.146548874832566526e+03
2.234862176001056469e+03
2.322480831945709724e+03
2.409844937730313177e+03
2.496513796541065403e+03
2.582563080668399380e+03
2.668088976559516595e+03
2.752883107220088732e+03
2.837041887707538535e+03
3.001807046941167800e+03
3.003186358007104900e+03
3.085478161213617568e+03
3.166988901611931396e+03
3.248087859776336700e+03
3.328531682990836089e+03
3.408423492324407562e+03
3.487900406627154553e+03
3.566884131707581219e+03
3.645538570420741962e+03
3.723557326705570176e+03
3.801306030609124718e+03
3.878769304882722281e+03
3.955743111358315218e+03
4.032331838531632457e+03
4.108728327941941643e+03
4.184783033634441381e+03
4.260772268681670539e+03
4.336211811798850249e+03
4.411494038404119237e+03
4.486663326232177496e+03
4.561642194447334987e+03
4.636258359655457753e+03
1.233178544188792785e+03
1.271060098024683157e+03
1.306403150585054391e+03
1.344919448031623688e+03
1.383186986269307909e+03
1.464605346008752349e+03
1.548109380592177331e+03
1.633327561000483911e+03
1.720791767666661144e+03
1.808369486043621691e+03
1.897002258360728320e+03
1.985419207482670117e+03
2.073962641343136056e+03
2.162320494593939657e+03
2.250316262166705201e+03
2.337799367535110378e+03
2.424742852955590479e+03
2.511157153091606233e+03
2.597039474263192915e+03
2.682168611681272523e+03
2.766707133333840375e+03
2.850626070450358839e+03
2.933796137423325490e+03
3.016669913275120052e+03
3.098623916573057159e+03
3.180169374479060934e+03
3.261098368215493338e+03
3.341658109532197614e+03
3.421542130108261063e+03
3.501002946861021428e+03
3.580052311900677068e+03
3.658526633617767857e+03
3.736735047103504712e+03
3.814458631246462573e+03
3.891970331157501732e+03
3.968920258269132319e+03
4.045790694910254842e+03
4.122140435215365869e+03
4.198471287255271818e+03
4.274281534125479084e+03
4.349824795600239668e+03
4.425230579060080345e+03
4.500639817997765931e+03
4.575344668609513974e+03
4.650302122749561022e+03
1.293153751322376593e+03
1.326144856502018229e+03
1.364485084218466000e+03
1.402798657386923196e+03
1.483310660847970439e+03
1.566059170398095375e+03
1.650834029509937409e+03
1.737874279864276104e+03
1.824899736595105423e+03
1.913227875847847599e+03
2.001405649782914907e+03
2.089350937918611180e+03
2.177500881947193193e+03
2.265171160835801857e+03
2.352434426412033645e+03
2.439116995530857821e+03
2.525274347421524453e+03
2.610852844909111354e+03
2.695826076239710346e+03
2.780237805027974900e+03
2.863863674631962567e+03
2.947165269859126056e+03
3.029788124747560687e+03
3.111732018923130454e+03
3.193265202599287022e+03
3.274144807885256341e+03
3.354511415511803534e+03
3.434461702392047755e+03
3.513891229849471074e+03
3.593024539203354379e+03
3.671548224536913494e+03
3.749749328268704176e+03
3.827653377120619098e+03
3.905115483503055657e+03
3.982200419428377700e+03
4.058999404991274787e+03
4.135525279502946432e+03
4.211899675253816895e+03
4.287774037152124947e+03
4.363565116995610879e+03
4.439087219574190385e+03
4.514396842412614205e+03
4.589583704313654380e+03
4.664344663376830795e+03
1.341030042514858451e+03
1.383021152701141546e+03
1.421179626126072435e+03
1.500952405721409150e+03
1.583127989719868310e+03
1.667929825453538797e+03
1.754125177785123469e+03
1.841022828733210417e+03
1.928753906798070375e+03
2.016713050445293447e+03
2.104132987476491962e+03
2.191994010469809382e+03
2.279466446748935596e+03
2.366467392848156123e+03
2.452975312863313775e+03
2.538994311913433194e+03
2.624321339775535307e+03
2.709124255847806126e+03
2.793366673261075448e+03
2.877092114159053381e+03
2.960254108699263270e+03
3.042609136891016533e+03
3.124659971865366060e+03
3.206026638014285709e+03
3.287067458739742506e+03
3.367403798201773498e+03
3.447365987428876451e+03
3.526919613940117415e+03
3.605851587401091820e+03
3.684541313132072446e+03
3.762756687041734040e+03
3.840756580336718798e+03
3.918216467242248200e+03
3.995505600465523457e+03
4.072328132680231647e+03
4.149074184441897160e+03
4.225428820744731638e+03
4.301391742113314649e+03
4.377185201166666957e+03
4.452936955104842127e+03
4.528261441500927504e+03
4.603419853952753328e+03
4.678413502111589878e+03
1.399694793269725778e+03
1.438603392440382549e+03
1.517687770539952908e+03
1.599313112113208263e+03
1.683966562168127894e+03
1.769593531367652304e+03
1.856406438554779925e+03
1.943511259431990766e+03
2.031260825381559243e+03
2.118781032560327276e+03
2.205970851352449245e+03
2.293249039736550458e+03
2.380055538871764384e+03
2.466376315321367656e+03
2.552173131092459698e+03
2.637411567257386196e+03
2.722138537717235522e+03
2.806351035246859738e+03
2.889960018181196574e+03
2.972993924898842124e+03
3.055481400722150283e+03
3.137443197810277525e+03
3.218814108379829577e+03
3.299681433649890096e+03
3.380127554036627316e+03
3.460042122170971652e+03
3.539676885885715819e+03
3.618722166575129904e+03
3.697426483903647750e+03
3.775842284058432597e+03
3.853795277465543222e+03
3.931357577397115165e+03
4.008661370437186633e+03
4.085670574658181977e+03
4.162453860038682251e+03
4.238767127573457401e+03
4.314951007414538253e+03
4.391007426186382872e+03
4.466704852391456370e+03
4.542200247904727803e+03
4.617540048811649285e+03
4.692499135906925403e+03
1.457714802722073955e+03
1.533495074629152896e+03
1.614676134741982878e+03
1.699183885122727133e+03
1.784342253247380313e+03
1.871045718566838104e+03
1.957696217368085627e+03
2.045239482037752396e+03
2.132635976458947425e+03
2.219511053961959988e+03
2.306530443668252701e+03
2.393193629559973488e+03
2.479423599390235267e+03
2.565036538081478284e+03
2.650168636642811180e+03
2.734997753933787408e+03
2.819077178021051168e+03
2.902625100571546227e+03
2.985432802130339496e+03
3.068035630892632071e+03
3.149876900774413116e+03
3.231454748323305012e+03
3.312284197665513602e+03
3.392786846510182386e+03
3.472852007447746018e+03
3.552295580648909890e+03
3.631537160048756959e+03
3.710271228689692180e+03
3.788774259568514935e+03
3.866727866879025896e+03
3.944498792937326925e+03
4.021815494462614879e+03
4.098988801216707543e+03
4.175801536785882490e+03
4.252266718163828045e+03
4.328576829966067635e+03
4.404670480153255085e+03
4.480348834006624202e+03
4.556141683862481841e+03
4.631319165402888757e+03
4.706597692748564441e+03
1.561614417124635565e+03
1.642742289412610944e+03
1.727468083561336698e+03
1.811775282943949605e+03
1.898313299344708412e+03
1.984518423350221155e+03
2.071561424660170815e+03
2.158753053840277062e+03
2.245676437099262330e+03
2.332297425568369363e+03
2.418652433433936949e+03
2.504575985657692854e+03
2.590142177122433623e+03
2.675252074193375847e+03
2.759692002257530021e+03
2.843671376879582567e+03
2.927054459746071188e+03
3.010170119839689505e+03
3.092526552169797469e+03
3.174679098212136523e+03
3.256025119995413206e+03
3.337107669673805503e+03
3.417692494422545678e+03
3.497734515681619996e+03
3.577527753559527810e+03
3.656803910039797302e+03
3.735824206343299011e+03
3.814300619002618532e+03
3.892586462558064341e+03
3.970424757254443193e+03
4.048095163985190084e+03
4.125370041301450328e+03
4.202299805926278168e+03
4.279040999185568580e+03
4.355672595873033060e+03
4.431790650008717421e+03
4.507888806529078465e+03
4.583668038926135523e+03
4.659208454439773050e+03
4.734782309649021045e+03
1.673923994652539932e+03
1.753099524987797395e+03
1.837082589473687449e+03
1.923278123085650805e+03
2.009720062055983135e+03
2.095857331472619990e+03
2.182987226855967492e+03
2.269850508201748198e+03
2.356450411856731080e+03
2.442649934011886216e+03
2.528507179141622146e+03
2.613957868752389913e+03
2.698842382209891184e+03
2.783287471855480362e+03
2.867399268818546261e+03
2.950959594111196111e+03
3.033857391980297507e+03
3.116609949146755298e+03
3.198530228757555960e+03
3.280209856430521995e+03
3.361270397105949087e+03
3.442003750760229195e+03
3.522373512335889245e+03
3.602194299870691793e+03
3.681706418664607554e+03
3.760770486832765528e+03
3.839618113468173760e+03
3.917992283771252005e+03
3.996167760835262470e+03
4.073971318629755388e+03
4.151419202036307070e+03
4.228649685127194061e+03
4.305692298051721082e+03
4.382328400675033663e+03
4.458900791111528633e+03
4.535030768847681429e+03
4.611093861935222776e+03
4.686952488648476901e+03
4.762664165302910078e+03
1.775010602349986584e+03
1.861108181556744739e+03
1.946097556612130802e+03
2.032852004956506335e+03
2.119219132140953207e+03
2.205479739831823736e+03
2.292418611261256046e+03
2.378982385608012009e+03
2.465190577953668253e+03
2.551088318392432029e+03
2.636434318511282981e+03
2.721375575645172830e+03
2.806242265773994404e+03
2.890314543134397354e+03
2.973762914717652620e+03
3.057157679916026609e+03
3.139680488130008598e+03
3.221975412847737971e+03
3.303655449787871021e+03
3.385023514577456353e+03
3.465951894848507436e+03
3.546282744235123573e+03
3.626495822896982645e+03
3.706147367718402620e+03
3.785556845243195312e+03
3.864468442282665819e+03
3.943176784722570574e+03
4.021522561558584584e+03
4.099471056385962584e+03
4.177214510770620109e+03
4.254778036449090905e+03
4.331860770271229740e+03
4.408879391897782625e+03
4.485539569793254486e+03
4.561982395081122377e+03
4.638357311595747888e+03
4.714380447012823424e+03
4.790275123960838755e+03
1.883938751461076436e+03
1.966747732331205725e+03
2.054144664174901664e+03
2.140859495688103834e+03
2.227396134982916919e+03
2.313442918725307209e+03
2.400185135420827919e+03
2.486491692695221445e+03
2.572365133540478382e+03
2.658367509821849126e+03
2.743542905187049200e+03
2.828150393382237326e+03
2.912186064558642101e+03
2.996242664671854982e+03
3.079405531346513726e+03
3.162304353168014131e+03
3.244669391078747140e+03
3.326668044799595918e+03
3.408031594140576544e+03
3.489205865098670074e+03
3.570022303875914076e+03
3.650267356028841732e+03
3.730239558560849218e+03
3.809719154544693083e+03
3.888973492820229694e+03
3.967881254892604829e+03
4.046419748160696145e+03
4.124687510762995771e+03
4.202734032248559743e+03
4.280342156301057912e+03
4.357882005942503383e+03
4.434949950051412088e+03
4.511926775099876977e+03
4.588699653467670032e+03
4.665210120769053901e+03
4.741481498023495078e+03
4.817545348662761171e+03
1.991328211152394488e+03
2.073550889894784177e+03
2.160940425891832092e+03
2.247807861148293341e+03
2.334495277258816714e+03
2.421106086307796431e+03
2.507485164385495409e+03
2.593588967107667031e+03
2.679222818001335327e+03
2.764386193511655620e+03
2.849011116758412754e+03
2.933806689790944347e+03
3.017630574503963544e+03
3.101068994256303540e+03
3.184239145597855440e+03
3.266822763079209381e+03
3.348934299300212842e+03
3.430755262113259050e+03
3.512151772489223731e+03
3.592835811245668083e+03
3.673514726838981915e+03
3.753660670270245191e+03
3.833525198268867825e+03
3.913001891621611321e+03
3.992100645559657096e+03
4.070911200701634698e+03
4.149487659309387709e+03
4.227708476089731448e+03
4.305725524908215448e+03
4.383317339944242121e+03
4.460782554733928919e+03
4.538010300953370461e+03
4.615015878320241427e+03
4.691703905713337008e+03
4.768242144284946335e+03
4.844481433760545769e+03
2.089427979486934419e+03
2.179307623756515568e+03
2.266687354871818115e+03
2.353811765879204358e+03
2.440598586324132157e+03
2.527095286904927889e+03
2.613250621076243988e+03
2.699008627543280909e+03
2.784244625448678107e+03
2.869807777084667578e+03
2.954279519463833822e+03
3.038109998587845439e+03
3.122290514979155887e+03
3.205203843705143299e+03
3.288382319053202536e+03
3.370809956000668990e+03
3.452631615137924200e+03
3.534309049484336811e+03
3.615603725640184621e+03
3.696369971071912005e+03
3.776823680905057245e+03
3.856901499965834773e+03
3.936603386299498197e+03
4.015995823829360688e+03
4.095131774302933081e+03
4.173822969992117578e+03
4.252356468388974463e+03
4.330541899895971255e+03
4.408483861627219085e+03
4.486222605327763631e+03
4.563661136720487775e+03
4.640870613527297792e+03
4.717847675560176867e+03
4.794584007570605536e+03
4.871107626636116038e+03
2.194570309275997715e+03
2.284390100097234154e+03
2.371908678577747196e+03
2.458769746173906242e+03
2.545580046529520587e+03
2.631826528327316737e+03
2.717685673700437292e+03
2.804168138376376191e+03
2.889333463860074517e+03
2.973848813538477316e+03
3.058772089635113844e+03
3.142430968222808133e+03
3.226285843693160132e+03
3.308990266490536669e+03
3.391984797746782533e+03
3.474299364277920631e+03
3.556178331909187364e+03
3.637342904558754526e+03
3.718518234824701722e+03
3.799267285940715283e+03
3.879608460369324803e+03
3.959606345842878000e+03
4.039318168466722454e+03
4.118743420801567481e+03
4.197871255956016284e+03
4.276523553092620205e+03
4.354971676350139205e+03
4.433293365849020120e+03
4.511200879504403929e+03
4.588918967472591248e+03
4.666374816748015292e+03
4.743529673916413230e+03
4.820592518950768863e+03
4.897398259193312697e+03
2.298676057691650385e+03
2.388452363088616949e+03
2.475731557666737899e+03
2.562949079975077439e+03
2.650071457201363501e+03
2.736900164714456423e+03
2.822745657623819170e+03
2.907950301662037418e+03
2.993584323668453635e+03
3.078099784723608082e+03
3.162559023414022704e+03
3.246134556274498664e+03
3.329795300166543711e+03
3.412614407585372646e+03
3.495077860319943738e+03
3.577307639048863166e+03
3.659116157292356547e+03
3.740511862850949001e+03
3.821490817851764405e+03
3.902119268194274810e+03
3.982439376465856185e+03
4.062315662170351061e+03
4.141969839275938284e+03
4.221173180558158492e+03
4.300335160534659735e+03
4.379117184279160938e+03
4.457507560780381027e+03
4.535798737934043857e+03
4.613731161652491210e+03
4.691418534329548493e+03
4.768930375369427566e+03
4.846190030454004955e+03
4.923216412181918713e+03
2.408804317733917742e+03
2.492803130622162371e+03
2.581077297688926137e+03
2.668033159050537506e+03
2.754496830754331313e+03
2.840384698065300654e+03
2.926697536183797638e+03
3.012113937469382108e+03
3.096828325900120944e+03
3.181687433898920972e+03
3.265909157785448770e+03
3.349321921117276361e+03
3.432890642241694422e+03
3.515702216878637500e+03
3.598015131250684135e+03
3.679852653020054277e+03
3.761587529670769982e+03
3.842902683432170306e+03
3.923864452873554001e+03
4.004364739413212646e+03
4.084893681946671677e+03
4.164769323029142470e+03
4.244328034812980150e+03
4.323623665160356722e+03
4.402731284576673715e+03
4.481444186590113532e+03
4.559967340182045518e+03
4.638121827353495974e+03
4.716139988116366112e+03
4.793890553226384327e+03
4.871370088289228079e+03
4.948750930752552449e+03
2.510859270753685450e+03
2.597841843535411499e+03
2.684534304304659599e+03
2.771074607183502394e+03
2.858013526356461625e+03
2.944478230883616561e+03
3.029731220622702040e+03
3.115685097283281266e+03
3.199970726621967515e+03
3.284863552028015874e+03
3.368928161968792665e+03
3.452105531847749262e+03
3.535461679214999094e+03
3.618315698969380719e+03
3.700712611281248428e+03
3.782693275242629625e+03
3.864309976418830956e+03
3.945476023272174189e+03
4.026372053188290920e+03
4.106784482720762753e+03
4.186915836761856553e+03
4.267052001622805619e+03
4.346585005187105708e+03
4.425802457080709246e+03
4.504972263428816404e+03
4.583601661374112155e+03
4.662188727409277817e+03
4.740386232696897423e+03
4.818404470751419467e+03
4.896256113188839663e+03
4.973788815966881884e+03
2.612195419670147203e+03
2.699804146622324424e+03
2.787307948993730861e+03
2.875320213552744463e+03
2.961284320682550970e+03
3.047723294415527562e+03
3.133200588980234897e+03
3.218666726554093657e+03
3.302937274737915686e+03
3.387623963564251426e+03
3.471636742311125545e+03
3.554947521171970948e+03
3.637689179012997556e+03
3.720477736827662739e+03
3.802834119953261506e+03
3.884700482446524802e+03
3.966231022670291622e+03
4.047584983998733151e+03
4.128511275237133304e+03
4.209022387015107597e+03
4.289071193803349161e+03
4.369082288022648754e+03
4.448689440504156664e+03
4.527813111630119238e+03
4.607008574714778661e+03
4.685722606111734422e+03
4.764246887967490693e+03
4.842614951711364483e+03
4.920602334127657741e+03
4.998420289510696421e+03
2.713004923988791688e+03
2.804814058577644118e+03
2.891403725516176564e+03
2.977172024718968714e+03
3.064782406966524377e+03
3.149713374723837660e+03
3.236267111349809966e+03
3.321354805591232434e+03
3.405490530235529150e+03
3.490011263529458120e+03
3.573983908146148678e+03
3.657458202497387902e+03
3.740473880004559760e+03
3.823053121223727430e+03
3.905301020724666614e+03
3.987042855250418143e+03
4.068452864175851573e+03
4.149507730955174338e+03
4.230391100679967167e+03
4.310984861000825731e+03
4.391067798043352013e+03
4.471001900820318951e+03
4.550573345862460883e+03
4.629943232734392950e+03
4.708898532565004643e+03
4.787799725816994396e+03
4.866243963583117875e+03
4.944596793173735023e+03
5.022696386364833415e+03
2.819109816849187155e+03
2.905477429945502081e+03
2.994570729325347656e+03
3.080745517497154651e+03
3.167692264336616063e+03
3.252642189547395901e+03
3.338772160251411151e+03
3.423893229113933558e+03
3.508103780411765911e+03
3.592056151840223720e+03
3.675999128403637314e+03
3.759332996467984231e+03
3.842298714500951519e+03
3.924735809796164176e+03
4.006810687823061016e+03
4.088960472186535299e+03
4.170415699487963138e+03
4.251431926974950329e+03
4.332087567194717849e+03
4.412784245121479216e+03
4.492839684827447854e+03
4.572874894809086982e+03
4.652310120160755105e+03
4.731794621075683608e+03
4.810707093025071117e+03
4.889610722611167148e+03
4.968221248864040717e+03
5.046585395832547874e+03
2.924322842981730446e+03
3.010006488709335827e+03
3.095991724279968366e+03
3.183795368091852652e+03
3.270114615683708507e+03
3.355133125514006679e+03
3.441002534371415095e+03
3.526218951196899525e+03
3.610700781886368077e+03
3.694652357962873793e+03
3.778301142944347703e+03
3.861517570596429323e+03
3.944406825674237552e+03
4.026892183066054713e+03
4.108879019150038403e+03
4.190465107068050202e+03
4.272177637640914327e+03
4.353206180347061490e+03
4.433781910377136228e+03
4.514515568078779324e+03
4.594468443563142500e+03
4.674559994424625984e+03
4.754055884169882120e+03
4.833449106945206040e+03
4.912584982767995825e+03
4.991445019678880271e+03
5.069922489707196291e+03
3.023225011163396630e+03
3.113801730854728703e+03
3.198353448327930437e+03
3.286430179360214424e+03
3.372484616335789269e+03
3.457349142699330514e+03
3.542943098127272606e+03
3.627967857544753315e+03
3.712525821403408372e+03
3.796492834949373901e+03
3.880018732305946287e+03
3.963113103206266260e+03
4.045694851830661264e+03
4.128452212940737809e+03
4.210730751615416921e+03
4.292248910823504957e+03
4.373626322400226854e+03
4.454879533261613688e+03
4.535303367880533187e+03
4.616098183345835423e+03
4.696147735544407624e+03
4.776094315141430343e+03
4.855774240768800155e+03
4.935104579294557880e+03
5.014126885948299787e+03
5.093058246525043614e+03
3.127012377691467918e+03
3.215963390135480950e+03
3.301040074333118355e+03
3.388911191919819430e+03
3.474760647462510406e+03
3.560180476868285041e+03
3.644802086388614043e+03
3.729446034928166227e+03
3.813770919307703480e+03
3.898121082752500115e+03
3.981935734287528248e+03
4.065095778995447290e+03
4.147736745153527409e+03
4.229787883748777858e+03
4.312241408298104034e+03
4.393878096043217738e+03
4.475006980507244407e+03
4.556358909178030444e+03
4.636999282558514096e+03
4.717503085429021667e+03
4.797770557803862175e+03
4.877419262794299357e+03
4.957186386437736473e+03
5.036654599280051116e+03
5.115824032476766661e+03
3.230215363832279763e+03
3.317881745786072315e+03
3.403146944574647023e+03
3.490734299750205537e+03
3.576956545667115734e+03
3.662347576025193575e+03
3.747387672203073180e+03
3.832027128271741276e+03
3.916174127711203255e+03
3.999897743405127585e+03
4.083194840912129621e+03
4.166295297063788894e+03
4.249374722874280451e+03
4.331479075420960726e+03
4.413621562073014502e+03
4.495287672754081541e+03
4.576611079558054371e+03
4.657674072218103902e+03
4.738555651459108049e+03
4.818720905380917429e+03
4.899080631102740881e+03
4.979093505792826363e+03
5.058761507996911860e+03
5.138102533838327872e+03
3.332764787638562211e+03
3.420653414941070878e+03
3.504833139749476686e+03
3.591929892837495117e+03
3.678266862879748260e+03
3.763882508557760502e+03
3.848796005675760171e+03
3.933144535407774129e+03
4.017062350708930353e+03
4.101646149215761397e+03
4.184984597765436774e+03
4.267749349105046349e+03
4.350736972670330942e+03
4.432927004176162882e+03
4.514977662412513382e+03
4.596598209727799258e+03
4.678063366673251039e+03
4.758840403618740311e+03
4.839795109988885997e+03
4.920342978102053166e+03
5.000380335898386875e+03
5.080263624650122438e+03
5.160059453137633682e+03
3.434846301791197220e+03
3.522965418637420953e+03
3.608731258836398865e+03
3.694256018192720148e+03
3.780011648708625216e+03
3.865666648455729501e+03
3.950874221860094622e+03
4.035333361947849426e+03
4.119265253251293871e+03
4.202485780283930580e+03
4.286457618909664234e+03
4.369272142064905893e+03
4.451961793035454320e+03
4.534258850089529915e+03
4.616277326157347488e+03
4.697741494251697077e+03
4.779292605430488948e+03
4.860306949506668388e+03
4.940851856088274872e+03
5.021466232166318150e+03
5.101793889565999052e+03
5.181752134824573659e+03
3.536351255427204705e+03
3.624029442207897773e+03
3.710873418657623006e+03
3.797011341161020027e+03
3.882567188397934842e+03
3.967378972394074026e+03
4.051680849460715308e+03
4.136411711363835821e+03
4.220886226959232772e+03
4.304314404466966153e+03
4.387637876661126029e+03
4.470671984061320472e+03
4.553178827021582947e+03
4.635430113657416769e+03
4.717539426328312402e+03
4.798710044867557372e+03
4.880348777401859479e+03
4.961515216608398077e+03
5.042339606461569929e+03
5.122769977718186055e+03
5.202929783734263765e+03
3.637409855081126352e+03
3.724665943633452571e+03
3.811276377527344721e+03
3.897068674890947477e+03
3.982288456937026240e+03
4.069231732711970380e+03
4.154101362452160174e+03
4.237642372433308083e+03
4.322065707065818970e+03
4.405826611567668806e+03
4.488742145634310873e+03
4.571884043475087310e+03
4.654468637393192694e+03
4.736419921868857273e+03
4.818643828795728041e+03
4.900301352171580220e+03
4.981446657258873529e+03
5.062370712090159941e+03
5.143292924428462356e+03
5.223833850678162889e+03
3.742555860559780285e+03
3.828704376384802799e+03
3.915113938554010929e+03
4.000489522547326487e+03
4.085231879183161254e+03
4.169492133969350107e+03
4.255300551631302369e+03
4.339502437701188683e+03
4.422850159939299374e+03
4.507112113362672972e+03
4.590005654396778482e+03
4.672930846852183095e+03
4.755678926297447106e+03
4.837583932708073917e+03
4.919489207194612391e+03
5.001327135281469964e+03
5.082705788368723006e+03
5.163765056924660712e+03
5.244538538410115507e+03
3.842702765434254161e+03
3.929054771053989043e+03
4.014713917089533425e+03
4.099828759468086901e+03
4.187490799698025512e+03
4.271697292202409699e+03
4.355481126073123960e+03
4.440979951476066162e+03
4.523558143582058619e+03
4.608218295358538853e+03
4.691343664477075436e+03
4.773635934770724816e+03
4.856769106345712316e+03
4.938947531679359599e+03
5.020783792071628341e+03
5.102176723485478760e+03
5.183212858451772263e+03
5.264323977805506729e+03
3.942582962194160245e+03
4.032046448438408333e+03
4.117680900678712533e+03
4.202455400661319800e+03
4.286730098260803061e+03
4.373475154593429579e+03
4.456711777723054183e+03
4.542259887261468975e+03
4.625123528402481497e+03
4.709039070784509931e+03
4.792630292031716635e+03
4.875034792248476151e+03
4.957130130215029567e+03
5.039645044532144311e+03
5.121733707119679821e+03
5.203407758839361122e+03
5.284756518058169604e+03
4.046105116253172127e+03
4.131735657079321754e+03
4.217270945508827936e+03
4.304603846717867782e+03
4.388543455603043185e+03
4.475031246021007973e+03
4.557985173446217232e+03
4.643256049816004634e+03
4.726923454989047968e+03
4.809616190909268880e+03
4.893335716368897010e+03
4.976451538669197362e+03
5.058816334359713437e+03
5.140854424461702365e+03
5.222688991345588875e+03
5.304294706477274303e+03
4.149209731739130802e+03
4.234333178381843027e+03
4.319025087252548474e+03
4.406500361251183676e+03
4.490103254381812803e+03
4.576259607800836420e+03
4.659013592906957456e+03
4.743972303854754500e+03
4.828385737082900050e+03
4.911218769533963496e+03
4.993598787448781877e+03
5.076635097862577823e+03
5.159288124965787574e+03
5.241510865664546145e+03
5.323360732654829917e+03
4.248118685857847595e+03
4.336639503611677355e+03
4.420936937877692799e+03
4.507959298320589369e+03
4.591379762471089634e+03
4.677171503667230354e+03
4.760873448694635954e+03
4.844549879705865351e+03
4.928790516659088098e+03
5.012493217732391713e+03
5.095705420539312399e+03
5.178316384200885295e+03
5.260700430570159369e+03
5.342859188958847881e+03
4.350450776938860145e+03
4.435262183710820864e+03
4.522522874671547470e+03
4.609179651852394272e+03
4.692349406971193275e+03
4.777928785113967024e+03
4.862915544192243033e+03
4.945999735125672487e+03
5.028953220851324659e+03
5.112541256899799919e+03
5.195684464148544976e+03
5.278413929922096031e+03
5.360801324385050975e+03
4.452411314912563284e+03
4.536618252740236130e+03
4.623772825382331575e+03
4.710182330108855240e+03
4.793080758957825310e+03
4.878385838223237442e+03
4.963184067299878734e+03
5.047438486873063084e+03
5.131211202452819634e+03
5.214529460737338013e+03
5.297483195045581851e+03
5.379971251706188923e+03
4.554000075524092608e+03
4.637986485595543854e+03
4.724747703804391676e+03
4.810838561255545756e+03
4.896377772047784674e+03
4.978684269577082887e+03
5.063265087978612428e+03
5.147346966044001420e+03
5.231035119679852869e+03
5.314216571097519591e+03
5.397103764161995059e+03
4.655274531886675504e+03
4.741369906955578699e+03
4.825458739258214337e+03
4.911307043439825065e+03
4.996588206260867082e+03
5.081327535011603686e+03
5.165648511416280598e+03
5.249422788421332370e+03
5.332872284798172586e+03
5.415867823501246676e+03
4.756250622976662271e+03
4.842881086830198910e+03
4.926417826224362216e+03
5.011511361475588274e+03
5.096642523051617900e+03
5.181184191635013121e+03
5.265364211741686631e+03
5.349053615316024661e+03
5.432289824731458793e+03
4.856952708841614367e+03
4.943270782557818166e+03
5.029105775831337269e+03
5.114308027094019053e+03
5.199114367128729100e+03
5.283394000001396307e+03
5.367155907808996744e+03
5.450686298761491344e+03
4.957440353998174032e+03
5.043488566300155981e+03
5.129102297929919587e+03
5.214146197103523264e+03
5.298639999980421635e+03
5.382858518420939617e+03
5.467154404395952952e+03
5.060751219820440383e+03
5.146453102057284923e+03
5.231570113128917910e+03
5.316373163836710773e+03
5.400643583178124572e+03
5.484431047538297207e+03
5.160604977206827243e+03
5.246167201711727103e+03
5.331160662541929014e+03
5.415635072192355437e+03
5.499867352215692335e+03
5.263253648287591204e+03
5.348357772166908944e+03
5.433146621572515869e+03
5.517453177120050896e+03
5.362748706796475744e+03
5.447744721430461141e+03
5.532324163252626931e+03
5.464858542874814702e+03
5.549493339753417786e+03
5.564000822483875709e+03
