2.092708910891089147e+02
2.730224696758799041e+02
3.238639904134212202e+02
3.677381191096851580e+02
4.068763592428513789e+02
4.426970064724919212e+02
4.757409663012586520e+02
5.067903752039151755e+02
5.357306038894574840e+02
5.633039901275195689e+02
6.256438071487947354e+02
6.806442671146577368e+02
7.294066213921901181e+02
7.726448778396913895e+02
8.110833152997187199e+02
8.454413823272091122e+02
9.031521642124051823e+02
9.495207006369427063e+02
9.880359628770302152e+02
1.021767975402081333e+03
1.053390214509520320e+03
1.086948931991161317e+03
1.125248374187093532e+03
1.168631779984721106e+03
1.221182572614107812e+03
1.282343634442683651e+03
1.351566362170875891e+03
1.430300519551544994e+03
1.519107182628062446e+03
1.615906930693069398e+03
1.722039424460431746e+03
1.955637931034482790e+03
2.211694930875576119e+03
2.480598859315589380e+03
2.763213538260300993e+03
3.056663970340411197e+03
3.362556597222222081e+03
3.677242045048265936e+03
4.011388663967611137e+03
4.349023836549376028e+03
4.701491248541423374e+03
5.063804556354915803e+03
5.432518047579983431e+03
5.811746947368421388e+03
6.199904103671706252e+03
6.596393442622950715e+03
6.993554950045413534e+03
7.400827826896230363e+03
7.815723891273247318e+03
8.225332682926829875e+03
8.662599299649824388e+03
9.072862033725088622e+03
9.506163265306122412e+03
9.938372391653290833e+03
1.036579071038251277e+04
1.079119308035714312e+04
1.122664652223489247e+04
1.167337121212121201e+04
1.211006599286563687e+04
1.254503094660194256e+04
1.300296964064436179e+04
1.343216477272727207e+04
1.387924597553123021e+04
1.434657199211045372e+04
1.476400601604278017e+04
1.523123738062755729e+04
1.568333773453787398e+04
1.614296461429582450e+04
1.660966305916306010e+04
1.706473842762674394e+04
1.752354783258594762e+04
3.066438985420411427e+02
3.547004210948466039e+02
3.964327426500201454e+02
4.340066747572815302e+02
4.684735025380710454e+02
5.004645187601957446e+02
5.302517911975435254e+02
5.585561497326202698e+02
5.850049556060292844e+02
6.457693110647181811e+02
6.994816533108393060e+02
7.470172487223168218e+02
7.893429432013768974e+02
8.274379212872363496e+02
8.613905598243687791e+02
9.192295632698768486e+02
9.667834627683873805e+02
1.006396507566938340e+03
1.043545821462488220e+03
1.078287061668681872e+03
1.115985464400098635e+03
1.157728915662650707e+03
1.206110969061621063e+03
1.261082530590991837e+03
1.324121091679915253e+03
1.396664330008088427e+03
1.476802194787379904e+03
1.566190622383477603e+03
1.664813227363042870e+03
1.769857761107905390e+03
2.003197195704057322e+03
2.255301293900184646e+03
2.521992048346055981e+03
2.804463254593175861e+03
3.098671288468041894e+03
3.401634528367560051e+03
3.722150591609895855e+03
4.049242625368731751e+03
4.392302846299809971e+03
4.745226209048361852e+03
5.107111378205127949e+03
5.482390284067517314e+03
5.855800337695230155e+03
6.245894714038127859e+03
6.642369777777777927e+03
7.036208466090122783e+03
7.447870741950536285e+03
7.861984696317551425e+03
8.278389133627018964e+03
8.696806613226452100e+03
9.117765761148129968e+03
9.540065479308537761e+03
9.966336904124264038e+03
1.040535616438356192e+04
1.082115874790385715e+04
1.126677599999999984e+04
1.170583946293053123e+04
1.214384684147794906e+04
1.258830535279805372e+04
1.302185794044665090e+04
1.347007658227848151e+04
1.391194193548387011e+04
1.435217434210526335e+04
1.482545369127516824e+04
1.525270560109289545e+04
1.571120821727019575e+04
1.614895889440113388e+04
1.659536770007209634e+04
1.706670168993387051e+04
1.752570958083832375e+04
3.817138542086186135e+02
4.220016181229773338e+02
4.584203045685279108e+02
4.919051794453507114e+02
5.228820880245649505e+02
5.521772932949403412e+02
5.795093950030972110e+02
6.055855631611698300e+02
6.647592204526404203e+02
7.173077900084673502e+02
7.643660676080445455e+02
8.059276301577014010e+02
8.438421741977733745e+02
8.773270883843949832e+02
9.351609712230215337e+02
9.836198119697316997e+02
1.025590600888473318e+03
1.063948296402192000e+03
1.102052197135227061e+03
1.142736763978228510e+03
1.187360544217686993e+03
1.238321190354027749e+03
1.296420433760125434e+03
1.362332270069112155e+03
1.436078463203463116e+03
1.518874724669603438e+03
1.608924670960515186e+03
1.707923383651381300e+03
1.813712134375904952e+03
2.045707273271475515e+03
2.296323238566130840e+03
2.563510047846889847e+03
2.844880921052631493e+03
3.137240338983051060e+03
3.443076815642458314e+03
3.761571325907294067e+03
4.093785423603403615e+03
4.438729349067377370e+03
4.787830594679186106e+03
5.151236641221374157e+03
5.524556335121749726e+03
5.901336155800169763e+03
6.290835360556037813e+03
6.682614699331848897e+03
7.083757077625570673e+03
7.488392422825069843e+03
7.905795302013422770e+03
8.315468366846493154e+03
8.733194277108434108e+03
9.163647300771208393e+03
9.578266281512605929e+03
1.001072556390977479e+04
1.043583488754799691e+04
1.086028179271708723e+04
1.129539210074413313e+04
1.173934152046783674e+04
1.218035961768219750e+04
1.261770444850700733e+04
1.305549285270354267e+04
1.350632741116751276e+04
1.395284346701164213e+04
1.439081740276862183e+04
1.483757824042981883e+04
1.529585821917808244e+04
1.572094425087107993e+04
1.617517246273953242e+04
1.664395079594790150e+04
1.707736497424576737e+04
1.756684932533733081e+04
4.458462944162436656e+02
4.813325856443719317e+02
5.138407369498464732e+02
5.443967503085150383e+02
5.727883543258310510e+02
5.997809583074050579e+02
6.252725379970851236e+02
6.833401346234750235e+02
7.352750850340136139e+02
7.815288936627282510e+02
8.227875894988067103e+02
8.596225629791895244e+02
8.936310314298361845e+02
9.514731376975169042e+02
1.000771125949804286e+03
1.044401877934272306e+03
1.084746472135852628e+03
1.125242992932001016e+03
1.168399205561072449e+03
1.215764601769911451e+03
1.269405356682977072e+03
1.329601206082852741e+03
1.397393648251934792e+03
1.473232419223459146e+03
1.556838674033149118e+03
1.648728575442539977e+03
1.748825900514579871e+03
1.854271353864032562e+03
2.085409186430501450e+03
2.335042480620154947e+03
2.603520653218059579e+03
2.883939603960396198e+03
3.177657366451173857e+03
3.483418417366946869e+03
3.803605120807789262e+03
4.134216988130563550e+03
4.479748091603053581e+03
4.827384163073304990e+03
5.191454691904953506e+03
5.565798924286305009e+03
5.940164191769197714e+03
6.334037472766884093e+03
6.724418303571428623e+03
7.116276177411979916e+03
7.522555971896955270e+03
7.940850144092219125e+03
8.345661100196462939e+03
8.770656438631791389e+03
9.189658775090067138e+03
9.618853080568720543e+03
1.003058333333333394e+04
1.047720638414969653e+04
1.089503032004491797e+04
1.133850574052812772e+04
1.177870557184750760e+04
1.221680969479353735e+04
1.265193463653023900e+04
1.309253333333333285e+04
1.349971084337349384e+04
1.396329773462783123e+04
1.442007992073976311e+04
1.486971313131313218e+04
1.529968814256340011e+04
1.576113966480447016e+04
1.622935017793594307e+04
1.667559825960841044e+04
1.714395642540620247e+04
1.755325656414103651e+04
5.031017400204708565e+02
5.352521596051008146e+02
5.649085277720421345e+02
5.929946069280232450e+02
6.194470122839891246e+02
6.444450020911752972e+02
7.014828897338403522e+02
7.527543223052294934e+02
7.982919991373732955e+02
8.393957743411021966e+02
8.763213814342278738e+02
9.098622528327038026e+02
9.681774705349048418e+02
1.017882162661737539e+03
1.062715362865221550e+03
1.105312199807877050e+03
1.148079011741682962e+03
1.193658937920718017e+03
1.242924619289340171e+03
1.298662962005686268e+03
1.361460931333859435e+03
1.431326727370112394e+03
1.509229700272479477e+03
1.593748821735514184e+03
1.686980253878702342e+03
1.787226842558072804e+03
1.893642752989209612e+03
2.124525903614458002e+03
2.373666562986003100e+03
2.640599036918138154e+03
2.919883928571428442e+03
3.216415557830091984e+03
3.524337785588752013e+03
3.841879248011568961e+03
4.176502233804914795e+03
4.514672275334608457e+03
4.868920204402515992e+03
5.232262817924909541e+03
5.604149253731343379e+03
5.987955725840783089e+03
6.374489519650654984e+03
6.758603933839964157e+03
7.167053694355208791e+03
7.560887793427230463e+03
7.968438461538461524e+03
8.383386509108813698e+03
8.809944024205748065e+03
9.228365325077398666e+03
9.651494459102901601e+03
1.007858036677454220e+04
1.049774545454545478e+04
1.092555005624296973e+04
1.136652531645569616e+04
1.179994715208455636e+04
1.224183213429256648e+04
1.267767461773700234e+04
1.312382896379525664e+04
1.354953816793893202e+04
1.399922452952628191e+04
1.444593783068783159e+04
1.490756245779878373e+04
1.533806391752577292e+04
1.579267366946778748e+04
1.622272150997151039e+04
1.668887010159651618e+04
1.711442920353982481e+04
1.761472009029345281e+04
5.558104480693784808e+02
5.851802530595311964e+02
6.127399541952945583e+02
6.387076537013801953e+02
6.632152005038841480e+02
7.200133729569093930e+02
7.702076725246463411e+02
8.153776238909326821e+02
8.561397637795275841e+02
8.927570671378091447e+02
9.263777331548416214e+02
9.849995450409462592e+02
1.035866589327146130e+03
1.081941106906338746e+03
1.125520366353338204e+03
1.170245028234716528e+03
1.217735683920980136e+03
1.269659363057324754e+03
1.327242219917012335e+03
1.392111991547807747e+03
1.463319720580333069e+03
1.542377085042384579e+03
1.629255218480378517e+03
1.722985572842998636e+03
1.823773237410071943e+03
1.931337529274004737e+03
2.161558308157099873e+03
2.412487355604121149e+03
2.677744769874476788e+03
2.960025572899368854e+03
3.254530437756498031e+03
3.562521846370683761e+03
3.885064609800363087e+03
4.214676371780515183e+03
4.558679201841903705e+03
4.913103312302839186e+03
5.271404048582995529e+03
5.644063175394846439e+03
6.020806052855925373e+03
6.408170603674540871e+03
6.805369672498878572e+03
7.200700827205881978e+03
7.605176636834667988e+03
8.013326097443318758e+03
8.431017786561264074e+03
8.847343781597573980e+03
9.268842731505432312e+03
9.691871496562665925e+03
1.011278810810810864e+04
1.054570315091210614e+04
1.096086971235194505e+04
1.140374048442906496e+04
1.183438257798705126e+04
1.226459879879879918e+04
1.270962844880441480e+04
1.315016697936210221e+04
1.358000191326530694e+04
1.402698634590377151e+04
1.447698938992042531e+04
1.490585820391627203e+04
1.535510942876806621e+04
1.582052982456140307e+04
1.624614051355206902e+04
1.673397960670065731e+04
1.718780059303187591e+04
1.761093524096385590e+04
6.051272121590671986e+02
6.322028439983270118e+02
6.576852823850514369e+02
6.822161535217207984e+02
7.380310902896081870e+02
7.876493115318417040e+02
8.323680434782609154e+02
8.730419319429198595e+02
9.096588287488908691e+02
9.431045912653975165e+02
1.002321836455002313e+03
1.053461341406613883e+03
1.101038461538461434e+03
1.145775574365175316e+03
1.192470805617147107e+03
1.241740210843373461e+03
1.296123242137560737e+03
1.355124934929724077e+03
1.420861456953642346e+03
1.495039902938797468e+03
1.574886968449931373e+03
1.662491487580240118e+03
1.757231838819523318e+03
1.858293710328909356e+03
1.966902553566187180e+03
2.198336567616737284e+03
2.448655496398371270e+03
2.715236111111111313e+03
2.996226364846870638e+03
3.291273507206588874e+03
3.602883663366336805e+03
3.921037468170243756e+03
4.251372989150767353e+03
4.597182692307692378e+03
4.946409952606634761e+03
5.315668155970755834e+03
5.680573511037067874e+03
6.068083012409071671e+03
6.453537955243527904e+03
6.845786324786325167e+03
7.238711059907834169e+03
7.642688060405851502e+03
8.057432994678277282e+03
8.463810891089109646e+03
8.883716168271666902e+03
9.295261004660796971e+03
9.718517223105458470e+03
1.014022860238353132e+04
1.057388482834994466e+04
1.100227133973996570e+04
1.142533352567801558e+04
1.186927020648967482e+04
1.230508554216867560e+04
1.272827010435850207e+04
1.318733918495297803e+04
1.361016932907348200e+04
1.403615875081327249e+04
1.448727670869276699e+04
1.494777251184834131e+04
1.538894620689655130e+04
1.584383907238229040e+04
1.627650107219442543e+04
1.673527239621267290e+04
1.718475463306152596e+04
1.766127870090634315e+04
6.514339701868569819e+02
6.769316743989877523e+02
7.007959356477560959e+02
7.562156611039794143e+02
8.054269662921348072e+02
8.500130975769482120e+02
8.899988979501873700e+02
9.267216655533288758e+02
9.598779226618704570e+02
1.019407704654895610e+03
1.071805003507131232e+03
1.119762925899452057e+03
1.166739922292375013e+03
1.214353945090279467e+03
1.265544973544973573e+03
1.321218317085684930e+03
1.382756205905408933e+03
1.450710792131844755e+03
1.525087662337662323e+03
1.607284140969162991e+03
1.695249509941192855e+03
1.791178011962403843e+03
1.892921227917752731e+03
2.001385159010600773e+03
2.233020985401459711e+03
2.483907378335949943e+03
2.750480077745383824e+03
3.033124624122953719e+03
3.330336660929432128e+03
3.636207654145995548e+03
3.957531170251549611e+03
4.294435435435435465e+03
4.631917501927525336e+03
4.990985334918747867e+03
5.355709283387622236e+03
5.728342534504391551e+03
6.104355060034305097e+03
6.492449186097668644e+03
6.878726453357367973e+03
7.279450092421441695e+03
7.680594888783719398e+03
8.093470902036857296e+03
8.504701092353525382e+03
8.917154900964957051e+03
9.315622602384655693e+03
9.749417197452228720e+03
1.018049837133550500e+04
1.060398057713651542e+04
1.103216723356009061e+04
1.146963267670915411e+04
1.189270271867612246e+04
1.232637454764776885e+04
1.275315313653136582e+04
1.320247457627118638e+04
1.362593154190658970e+04
1.407756331592689276e+04
1.452633954727030687e+04
1.497310915254237261e+04
1.541300345542501782e+04
1.587161971830985931e+04
1.631064874551971297e+04
1.676447810218977975e+04
1.721064487369985000e+04
1.765741345427059787e+04
6.958378492802709161e+02
7.197157738095238528e+02
7.744408163265305802e+02
8.232547190279886991e+02
8.669748083242059238e+02
9.074189907038512501e+02
9.438513302034428989e+02
9.770336343115124009e+02
1.036955100161178962e+03
1.090195774647887220e+03
1.139231762736187420e+03
1.187326102851571932e+03
1.236977408142998911e+03
1.289497850821744578e+03
1.347091939222250858e+03
1.409480471821756282e+03
1.478990926074192657e+03
1.554931034482758605e+03
1.637558287292817568e+03
1.727342230963753764e+03
1.824523727844482664e+03
1.925812608948285970e+03
2.035085106382978665e+03
2.267903846153846189e+03
2.519739130434782510e+03
2.786530061748456319e+03
3.068875000000000000e+03
3.364505350362444005e+03
3.675030206112295673e+03
3.997896450786681271e+03
4.327113157894737014e+03
4.677390866873064624e+03
5.031160636182902635e+03
5.392918775510203886e+03
5.766838993710692193e+03
6.142809544282029492e+03
6.525840388007054571e+03
6.915254857659286245e+03
7.312816666666666606e+03
7.713761024182076653e+03
8.120238465274404916e+03
8.536795522388059908e+03
8.952507888040712714e+03
9.377856175091194018e+03
9.786199042043639565e+03
1.021748067501360856e+04
1.063378654808226747e+04
1.107042727272727279e+04
1.149839582124202025e+04
1.192866291469194402e+04
1.234191792395896118e+04
1.279442072794571322e+04
1.323764128382630588e+04
1.367005519897304293e+04
1.411403010471204107e+04
1.453775949367088651e+04
1.499887151597552656e+04
1.544024307479224444e+04
1.590424929378531124e+04
1.633626346015793206e+04
1.678237646198830407e+04
1.724194568452380918e+04
1.768769038607115726e+04
7.385086446104588731e+02
7.925469053267198660e+02
8.411603136571552568e+02
8.849269687637483912e+02
9.248264830037769570e+02
9.610022441651705094e+02
9.945741160471441162e+02
1.054456099815157131e+03
1.108573650718831004e+03
1.158540696278511405e+03
1.208310176125244652e+03
1.259448765893792142e+03
1.313038324873096371e+03
1.371947790126647760e+03
1.436435148645093477e+03
1.506958768406961099e+03
1.585002179836512369e+03
1.668264485722206928e+03
1.759349224259520497e+03
1.856672784628620548e+03
1.959571011956838674e+03
2.067635447540011683e+03
2.302007960808328335e+03
2.553390328697850691e+03
2.822370841487279904e+03
3.105493611297915322e+03
3.401592246452059499e+03
3.712692801140413394e+03
4.034047322083638846e+03
4.367794716981132296e+03
4.711270647537805417e+03
5.066462734157034902e+03
5.427416121112929432e+03
5.802736864228667400e+03
6.182708495040966227e+03
6.562768890852849836e+03
6.956184496826836039e+03
7.354556897352531450e+03
7.756853472882968163e+03
8.156766309639727297e+03
8.573136159600997416e+03
8.984915859255481337e+03
9.403821503131524878e+03
9.812062899786780690e+03
1.024195199127114029e+04
1.066578050139275729e+04
1.109095845190665932e+04
1.151421080139372862e+04
1.194797093712929927e+04
1.239096123561477907e+04
1.282443537414965976e+04
1.325868411097099670e+04
1.368082080924855472e+04
1.412048002619515319e+04
1.458039438502673875e+04
1.503497750511247432e+04
1.547237404580152725e+04
1.591445441696113085e+04
1.634000574712643720e+04
1.680382723279648781e+04
1.726769253731343269e+04
1.770329817905918026e+04
8.390762361141363499e+02
8.866684997800264227e+02
9.299648966896245383e+02
9.694395061728395149e+02
1.005553037171350866e+03
1.039074158846417959e+03
1.100151656556229682e+03
1.155297740784779990e+03
1.208104217159476548e+03
1.260448148148148221e+03
1.314538480885311856e+03
1.371844262295081990e+03
1.434167666232073088e+03
1.501837801964427854e+03
1.575925695757903213e+03
1.655740516767454665e+03
1.742007829977628717e+03
1.834544368600682674e+03
1.932984966753396975e+03
2.038589999999999918e+03
2.148135942635195534e+03
2.383080246913580140e+03
2.635666666666666515e+03
2.907504270696451840e+03
3.191401489505754853e+03
3.490121381234740056e+03
3.799992097701149305e+03
4.125474131559497437e+03
4.461083269961976839e+03
4.799366757705813143e+03
5.158601364913689395e+03
5.519621087314661963e+03
5.892002536997885727e+03
6.269966594360086674e+03
6.647471111111110986e+03
7.047424270072992840e+03
7.443289387564282151e+03
7.833482544237206639e+03
8.238920666013711525e+03
8.645127254509017803e+03
9.059778974358974665e+03
9.481995800524933657e+03
9.900059044551797342e+03
1.032261821173889257e+04
1.073209625069949652e+04
1.115865331807780240e+04
1.158571495327102821e+04
1.202205250596658698e+04
1.245712667478684489e+04
1.286583002481389667e+04
1.331233945535148814e+04
1.374746675274370500e+04
1.419602766798418997e+04
1.463724228187919471e+04
1.508923203285421005e+04
1.554172714584787172e+04
1.596566926898509519e+04
1.642771511207519870e+04
1.686348270787343790e+04
1.729362976813761998e+04
1.775858841463414501e+04
9.334621195289935258e+02
9.761970819304152656e+02
1.015138712601994598e+03
1.051267338063630177e+03
1.084818160813308623e+03
1.146911619137402795e+03
1.203333013205282214e+03
1.258090998043052878e+03
1.312966093243580190e+03
1.369132994923857950e+03
1.429603773584905639e+03
1.494113624408206306e+03
1.564586991434689480e+03
1.642050953678474116e+03
1.723699196007762794e+03
1.812655007052186193e+03
1.907486377975337064e+03
2.007535433070866247e+03
2.112706579727326698e+03
2.224760542168674874e+03
2.461619166148102067e+03
2.716293418940610081e+03
2.985598214285714221e+03
3.273535312180143137e+03
3.573857644991212510e+03
3.885061482820976380e+03
4.210409530900968093e+03
4.540632122370936486e+03
4.888003930817610126e+03
5.242762212353653922e+03
5.605757462686567123e+03
5.980526181353767242e+03
6.357483842794759767e+03
6.731999105945462361e+03
7.129984855438274280e+03
7.513935680751174004e+03
7.907151850072080379e+03
8.315778434268833735e+03
8.731306606152294989e+03
9.139182146542827468e+03
9.552363588390500809e+03
9.969254584681768392e+03
1.037900661157024842e+04
1.079741394825646785e+04
1.123515544041450812e+04
1.165328420434527288e+04
1.208664148681055121e+04
1.251355351681957109e+04
1.295986945658963123e+04
1.336921437659033109e+04
1.381195652173913004e+04
1.425110185185185219e+04
1.470583929777177582e+04
1.513026735395188916e+04
1.557782913165266109e+04
1.601383606557377061e+04
1.646245137880987022e+04
1.689450036900369014e+04
1.737764785553047477e+04
1.782864241960183790e+04
1.023319809610154152e+03
1.062110322728313122e+03
1.098035582255083227e+03
1.132040363975734863e+03
1.194143638525564711e+03
1.252251817741153673e+03
1.308590617283950678e+03
1.365328973843058293e+03
1.424161116803278674e+03
1.487116036505866987e+03
1.554525617202017429e+03
1.627616049716292991e+03
1.705925508521165511e+03
1.790118847874720359e+03
1.880226962457337777e+03
1.976046834345186426e+03
2.077621105232216451e+03
2.185490588586794274e+03
2.297738456865127773e+03
2.535161704794735215e+03
2.792985765124555201e+03
3.064115371790596782e+03
3.353743986254295578e+03
3.654972035398230219e+03
3.968259016393442835e+03
4.292763118440779181e+03
4.626870184899846208e+03
4.971097783056215121e+03
5.325784146341463384e+03
5.687308719232373733e+03
6.056661386986301295e+03
6.437169595782073884e+03
6.818951801801801594e+03
7.206485226223453537e+03
7.590774681152573976e+03
7.997247941888619607e+03
8.401058998512642574e+03
8.798819564115559842e+03
9.217988058151609948e+03
9.625600530503978007e+03
1.003451952277657256e+04
1.046272545757071566e+04
1.087881869688385268e+04
1.129515326778484632e+04
1.172523744831659860e+04
1.214141626506024113e+04
1.257520233702337100e+04
1.299447556390977479e+04
1.341698019169329018e+04
1.387903002610965996e+04
1.430005984042553246e+04
1.473479891672308804e+04
1.519380524861878439e+04
1.562701125175808738e+04
1.605295636623748214e+04
1.652157622173595882e+04
1.694508234421364978e+04
1.742302191987906190e+04
1.787852000000000044e+04
1.109920055452864972e+03
1.146073961735884268e+03
1.179685673892554178e+03
1.242452100840336243e+03
1.301516878669275911e+03
1.359343056594365407e+03
1.416856635371733091e+03
1.477993540051679474e+03
1.542957642725598589e+03
1.612235813704496877e+03
1.688125885558583150e+03
1.767783753812032273e+03
1.854379689703808253e+03
1.946599082305706816e+03
2.043504081632652969e+03
2.146133669235328853e+03
2.255228614457831100e+03
2.368867728107777111e+03
2.608935820423648238e+03
2.868024787997390831e+03
3.141838937457969223e+03
3.430294321329639843e+03
3.731887384176764044e+03
4.045020909757887239e+03
4.370618490566037508e+03
4.705768902675456047e+03
5.049498406374502338e+03
5.404508592471358497e+03
5.770588902900378343e+03
6.140441569642087416e+03
6.510925762262483659e+03
6.894709882139619367e+03
7.283076172782164576e+03
7.677197524988100668e+03
8.065055988315481954e+03
8.474368263473053958e+03
8.873590515043344567e+03
9.282810542797495145e+03
9.681877398720682322e+03
1.009727862595419901e+04
1.051714094707520962e+04
1.093415822424587350e+04
1.134288160185722518e+04
1.177467734282325000e+04
1.220977044215626847e+04
1.263562708719851616e+04
1.306283858764186698e+04
1.347870969813744341e+04
1.392061664482306696e+04
1.436435294117647027e+04
1.481252215405589595e+04
1.524453088133240817e+04
1.568082473498233230e+04
1.610039008620689674e+04
1.655895387994143312e+04
1.701816641791044822e+04
1.744894840667678363e+04
1.792617310664605975e+04
1.194395146088595766e+03
1.228021878715814410e+03
1.291204556471158412e+03
1.351061975308641877e+03
1.409878269617706337e+03
1.469588883196721326e+03
1.532486831812255559e+03
1.599014335014600420e+03
1.670573358551742785e+03
1.746913413963716266e+03
1.828665268456375770e+03
1.916136803185437884e+03
2.009143683145417754e+03
2.107865079365079509e+03
2.212677920525844002e+03
2.321976306196841051e+03
2.436175000000000182e+03
2.677570518943011848e+03
2.939515768725361340e+03
3.214047393364929121e+03
3.502648535564853773e+03
3.805847701149425120e+03
4.122002586844050711e+03
4.448880608365018816e+03
4.780104996096799368e+03
5.128795664391810533e+03
5.480377265238879772e+03
5.843849471458774133e+03
6.211744468546638018e+03
6.580514666666666926e+03
6.969539233576641891e+03
7.355868630201028282e+03
7.740270813397129132e+03
8.132012242899118064e+03
8.528612224448897905e+03
8.929734495130702271e+03
9.346835695538058644e+03
9.750718347639485728e+03
1.016987602852440978e+04
1.057112814773363243e+04
1.098935469107551398e+04
1.140795852803738308e+04
1.183678102625298379e+04
1.226450913520097492e+04
1.266566935483871021e+04
1.310610132995566892e+04
1.353405164622336997e+04
1.397653425559947209e+04
1.442147951645399553e+04
1.485795687885010193e+04
1.530466992323796148e+04
1.572313058907026243e+04
1.618008459869848230e+04
1.661123031640912450e+04
1.703684816753926862e+04
1.749726448170731601e+04
1.795615271317829320e+04
1.276854981992797093e+03
1.340147504892367806e+03
1.400628521565694427e+03
1.459428317685866432e+03
1.520724547803617497e+03
1.584916600894501471e+03
1.652791488222698035e+03
1.726662670299727552e+03
1.803924868311616365e+03
1.887835825105782760e+03
1.977138801261829713e+03
2.071406413994169270e+03
2.170616182572613980e+03
2.276592168674698769e+03
2.387298836497244338e+03
2.501923771001866953e+03
2.746604688503532543e+03
3.005681442275884820e+03
3.283103036506312037e+03
3.574242179261862930e+03
3.876322603978300322e+03
4.194320670391061867e+03
4.513990822179732277e+03
4.852767295597484008e+03
5.198041178845377544e+03
5.549296311645254718e+03
5.916930608769689570e+03
6.284314410480349579e+03
6.649147071971390687e+03
7.037514915098669007e+03
7.412076056338028138e+03
7.795960595867371012e+03
8.194925652387986702e+03
8.601021180030256801e+03
8.999726006191949637e+03
9.399345464135021757e+03
9.812366235167206469e+03
1.021413608815426960e+04
1.062458661417322764e+04
1.105400863557858429e+04
1.145799354460093855e+04
1.189098681055155794e+04
1.231032844036697315e+04
1.274974141161773878e+04
1.315242684478371484e+04
1.358955483452303633e+04
1.402239417989417962e+04
1.447127076299797409e+04
1.489071683848797329e+04
1.533233473389355822e+04
1.577524465049928585e+04
1.620747242380261196e+04
1.663410036900368868e+04
1.711381715575620910e+04
1.756024042879019908e+04
1.800575292283710223e+04
1.437486041874376951e+03
1.497761481857396575e+03
1.558986821705426337e+03
1.622089187056037872e+03
1.688182280513918613e+03
1.759628882833787429e+03
1.834133629054615994e+03
1.914975176304654497e+03
2.001018640665328348e+03
2.091938483965014711e+03
2.187834024896265419e+03
2.290456024096385590e+03
2.397970912431108445e+03
2.509345052893590491e+03
2.626735294117646845e+03
2.873647423352902933e+03
3.136817417619367916e+03
3.414960872576177280e+03
3.706732715609408388e+03
4.010214233308877283e+03
4.326458113207547285e+03
4.652305932531989129e+03
4.987770027899561683e+03
5.332412029459901532e+03
5.688908364859184985e+03
6.048858990944372636e+03
6.410025187803800691e+03
6.784471441523119211e+03
7.163645610775662135e+03
7.548267967634459637e+03
7.927183544303797134e+03
8.327849800399200831e+03
8.718194288628250433e+03
9.118986430062630461e+03
9.505302077783697314e+03
9.917901308615049857e+03
1.032871866295264590e+04
1.073944109277177085e+04
1.114204120719674938e+04
1.156586951364175547e+04
1.199428831011508191e+04
1.241368954854669209e+04
1.283499684741488090e+04
1.324500128452151512e+04
1.368108912188728755e+04
1.412870635451505041e+04
1.456218336741649546e+04
1.498961832061068708e+04
1.542106289752650264e+04
1.584700718907261034e+04
1.628971376281112680e+04
1.674491716417910357e+04
1.718485041761579487e+04
1.764534698608964391e+04
1.806016169544740842e+04
1.593402221648153045e+03
1.655655090765588056e+03
1.719681745182012946e+03
1.788403542234332463e+03
1.859806764624341668e+03
1.937219746121297703e+03
2.019714941210209417e+03
2.106888629737609335e+03
2.199159751037344449e+03
2.298082831325301413e+03
2.402110532761787908e+03
2.509964219041692559e+03
2.623241858994625545e+03
2.742033076429030189e+03
2.989130995699636060e+03
3.255276356192425737e+03
3.535783479789103694e+03
3.827420976491862348e+03
4.135455493482309066e+03
4.447060826319816442e+03
4.774870283018867667e+03
5.110090028259992323e+03
5.451899709904682823e+03
5.809939123031076633e+03
6.168015720524017524e+03
6.525038461538461888e+03
6.902860027535566587e+03
7.270697040864255541e+03
7.647609615384615608e+03
8.034387493845396421e+03
8.427941028225806804e+03
8.822620743034056431e+03
9.214802742616033356e+03
9.619939590075511660e+03
1.001477520661156996e+04
1.041834926884139531e+04
1.084047495682210683e+04
1.123903697183098666e+04
1.166501618705035980e+04
1.207780733944954045e+04
1.251122985633978715e+04
1.291665690642902700e+04
1.334944090909090846e+04
1.376805952380952294e+04
1.421195273463875674e+04
1.461732967032967099e+04
1.506366946778711463e+04
1.550249572039942905e+04
1.593074455732946262e+04
1.635265977859778650e+04
1.682947554552294969e+04
1.727196554364471740e+04
1.771404832424006236e+04
1.813604196357878027e+04
1.748296841541755839e+03
1.814053133514986484e+03
1.882043803714998603e+03
1.955697038081805431e+03
2.034230570691138610e+03
2.117346355685131130e+03
2.205671606401896952e+03
2.300564457831325399e+03
2.400774647887324136e+03
2.504050388802488214e+03
2.614530192854884717e+03
2.729749197174052824e+03
2.848850945857795068e+03
3.098522016806722604e+03
3.365888504155124792e+03
3.646517818959372562e+03
3.939285033015407407e+03
4.245276981132075889e+03
4.561181465684373507e+03
4.886506974890394304e+03
5.221981587561374909e+03
5.568965952080706302e+03
5.919340664079344606e+03
6.271557666813963806e+03
6.637132366273798652e+03
7.007717138875987075e+03
7.383578772013326670e+03
7.754355404089581498e+03
8.147148702594809947e+03
8.529565527791943168e+03
8.922842901878913835e+03
9.302930740543421052e+03
9.708007088331516570e+03
1.011674693422519522e+04
1.051608764940239053e+04
1.091267034242600130e+04
1.133017615658362956e+04
1.175283403997577261e+04
1.216663388991960346e+04
1.258279445145018872e+04
1.298772190109184339e+04
1.341870314547837552e+04
1.386133913043478242e+04
1.429049147920927135e+04
1.471398750867453236e+04
1.514120918727915159e+04
1.556260891445003654e+04
1.600159004392386487e+04
1.645330746268656731e+04
1.688978815489749468e+04
1.734717078825347926e+04
1.777241869599371421e+04
1.824680879999999888e+04
1.901815081785417306e+03
1.971387870239774429e+03
2.045645540579294448e+03
2.124981918926800972e+03
2.208327208061647980e+03
2.298191508581752259e+03
2.394939375382731214e+03
2.494118195956454201e+03
2.600692696806828735e+03
2.712056840077071229e+03
2.827525766470972030e+03
2.945307310618590691e+03
3.198508017741385174e+03
3.466985588752196691e+03
3.747094394213381747e+03
4.044258845437616401e+03
4.345540168324407205e+03
4.663747641509434288e+03
4.988574485264432951e+03
5.320912142561127439e+03
5.669541507024265229e+03
6.018604803493450163e+03
6.369591498881432017e+03
6.736037631941257132e+03
7.102432534085566658e+03
7.464661057692307622e+03
7.843706548498276788e+03
8.230085685483871202e+03
8.616916408668730583e+03
9.002379219409282086e+03
9.400488673139157981e+03
9.789235261707988684e+03
1.019259032076533549e+04
1.060233506044904971e+04
1.099566431924882636e+04
1.141593645083932824e+04
1.182288379204892954e+04
1.225094003747657734e+04
1.265209548058561450e+04
1.308023441558441482e+04
1.349394378306878389e+04
1.393347535449020870e+04
1.433677197802197770e+04
1.477699369747899073e+04
1.521222325249643291e+04
1.563703265602322244e+04
1.605480369003690066e+04
1.652902257336343246e+04
1.696806738131699967e+04
1.740709664848012471e+04
1.782587173396674552e+04
1.828277938808373437e+04
2.054836822483510332e+03
2.129451151939340889e+03
2.208093953764078378e+03
2.293277928334839089e+03
2.385486221677893354e+03
2.479493159203980213e+03
2.582637053430287779e+03
2.689872190109184430e+03
2.801439334637964748e+03
2.915432682765464961e+03
3.037858823529411893e+03
3.290888850415512479e+03
3.559206699928723992e+03
3.841763302752293384e+03
4.135402641509434034e+03
4.440882124854594622e+03
4.757877192982456108e+03
5.082007364975450400e+03
5.419540983606557347e+03
5.760640793445450981e+03
6.104239946973044425e+03
6.461373980054397180e+03
6.823867162099396410e+03
7.191538791051880253e+03
7.554857351509250293e+03
7.940393712574850724e+03
8.315489546149923626e+03
8.702041231732777305e+03
9.075912626531699061e+03
9.474786259541984691e+03
9.877099219620959047e+03
1.026412059158134252e+04
1.066207080673244309e+04
1.107338315539739051e+04
1.149142216838279819e+04
1.190014223871366812e+04
1.231180075662042873e+04
1.271215414258188866e+04
1.313859960681520351e+04
1.357678996655518313e+04
1.400208520790729381e+04
1.442212768910478917e+04
1.484557879858657179e+04
1.526287491013659201e+04
1.569859882869692592e+04
1.614722014925373151e+04
1.658060440394836769e+04
1.703510200927357073e+04
1.745737549096622024e+04
1.792901280000000042e+04
1.837652113821138119e+04
2.205833728512151538e+03
2.286000903342366655e+03
2.373303123086343930e+03
2.462625621890547336e+03
2.561190009484666462e+03
2.664014450867051892e+03
2.771415198956294716e+03
2.881377770426728603e+03
3.000067899159663739e+03
3.121122866894198069e+03
3.375141300527240674e+03
3.642712115732369057e+03
3.928228305400372392e+03
4.219887485648680013e+03
4.526689465408804608e+03
4.841228098506257993e+03
5.164079569001242817e+03
5.503441464452958826e+03
5.843750655021834064e+03
6.186464876957494198e+03
6.544541991739330115e+03
6.903141513869299160e+03
7.257419711538461343e+03
7.635806801379990247e+03
8.009284274193548299e+03
8.389247678018575243e+03
8.768540084388185278e+03
9.160275080906149014e+03
9.543498071625344892e+03
9.940553742262240121e+03
1.034515947035118006e+04
1.073353521126760643e+04
1.114888729016786601e+04
1.155050581039755343e+04
1.197380074953154326e+04
1.237114894971355898e+04
1.279482922077922012e+04
1.321357776307081440e+04
1.363993585415259986e+04
1.403998763736263754e+04
1.447607563025210038e+04
1.490808915834522122e+04
1.532980986937590751e+04
1.574387380073800705e+04
1.621571632806621528e+04
1.665153292496171343e+04
1.708788386593920586e+04
1.750377355502771024e+04
1.795834219001610472e+04
1.844288761279737446e+04
2.359259951010410077e+03
2.443515236318407915e+03
2.537196332595637159e+03
2.635314386640976409e+03
2.738230593607305764e+03
2.843925570625206547e+03
2.957556451612903402e+03
3.075754266211604318e+03
3.196751731301938889e+03
3.451547754811118921e+03
3.721623853211009191e+03
4.003671698113207640e+03
4.298307871267933479e+03
4.604884768740032086e+03
4.917387321063394666e+03
5.247331231609919996e+03
5.579555411815437765e+03
5.914799823243482024e+03
6.263777425203988969e+03
6.618467719461216802e+03
6.978471680152308181e+03
7.334829113924050944e+03
7.713518463073852217e+03
8.081774094849566609e+03
8.462179540709812500e+03
8.835149253731342469e+03
9.218676294277929628e+03
9.619895763656633790e+03
1.000730221969265767e+04
1.039490365641323297e+04
1.080032918149466241e+04
1.121431314354936330e+04
1.161845021645021734e+04
1.202597288776796995e+04
1.242217405266538299e+04
1.284446657929226785e+04
1.327857725752508304e+04
1.370044785276073708e+04
1.411732061068702205e+04
1.453734346289752648e+04
1.495080301941049584e+04
1.538361200585651568e+04
1.582940671641791050e+04
1.625999696279423006e+04
1.669894054054054141e+04
1.713138805970149406e+04
1.760050960000000123e+04
1.804559756097560967e+04
1.846114108910891082e+04
2.511420486879544569e+03
2.604537572254335373e+03
2.702696999347684141e+03
2.803832285808799043e+03
2.913219422043010582e+03
3.027277474402730149e+03
3.144384349030470730e+03
3.266533567662565929e+03
3.520520795660036129e+03
3.793607076350092939e+03
4.072054322876816968e+03
4.370040487421383659e+03
4.676048061389337818e+03
4.987474513054289673e+03
5.317675606641123522e+03
5.649413537117903616e+03
5.984164205816554386e+03
6.333981642955483949e+03
6.685198871650211913e+03
7.035060606060606005e+03
7.407614398422090744e+03
7.770850302419355103e+03
8.144560371517028216e+03
8.513919873484448544e+03
8.899113207547170532e+03
9.282017079889807064e+03
9.672955543050084088e+03
1.007305757052389163e+04
1.045686678403755832e+04
1.086772721822542007e+04
1.126443180428134474e+04
1.168327920049968816e+04
1.207715595162317004e+04
1.249672532467532437e+04
1.291212905360688274e+04
1.333436461850101296e+04
1.373147939560439590e+04
1.416374579831932715e+04
1.459279885877318156e+04
1.501166473149492049e+04
1.542240073800737991e+04
1.589194657637321325e+04
1.632481163859111803e+04
1.675870070148090235e+04
1.718556656101426415e+04
1.763868734891216809e+04
1.810564725184577401e+04
1.851800499583680357e+04
2.665528375733855228e+03
2.761823023486602779e+03
2.866692876344086017e+03
2.976383617747440439e+03
3.089384695290858872e+03
3.207685061511423555e+03
3.329366714183891872e+03
3.585964403669724561e+03
3.855693207547170005e+03
4.139031795269484064e+03
4.434876794258373593e+03
4.737601226993864657e+03
5.057995376208490597e+03
5.381354894351013172e+03
5.710954907161803931e+03
6.049452402538531715e+03
6.396583836507199521e+03
6.749184673964778995e+03
7.098885589094449642e+03
7.471027944111776378e+03
7.832817950025497339e+03
8.207496868475991505e+03
8.575096481876333200e+03
8.954102452316075869e+03
9.348918617614270261e+03
9.731351166761525747e+03
1.012058478513356567e+04
1.051467674970343978e+04
1.092479588128406976e+04
1.132470253555967793e+04
1.172831778058007512e+04
1.212059473346178493e+04
1.253911402359108797e+04
1.296946354515050189e+04
1.338812406271301916e+04
1.380208258154059695e+04
1.421890883392226169e+04
1.462877354421279597e+04
1.507028351648351600e+04
1.550206343283582100e+04
1.594218996960486402e+04
1.636777760617760578e+04
1.679640691280439933e+04
1.726305519999999888e+04
1.770602439024390333e+04
1.812097112211221247e+04
1.856105364626990922e+04
2.818653225806451701e+03
2.923743003412969301e+03
3.032415512465373922e+03
3.146650966608084218e+03
3.264437990021382575e+03
3.385865461121157296e+03
3.645563500931098588e+03
3.913614236509758939e+03
4.198745283018867667e+03
4.494228998384491206e+03
4.794053024026511594e+03
5.116972754363559034e+03
5.440165065502183097e+03
5.769653088630259845e+03
6.108826984855438241e+03
6.452877291960508046e+03
6.799310394610201911e+03
7.161867850098619783e+03
7.518901713709677097e+03
7.886631578947368325e+03
8.251254612546124918e+03
8.630237196765498084e+03
9.008157024793388700e+03
9.399127815315316184e+03
9.794850230414745965e+03
1.016879694835680675e+04
1.057536330935251863e+04
1.096738287461773689e+04
1.138208557151780224e+04
1.177272374283895624e+04
1.218848116883116927e+04
1.260072402382528162e+04
1.301905604321404462e+04
1.341346153846153902e+04
1.383266620013995816e+04
1.426845363766048467e+04
1.468461393323657467e+04
1.510352658788773988e+04
1.555959367945823942e+04
1.598966615620214361e+04
1.642122681215900229e+04
1.684559587955625830e+04
1.729652135374697900e+04
1.776058818703855650e+04
1.817154621149042578e+04
1.863558086367485157e+04
2.974093144044321434e+03
3.084042530755711596e+03
3.197725231646471912e+03
3.315334177215189811e+03
3.439719633027522832e+03
3.696322641509434106e+03
3.967658782473827159e+03
4.254159553250897261e+03
4.545062576687116234e+03
4.855720891130727068e+03
5.170228978007761725e+03
5.491625994694960355e+03
5.822300997280144657e+03
6.162006967022758545e+03
6.507344121846739654e+03
6.850704479065238957e+03
7.216481037924151678e+03
7.571938296787353465e+03
7.941224947807932949e+03
8.303736140724946381e+03
8.677668119891008246e+03
9.060701392757660869e+03
9.444863972680705047e+03
9.829926248548199510e+03
1.022511810089020764e+04
1.062541853422168424e+04
1.102127705627705654e+04
1.142129382093316599e+04
1.182515112540192968e+04
1.222465727391874134e+04
1.265148227424749166e+04
1.306715950920245450e+04
1.347834420541290820e+04
1.389213356890459363e+04
1.430932446043165510e+04
1.473783516483516541e+04
1.516684477611940383e+04
1.560444908814589689e+04
1.602832586872586944e+04
1.645400392772977284e+04
1.691826559999999881e+04
1.735920650406504137e+04
1.777238943894389377e+04
1.821037636211232166e+04
1.868837318531169876e+04
3.129815395580897984e+03
3.244610709117221631e+03
3.362560161408657223e+03
3.488620484171322005e+03
3.745353751914241911e+03
4.015498231827111795e+03
4.301685783521809753e+03
4.591806130903065423e+03
4.905158365261813742e+03
5.219784716157205366e+03
5.541376007162040878e+03
5.872576870123910339e+03
6.209559943582510641e+03
6.549326756496631788e+03
6.905405818540433756e+03
7.252785390428211940e+03
7.618363261093911206e+03
7.977668950975224107e+03
8.351452291105120821e+03
8.724580716253443825e+03
9.115831549295775403e+03
9.501623847926266535e+03
9.871550469483567213e+03
1.027400959232613968e+04
1.066164831804281312e+04
1.107223610243597795e+04
1.145990515595162287e+04
1.187186883116883109e+04
1.228117273328921328e+04
1.269586360567184420e+04
1.308767925824175836e+04
1.350564100769768993e+04
1.393662268188302369e+04
1.435022786647314933e+04
1.476615583456425338e+04
1.522010759969902210e+04
1.564752986217457874e+04
1.607672096648480147e+04
1.649878209191759015e+04
1.694766800966962182e+04
1.740896390484003132e+04
1.781856536219816917e+04
1.828030313293818836e+04
1.868706271477663176e+04
3.285426999266324401e+03
3.408058472998137859e+03
3.529530566037735753e+03
3.788113222179139029e+03
4.062934982050259350e+03
4.343361145194274286e+03
4.644061790668348294e+03
4.949543768865890343e+03
5.265011941618752644e+03
5.585491387126019617e+03
5.917804923362749832e+03
6.256009995240361604e+03
6.593083252190846906e+03
6.952588323353293163e+03
7.301990821009689171e+03
7.665933194154488774e+03
8.023504264392324330e+03
8.392372752043596847e+03
8.775017279821628108e+03
9.150032441661924167e+03
9.531066202090592924e+03
9.921375074183975812e+03
1.031811387038158682e+04
1.071011811997526274e+04
1.110658953341740198e+04
1.150707331189710567e+04
1.191087213114754013e+04
1.232629230769230708e+04
1.273914314928425301e+04
1.314763289382373296e+04
1.355851802120141292e+04
1.397256690647481992e+04
1.439876263736263718e+04
1.482509701492537351e+04
1.526023252279635199e+04
1.568140694980694934e+04
1.610532128829536487e+04
1.656726320000000123e+04
1.700625691056910728e+04
1.741773762376237573e+04
1.785374685666387086e+04
1.832921776259607213e+04
1.879715899218071354e+04
3.444511698113207331e+03
3.569625191424196146e+03
3.827163457760314486e+03
4.101802100161550698e+03
4.383544964774139771e+03
4.685325244785014547e+03
4.991206113537117744e+03
5.304745299910474387e+03
5.628012849931161327e+03
5.957928537846732070e+03
6.291084696823869308e+03
6.640743096646942831e+03
6.982377833753148479e+03
7.342103199174406654e+03
7.696190300474433570e+03
8.064864150943396453e+03
8.433337190082644156e+03
8.819683943661972080e+03
9.200942972350230775e+03
9.567065140845070346e+03
9.965513788968824883e+03
1.034899633027522941e+04
1.075552467207994960e+04
1.114030617441120376e+04
1.154861493506493571e+04
1.195503507610853740e+04
1.236620324105334294e+04
1.275554532967032901e+04
1.317032680195941248e+04
1.359862838801711769e+04
1.400975834542815755e+04
1.442284342688330798e+04
1.487466741911211466e+04
1.529957274119448630e+04
1.572641153546375608e+04
1.614628526148969831e+04
1.659310797743755029e+04
1.705178014766201886e+04
1.746002414654454697e+04
1.791951397121083937e+04
1.832499828178694224e+04
1.877233158813263435e+04
3.605126842513576321e+03
3.866169126445951406e+03
4.135563599182004509e+03
4.425899957965531939e+03
4.722075463561880497e+03
5.029048208757187240e+03
5.341576609247506894e+03
5.666456107756618621e+03
5.997465492622560305e+03
6.328326192794546841e+03
6.681614770459082138e+03
7.025117797042325037e+03
7.383679018789143811e+03
7.736366204690831182e+03
8.100302997275204689e+03
8.477787625418060998e+03
8.848571428571429351e+03
9.231181289947704499e+03
9.611248071216617973e+03
1.000451907934585142e+04
1.039354792826221455e+04
1.078575977301387138e+04
1.118291575562700928e+04
1.158339475409836086e+04
1.199521939799331085e+04
1.240529516019086623e+04
1.281117904233171430e+04
1.321922120141342748e+04
1.363028776978417227e+04
1.405414652014651983e+04
1.447784253731343233e+04
1.491061246200607820e+04
1.532916293436293381e+04
1.576382389937106927e+04
1.621099920000000020e+04
1.664799674796747786e+04
1.707206193228736447e+04
1.750680201342281725e+04
1.796498633646456074e+04
1.843102693310164977e+04
1.887192592592592700e+04
3.924303067484662733e+03
4.203724674232870711e+03
4.490215610176800510e+03
4.788387881468376690e+03
5.092755666364460922e+03
5.410017185322805744e+03
5.733722037125178758e+03
6.058317429406037263e+03
6.405314870259480813e+03
6.742945945945945823e+03
7.096140396659708131e+03
7.447980266666666466e+03
7.802958583106266815e+03
8.175365663322185355e+03
8.541963005122368486e+03
8.920539221382916367e+03
9.296055786350148992e+03
9.685867958812841607e+03
1.007209461966604795e+04
1.045998171500630451e+04
1.085376977491961406e+04
1.125102426229508274e+04
1.165936120401337757e+04
1.206670211315610140e+04
1.247001596113809865e+04
1.287525512367491137e+04
1.329296904247660132e+04
1.370499560439560446e+04
1.412606791044776037e+04
1.455647492401215823e+04
1.497247413127413165e+04
1.540525393081760922e+04
1.585023760000000038e+04
1.628519674796748041e+04
1.670763501238645767e+04
1.715495717884130863e+04
1.759642356959863537e+04
1.806051781059947825e+04
1.848388898678414262e+04
1.890630294906166091e+04
4.255983613626563056e+03
4.544931888544891990e+03
4.840818223028105422e+03
5.150221551323734275e+03
5.469194285714285797e+03
5.784649464459591400e+03
6.125233532934131290e+03
6.457020397756246894e+03
6.804709812108559163e+03
7.151575466666666216e+03
7.501662125340599232e+03
7.869007246376811963e+03
8.231395560614684655e+03
8.605840790238233240e+03
8.976909198813056719e+03
9.363205935796486301e+03
9.745736549165119868e+03
1.013026418663303957e+04
1.052067652733119030e+04
1.091474950819672085e+04
1.131960735785953148e+04
1.172424539877300595e+04
1.212496738376127723e+04
1.252744664310954067e+04
1.294208423326133925e+04
1.335200952380952367e+04
1.377046865671641717e+04
1.420936197718631229e+04
1.461203552123552072e+04
1.504290644654088101e+04
1.548573519999999917e+04
1.591861138211382058e+04
1.633939719240297200e+04
1.678463811922754030e+04
1.722403245089666962e+04
1.768623197219808935e+04
1.810889515418502197e+04
1.852925111706881216e+04
1.898553176043557323e+04
4.589472562358276264e+03
4.886424791086350524e+03
5.199947142857143263e+03
5.511375060886507526e+03
5.842616267465069541e+03
6.168513003569607463e+03
6.510598121085595267e+03
6.852409066666667059e+03
7.201495637949836237e+03
7.559758639910814054e+03
7.917899260102447442e+03
8.288130737943056374e+03
8.654707418397625588e+03
9.037485766202302329e+03
9.416288188002474271e+03
9.797480453972257237e+03
1.018445852090032167e+04
1.057535803278688581e+04
1.097672575250836053e+04
1.137865167007498349e+04
1.177680291464260881e+04
1.217646501766784422e+04
1.258816054715622704e+04
1.299588351648351636e+04
1.341166940298507507e+04
1.384805779467680622e+04
1.424846332046332100e+04
1.467734905660377444e+04
1.511799040000000059e+04
1.554879999999999927e+04
1.596798348472336875e+04
1.641114525608732220e+04
1.684841502988898355e+04
1.730867593397046221e+04
1.773064140969163054e+04
1.814886148346738264e+04
1.860356987295825820e+04
1.908716805170821681e+04
4.929839523809523598e+03
5.234257184607890849e+03
5.558709081836327641e+03
5.881572959183673447e+03
6.214842379958246056e+03
6.551154133333333448e+03
6.895378953107961024e+03
7.248541248606466070e+03
7.602350028457598455e+03
7.968206856478791451e+03
8.330280712166171725e+03
8.709544518473652715e+03
9.084575757575757962e+03
9.462359394703657017e+03
9.845845016077169930e+03
1.023354491803278688e+04
1.063144548494983246e+04
1.103064349011588274e+04
1.142611519777931971e+04
1.182293286219081347e+04
1.223165370770338450e+04
1.263716996336996272e+04
1.305024477611940347e+04
1.348414676806083662e+04
1.388222857142857174e+04
1.430910062893081704e+04
1.474750560000000041e+04
1.517625203252032588e+04
1.559377786952931456e+04
1.603486733837111751e+04
1.647000597779675445e+04
1.692827454387488979e+04
1.734966255506607922e+04
1.778155366726296779e+04
1.821785480943738730e+04
1.870019390581717380e+04
1.916542723004694926e+04
5.274484031936127394e+03
5.591045408163265165e+03
5.918365344467641080e+03
6.249132800000000316e+03
6.588189203925845504e+03
6.936183946488294168e+03
7.285521912350597631e+03
7.646912841371296054e+03
8.009181116389549061e+03
8.379978800726832560e+03
8.751229437229436371e+03
9.125542244640604622e+03
9.505515112540193513e+03
9.883120576671035451e+03
1.028428227424749093e+04
1.068065712338105004e+04
1.107345523941707143e+04
1.147550282885431443e+04
1.187301295896328338e+04
1.227635750915750941e+04
1.268672611940298520e+04
1.311805855513308052e+04
1.351381158301158212e+04
1.393860849056603729e+04
1.437476800000000003e+04
1.480141138211382167e+04
1.521722047894302159e+04
1.565622921914357721e+04
1.610304444444444380e+04
1.654541963509991183e+04
1.696666872246695857e+04
1.739564937388193357e+04
1.782984754990925649e+04
1.831066389658356275e+04
1.877395868544601035e+04
1.923105714285714203e+04
5.622017745302713593e+03
5.947111466666666274e+03
6.280721374045801895e+03
6.623375139353400300e+03
6.968105862265224459e+03
7.324905287623474578e+03
7.682389548693587130e+03
8.049370078740157624e+03
8.416917130488558541e+03
8.787628625472887506e+03
9.163943408360128160e+03
9.543366557377048593e+03
9.935789297658862779e+03
1.032931970006816664e+04
1.071935530881332488e+04
1.111829349363507754e+04
1.151280633549316008e+04
1.191393919413919502e+04
1.232150000000000000e+04
1.275019239543726326e+04
1.314367876447876370e+04
1.356629088050314385e+04
1.400016480000000047e+04
1.441328107229894340e+04
1.483875144508670564e+04
1.527561209068010066e+04
1.572007863247863315e+04
1.616050130321459619e+04
1.658061938325991287e+04
1.700756440071556426e+04
1.743982123411978318e+04
1.791883471837488469e+04
1.838023286384976382e+04
1.883558000000000175e+04
1.927050965250965237e+04
5.973689203925845504e+03
6.310792642140468161e+03
6.650773477518497202e+03
7.002844857640906412e+03
7.355458432304038070e+03
7.718399757722592767e+03
8.082102659245516406e+03
8.449133039092055697e+03
8.821698392282958594e+03
9.197489180327869690e+03
9.586460869565216854e+03
9.976959100204498100e+03
1.036423108952116672e+04
1.076000707213578426e+04
1.115146436285097116e+04
1.155027912087912046e+04
1.194516181953765772e+04
1.238098174904942971e+04
1.277213822393822375e+04
1.320295357985837836e+04
1.362403280000000086e+04
1.403603736799350190e+04
1.445867547481420297e+04
1.489313182199832045e+04
1.532235610589239877e+04
1.577379843614248421e+04
1.619235506607929528e+04
1.661758407871198506e+04
1.704790471869328394e+04
1.752501569713757999e+04
1.798452206572769865e+04
1.843812666666666701e+04
1.887226158301158284e+04
1.931963467189030416e+04
6.334067159931702008e+03
6.681167344567112195e+03
7.028862232779097212e+03
7.383416464891040960e+03
7.747322820037105885e+03
8.110531525851198239e+03
8.472003856041130348e+03
8.857187664041994140e+03
9.236695652173913913e+03
9.624079754601227251e+03
1.000174479889042959e+04
1.040102050919377689e+04
1.078940964722822173e+04
1.118580219780219704e+04
1.158615074626865680e+04
1.201078707224334539e+04
1.240925502318392500e+04
1.282786388670338238e+04
1.324671520000000055e+04
1.365795775792039058e+04
1.407725185796862024e+04
1.450912510495382048e+04
1.495006666666666752e+04
1.538563683753258010e+04
1.580256123348017536e+04
1.622607245080500979e+04
1.665430671506352155e+04
1.712955678670360066e+04
1.758710892018779487e+04
1.803893809523809614e+04
1.847220752895752958e+04
1.891827913809990059e+04
1.939734328358208950e+04
6.707216874628639744e+03
7.053865617433413718e+03
7.413034632034631613e+03
7.772306431273644193e+03
8.129237789203084503e+03
8.511080052493438416e+03
8.886951170568561793e+03
9.271022494887525681e+03
9.647753120665742244e+03
1.004173267326732639e+04
1.042694312455003637e+04
1.082086300366300384e+04
1.122639805825242729e+04
1.163999695817490465e+04
1.203589026275115975e+04
1.245200078678206228e+04
1.286856079999999929e+04
1.327878878960194925e+04
1.369487283236994153e+04
1.412408396305625502e+04
1.456371709401709450e+04
1.499630060816681180e+04
1.541155682819383219e+04
1.583322719141323796e+04
1.625944192377495528e+04
1.673270729455216861e+04
1.718825539906103222e+04
1.763826380952381078e+04
1.807055791505791422e+04
1.851538589618021433e+04
1.899159900497512353e+04
1.942642842741935601e+04
7.079679653679653711e+03
7.434830390920555146e+03
7.792369774919614429e+03
8.165527559055118218e+03
8.537562541806020818e+03
8.918239263803681752e+03
9.292298890429958192e+03
9.682489391796321797e+03
1.006441900647948205e+04
1.045576923076923049e+04
1.085787752053771510e+04
1.126886844106463832e+04
1.166210741885625976e+04
1.207565853658536616e+04
1.248978640000000087e+04
1.289780016246953710e+04
1.331176548307184203e+04
1.374988739495798291e+04
1.417677435897435862e+04
1.460600695047784575e+04
1.501951894273127800e+04
1.543933542039355962e+04
1.586348729582577107e+04
1.633469713758079342e+04
1.678819624413145721e+04
1.723636476190476242e+04
1.766742953667953770e+04
1.811115866797257695e+04
1.858452835820895416e+04
1.901859778225806440e+04
1.948520654396728060e+04
7.451659807073954653e+03
7.820851706036745782e+03
8.188946488294314804e+03
8.566038173142467713e+03
8.937006241331484489e+03
9.323556577086279503e+03
9.702170626349892700e+03
1.009083443223443282e+04
1.048946900672143420e+04
1.089761825095057065e+04
1.128824884080370975e+04
1.169905743509048079e+04
1.211074480000000040e+04
1.251632575142160931e+04
1.293901735537190143e+04
1.336336134453781597e+04
1.378970256410256479e+04
1.421504257167680225e+04
1.462679295154185093e+04
1.505817367949865729e+04
1.546669872958257656e+04
1.593576269621422034e+04
1.638715117370892040e+04
1.683342571428571318e+04
1.726315444015444155e+04
1.770585896180215423e+04
1.817620995024875447e+04
1.860950100806451519e+04
1.907420756646216614e+04
1.956405815160955171e+04
7.841379933110368256e+03
8.214800954328562511e+03
8.582526352288488852e+03
8.965312588401697212e+03
9.354007930785868666e+03
9.726344322344322791e+03
1.012145257654966372e+04
1.052669125475285182e+04
1.092301624129930315e+04
1.132254760031471233e+04
1.173163440000000082e+04
1.213468480909829486e+04
1.255511983471074382e+04
1.297657394957983161e+04
1.340063076923076915e+04
1.382365768896611553e+04
1.423353215859030752e+04
1.466256222023276678e+04
1.506929854809437347e+04
1.553613573407202239e+04
1.598532488262910738e+04
1.642966857142857043e+04
1.687443768115941930e+04
1.729963956904995212e+04
1.776688258706467604e+04
1.819934979838709842e+04
1.866216053169734005e+04
1.915031360332294935e+04
1.960419388830347816e+04
8.228961858529819438e+03
8.608084158415842467e+03
8.992950252343187458e+03
9.362609523809524035e+03
9.754057505601194862e+03
1.015621596958174814e+04
1.054948182521268427e+04
1.094633438237608243e+04
1.135276720000000023e+04
1.176284227642276346e+04
1.217129504132231341e+04
1.258956554621848773e+04
1.301135897435897459e+04
1.342977584708948780e+04
1.384000616740088117e+04
1.426653804834377843e+04
1.467147186932849399e+04
1.513601108033240962e+04
1.558295492957746501e+04
1.602530190476190546e+04
1.646837971014492723e+04
1.689275514201763144e+04
1.735682487562188908e+04
1.778830443548387120e+04
1.824913701431492882e+04
1.873564589823468486e+04
1.918743414120126545e+04
1.967766203208556180e+04
8.626244956772334262e+03
8.999890842490842260e+03
9.387598207617624212e+03
9.786553612167301253e+03
1.017658700696055712e+04
1.057069787568843458e+04
1.097434480000000076e+04
1.138157317073170816e+04
1.178767355371900885e+04
1.219068345927791779e+04
1.262214529914529885e+04
1.303780451781060037e+04
1.344637621145374396e+04
1.387033751119068984e+04
1.427343284936479176e+04
1.473559279778393284e+04
1.518015774647887338e+04
1.562047809523809519e+04
1.606181159420289805e+04
1.648547404505387021e+04
1.694610945273631660e+04
1.737656350806451519e+04
1.783526584867075508e+04
1.832019833852544252e+04
1.876984088514225368e+04
1.925848877005347458e+04
1.966878896103896113e+04
9.022286034353996001e+03
9.417894296577946079e+03
9.804651972157773343e+03
1.019586388670338238e+04
1.059663199999999961e+04
1.100074634146341486e+04
1.140457768595041307e+04
1.181372352941176541e+04
1.223314786324786292e+04
1.264622675933970459e+04
1.305289251101321497e+04
1.347409400179051045e+04
1.387539564428312224e+04
1.433508771929824616e+04
1.477715492957746392e+04
1.521545428571428602e+04
1.565490917874396109e+04
1.607759255631733504e+04
1.653494029850746301e+04
1.696432157258064399e+04
1.742084253578732023e+04
1.790416614745586776e+04
1.835155637513171678e+04
1.883860748663101549e+04
1.924706493506493644e+04
1.974621208791208846e+04
9.433931167826758610e+03
9.822104642014162891e+03
1.021986399999999958e+04
1.062072601626016331e+04
1.102222644628099260e+04
1.142769495798319258e+04
1.184463247863247852e+04
1.225509643788010362e+04
1.265977973568281959e+04
1.307814950760966894e+04
1.350220454545454595e+04
1.394757301293900127e+04
1.437415774647887338e+04
1.481039047619047597e+04
1.524783091787439662e+04
1.566887463271302659e+04
1.612350945273631805e+04
1.655172782258064399e+04
1.700605214723926474e+04
1.748762616822429845e+04
1.793273656480505815e+04
1.841792620320855713e+04
1.882469264069263954e+04
1.932183296703296583e+04
1.978767594654788263e+04
9.844240799999999581e+03
1.024187398373983706e+04
1.064060165289256111e+04
1.104261848739495872e+04
1.144603159692570443e+04
1.186467506516072899e+04
1.226719207048458156e+04
1.268266159355416312e+04
1.310433545454545492e+04
1.354727264325323449e+04
1.397137370892018771e+04
1.440544190476190488e+04
1.484072367149758429e+04
1.526010577864838342e+04
1.571200696517412871e+04
1.613896068548387120e+04
1.659100102249488918e+04
1.707084215991692690e+04
1.751355426765015727e+04
1.799674117647058665e+04
1.840183874458874561e+04
1.889691868131868250e+04
1.936119042316258492e+04
1.981089627959413701e+04
1.026000495867768586e+04
1.065861344537815057e+04
1.106803846153846098e+04
1.147498001737619416e+04
1.187534273127753295e+04
1.228788719785138710e+04
1.270704000000000087e+04
1.314737985212569401e+04
1.358183176691729386e+04
1.400081428571428660e+04
1.443394009661835662e+04
1.485145053868756077e+04
1.531593326693227027e+04
1.572609072580645079e+04
1.617586912065439719e+04
1.665371547248182833e+04
1.709414963119072854e+04
1.757518395721925117e+04
1.797867965367965371e+04
1.847161868131867959e+04
1.893426391982182759e+04
1.938224351747463515e+04
1.987173028571428586e+04
1.068212393162393164e+04
1.108632580364900059e+04
1.148438942731277530e+04
1.189396239928379509e+04
1.231046545454545412e+04
1.276003700277520875e+04
1.317981390977443698e+04
1.359666380952381041e+04
1.402748405797101441e+04
1.444314495592556341e+04
1.490452390438246948e+04
1.531328326612903220e+04
1.576086707566462246e+04
1.625301871101871075e+04
1.668953797468354605e+04
1.715350267379679281e+04
1.755529653679653711e+04
1.804612087912087736e+04
1.850704565701559113e+04
1.895320744081172597e+04
1.944075771428571534e+04
1.989911008111239789e+04
1.109458414096916385e+04
1.150109847806624930e+04
1.191486454545454581e+04
1.236144588344125805e+04
1.277855357142857065e+04
1.319320380952380947e+04
1.363478046421663385e+04
1.403522526934378038e+04
1.449363047808764895e+04
1.490078629032258141e+04
1.534608895705521536e+04
1.583528274428274381e+04
1.628665469904962993e+04
1.673182780748663208e+04
1.713191774891774912e+04
1.762048461538461561e+04
1.807962583518930842e+04
1.854466930022573433e+04
1.900955885714285614e+04
1.948888051044083477e+04
1.998788601645123344e+04
1.153093721565059059e+04
1.196386771507863159e+04
1.237821804511278242e+04
1.279057523809523809e+04
1.322943230174081327e+04
1.362793731635651238e+04
1.408319721115537868e+04
1.448877822580645079e+04
1.493174846625766804e+04
1.541790436590436548e+04
1.586660612460401353e+04
1.631036470588235352e+04
1.672694799566630536e+04
1.719494945054945129e+04
1.767197547380156175e+04
1.811495936794582303e+04
1.857818400000000111e+04
1.905556264501159967e+04
1.955227144535840125e+04
2.000673483947681234e+04
1.197894454887218126e+04
1.238893904761904741e+04
1.282498742746615062e+04
1.322149265426052807e+04
1.365813631840796006e+04
1.407743850806451701e+04
1.451797443762781222e+04
1.500099584199584206e+04
1.544704751847940861e+04
1.588921176470588216e+04
1.630373564463705225e+04
1.676960989010988851e+04
1.724444816053511749e+04
1.768530925507900611e+04
1.814682171428571382e+04
1.864400696864111524e+04
1.911660987074030709e+04
1.956989179548156972e+04
2.003374969915764086e+04
1.242164796905222465e+04
1.282880490196078426e+04
1.326160159362549712e+04
1.366691733870967801e+04
1.410489775051124707e+04
1.458472453222453260e+04
1.502814149947201622e+04
1.546857219251336937e+04
1.589828633405639994e+04
1.634464945054945019e+04
1.681570568561873006e+04
1.725592099322799186e+04
1.771558742857142715e+04
1.821045412311266045e+04
1.868093654524089288e+04
1.913299643281807221e+04
1.959588327316486175e+04
2.007375457875457869e+04
1.285366235059760947e+04
1.327085267406660023e+04
1.370681166837256933e+04
1.416914345114345087e+04
1.461003167898627180e+04
1.504857754010695135e+04
1.547578958785249415e+04
1.592012307692307695e+04
1.638839687848383619e+04
1.682690293453724735e+04
1.728464685714285588e+04
1.777703252032520322e+04
1.824545475910693131e+04
1.869618073721759720e+04
1.915773164861612531e+04
1.963262026862026687e+04
2.014748762376237573e+04
1.329545240532241587e+04
1.375445530145530211e+04
1.419276451953537435e+04
1.462935935828876973e+04
1.505403362255965294e+04
1.549627362637362603e+04
1.596186287625418117e+04
1.639838487584650284e+04
1.685410971428571429e+04
1.734406039488966417e+04
1.781025381903642847e+04
1.825953626634958346e+04
1.871953429602887991e+04
1.919155189255189180e+04
1.970436262376237573e+04
2.015637421777221607e+04
1.377653748680042190e+04
1.421107700534759351e+04
1.463311496746203920e+04
1.508983718371837131e+04
1.553601895206242989e+04
1.597051015801354333e+04
1.642412571428571391e+04
1.691149361207897891e+04
1.737552173913043589e+04
1.782326278240190368e+04
1.828164500601684631e+04
1.875071306471306525e+04
1.926137252475247442e+04
1.971156695869837131e+04
2.016079620253164467e+04
1.421322885032538034e+04
1.466742024202420180e+04
1.511105351170568611e+04
1.554346501128668206e+04
1.599482171428571382e+04
1.647964343786294921e+04
1.694130317273795663e+04
1.740820714285714348e+04
1.784429843561973394e+04
1.831026251526251508e+04
1.881865594059406067e+04
1.926699749687108852e+04
1.971505822784810152e+04
2.021910911424903679e+04
1.470341517857142935e+04
1.511731602708803621e+04
1.558440045766590447e+04
1.604846806039488911e+04
1.650780493537015354e+04
1.697271190476190532e+04
1.740769795427196004e+04
1.787037362637362457e+04
1.837632301980198099e+04
1.882274342928660917e+04
1.926965949367088615e+04
1.977147496790757214e+04
2.029141352405721773e+04
1.515663958810068652e+04
1.561820092915214809e+04
1.607511398354876656e+04
1.653795119047618937e+04
1.697294344163658388e+04
1.743107448107447999e+04
1.793450123762376097e+04
1.837891739674593191e+04
1.882461645569620305e+04
1.932420410783055195e+04
1.984186345903771144e+04
2.030236662286465071e+04
1.564336310223266810e+04
1.610408333333333394e+04
1.653671720818291215e+04
1.699252136752136721e+04
1.749334653465346491e+04
1.793571589486858647e+04
1.838010506329113923e+04
1.887734916559691919e+04
1.939267880364109078e+04
1.985159789750328491e+04
2.030470877659574398e+04
1.610138387484957821e+04
1.655477289377289344e+04
1.705294801980198099e+04
1.749322653316645665e+04
1.795908491761723781e+04
1.845480205655526879e+04
1.894406501950585152e+04
1.940121550591327104e+04
1.985223005319148797e+04
2.038866801619433318e+04
1.661340965346534722e+04
1.705150062578222787e+04
1.751570722433460105e+04
1.800891131105398381e+04
1.849607672301690400e+04
1.895121813403416672e+04
1.940015425531915025e+04
1.993433603238866272e+04
2.040676807639836261e+04
1.707319645120405403e+04
1.756384190231362300e+04
1.804860468140442026e+04
1.850180289093298416e+04
1.892032403718459318e+04
1.948057894736841990e+04
1.995039427012278247e+04
2.035175653370013606e+04
1.760195318595578647e+04
1.805317608409986860e+04
1.851775632490013231e+04
1.902731578947368325e+04
1.949461391541609919e+04
1.992291460055096468e+04
2.048025279329609111e+04
1.806698801597869533e+04
1.857475303643724692e+04
1.903957571623465265e+04
1.946684573002754769e+04
2.002075837988826970e+04
2.047147807637906590e+04
1.858532060027285115e+04
1.901152203856749475e+04
1.956195111731843645e+04
2.001108062234794852e+04
2.049743223965763173e+04
1.910401256983240091e+04
1.957918413597733888e+04
2.003627104136947310e+04
2.053430447330447350e+04
1.957595435092724802e+04
2.007243578643578803e+04
2.061364766081871494e+04
2.014861695906432578e+04
2.063320414201183303e+04
2.060834626865671817e+04
