1.828916219909951622e+02
2.347489699551166495e+02
2.798968717871434251e+02
3.203992148641025892e+02
3.575019242399293944e+02
3.919804662718497639e+02
4.243417745652242274e+02
4.549372194151473536e+02
4.840172314266532112e+02
5.117745011261371815e+02
5.762681376415300747e+02
6.349325370285250756e+02
6.888128505894065938e+02
7.386432641075757601e+02
7.850841814821380922e+02
8.287131822103568766e+02
9.097226052564137717e+02
9.857021405281273019e+02
1.055726472932258730e+03
1.119638364474966465e+03
1.178709709599769212e+03
1.234562129091960742e+03
1.288665175922491244e+03
1.342717613391756004e+03
1.398065451883296419e+03
1.455502928894017714e+03
1.515557987076302652e+03
1.578235460096454972e+03
1.643123504361609548e+03
1.709541533985771594e+03
1.776800630273519346e+03
1.910479238879078366e+03
2.039171938018752599e+03
2.159924506863781971e+03
2.272960938077346782e+03
2.381847866212481676e+03
2.490246182978496108e+03
2.598918369944363803e+03
2.707333092483293058e+03
2.814980386866610843e+03
2.921227484113509490e+03
3.025649652775642608e+03
3.127881885672371482e+03
3.227441300122335633e+03
3.323983932684831416e+03
3.417308741508655658e+03
3.507030675951442390e+03
3.592957283629918948e+03
3.674898189662094865e+03
3.753951798570700703e+03
3.831631089113689541e+03
3.908784179186331585e+03
3.986706787108955723e+03
4.064377983280042827e+03
4.141056640197276465e+03
4.216757171240542448e+03
4.291480345785163081e+03
4.365387636067031053e+03
4.438661301229796663e+03
4.511592683662807758e+03
4.584302255416675507e+03
4.657051664342566255e+03
4.730275691330450172e+03
4.803976551650097463e+03
4.878550389385972267e+03
4.954271145435969629e+03
5.031194608373330993e+03
5.109538140039323480e+03
5.189163708657428288e+03
5.269935087592462878e+03
5.351882138567428228e+03
2.617033133511965275e+02
3.008541184843663245e+02
3.372353048420741857e+02
3.712830499741894528e+02
4.033753443740631042e+02
4.338023806244412413e+02
4.627830490705321154e+02
4.904910728920261818e+02
5.170597980271160168e+02
5.791518108084443384e+02
6.359800970567418972e+02
6.884062934478961324e+02
7.370834187147992225e+02
7.826113070475468021e+02
8.255102552928490240e+02
9.055944050581131251e+02
9.806658427244103677e+02
1.049322945009507066e+03
1.112189792173885053e+03
1.170598065727559515e+03
1.226073612957102341e+03
1.280132443041518854e+03
1.334442658100557310e+03
1.390112695223258925e+03
1.448043711602773328e+03
1.508500788106264736e+03
1.571468953642036467e+03
1.636501019291762532e+03
1.702974899788553557e+03
1.770143632956456258e+03
1.903609496735272160e+03
2.032369258843928037e+03
2.154269600111409545e+03
2.269981539565927505e+03
2.382135758965959212e+03
2.492978232244940955e+03
2.603246238784035086e+03
2.712757646408068013e+03
2.821059962437303966e+03
2.927760275736579388e+03
3.032343430589051877e+03
3.134557276374107005e+03
3.233947935548311307e+03
3.330309953701073482e+03
3.423192408826772862e+03
3.512451603394115409e+03
3.597825594544259729e+03
3.679135437564438689e+03
3.757247179080909063e+03
3.833861280771133352e+03
3.909871082410817053e+03
3.986563783267031795e+03
4.063239223448607390e+03
4.139074562790037817e+03
4.213977510148999500e+03
4.288002448573917718e+03
4.361333662142633329e+03
4.434090690218714371e+03
4.506463068715695954e+03
4.578929817875659865e+03
4.651400997891896623e+03
4.724405672012473588e+03
4.798008040240340961e+03
4.872625469354588859e+03
4.948356418972057327e+03
5.025461420429329337e+03
5.103899098003097606e+03
5.183717870318029782e+03
5.264637704803780252e+03
5.346620416363426557e+03
3.220684980461672353e+02
3.551950353672976348e+02
3.867122200892110868e+02
4.167590781706321081e+02
4.454839176973018766e+02
4.730181269061545208e+02
4.994740511266118119e+02
5.249429618739021635e+02
5.847800803432567136e+02
6.398617785323660883e+02
6.908846251182495735e+02
7.384511784067859708e+02
7.830949039979577719e+02
8.253045971433480190e+02
9.045030761509294734e+02
9.784458964647454877e+02
1.045880767614136857e+03
1.107785281291549836e+03
1.165636888124640109e+03
1.220857384291012750e+03
1.275060442373168826e+03
1.329574916897677213e+03
1.385677768273755191e+03
1.443994056721307743e+03
1.504828882555986638e+03
1.568062198615765055e+03
1.633216907153866259e+03
1.699733345482384721e+03
1.766808241681711024e+03
1.900080452660029550e+03
2.028981354145057139e+03
2.151855112930709311e+03
2.269578801573021337e+03
2.383886107304329471e+03
2.496533159856740895e+03
2.608055217784977685e+03
2.718446439123282289e+03
2.827271090519790050e+03
2.934255485599175699e+03
3.039007119862318177e+03
3.141148194164452434e+03
3.240398026463446513e+03
3.336422368768279739e+03
3.428923657141122931e+03
3.517693079621078141e+03
3.602473978006138168e+03
3.683154863829948226e+03
3.760347189697601607e+03
3.835912872434136716e+03
3.910771696816847907e+03
3.986265470812273634e+03
4.061949734666738550e+03
4.136902320201630573e+03
4.211021049545865026e+03
4.284434216557207037e+03
4.357146183604039834e+03
4.429342752995474257e+03
4.501456130182340530e+03
4.573522347847232595e+03
4.645779555666888882e+03
4.718551998743044351e+03
4.792215166750965182e+03
4.866702014312926622e+03
4.942537011588538007e+03
5.019816911620448082e+03
5.098372145480967447e+03
5.178277360835324544e+03
5.259314755255087221e+03
5.341594372625550022e+03
3.730534804052954883e+02
4.024518396717972450e+02
4.307445342164812701e+02
4.579819897933052175e+02
4.842335130014777747e+02
5.095630297727661286e+02
5.340350151363138593e+02
5.918051893587255563e+02
6.452549447805877207e+02
6.949778483679801866e+02
7.415021418192859528e+02
7.852996334503690150e+02
8.268571557229424798e+02
9.052272945936692850e+02
9.778917883905903636e+02
1.044172741344281349e+03
1.105315465308210378e+03
1.162683883811463602e+03
1.217741514213372739e+03
1.272007593237405217e+03
1.326875067286248850e+03
1.383329378057267832e+03
1.442050344815712151e+03
1.503223518757359898e+03
1.566670279078324938e+03
1.631953210470732301e+03
1.698448790840491029e+03
1.765478153907670276e+03
1.898586653729219051e+03
2.027659411802051864e+03
2.151373925591786247e+03
2.270696668519008199e+03
2.386677964734770285e+03
2.500699361901302836e+03
2.613257383661659333e+03
2.724264736680804162e+03
2.833574828043432717e+03
2.940763016682474699e+03
3.045601893506643137e+03
3.147640794201958215e+03
3.246704210139076167e+03
3.342365304485368142e+03
3.434458525935514444e+03
3.522687171029064302e+03
3.606900000774481214e+03
3.686943351094266291e+03
3.763261828119558231e+03
3.837820398759319687e+03
3.911555571992689693e+03
3.985823988931320400e+03
4.060521561187400039e+03
4.134708020746830698e+03
4.208062181588567910e+03
4.280786365624066093e+03
4.352888020470536503e+03
4.424751342557086900e+03
4.496371102914030416e+03
4.568108220758906100e+03
4.640193146971709211e+03
4.712854194882358570e+03
4.786323649578835102e+03
4.861008627006961433e+03
4.936870819499508798e+03
5.014260483653040865e+03
5.092957016626093719e+03
5.172954913562264665e+03
5.254220677732842887e+03
5.336524158692996025e+03
4.181016247332501052e+02
4.448721213981190772e+02
4.708022728053081210e+02
4.959093836523530285e+02
5.202288823629047556e+02
5.437951570672969410e+02
5.996717756545394877e+02
6.516202173250455871e+02
7.001244466509905351e+02
7.456576311188644013e+02
7.886823088189432838e+02
8.296394244160208018e+02
9.071386064972376744e+02
9.784937738014051547e+02
1.043756044895661034e+03
1.104193013652210993e+03
1.161165086313131042e+03
1.216052261616847318e+03
1.270524619460975373e+03
1.325668535455096844e+03
1.382520609090083326e+03
1.441608217191134145e+03
1.503083177315525518e+03
1.566745982559597678e+03
1.632101478475575050e+03
1.698565651101564299e+03
1.765494046656612909e+03
1.898467073767441207e+03
2.027744692382085077e+03
2.152355443771897626e+03
2.272969876932206716e+03
2.390232711600848234e+03
2.505336046290732611e+03
2.618691142194762051e+03
2.730308537966287076e+03
2.839938321179757168e+03
2.947259945015867288e+03
3.052092409097464042e+03
3.154023028186466945e+03
3.252804046750109592e+03
3.348133922856124627e+03
3.439749983768622315e+03
3.527472964990621222e+03
3.611107031229437780e+03
3.690515205606412565e+03
3.765999603535470669e+03
3.839556737398074802e+03
3.912219099432350959e+03
3.985239196259066830e+03
4.059033794688947182e+03
4.132298902132296462e+03
4.205016848818940161e+03
4.277069132757569605e+03
4.348627459608470417e+03
4.419938938023990886e+03
4.491214902196274124e+03
4.562717332395657650e+03
4.634647011101294993e+03
4.707215614925719819e+03
4.780692218863818198e+03
4.855268546788736785e+03
4.931316295767390329e+03
5.008791468764124147e+03
5.087635094426645082e+03
5.167792287205994398e+03
5.249135499402736059e+03
5.331662850081724173e+03
4.589654081088526141e+02
4.837317645564481836e+02
5.078149308599408869e+02
5.312199684254792373e+02
5.539655826927207727e+02
6.081030368763721299e+02
6.586516617805245914e+02
7.060311736963005842e+02
7.506558417728510904e+02
7.929424559689299485e+02
8.333411923984431269e+02
9.098329320171915242e+02
9.799762805839179691e+02
1.044350644650822233e+03
1.104128426411935379e+03
1.160772358149521096e+03
1.215616961437774080e+03
1.270201569301766540e+03
1.325682256927508206e+03
1.382883672674914351e+03
1.442314834677547424e+03
1.504076291399641150e+03
1.567907105418013543e+03
1.633311770245252774e+03
1.699787378532585080e+03
1.766625532810553977e+03
1.899498906614487851e+03
2.029010144843306307e+03
2.154353792319723652e+03
2.276010511594312902e+03
2.394364215097376473e+03
2.510341601682825058e+03
2.624343356551638863e+03
2.736389389387600659e+03
2.846283898919622970e+03
2.953798584703810775e+03
3.058559267976662341e+03
3.160284544497067145e+03
3.258812375983307447e+03
3.353724555415920804e+03
3.444890729251022549e+03
3.532052192100321008e+03
3.615095602552602941e+03
3.693875396703712795e+03
3.768568538410565452e+03
3.841125600215672421e+03
3.912692698646528697e+03
3.984550849212176217e+03
4.057409320169253078e+03
4.129904571106550975e+03
4.201862921840582203e+03
4.273292269909238712e+03
4.344400007679387272e+03
4.415305093371183830e+03
4.486179663257657012e+03
4.557355555930318587e+03
4.629127928862513727e+03
4.701507730016079222e+03
4.774927350846206537e+03
4.849619816079949487e+03
4.925828946803170766e+03
5.003409145948790865e+03
5.082405290065107692e+03
5.162703656618792593e+03
5.244164512544895842e+03
5.326796931874732763e+03
4.966784346412089803e+02
5.198344131356769822e+02
5.424093537192766235e+02
5.644043171515221502e+02
6.169389326156222069e+02
6.661999655448352087e+02
7.125316597873722912e+02
7.562971096567235918e+02
7.979070919982810892e+02
8.377684268490435215e+02
9.131568257597764386e+02
9.821706635548944178e+02
1.045703662992792033e+03
1.104970471193989852e+03
1.161305326422739199e+03
1.216124456123702203e+03
1.270869076234523163e+03
1.326607465864743745e+03
1.384192886395207097e+03
1.443937120480299654e+03
1.505929145074315556e+03
1.569886442201281852e+03
1.635358296650604416e+03
1.701784992147742969e+03
1.768528723724298516e+03
1.901335831611113917e+03
2.031110187990234181e+03
2.157270363375449961e+03
2.279754398927799230e+03
2.398881931360172530e+03
2.515567724252934568e+03
2.630164419406419711e+03
2.742547382466682393e+03
2.852658684596685816e+03
2.960221799452878258e+03
3.064858217544830040e+03
3.166416492076492432e+03
3.264598950766464441e+03
3.359134502058649559e+03
3.449794132157034255e+03
3.536427233806656204e+03
3.618874040461385448e+03
3.697034183784340257e+03
3.770976340226703087e+03
3.842583801456911260e+03
3.913115199333598412e+03
3.983793659495938300e+03
4.055640200088393613e+03
4.127340254321257817e+03
4.198602901973574262e+03
4.269465048656357794e+03
4.340040466584277965e+03
4.410463583840968568e+03
4.481164558407209370e+03
4.552028236735353858e+03
4.623609850329690744e+03
4.695946781786844440e+03
4.769444783973176527e+03
4.844163913288795811e+03
4.920382911564218375e+03
4.998112738066407474e+03
5.077262902259746625e+03
5.157612962326678826e+03
5.239310978930687270e+03
5.322071127801109469e+03
5.319111597991613962e+02
5.537252973235999889e+02
5.750310514844860563e+02
6.260845931756284699e+02
6.741454064515098707e+02
7.194968918221073864e+02
7.624644566231073668e+02
8.034314459434543778e+02
8.427952295659511037e+02
9.170034296247384873e+02
9.849924394720842429e+02
1.047728243283465190e+03
1.106508473801316313e+03
1.162621826959293912e+03
1.217507637151553354e+03
1.272407738658470862e+03
1.328433809179524587e+03
1.386284170945457845e+03
1.446297704532013768e+03
1.508497812930696000e+03
1.572554602855529311e+03
1.638081867876242313e+03
1.704455464749922385e+03
1.771178650841588933e+03
1.903885704001892009e+03
2.033944705093930224e+03
2.160809580601538983e+03
2.283942974361638335e+03
2.403825699123230152e+03
2.521093396439513526e+03
2.636113373508845143e+03
2.748831581390570136e+03
2.859048358639606249e+03
2.966576625506357232e+03
3.071126812724436604e+03
3.172411383400350587e+03
3.270251416682016043e+03
3.364362083951857130e+03
3.454540559651030435e+03
3.540605423335099658e+03
3.622454427672028032e+03
3.699986464982795951e+03
3.773230738025004939e+03
3.843885355727790738e+03
3.913432238696701461e+03
3.982980936090831165e+03
4.053806689381829983e+03
4.124750808133284409e+03
4.195294649119995483e+03
4.265596275173062168e+03
4.335656083150369341e+03
4.405813932020319044e+03
4.476071656387717667e+03
4.546740230233144757e+03
4.618137016685579511e+03
4.690496909350038550e+03
4.763839176851929551e+03
4.838692204997054432e+03
4.915028836835892434e+03
4.992901421052394653e+03
5.072150381095600096e+03
5.152702158040918221e+03
5.234472043099562143e+03
5.317427062344097067e+03
5.651274222391947433e+02
5.857950344943416212e+02
6.354783317597958785e+02
6.824187160821637690e+02
7.268442295274788876e+02
7.690565720679235255e+02
8.094206956378686755e+02
8.482904534790933440e+02
9.212988400310622410e+02
9.883049519150772539e+02
1.050375263320131126e+03
1.108720104448245820e+03
1.164649501530683438e+03
1.219527162682174549e+03
1.274629473180139485e+03
1.330899333477737400e+03
1.389026132686123219e+03
1.449286670158297966e+03
1.511633437791899723e+03
1.575792667839494925e+03
1.641318073301285949e+03
1.707685775685715726e+03
1.774331248855633930e+03
1.907099025913208607e+03
2.037394744409928535e+03
2.164870059818678328e+03
2.288539510763072030e+03
2.408987563698164195e+03
2.526800268721236534e+03
2.642155805829786459e+03
2.755062975213154459e+03
2.865329484626402518e+03
2.972855036603472399e+03
3.077209793726986391e+03
3.178262973464366496e+03
3.275742412678864184e+03
3.369406437027442735e+03
3.459059119932164322e+03
3.544582500881641863e+03
3.625835357155228849e+03
3.702751008301481306e+03
3.775339786785035812e+03
3.845049377743569949e+03
3.913603059019553712e+03
3.982113776727313962e+03
4.051961399450151475e+03
4.122113228805234030e+03
4.191992586426406888e+03
4.261694295517595492e+03
4.331389642757234469e+03
4.401027733288952732e+03
4.470996406331509206e+03
4.541495949270272831e+03
4.612737070265269722e+03
4.684966541432730082e+03
4.758479177990957396e+03
4.833283907202604496e+03
4.909765737637703751e+03
4.987774335824029549e+03
5.067122612968096291e+03
5.147898775623720212e+03
5.229823738829898502e+03
5.312816035155539794e+03
5.966649024767407354e+02
6.450676021251185830e+02
6.909518678826210589e+02
7.345101435239606644e+02
7.760155714795696440e+02
8.158005756632578596e+02
8.541183359286612813e+02
9.259810835452543643e+02
9.920950827003402992e+02
1.053532150772733303e+03
1.111489799539255273e+03
1.167223153124337841e+03
1.222178394546160462e+03
1.277428024517335416e+03
1.333954874863312398e+03
1.392321206342562391e+03
1.452786705915174025e+03
1.515293762838877228e+03
1.579510826715018993e+03
1.645022958670166190e+03
1.711333492769591658e+03
1.777965512967562972e+03
1.910758597678876413e+03
2.041370683726851894e+03
2.169354139937763193e+03
2.293523929896814479e+03
2.414378045668398045e+03
2.532571904601741608e+03
2.648262364641809199e+03
2.761297312724551375e+03
2.871640915437627427e+03
2.979000777465073497e+03
3.083172964155634872e+03
3.183966071860570992e+03
3.281035655669894368e+03
3.374267536180185743e+03
3.463417092232914456e+03
3.548363322120957491e+03
3.629026891362830611e+03
3.705339460677381794e+03
3.777309341871598463e+03
3.846133911517773413e+03
3.913691609443182642e+03
3.981188139530824628e+03
4.049952832214190948e+03
4.119327857862234850e+03
4.188649905784485782e+03
4.257798488435495528e+03
4.326989980960369394e+03
4.396331929417430729e+03
4.466009865386779893e+03
4.536299441613373347e+03
4.607457166508277624e+03
4.679642384782850058e+03
4.753072704764118498e+03
4.828057448116140222e+03
4.904592588635273387e+03
4.982730581622041427e+03
5.062236109594494337e+03
5.143066202071038788e+03
5.225131915405220752e+03
5.308402806843436338e+03
6.696893098620148521e+02
7.131976538999665536e+02
7.547771339923647247e+02
7.946483903980308696e+02
8.330185964618592607e+02
8.698373068084450779e+02
9.391235859768030423e+02
1.003299772378889656e+03
1.063350103727852002e+03
1.120439975833620792e+03
1.175943823679333946e+03
1.230960002227254790e+03
1.286578679589153126e+03
1.343613442185576559e+03
1.402487087546129260e+03
1.463371724751986221e+03
1.526134392514542014e+03
1.590445872657291602e+03
1.655968663230405582e+03
1.722177051694635793e+03
1.788773235986497184e+03
1.921643744894187876e+03
2.053142923904742474e+03
2.181955701309439064e+03
2.306887662440549775e+03
2.428641936921798788e+03
2.547507476999640858e+03
2.663535253542009286e+03
2.776780082229712207e+03
2.886976417424676583e+03
2.993992286399993645e+03
3.097579271682074250e+03
3.197493947809916790e+03
3.293555897246298628e+03
3.385607459741198909e+03
3.473443707557060407e+03
3.557000837431280161e+03
3.636208786507977493e+03
3.711045241444921885e+03
3.781558146200621195e+03
3.848351906462703482e+03
3.913650938926133676e+03
3.978630263229410502e+03
4.044835806709471399e+03
4.112401858937471843e+03
4.180132327569759582e+03
4.247996289115269974e+03
4.316164626855291317e+03
4.384615631117410885e+03
4.453754768090040670e+03
4.523540084067573844e+03
4.594388883534560591e+03
4.666525518386414660e+03
4.740071103408291492e+03
4.815275755577842574e+03
4.892127869719344744e+03
4.970566450205240471e+03
5.050363455666351001e+03
5.131555728269052452e+03
5.213952162473511635e+03
5.297547432062960070e+03
7.363478336596039071e+02
7.761626344737829868e+02
8.145156117585160018e+02
8.514212403534219220e+02
8.869291921794915652e+02
9.539933285582535518e+02
1.016487039365849341e+03
1.075400652072937191e+03
1.131845901668204533e+03
1.187085562805212476e+03
1.242183877164099385e+03
1.298107893410119459e+03
1.355493558982871491e+03
1.414710030364604336e+03
1.475851818366041016e+03
1.538743618227699017e+03
1.603108391308005594e+03
1.668577562405406297e+03
1.734762130456250588e+03
1.801310529222821060e+03
1.934525499017599032e+03
2.066836739442468570e+03
2.195832566867325113e+03
2.321225562305708081e+03
2.443436526240934654e+03
2.562615823874711623e+03
2.678825387274273453e+03
2.791939439706841313e+03
2.901770669928988355e+03
3.008241887204450450e+03
3.111051480247283507e+03
3.210043129032042089e+03
3.305017770922400814e+03
3.395819748961660935e+03
3.482356988361538697e+03
3.564539598906206720e+03
3.642344412335506604e+03
3.715775677034263026e+03
3.784910278396343529e+03
3.850009857979028311e+03
3.913200851866747598e+03
3.975942304002997389e+03
4.039581941338516117e+03
4.105319877579420790e+03
4.171602226338791297e+03
4.238253260918289016e+03
4.305352976190822119e+03
4.373091634196403902e+03
4.441630918031225519e+03
4.511147971143938776e+03
4.581815298329387588e+03
4.653888541582340622e+03
4.727523278465134354e+03
4.802994134697728441e+03
4.880135685005704545e+03
4.958843412426446775e+03
5.039015718140690296e+03
5.120503324397712277e+03
5.203287192716391473e+03
5.287159930798299683e+03
7.982360047053861081e+02
8.351485565335697174e+02
8.707630264129692250e+02
9.051029579149690107e+02
9.702437356089752711e+02
1.031278456318567805e+03
1.089163076049895380e+03
1.145077669724758380e+03
1.200073151387154212e+03
1.255201237342910417e+03
1.311315688926787743e+03
1.368944759224719519e+03
1.428395523191064513e+03
1.489685208159080048e+03
1.552635951235033644e+03
1.617033752289283257e+03
1.682452031506658841e+03
1.748648812704811917e+03
1.815209707787397292e+03
1.948882453021005404e+03
2.081452628857664422e+03
2.210420658493256724e+03
2.335999512022500767e+03
2.458379574430186949e+03
2.577621136788195145e+03
2.693740959065241896e+03
2.806535763842329288e+03
2.915903827888754677e+03
3.021647402885788779e+03
3.123615258388997972e+03
3.221602769031197113e+03
3.315421604348392066e+03
3.405002093818509820e+03
3.490230088632957631e+03
3.571080363087852220e+03
3.647539411089044734e+03
3.719662895047787515e+03
3.787486166507743292e+03
3.851209379752735913e+03
3.912467537613326840e+03
3.973086822821858277e+03
4.034552490927429062e+03
4.098206351898827052e+03
4.163085539845669700e+03
4.228659707995745521e+03
4.294838857680340880e+03
4.361925083110889318e+03
4.429858819016067173e+03
4.499036732810439389e+03
4.569591231473121297e+03
4.641636281662180409e+03
4.715457129461105978e+03
4.791200418057809657e+03
4.868628098556840996e+03
4.947636462980784017e+03
5.028168227936112089e+03
5.109980804692839229e+03
5.193079958151629398e+03
5.277250362973883966e+03
8.563910808730859117e+02
8.908508961641557562e+02
9.241604660728305589e+02
9.875694159219995072e+02
1.047314018131493640e+03
1.104322273249427326e+03
1.159682259000893737e+03
1.214437900897384452e+03
1.269551908599084072e+03
1.325746316690142066e+03
1.383505615202798481e+03
1.443068173910044152e+03
1.504418012553747303e+03
1.567404974853729072e+03
1.631766463061291915e+03
1.697195655836812193e+03
1.763383960186127524e+03
1.830123130525054876e+03
1.964187124466750447e+03
2.096541453475218077e+03
2.225420447564220467e+03
2.350950367124270542e+03
2.473277534506238226e+03
2.592411570431005202e+03
2.708167326341391345e+03
2.820527846345285070e+03
2.929245866698906866e+03
3.034209853710422067e+03
3.135254319812462199e+03
3.232149192246835355e+03
3.324836385176722615e+03
3.413179611137274605e+03
3.497145006958112390e+03
3.576715744050910871e+03
3.651910725298887883e+03
3.722814935938155941e+03
3.789480252251524689e+03
3.852023299901915379e+03
3.911575692941704801e+03
3.970305238021593141e+03
4.029593688820820717e+03
4.091179583428613114e+03
4.154668819871976666e+03
4.219154700641715863e+03
4.284551569034439126e+03
4.350920043603235172e+03
4.418475586530312285e+03
4.487397119386851045e+03
4.557819717709973702e+03
4.629929037976823565e+03
4.703982552751363073e+03
4.779895230131249264e+03
4.857622255769648291e+03
4.936926346765035305e+03
5.017703575403774266e+03
5.099860195471112092e+03
5.183320738026211075e+03
5.267851512531462504e+03
9.115254105573504830e+02
9.439048397600794260e+02
1.005751041183614007e+03
1.064293842932213693e+03
1.120491827892007223e+03
1.175324162427750025e+03
1.229806286371413535e+03
1.284830745217582262e+03
1.341030796441744997e+03
1.398849883687982128e+03
1.458453996488466601e+03
1.519808264962624889e+03
1.582813495485329895e+03
1.647146264195999265e+03
1.712609173688448891e+03
1.778819623786339207e+03
1.845652097100539777e+03
1.979958867491082401e+03
2.111864928094955758e+03
2.240459941592200266e+03
2.365833017146997918e+03
2.487932054497407080e+03
2.606661767201618659e+03
2.722024305021604960e+03
2.833770216475131747e+03
2.941787459465186657e+03
3.045908103320188275e+03
3.145933840598996539e+03
3.241759997580760682e+03
3.333291003852329595e+03
3.420436668236361129e+03
3.503187065371974313e+03
3.581537783235276038e+03
3.655547231004900823e+03
3.725323336642303730e+03
3.790931685921954340e+03
3.852506564087891093e+03
3.910562074224874777e+03
3.967576999384893043e+03
4.025025093102980463e+03
4.084423261760223340e+03
4.146513553189291997e+03
4.210002167762740100e+03
4.274544769445217753e+03
4.340420837327379559e+03
4.407509263311693758e+03
4.476139887453982737e+03
4.546527137775951815e+03
4.618730908866953541e+03
4.692971628294159018e+03
4.769150281012362029e+03
4.847142044475491275e+03
4.926693946481806051e+03
5.007799386804059395e+03
5.090241275526864229e+03
5.173993386800976623e+03
5.258849732378902445e+03
9.641586713326337303e+02
1.024567478167803529e+03
1.082019379051063879e+03
1.137408373158719769e+03
1.191717808850778283e+03
1.245902325623586194e+03
1.300761825058828435e+03
1.356895717334718938e+03
1.414683468791427913e+03
1.474260377379120655e+03
1.535610121700792661e+03
1.598572539051832337e+03
1.662915507851716484e+03
1.728377510649172564e+03
1.794765088957159151e+03
1.861724870984752897e+03
1.995788270719493084e+03
2.127110780479822552e+03
2.255343423379321393e+03
2.380391496676835231e+03
2.502123469719057539e+03
2.620465029136308203e+03
2.735245147059561987e+03
2.846283481033514818e+03
2.953514098692489824e+03
3.056697535271734068e+03
3.155727763337841679e+03
3.250476427604779929e+03
3.340863238183244448e+03
3.426855249859099786e+03
3.508435371392226443e+03
3.585657416340145573e+03
3.658564762642775349e+03
3.727284800880764124e+03
3.791935852011386487e+03
3.852635362068608629e+03
3.909627998607788413e+03
3.965019571801681650e+03
4.020753735494486136e+03
4.078129978806196959e+03
4.138695592287430372e+03
4.201068295561943160e+03
4.264900178412554851e+03
4.330176468601166562e+03
4.396980725813217759e+03
4.465418031586745201e+03
4.535707833724325610e+03
4.607972204329105807e+03
4.682411927829365595e+03
4.758820019352987401e+03
4.837040876935476263e+03
4.916920433282351951e+03
4.998278455289779231e+03
5.081070498501081602e+03
5.165066903414131957e+03
5.250240635424383981e+03
1.063395537583128544e+03
1.118785215589397694e+03
1.172631182828075453e+03
1.225853263144348148e+03
1.279303496761333463e+03
1.333692359999273776e+03
1.389531986487328368e+03
1.447111196053104322e+03
1.506547576164771954e+03
1.567797015447653848e+03
1.630706645713088619e+03
1.695065221428103087e+03
1.760700860230629132e+03
1.827271244528792067e+03
1.894168437128367032e+03
2.026694773062103195e+03
2.156792263281889973e+03
2.284023956787942552e+03
2.408119430224470761e+03
2.528880614861078357e+03
2.646023598649698670e+03
2.759472587331768409e+03
2.868983034151475294e+03
2.974471087821911169e+03
3.075788863341000706e+03
3.172782053339639333e+03
3.265424084143613072e+03
3.353653051740304363e+03
3.437491635388051691e+03
3.516954514900921367e+03
3.592118964231350219e+03
3.663109622431176831e+03
3.730002476044671766e+03
3.792942099532482189e+03
3.852212585495625717e+03
3.907788668601073823e+03
3.960578262607148190e+03
4.013256146926483780e+03
4.067197046234641221e+03
4.124222355339183196e+03
4.184548880027059568e+03
4.246837059227411373e+03
4.311013782085790808e+03
4.377104944639027053e+03
4.445175678736453847e+03
4.515357363865023217e+03
4.587863685406344302e+03
4.662613782577316670e+03
4.739475927970854173e+03
4.818183397521094776e+03
4.898567306097314940e+03
4.980511889648511897e+03
5.063895962175734894e+03
5.148471287490368923e+03
5.234226632021846854e+03
1.156288924204460272e+03
1.208589682326809680e+03
1.260632914760547465e+03
1.313211599858956106e+03
1.366969035558017822e+03
1.422342565205886331e+03
1.479592669818093327e+03
1.538799856991452316e+03
1.599908773456460267e+03
1.662771596676808031e+03
1.727244282376001138e+03
1.792957191976524882e+03
1.859041576230817554e+03
1.925036331070257575e+03
2.055939507750271332e+03
2.184695906828401348e+03
2.310726400077991457e+03
2.433598996823156995e+03
2.553054867920272500e+03
2.668831850857643985e+03
2.780713679387879893e+03
2.888610211504934341e+03
2.992314700319118856e+03
3.091744340910746814e+03
3.186814057238452733e+03
3.277489355562366200e+03
3.363771301140038759e+03
3.445686308441437177e+03
3.523332714279206357e+03
3.596770341870783795e+03
3.666150280430180828e+03
3.731616499621100047e+03
3.793297778787456082e+03
3.851368713565964299e+03
3.905988662935944376e+03
3.957443508718653902e+03
4.007554949278531240e+03
4.058609536327292972e+03
4.112076816515280370e+03
4.169833125607450711e+03
4.230625415406226239e+03
4.293748894358002872e+03
4.359097687991686144e+03
4.426791576019366403e+03
4.496885409982598503e+03
4.569562610201901407e+03
4.644628689633337672e+03
4.721850800241396428e+03
4.801004409091118760e+03
4.881861517371518858e+03
4.964339186968476497e+03
5.048175563583915391e+03
5.133313478546578153e+03
5.219611344754196580e+03
1.244268896032742987e+03
1.295039233585808688e+03
1.346628209078451619e+03
1.399622813621845353e+03
1.454427805769149700e+03
1.511264880467054127e+03
1.570192413503349144e+03
1.631147160250841353e+03
1.694024811779068841e+03
1.758392341564819844e+03
1.823338554035461584e+03
1.888493782544297346e+03
1.953567215182582913e+03
2.082866263438712849e+03
2.210205719106550532e+03
2.334887505935159425e+03
2.456448359783113119e+03
2.574480589091751426e+03
2.688789013851387608e+03
2.799107810307513319e+03
2.905338979995455247e+03
3.007337580022058319e+03
3.104990107516134685e+03
3.198281116053309233e+03
3.287193198423469767e+03
3.371775340665611566e+03
3.452058061775551323e+03
3.528150697390542064e+03
3.600193791177734965e+03
3.668274136944505244e+03
3.732552190503008660e+03
3.793291503129894409e+03
3.850492794915269769e+03
3.904466770866227307e+03
3.955369966252902486e+03
4.003723190246788363e+03
4.052365526610441520e+03
4.102984232811953007e+03
4.157359602383318816e+03
4.216350296514529873e+03
4.278298065313269944e+03
4.342903162971608253e+03
4.410140666872691327e+03
4.480135666615958144e+03
4.552885287358985806e+03
4.628201915520487091e+03
4.705746722715095530e+03
4.785265451351515367e+03
4.866596408989031261e+03
4.949561117325436499e+03
5.033884718672859890e+03
5.119517396545075826e+03
5.206324347854927510e+03
1.328309309623167110e+03
1.378797145471958174e+03
1.430932478781517148e+03
1.485086653931344472e+03
1.541453008145385638e+03
1.600071385228539157e+03
1.660899404687233073e+03
1.723474242809140605e+03
1.786956430891035097e+03
1.850986089703274047e+03
1.915225891508982386e+03
1.979483845061943384e+03
2.107256983935501921e+03
2.233183889123395147e+03
2.356473678713331537e+03
2.476625714105169664e+03
2.593246807910110874e+03
2.706039709530829896e+03
2.814860998963774364e+03
2.919506092711072597e+03
3.019889858023319903e+03
3.115944132028084823e+03
3.207654222990318885e+03
3.295035469468005431e+03
3.378135482832815796e+03
3.457072565319287605e+03
3.531910706895269414e+03
3.602807812164783627e+03
3.669919251178280319e+03
3.733376365687600355e+03
3.793344826737481526e+03
3.849984527488564709e+03
3.903555850022798495e+03
3.954141080192482605e+03
4.001943831669327210e+03
4.048519428172738571e+03
4.096688064504953218e+03
4.147966134738846449e+03
4.204371125231535189e+03
4.264903476465262429e+03
4.328619361731790377e+03
4.395326698800444319e+03
4.465102871663219048e+03
4.537876414975881744e+03
4.613335119471659709e+03
4.691140260634110746e+03
4.770982698276408883e+03
4.852716879306111878e+03
4.936029869821808461e+03
5.020820982400131470e+03
5.106909095674468517e+03
5.194186149755144470e+03
1.409116282316221259e+03
1.460303227467321904e+03
1.513737885782872809e+03
1.569586350376657265e+03
1.627894147328847794e+03
1.688249814597557815e+03
1.749931942376868619e+03
1.812543291472904002e+03
1.875699799996320962e+03
1.939147683727755066e+03
2.002606768438165091e+03
2.128930860951270006e+03
2.253475114943432800e+03
2.375436004706552467e+03
2.494221081235023121e+03
2.609471089902554013e+03
2.720860800214483788e+03
2.828241342310285290e+03
2.931450683019280859e+03
3.030384057577501153e+03
3.125020709878790512e+03
3.215358527903585127e+03
3.301454479507324322e+03
3.383343824601776305e+03
3.461148549160930997e+03
3.535010886519461110e+03
3.605021003605972055e+03
3.671343408665809420e+03
3.734218040591242243e+03
3.793666033539879209e+03
3.849981728381709218e+03
3.903300549136884456e+03
3.953788112847121738e+03
4.001588688559091679e+03
4.047090505973544168e+03
4.093127054536431388e+03
4.141767878350662613e+03
4.194810981866008660e+03
4.253587887383256202e+03
4.316183364270435050e+03
4.382233536354311582e+03
4.451638012588901802e+03
4.524325275667218193e+03
4.599849696220960141e+03
4.677816185089885039e+03
4.757973450921312178e+03
4.840057286796114568e+03
4.923745974960651438e+03
5.008931680874431549e+03
5.095444593370246366e+03
5.183079708798886713e+03
1.487214511006240855e+03
1.539867438186317486e+03
1.595172206735490363e+03
1.652883735777947550e+03
1.712406702179413742e+03
1.773289781059242614e+03
1.835100651124659635e+03
1.897520245610533493e+03
1.960223172563966045e+03
2.023022788616886828e+03
2.148021210792167494e+03
2.271269452672291663e+03
2.391943994494816252e+03
2.509465133352893645e+03
2.623404327235962228e+03
2.733527823743207591e+03
2.839601658281390883e+03
2.941513938724064246e+03
3.039189405036540848e+03
3.132612066069627417e+03
3.221796381756931623e+03
3.306793755815388522e+03
3.387725884899043194e+03
3.464654703242390497e+03
3.537734426787483699e+03
3.607122897617567105e+03
3.672948103695583995e+03
3.735368874401903668e+03
3.794537788412340888e+03
3.850696789234680182e+03
3.903936586354376232e+03
3.954449366146069679e+03
4.002364630267392386e+03
4.047895933000545483e+03
4.092267006167808631e+03
4.138651597833342748e+03
4.188656372804789498e+03
4.244558916535743265e+03
4.305754262731568815e+03
4.370921072185666162e+03
4.439816853796021860e+03
4.512262544116727440e+03
4.587752212585469351e+03
4.665817085542874338e+03
4.746197007083947938e+03
4.828489871741650859e+03
4.912525370550976731e+03
4.998064179429710748e+03
5.084961708797351093e+03
5.172996749583153360e+03
1.563012892975279556e+03
1.617630676889881670e+03
1.674604901699464335e+03
1.733424191991862699e+03
1.793606984569226142e+03
1.854762099146425044e+03
1.916517422960243948e+03
1.978622314907212512e+03
2.040781227497438522e+03
2.164584149437174801e+03
2.286680141560470474e+03
2.406198401001308866e+03
2.522568077287870892e+03
2.635354116045819865e+03
2.744318667247322992e+03
2.849258536551966245e+03
2.950048962090539135e+03
3.046647828413581465e+03
3.139047710873627693e+03
3.227298331691224575e+03
3.311433993817302508e+03
3.391573400183849117e+03
3.467853013622881008e+03
3.540362001482771120e+03
3.609262013742254567e+03
3.674769962354777817e+03
3.736923085210501085e+03
3.795996568417602703e+03
3.852111168875091607e+03
3.905438509589688692e+03
3.956103104434511806e+03
4.004295161644768996e+03
4.050116668965162717e+03
4.093855860834484702e+03
4.138266150292816747e+03
4.185741613568054163e+03
4.238135152254179047e+03
4.297332978625347096e+03
4.361319033965405652e+03
4.429494392615129982e+03
4.501543157985031939e+03
4.576856338065308591e+03
4.654986940454318756e+03
4.735519284028419861e+03
4.818034877142401456e+03
4.902337578237154048e+03
4.988198424799569693e+03
5.075363706164004725e+03
5.163761581195618419e+03
1.636828489747897493e+03
1.693213060691299688e+03
1.751452206716767250e+03
1.811080856594418037e+03
1.871675119850125611e+03
1.932913797753880999e+03
1.994467485315885142e+03
2.056131427426671053e+03
2.178896704642433178e+03
2.299959951414675743e+03
2.418463514605655291e+03
2.533798525461648751e+03
2.645594153989367896e+03
2.753551938072770099e+03
2.857507956138910231e+03
2.957358202121652994e+03
3.053067310701296265e+03
3.144636131982164898e+03
3.232109642460586656e+03
3.315596381013876453e+03
3.395156840759424995e+03
3.470934366683595272e+03
3.543083020052602478e+03
3.611724150396136793e+03
3.677012846810404426e+03
3.739089661289504420e+03
3.798181148566587126e+03
3.854384258667040740e+03
3.907880973079649721e+03
3.958790122285816324e+03
4.007316135788791144e+03
4.053584361383916530e+03
4.097713452988871722e+03
4.140588376681701448e+03
4.185822810346162441e+03
4.235227023210098196e+03
4.291171845633593875e+03
4.353597866452687413e+03
4.420769455753639704e+03
4.492223237726881052e+03
4.567241819161970852e+03
4.645306242592107083e+03
4.725834230090193159e+03
4.808527680087116096e+03
4.893048907459722614e+03
4.979187267811576021e+03
5.066662815953925019e+03
5.155348390262246539e+03
1.708920497944041927e+03
1.766725122120795731e+03
1.825916697933191017e+03
1.886093809659485942e+03
1.946887463195644386e+03
2.008030754112949126e+03
2.069239143671733927e+03
2.191146708988853788e+03
2.311345063410842158e+03
2.428980832607086995e+03
2.543447548634668237e+03
2.654378727894371877e+03
2.761498565006157605e+03
2.864636076638377290e+03
2.963712018410356904e+03
3.058697265964038252e+03
3.149622574253587118e+03
3.236514818992231540e+03
3.319480035285535450e+03
3.398643524423009239e+03
3.474091250890774063e+03
3.545977575464196434e+03
3.614498000783229145e+03
3.679702714669818761e+03
3.741847050695453163e+03
3.801042184226535028e+03
3.857461438085355439e+03
3.911216132766834562e+03
3.962494095216385631e+03
4.011393923162084320e+03
4.058115086364573926e+03
4.102749594818102196e+03
4.145406358611353426e+03
4.188647196417128725e+03
4.235451960839716776e+03
4.287736658848440129e+03
4.347764073239684876e+03
4.413583370382923022e+03
4.484168978113531921e+03
4.558790817403820256e+03
4.636675948114829225e+03
4.717185480271001325e+03
4.799960701633453937e+03
4.884662352476684646e+03
4.970951856556170242e+03
5.058697933666834615e+03
5.147663527087534021e+03
1.779496493623687911e+03
1.838383739258677679e+03
1.898236845287755841e+03
1.958718144002577446e+03
2.019512778069351725e+03
2.080397471690955172e+03
2.201604089192954689e+03
2.321092843936390636e+03
2.437997502594535490e+03
2.551760632348830313e+03
2.661976717143890710e+03
2.768401973350151820e+03
2.870882057003422688e+03
2.969345585786408265e+03
3.063768868522529829e+03
3.154179844948587743e+03
3.240667026645817714e+03
3.323285137218588261e+03
3.402163104945216674e+03
3.477446893545858984e+03
3.549251394661446284e+03
3.617726250644805077e+03
3.683001119943503454e+03
2.217443268275337687e+03
3.804690616126567875e+03
3.861379976325690222e+03
3.915468283277630690e+03
3.967151884213241374e+03
4.016553042804906909e+03
4.063785640423909172e+03
4.108927806440421591e+03
4.152164629388716094e+03
4.194123754942002961e+03
4.238626286383794650e+03
4.287819111591088586e+03
4.344148498606768953e+03
4.408120126904884273e+03
4.477537326716219468e+03
4.551524826492578541e+03
4.629020085886554625e+03
4.709430428363331885e+03
4.792219168721148890e+03
4.877044735193976521e+03
4.963524156097437299e+03
5.051459817630225189e+03
5.140645775649246389e+03
1.848731567307768046e+03
1.908381590236134571e+03
1.968630703572776383e+03
2.029196700935184253e+03
2.089823531200382604e+03
2.210503929777662051e+03
2.329437616577795325e+03
2.445770371955994051e+03
2.558956355736262594e+03
2.668610654451736991e+03
2.774488165174770984e+03
2.876455246530032127e+03
2.974446369417956703e+03
3.068463355062372102e+03
3.158518634949620264e+03
3.244699074626790207e+03
3.327115075988689568e+03
3.405847326238278129e+03
3.481039907221764224e+03
3.552869313888554643e+03
3.621395882670022729e+03
3.686855101081850080e+03
3.749352527412893323e+03
3.809060342344229866e+03
3.866081630100167786e+03
3.920600462344310472e+03
3.972714156624629140e+03
4.022612898292653881e+03
4.070386728476240023e+03
4.116136028791423087e+03
4.159961387515999377e+03
4.202003728879114533e+03
4.244458936548506244e+03
4.290930630176346313e+03
4.343405367948099411e+03
4.404414012014798573e+03
4.472307009452328202e+03
4.545404315336616492e+03
4.622419735675538504e+03
4.702590864975112709e+03
4.785331968956045785e+03
4.870134812008949666e+03
4.956755646992084621e+03
5.044868082820371455e+03
5.134239924072453505e+03
1.916770165277491060e+03
1.976893959855239245e+03
2.037307429908513541e+03
2.097771191414396526e+03
2.218079839647222343e+03
2.336596550064658459e+03
2.452509290957339545e+03
2.565254634055192128e+03
2.674475631478711875e+03
2.779943315950361921e+03
2.881533287527789071e+03
2.979185800958048276e+03
3.072902321463537646e+03
3.162745739180812052e+03
3.248760697297052957e+03
3.331059245888264741e+03
3.409776337974089074e+03
3.485019987189499716e+03
3.556933042943534019e+03
3.625636333821720655e+03
3.691329606665815845e+03
3.754117918108386220e+03
3.814166747680576464e+03
3.871582864341889035e+03
3.926555412708455606e+03
3.979204750304892514e+03
4.029640241313232764e+03
4.077947997849942112e+03
4.124301053799702458e+03
4.168770874760181869e+03
4.211475612860893307e+03
4.252872445638625322e+03
4.296921097454811388e+03
4.346114565897973989e+03
4.402924313183340018e+03
4.468642461297906266e+03
4.540423164329210522e+03
4.616771015868759605e+03
4.696578197434873800e+03
4.779182630409032754e+03
4.863986595359127932e+03
4.950653955353031051e+03
5.038878553773901331e+03
5.128417791159869012e+03
1.983735553457766400e+03
2.044083119983721190e+03
2.104459116045260998e+03
2.224543024352079556e+03
2.342786344736679894e+03
2.458396952074618639e+03
2.570834833454539876e+03
2.679748266269800297e+03
2.784928114532393010e+03
2.886257205437578705e+03
2.983697975298256551e+03
3.077241026931988927e+03
3.166948951418095021e+03
3.252913480477061057e+03
3.335208058226493904e+03
3.413964536859577038e+03
3.489341912464701636e+03
3.561408176409272528e+03
3.630380013722688091e+03
3.696360026718743939e+03
3.759516973607229374e+03
3.819949584096911167e+03
3.877837353207703018e+03
3.933277832680597839e+03
3.986452909944955991e+03
4.037452804992849451e+03
4.086378424149802868e+03
4.133329839966807413e+03
4.178442999340554707e+03
4.221816122371286838e+03
4.263557030052072150e+03
4.305483059574245999e+03
4.351734873494724525e+03
4.404538330525727361e+03
4.466735492423191317e+03
4.536766367676380469e+03
4.612153564097514391e+03
4.691461047757305096e+03
4.773732782118268005e+03
4.858465014706986040e+03
4.945151910115109786e+03
5.033445277378420542e+03
5.123131868865147226e+03
2.049733967105638840e+03
2.110092264715569399e+03
2.230080906995324767e+03
2.348182171865854798e+03
2.463610322797582739e+03
2.575851480352673661e+03
2.684572723861830582e+03
2.789576440616640411e+03
2.890753664117441076e+03
2.988069382605299324e+03
3.081555054150214346e+03
3.171241083797921874e+03
3.257220125458491566e+03
3.339613322093920033e+03
3.418521391730470896e+03
3.494079659164580335e+03
3.566401209768005174e+03
3.635673281370353379e+03
3.702004055300754771e+03
3.765552357126087372e+03
3.826421810746649498e+03
3.884795262383750924e+03
3.940792036329313305e+03
3.994518606191337767e+03
4.046068273339515144e+03
4.095604186738597491e+03
4.143203407509447061e+03
4.188975945635134849e+03
4.233031552064062453e+03
4.275474487824093558e+03
4.316547897841946906e+03
4.360189072074555952e+03
4.409511089853760495e+03
4.466963036819147419e+03
4.534477705596567830e+03
4.608545502814860811e+03
4.687154980785844600e+03
4.769068886428158294e+03
4.853599283329850550e+03
4.940223509065468534e+03
5.028554446431419819e+03
5.118296972278085377e+03
2.114854397155727838e+03
2.234870657440481864e+03
2.352935791634130055e+03
2.468292753707911743e+03
2.580442235353330034e+03
2.689072010569254417e+03
2.793995018101008100e+03
2.895122206147892939e+03
2.992413697690556546e+03
3.085902162272185706e+03
3.175657177815133764e+03
3.261742634117266334e+03
3.344276119811896933e+03
3.423400224129177332e+03
3.499188563714878910e+03
3.571839483428312633e+03
3.641454355134356774e+03
3.708197621619952770e+03
3.772166223109093153e+03
3.833534253793657626e+03
3.892400786232566134e+03
3.948940264446370747e+03
4.003244643053953951e+03
4.055415603047954846e+03
4.105553400119981234e+03
4.153790429655783555e+03
4.200227722065810667e+03
4.244969224155391203e+03
4.288098074784320488e+03
4.329654460706371538e+03
4.371196358279703418e+03
4.417411900116058860e+03
4.470596110974882322e+03
4.533915208791619079e+03
4.606125702724883013e+03
4.683676940500040473e+03
4.765079915060673557e+03
4.849340658063912997e+03
4.935834640360407320e+03
5.024169592609850042e+03
5.113926817527214553e+03
2.242767812992848121e+03
2.361052406109955882e+03
2.476539070520170753e+03
2.588775434151432819e+03
2.697480397914893274e+03
2.802497928731994762e+03
2.903746749386036754e+03
3.001222841925070043e+03
3.094969518363252064e+03
3.185037943568579976e+03
3.271529488471063814e+03
3.354570695767429243e+03
3.434238656792438178e+03
3.510713935725249030e+03
3.584097884050383527e+03
3.654549466463839508e+03
3.722165546477849603e+03
3.787114984494237433e+03
3.849499020262504928e+03
3.909485110118391731e+03
3.967168143206834429e+03
4.022650907966195518e+03
4.076034428082700742e+03
4.127448592880592514e+03
4.176996767523606650e+03
4.224780933340235606e+03
4.270887267152947970e+03
4.315359144564883536e+03
4.358349896363832158e+03
4.399918131817314134e+03
4.441163667536933644e+03
4.487268278316734722e+03
4.540923467753509613e+03
4.605370136433830339e+03
4.679667278565172637e+03
4.759335634433673476e+03
4.842637204955050947e+03
4.928670561109508526e+03
5.016730797310787239e+03
5.106498205339676133e+03
2.367996911181061023e+03
2.483912869414760280e+03
2.596523059382158863e+03
2.705582239371837659e+03
2.810953305347980859e+03
2.912587127070059069e+03
3.010494781652042548e+03
3.104710794015189094e+03
3.195317854731783882e+03
3.282426093812059662e+03
3.366113951832887324e+03
3.446544495776798612e+03
3.523819469624548674e+03
3.598091536016264399e+03
3.669459003240211132e+03
3.738084971450176909e+03
3.804073186542455915e+03
3.867585294943373356e+03
3.928719774555110689e+03
3.987580424007740930e+03
4.044269679908035869e+03
4.098915766569586594e+03
4.151624072188544233e+03
4.202496008314780738e+03
4.251620314249851617e+03
4.299044494997930997e+03
4.344917412959086505e+03
4.389299942170590839e+03
4.432211406039554277e+03
4.473759774336580449e+03
4.514836011096949733e+03
4.560825828488386833e+03
4.614935350075120368e+03
4.680587982341781753e+03
4.756861654040627400e+03
4.838478195537208194e+03
4.923508297638514705e+03
5.011111290117586577e+03
5.100621387793006761e+03
2.490945433278877317e+03
2.604145722121400922e+03
2.713764064745895666e+03
2.819693624238491793e+03
2.921905529433752235e+03
3.020412181330339081e+03
3.115274371246813644e+03
3.206584643737647184e+03
3.294420356613293734e+03
3.378927114677680493e+03
3.460207009690284849e+03
3.538405695683742579e+03
3.613623619417377085e+03
3.686017917765789662e+03
3.755695341342337088e+03
3.822812083578633064e+03
3.887470363921244825e+03
3.949775904921654728e+03
4.009832860707654618e+03
4.067767925083471710e+03
4.123688522883157020e+03
4.177696630616012044e+03
4.229883231674602939e+03
4.280300693218777269e+03
4.329093505951555926e+03
4.376325637022831870e+03
4.422025664382460491e+03
4.466296222438183577e+03
4.509214949869513475e+03
4.550780145216612254e+03
4.591731910756361685e+03
4.637680593171635337e+03
4.692201804869529951e+03
4.759004673790228480e+03
4.837169578731689398e+03
4.920568319887353027e+03
5.007229701622817629e+03
5.096214794834890199e+03
2.611935801420172993e+03
2.722268639459910446e+03
2.828905134317534248e+03
2.931827496595300545e+03
3.031070305623032255e+03
3.126706293972049480e+03
3.218808940660841472e+03
3.307506036334343662e+03
3.392899438896693937e+03
3.475127112874934937e+03
3.554292074435232735e+03
3.630545184405600594e+03
3.703996286087029148e+03
3.774796577012862599e+03
3.843052487153039692e+03
3.908871697644248343e+03
3.972360013778675238e+03
4.033643822930154784e+03
4.092832336698836116e+03
4.150028402203592123e+03
4.205325426977408824e+03
4.258781135047995122e+03
4.310535847749992172e+03
4.360657178411433961e+03
4.409182149503871187e+03
4.456209260816552160e+03
4.501817088379189954e+03
4.546014897310536071e+03
4.588962414712056670e+03
4.630652313120059262e+03
4.671498972690369555e+03
4.717353503116520187e+03
4.772260396726403997e+03
4.840160246636693046e+03
4.920203551294845965e+03
5.005219279125580215e+03
5.093287709644106144e+03
2.731228384324854233e+03
2.838674834552337870e+03
2.942411770061848983e+03
3.042488126777993784e+03
3.138970177161973879e+03
3.231967035220477555e+03
3.321579142426085582e+03
3.407936115222822991e+03
3.491143544236439084e+03
3.571345751241277412e+03
3.648655666881982597e+03
3.723219733141504548e+03
3.795148692604385360e+03
3.864552409846301089e+03
3.931538868644583545e+03
3.996234113633892321e+03
4.058748850150700946e+03
4.119188186202263751e+03
4.177647684830875733e+03
4.234190352866527974e+03
4.288952924689754582e+03
4.342007001722797213e+03
4.393397420096465794e+03
4.443219603712427670e+03
4.491553268104739800e+03
4.538417838999945161e+03
4.583964223166845841e+03
4.628192290577008862e+03
4.671160019073518924e+03
4.712967343530160178e+03
4.753753667354880236e+03
4.799451486856909469e+03
4.854799383248141567e+03
4.923741492823521185e+03
5.005495495132519864e+03
5.092020484546078478e+03
2.849036412725930859e+03
2.953659708372713794e+03
3.054628371187861831e+03
3.152031024033508402e+03
3.245965012633148490e+03
3.336550730434616526e+03
3.423895996584800287e+03
3.508138245891698716e+03
3.589393327039328142e+03
3.667803241605132825e+03
3.743482880899905467e+03
3.816544519615413265e+03
3.887098542914091922e+03
3.955270870590490631e+03
4.021173927816799733e+03
4.084915176310042170e+03
4.146592143061535353e+03
4.206274226183297287e+03
4.264094531222280239e+03
4.320128519311021591e+03
4.374428682998164732e+03
4.427088250453356522e+03
4.478188270125209783e+03
4.527757586981971144e+03
4.575939244068027620e+03
4.622740375361647239e+03
4.668222343861145418e+03
4.712481723454659004e+03
4.755479930171956767e+03
4.797390798433899363e+03
4.838255603441739368e+03
4.883720231338744270e+03
4.939388620678780171e+03
5.009389999864227320e+03
5.092776273489096639e+03
2.965536807276826949e+03
3.067448505701340764e+03
3.165806361884196122e+03
3.260720229545567236e+03
3.352299367307001830e+03
3.440673932063209122e+03
3.525962336730997777e+03
3.608302307935672616e+03
3.687812703814181077e+03
3.764608508131617327e+03
3.838802546938358319e+03
3.910520713659207104e+03
3.979877277223637975e+03
4.046982284992161112e+03
4.111935640496506494e+03
4.174812961537943011e+03
4.235743739778213239e+03
4.294808420699962880e+03
4.352066414729119970e+03
4.407609059521934796e+03
4.461519355386876668e+03
4.513834898858420274e+03
4.564691666869255641e+03
4.614104101401928347e+03
4.662136663735162074e+03
4.708883266156391983e+03
4.754315928876576436e+03
4.798600719808778194e+03
4.841717475968938743e+03
4.883710179110559693e+03
4.924624531287538048e+03
4.969842223511115662e+03
5.025815444490453956e+03
5.096836472228924322e+03
3.080877917753176007e+03
3.180219591874269099e+03
3.276129865730435085e+03
3.368730809085881447e+03
3.458142917012943144e+03
3.544499673944473216e+03
3.627923663441312783e+03
3.708532706393584704e+03
3.786442274940156494e+03
3.861778250062262487e+03
3.934656768519379511e+03
4.005190647325457576e+03
4.073482436172565485e+03
4.139614026368435589e+03
4.203711900037893429e+03
4.265861234117982349e+03
4.326127720705481806e+03
4.384602623524566297e+03
4.441370571154238860e+03
4.496476839790097074e+03
4.550051615798839521e+03
4.602116623587977301e+03
4.652739176389584827e+03
4.702011113043859950e+03
4.749914992743727453e+03
4.796608332278596208e+03
4.842079137559227092e+03
4.886372868192696842e+03
4.929533106941336882e+03
4.971648530742571893e+03
5.012696848878707897e+03
5.057583436228376740e+03
5.113847170655380978e+03
3.195185269550383055e+03
3.292108608925640965e+03
3.385737367844419168e+03
3.476200498770431750e+03
3.563623825681452217e+03
3.648128293751135971e+03
3.729832046113222532e+03
3.808860944360935264e+03
3.885333171093142482e+03
3.959364289698150060e+03
4.031059792981616283e+03
4.100507927928591016e+03
4.167832502041774205e+03
4.233123424260522370e+03
4.296452827631334912e+03
4.357912052553176181e+03
4.417587239870699705e+03
4.475531956584375621e+03
4.531870784665225074e+03
4.586632314576143472e+03
4.639887009989885883e+03
4.691725049241563283e+03
4.742139394631929463e+03
4.791278652968903771e+03
4.839139833222959169e+03
4.885769667627700073e+03
4.931213630202886634e+03
4.975559540683447267e+03
5.018791174715061061e+03
5.061005183428138480e+03
5.102218796738026867e+03
5.146787196767694695e+03
3.308566023863513237e+03
3.403227973216732607e+03
3.494739610057680238e+03
3.583224871384995822e+03
3.668804861702415110e+03
3.751605085596900608e+03
3.831745985773745815e+03
3.909345935122074479e+03
3.984513690865139324e+03
4.057343782896794437e+03
4.127957736698370354e+03
4.196450259829389324e+03
4.262899698994353457e+03
4.327398103361897483e+03
4.390033600084022510e+03
4.450867123898035970e+03
4.510018009098808761e+03
4.567522876329921928e+03
4.623454689104653880e+03
4.677901950932872751e+03
4.730868085658821656e+03
4.782493367130009574e+03
4.832783508877343593e+03
4.881786729831601406e+03
4.929550474392461183e+03
4.976161786732659493e+03
5.021610411777812260e+03
5.065990865532538010e+03
5.109323605828922155e+03
5.151647319044581309e+03
5.192995379769158717e+03
3.421112303621129286e+03
3.513667071709191077e+03
3.603208718604943897e+03
3.689862072500779504e+03
3.773750048799265642e+03
3.854993615376342859e+03
3.933705331733171533e+03
4.009985950256195792e+03
4.083955072400106474e+03
4.155712081891139860e+03
4.225341582174169162e+03
4.292936860980703386e+03
4.358588204226349262e+03
4.422363434727163622e+03
4.484377604886080007e+03
4.544674954049043663e+03
4.603330547897334327e+03
4.660432721125313037e+03
4.715994458913331073e+03
4.770147911077474419e+03
4.822907708835462472e+03
4.874323666828056048e+03
4.924445257642148135e+03
4.973358832400653228e+03
5.021060066746318626e+03
5.067641467910008942e+03
5.113126820881259846e+03
5.157555944028023077e+03
5.200964423869959319e+03
5.243364046514666370e+03
3.532903857193147815e+03
3.623495488769960502e+03
3.711212397557460463e+03
3.796177801906324021e+03
3.878508438830604064e+03
3.958311253146506715e+03
4.035704315420124203e+03
4.110791701258900503e+03
4.183664122157677411e+03
4.254416702127912686e+03
4.323142052104154573e+03
4.389914480002044002e+03
4.454845395470386393e+03
4.517986628840003505e+03
4.579415627214432789e+03
4.639220420432291576e+03
4.697423024943811470e+03
4.754149101049290948e+03
4.809421489314729115e+03
4.863291359996391293e+03
4.915810734157781553e+03
4.967065194471132600e+03
5.017056386260086583e+03
5.065874941067750115e+03
5.113547991284152886e+03
5.160116630468752192e+03
5.205618622945647985e+03
5.250068250889560659e+03
5.293567773635097183e+03
3.644010142626138986e+03
3.732778770411358892e+03
3.818806701500617237e+03
3.902206614008498491e+03
3.983095513398358889e+03
4.061582011819445142e+03
4.137763080783248370e+03
4.211736147621822965e+03
4.283596245213258953e+03
4.353423899090885243e+03
4.421327381988564412e+03
4.487366224674407931e+03
4.551620242876949305e+03
4.614177379581858986e+03
4.675068849646928356e+03
4.734413826922342196e+03
4.792242907452029613e+03
4.848609908586558959e+03
4.903569003331087515e+03
4.957204568247330826e+03
5.009524706543723369e+03
5.060618204010363115e+03
5.110515563357134852e+03
5.159259244830453099e+03
5.206889236705406802e+03
5.253422431512705771e+03
5.298959317309012476e+03
5.343470395209588787e+03
3.754491953382583233e+03
3.841566953321700112e+03
3.926026789438325977e+03
4.007984203807934136e+03
4.087542464228997233e+03
4.164801895546785090e+03
4.239860141140674386e+03
4.312803547629733657e+03
4.383737787038348870e+03
4.452730237263482195e+03
4.519863044863828691e+03
4.585224365792733806e+03
4.648854451123021136e+03
4.710866402723595456e+03
4.771298766187126603e+03
4.830207752217848792e+03
4.887649475652051478e+03
4.943708191442816315e+03
4.998398053076058204e+03
5.051805643375968430e+03
5.103965328419273646e+03
5.154920958715058077e+03
5.204714780253096251e+03
5.253366400520217212e+03
5.300974436720092854e+03
5.347514419431487113e+03
5.393041140159893985e+03
3.864402729990648822e+03
3.949905862827276906e+03
4.032912888289712100e+03
4.113527385404839151e+03
4.191849780608163201e+03
4.267971986693359213e+03
4.341997597804032921e+03
4.414001905060054014e+03
4.484069436880228750e+03
4.552288808640078059e+03
4.618709216653405747e+03
4.683438122999872576e+03
4.746521882842800551e+03
4.808019295686186524e+03
4.867988851790660192e+03
4.926514182492329383e+03
4.983615347082577500e+03
5.039377820118823365e+03
5.093839459673055899e+03
5.147045180679937403e+03
5.199039891105252536e+03
5.249846013555426907e+03
5.299560142836449813e+03
5.348163078710717855e+03
5.395710037239622579e+03
5.442246852061767640e+03
3.973790248576682643e+03
4.057831264353765619e+03
4.139486591675942691e+03
4.218853206037381824e+03
4.296033202636335773e+03
4.371109955262633775e+03
4.444170333921045312e+03
4.515303660255038267e+03
4.584568041595190152e+03
4.652065718112731702e+03
4.717850738285786065e+03
4.781984738858889614e+03
4.844528689422635580e+03
4.905565494037294229e+03
4.965121665099199163e+03
5.023281098220117201e+03
5.080084919723947678e+03
5.135580339641323008e+03
5.189814473715208806e+03
5.242812240830144219e+03
5.294668494352480593e+03
5.345369499541848199e+03
5.394970854323423737e+03
5.443519143765091030e+03
5.491070635211752233e+03
4.082696384501177818e+03
4.165375468450800327e+03
4.245775377462865436e+03
4.323987465962429269e+03
4.400101043523752196e+03
4.474206342070368919e+03
4.546370334689938318e+03
4.616690456302618259e+03
4.685228335788898221e+03
4.752048736520029706e+03
4.817215233719845855e+03
4.880809916692942352e+03
4.942865990751248319e+03
5.003465701523218740e+03
5.062653896183766847e+03
5.120479757553732270e+03
5.176992308119883091e+03
5.232220207381795262e+03
5.286255938511420027e+03
5.339091074266070791e+03
5.390781938633318532e+03
5.441375837545312606e+03
5.490928846183912356e+03
5.539428301359895158e+03
4.191158541907508152e+03
4.272571031007128113e+03
4.351800435042297977e+03
4.428937823098138324e+03
4.504059125753437911e+03
4.577257260748495355e+03
4.648601373592928212e+03
4.718159671490995606e+03
4.785998440484023376e+03
4.852198902954650293e+03
4.916801206473234743e+03
4.979885901679959716e+03
5.041501695332592135e+03
5.101699823883003774e+03
5.160531615303599210e+03
5.218029147671413739e+03
5.274282047680547294e+03
5.329288554361860406e+03
5.383105246230512421e+03
5.435779729676643910e+03
5.487368337211542894e+03
5.537863168794547164e+03
5.587316599487435269e+03
4.299210357175387799e+03
4.379441890607373352e+03
4.457580253550811904e+03
4.533713926201469803e+03
4.607919501961054266e+03
4.680268925101754576e+03
4.750831325715438652e+03
4.819686960161914612e+03
4.886883251029551502e+03
4.952498990865489759e+03
5.016586857116728424e+03
5.079200377714266324e+03
5.140393114425041858e+03
5.200200753556640848e+03
5.258710183488246912e+03
5.315926209478693636e+03
5.371905317954703605e+03
5.426696446302134063e+03
5.480355820768730155e+03
5.532880085010783660e+03
5.584322832543634831e+03
5.634736308552686751e+03
4.406882110756324437e+03
4.486010550381843132e+03
4.563134669227924860e+03
4.638330234730872689e+03
4.711669309467499261e+03
4.783231061104176661e+03
4.853070558969888225e+03
4.921264764256971830e+03
4.987870476486235930e+03
5.052943698358636539e+03
5.116540240210882985e+03
5.178699615690302380e+03
5.239505727911627218e+03
5.298970296598126879e+03
5.357149961817221993e+03
5.414094590324219098e+03
5.469860080669181116e+03
5.524448802354891086e+03
5.577914960331950169e+03
5.630309463757810590e+03
5.681635245865652905e+03
4.514200749941957838e+03
4.592299124486115034e+03
4.668469650356544662e+03
4.742790112403021340e+03
4.815323676270090800e+03
4.886145053410442415e+03
4.955315679494671713e+03
5.022894152773531459e+03
5.088938518782852043e+03
5.153492360970894879e+03
5.216636343357715305e+03
5.278389502198611808e+03
5.338808578289328580e+03
5.397944332832428699e+03
5.455852726579307273e+03
5.512541661689357170e+03
5.568065422788089563e+03
5.622474751967226439e+03
5.675777060923932368e+03
5.728034016402268207e+03
4.621191227365601662e+03
4.698324416882698642e+03
4.773604332722109575e+03
4.847103263571438220e+03
4.918887235209900609e+03
4.989017776184705326e+03
5.057555167191459077e+03
5.124547344636108392e+03
5.190071404977412385e+03
5.254154204192662291e+03
5.316852476263213248e+03
5.378217929931604885e+03
5.438306442567740305e+03
5.497132205918722320e+03
5.554749133324834474e+03
5.611207738974426320e+03
5.666519684296981723e+03
5.720745245087126932e+03
5.773933127057274760e+03
4.727875795970804575e+03
4.804103920424944590e+03
4.878551109690813973e+03
4.951281878051997410e+03
5.022358737390267379e+03
5.091834275080462248e+03
5.159781700801680017e+03
5.226236196266125262e+03
5.291254408742041051e+03
5.354889020140321918e+03
5.417195767363427876e+03
5.478195771665197753e+03
5.537941972829046790e+03
5.596484888584442160e+03
5.653840863839424856e+03
5.710068590465466514e+03
5.765216074444371770e+03
5.819277233867185714e+03
4.834274492203268892e+03
4.909654702737330808e+03
4.983318772577969867e+03
5.055323906851743232e+03
5.125739091804978671e+03
5.194608396218732196e+03
5.261988267156698384e+03
5.327932415924386987e+03
5.392496624551024979e+03
5.455708846596920921e+03
5.517621183367661615e+03
5.578284231894294862e+03
5.637719103109358912e+03
5.695982861749907897e+03
5.753123248651712856e+03
5.809141414857014752e+03
5.864080251724220943e+03
4.940405758166758460e+03
5.014987756336766324e+03
5.087916250075070820e+03
5.159244564756925683e+03
5.229028837590725743e+03
5.297323860629701812e+03
5.364185623195995504e+03
5.429648866439890298e+03
5.493765000760447947e+03
5.556584736947752390e+03
5.618134066522899047e+03
5.678468425762510378e+03
5.737635420669163068e+03
5.795643225901654660e+03
5.852533488849490823e+03
5.908361830994437696e+03
5.046286495628985904e+03
5.120119065555883026e+03
5.192351551132919667e+03
5.263039768074768290e+03
5.332240106900800129e+03
5.399994054327772574e+03
5.466352443881893123e+03
5.531366166994210289e+03
5.595066241387543414e+03
5.657506436833336011e+03
5.718734383953202268e+03
5.778765087871724063e+03
5.837639296483463113e+03
5.895411268131828365e+03
5.952090190324797732e+03
5.151932548353746824e+03
5.225057038163848119e+03
5.296637936052402438e+03
5.366723166487852723e+03
5.435363126695297979e+03
5.502608915821625487e+03
5.568496764629423524e+03
5.633078716999764765e+03
5.696402584467014094e+03
5.758490071015477952e+03
5.819381332623293929e+03
5.879129150319388827e+03
5.937747891086184609e+03
5.995284227549978823e+03
5.257357691403709396e+03
5.329815339948390829e+03
5.400777065537284216e+03
5.470293830173915012e+03
5.538407240264069515e+03
5.605167589881274580e+03
5.670623018439635416e+03
5.734801783711377539e+03
5.797743806175076315e+03
5.859500230003921388e+03
5.920090668117922178e+03
5.979560465595865026e+03
6.037936690225449638e+03
5.362574695722588331e+03
5.434402023114493204e+03
5.504779585602721454e+03
5.573755733863967180e+03
5.641379061867237397e+03
5.707684258257501824e+03
5.772711341421213547e+03
5.836509719404511088e+03
5.899104247734164346e+03
5.960539077917909708e+03
6.020843566168011421e+03
6.080061005387156001e+03
5.467596131125889769e+03
5.538826049495253756e+03
5.608654338118296437e+03
5.677121795251307958e+03
5.744268913033298304e+03
5.810143155847651542e+03
5.874774749243517363e+03
5.938206697182455173e+03
6.000470732179536753e+03
6.061609418961423216e+03
6.121635973575192111e+03
5.572433002303107060e+03
5.643098870253982568e+03
5.712401644509750440e+03
5.780386317923816023e+03
5.847088523012631413e+03
5.912550206988653372e+03
5.976805586749062059e+03
6.039896484839088771e+03
6.101841629146552805e+03
6.162688429337389607e+03
5.677094967009423272e+03
5.747225075151101919e+03
5.816032055876521554e+03
5.883556688266126002e+03
5.949835739445617946e+03
6.014910303172427120e+03
6.078804662543874656e+03
6.141563208136793037e+03
6.203220672277067933e+03
5.781592092095187581e+03
5.851213282888746107e+03
5.919548899040597462e+03
5.986639091969166657e+03
6.052513812885836160e+03
6.117214404199798992e+03
6.180776860636960919e+03
6.243218701970752591e+03
5.885933226443786225e+03
5.955071139290112114e+03
6.022957853636769869e+03
6.089631291948246144e+03
6.155128630453399637e+03
6.219473048063947317e+03
6.282706203443094637e+03
5.990125732071534003e+03
6.058803163712049354e+03
6.126265738273021270e+03
6.192542521779359959e+03
6.257671538488559236e+03
6.321686466603678127e+03
6.094178214822260088e+03
6.162417319282350036e+03
6.229471538682992104e+03
6.295375672702565680e+03
6.360155683224889799e+03
6.198097124386237738e+03
6.265919117295434262e+03
6.332585350471121274e+03
6.398129211126668451e+03
6.301889107217470155e+03
6.369312245985827758e+03
6.435608588825505649e+03
6.405560849753310322e+03
6.472603169705456821e+03
6.509117083206016105e+03
