3.072420880752103130e+03
3.022715961041542414e+03
2.986358854062686987e+03
2.957099659113695452e+03
2.931321119387960607e+03
2.910325884732052600e+03
2.891189562392120934e+03
2.873982668977469530e+03
2.859200245700245887e+03
2.846411165946946312e+03
2.819067102939648976e+03
2.799635638576975452e+03
2.787451431601272361e+03
2.780281551317762933e+03
2.777950108225108124e+03
2.779461252595911901e+03
2.795992972671500411e+03
2.822048902536108471e+03
2.858408025980051207e+03
2.899394892409552995e+03
2.941743043006866628e+03
2.983680986866331295e+03
3.021848818306865269e+03
3.053917611104036496e+03
3.078257746661480724e+03
3.095430702217528960e+03
3.102737810611148234e+03
3.102686987424822291e+03
3.093839221140473001e+03
3.073890271493212822e+03
3.047262870290480350e+03
2.972836379848417437e+03
2.880304467987102726e+03
2.774914738510301049e+03
2.658320693036940156e+03
2.531676212938005392e+03
2.394428323498785176e+03
2.248106504646175836e+03
2.089915226186097698e+03
2.090185344827586050e+03
2.131316109422492445e+03
2.287138211382113695e+03
2.370641693811075129e+03
2.474656761904761879e+03
2.480994856408058240e+03
2.240491220368744507e+03
1.997314864864864830e+03
1.743772140221402196e+03
1.487816075650118137e+03
1.221741779497098605e+03
1.019904361534419309e+03
8.943743749999999864e+02
7.681485451761102468e+02
6.113153409090908781e+02
5.082519788918205563e+02
4.032997987927565191e+02
3.429519999999999982e+02
4.829181818181818016e+03
5.312777777777777374e+03
5.926750000000000000e+03
5.165875000000000000e+03
4.956300000000000182e+03
6.830142857142856883e+03
5.299285714285714675e+03
6.718285714285714675e+03
7.142714285714285325e+03
6.284000000000000000e+03
5.163714285714285325e+03
4.356750000000000000e+03
5.941714285714285325e+03
4.396750000000000000e+03
3.003586045118786387e+03
2.970145478243432990e+03
2.941774109120193316e+03
2.919008291203235785e+03
2.898545740684333396e+03
2.880308084412274638e+03
2.864672194922195104e+03
2.851159366646103081e+03
2.838989881259679805e+03
2.814132290036515315e+03
2.796606999789163183e+03
2.784257587051432438e+03
2.777692911691943664e+03
2.776716226497119806e+03
2.778636922401492484e+03
2.793704657411553853e+03
2.820059945192966552e+03
2.853578395995809387e+03
2.892156758039634497e+03
2.931530471584038878e+03
2.970027476589452817e+03
3.003223337515683852e+03
3.032806237218813749e+03
3.053043704474505830e+03
3.068298278145695349e+03
3.072797331895970729e+03
3.070497463320992665e+03
3.060526506696428442e+03
3.042001703093953893e+03
3.014771461549560172e+03
2.943581357196122099e+03
2.853338262476894670e+03
2.749456684151963145e+03
2.635500902082991615e+03
2.508482251521298167e+03
2.368980859578910895e+03
2.222107865973840035e+03
2.063887188940092074e+03
2.041578325524546699e+03
2.085647949673811581e+03
2.239508693213684637e+03
2.325416067929457768e+03
2.430486973180076802e+03
2.423364261168384928e+03
2.184515191545574453e+03
1.940698555956678774e+03
1.690923183711244747e+03
1.432657345971563927e+03
1.170318622696411239e+03
9.806716577540106528e+02
8.604635083226633014e+02
7.263714511041009700e+02
5.847956349206349387e+02
4.705888111888111780e+02
3.940551876379690839e+02
3.780000000000000000e+02
5.644250000000000000e+03
4.701625000000000000e+03
4.338888888888888687e+03
6.137285714285714675e+03
6.324375000000000000e+03
5.813142857142856883e+03
5.357428571428571558e+03
6.098142857142856883e+03
5.456571428571428442e+03
5.813571428571428442e+03
5.303000000000000000e+03
4.330750000000000000e+03
4.418125000000000000e+03
5.340625000000000000e+03
2.956485705657338258e+03
2.930999696663296163e+03
2.908594679662910039e+03
2.888863288816392924e+03
2.872032452907452807e+03
2.857517890191239985e+03
2.844487867836860914e+03
2.832729704510109059e+03
2.808482614160033336e+03
2.792248491903905233e+03
2.782103732221152768e+03
2.775967055519550740e+03
2.774772067648663324e+03
2.777315296451399718e+03
2.791845808046752154e+03
2.818294852688295123e+03
2.849710095816779813e+03
2.886266468135795094e+03
2.923391842680262016e+03
2.958447316349245739e+03
2.988802291902783054e+03
3.015568368394048321e+03
3.034607679247747001e+03
3.044921063122923442e+03
3.049082093589396663e+03
3.044875051603137308e+03
3.033426991460170939e+03
3.013109750889679617e+03
2.988008398494062931e+03
2.916479880329095067e+03
2.827809516452958633e+03
2.725634826981342485e+03
2.610901480263157737e+03
2.482942731277532857e+03
2.346233548612323375e+03
2.198995686556434066e+03
2.039454612682565994e+03
1.990487578267016715e+03
2.041782578397212546e+03
2.192633230596805788e+03
2.278433289731850891e+03
2.381143461538461452e+03
2.366705553164012144e+03
2.130827814569536258e+03
1.887580995475113014e+03
1.638369666048237377e+03
1.379617283950617320e+03
1.120566844919786035e+03
9.493593238822246576e+02
8.256876640419947080e+02
7.002303325223033426e+02
5.625804416403785808e+02
4.561043219076005926e+02
3.678097560975609781e+02
3.339812499999999886e+02
4.379000000000000000e+03
4.909333333333333030e+03
4.835625000000000000e+03
6.509285714285714675e+03
7.550142857142856883e+03
6.412000000000000000e+03
7.357285714285714675e+03
6.474857142857143117e+03
6.079428571428571558e+03
6.085428571428571558e+03
5.946857142857143117e+03
5.434125000000000000e+03
4.514875000000000000e+03
4.941000000000000000e+03
2.921155345720377682e+03
2.899434295035171999e+03
2.881058251433251371e+03
2.865308965659058231e+03
2.851201858544140578e+03
2.838533437013996718e+03
2.827088590464293247e+03
2.804064254916394930e+03
2.789006907545164722e+03
2.779137856989478223e+03
2.773398720451095414e+03
2.772814875670938818e+03
2.775832042487275885e+03
2.790570977206048155e+03
2.815920474162734536e+03
2.846903437756658604e+03
2.880779026665072251e+03
2.915179702729044948e+03
2.948120158887785692e+03
2.975887765419615789e+03
3.000060633367662376e+03
3.015941823899371229e+03
3.025690850893571678e+03
3.028471969594136226e+03
3.023256767955801024e+03
3.009019803370786576e+03
2.989985712244606475e+03
2.962661098198721447e+03
2.892468857871829641e+03
2.804136060746939620e+03
2.703010238361862321e+03
2.588453555518891335e+03
2.461614246854811427e+03
2.323256477591036401e+03
2.174800865020724359e+03
2.016092156499165640e+03
1.938600319744204626e+03
1.999824142724745116e+03
2.146923614997202094e+03
2.233693543100622719e+03
2.336486862442040092e+03
2.314894214162348817e+03
2.077385568835768026e+03
1.835701587301587324e+03
1.583825743494423705e+03
1.332669205140409304e+03
1.071334469328140131e+03
9.168920422927100162e+02
7.894324142568930256e+02
6.569966832504145486e+02
5.383337016574586187e+02
4.229253968253968310e+02
3.502452316076294210e+02
4.511217391304347757e+02
4.997777777777777374e+03
4.755333333333333030e+03
6.580428571428571558e+03
4.951750000000000000e+03
6.433571428571428442e+03
5.002625000000000000e+03
6.725571428571428442e+03
5.959571428571428442e+03
5.668857142857143117e+03
6.160857142857143117e+03
5.162857142857143117e+03
5.988250000000000000e+03
6.519571428571428442e+03
4.575250000000000000e+03
2.891779279279279308e+03
2.874468126670779384e+03
2.859084667010841713e+03
2.845318195956454019e+03
2.832916614615865001e+03
2.822313924315283202e+03
2.800604921322209520e+03
2.785455670543049109e+03
2.776798943510133540e+03
2.771224496461622039e+03
2.771571994280057424e+03
2.773747861823836502e+03
2.788813186813186803e+03
2.813232902033271785e+03
2.843016252502649877e+03
2.875089774363898414e+03
2.907423086329175931e+03
2.938209418213529261e+03
2.964636386703882181e+03
2.985039266339447295e+03
3.000008285113098282e+03
3.007420904710920695e+03
3.007877161922919640e+03
3.001903131929046594e+03
2.988361291232027270e+03
2.967778637992831591e+03
2.940370354175775901e+03
2.869939316368016989e+03
2.782967034675789364e+03
2.680759184983154228e+03
2.565940105890138966e+03
2.439659447476125479e+03
2.301394801545486644e+03
2.151544731610337749e+03
1.994486235119047706e+03
1.883747632202052046e+03
1.962581115482527139e+03
2.100561486864170092e+03
2.186776902887138931e+03
2.288870104691740835e+03
2.260805627705627558e+03
2.029382326820604021e+03
1.784748522055479725e+03
1.534519087523277449e+03
1.280906101048617757e+03
1.024134211810639272e+03
8.851903409090908781e+02
7.637382596685082490e+02
6.226176720475785942e+02
5.212470997679814673e+02
3.926044142614600787e+02
3.192030769230769351e+02
6.881408450704225288e+02
4.923875000000000000e+03
5.915857142857143117e+03
4.664666666666666970e+03
4.405333333333333030e+03
6.777571428571428442e+03
5.223777777777777374e+03
5.366500000000000000e+03
5.217142857142856883e+03
5.772857142857143117e+03
6.522428571428571558e+03
5.280142857142856883e+03
6.000857142857143117e+03
4.955375000000000000e+03
6.403857142857143117e+03
2.868176974703149426e+03
2.853124520476931139e+03
2.839620861961274386e+03
2.828049864102028096e+03
2.816622665267575940e+03
2.797222611093435262e+03
2.782695093207627906e+03
2.773647402597402561e+03
2.768741392501912742e+03
2.769190812720848044e+03
2.772778137200223227e+03
2.786593426589332466e+03
2.810573416840640220e+03
2.839236226058169905e+03
2.869628358029153333e+03
2.900467043083343469e+03
2.928227153394174366e+03
2.954316265443892462e+03
2.972250745494619423e+03
2.985690205913410864e+03
2.991017998656816872e+03
2.990680699835976156e+03
2.982892782644973067e+03
2.966873444570135689e+03
2.945595628415300325e+03
2.919304621234279239e+03
2.847825430383569710e+03
2.762583710407239778e+03
2.659478274863211936e+03
2.545675962815405001e+03
2.417736788096459804e+03
2.280041395103047307e+03
2.131184768812329821e+03
1.971970341354224956e+03
1.830317624148003915e+03
1.923641570438799135e+03
2.057256066945606563e+03
2.139964215364412212e+03
2.245221097703386476e+03
2.212676215277777828e+03
1.975874944370271578e+03
1.736071135430916456e+03
1.485513526119402968e+03
1.238751793400286942e+03
9.793801369863014088e+02
8.587030796048808270e+02
7.389857752489331233e+02
5.960604732690621859e+02
4.852469437652811735e+02
3.897527675276753030e+02
2.915467625899280506e+02
2.831444444444444343e+03
4.627888888888888687e+03
5.497875000000000000e+03
4.890444444444444343e+03
4.517555555555555657e+03
6.407875000000000000e+03
4.789888888888888687e+03
4.638555555555555657e+03
6.439571428571428442e+03
5.807714285714285325e+03
5.192714285714285325e+03
5.956714285714285325e+03
5.146571428571428442e+03
6.772142857142856883e+03
5.390142857142856883e+03
2.847231417863835304e+03
2.834928175640355676e+03
2.822151206715634999e+03
2.813819945182373885e+03
2.793290597380470444e+03
2.779368505969667694e+03
2.771291458378613243e+03
2.767347420417123885e+03
2.767300365894223432e+03
2.769811688311688158e+03
2.784493149120803992e+03
2.807104540162980356e+03
2.834645662750682277e+03
2.864051027811366566e+03
2.893261796230134223e+03
2.919259473023839291e+03
2.942482428115015864e+03
2.958802419354838548e+03
2.970827440074162496e+03
2.974488209136235128e+03
2.972472370766488439e+03
2.964293387276785779e+03
2.948229568671963534e+03
2.926348434569326400e+03
2.899815700660308266e+03
2.829337274518720733e+03
2.741412142074792882e+03
2.639634969325153179e+03
2.523265934431685764e+03
2.397131217838765224e+03
2.258625618374558144e+03
2.109213636363636397e+03
1.949426327599102478e+03
1.780971159392424624e+03
1.887046125461254633e+03
2.014185236768802270e+03
2.097217805519053854e+03
2.202805001953888222e+03
2.160680730752500949e+03
1.927972792149866109e+03
1.684919178082191820e+03
1.439585126286248851e+03
1.190753595397890649e+03
9.495626242544731213e+02
8.310844233055885297e+02
7.095292397660819006e+02
5.635031674208145205e+02
4.632454780361757116e+02
3.731512096774193310e+02
3.203056768558951717e+02
4.725666666666666970e+03
5.521777777777777374e+03
4.939500000000000000e+03
5.971714285714285325e+03
4.970000000000000000e+03
5.218888888888888687e+03
5.117444444444444343e+03
5.343444444444444343e+03
6.302428571428571558e+03
5.735285714285714675e+03
5.713285714285714675e+03
6.032142857142856883e+03
5.355571428571428442e+03
5.942571428571428442e+03
5.434142857142856883e+03
2.828762094658411115e+03
2.819094560404806998e+03
2.808789184040639157e+03
2.789652090238426354e+03
2.776776085547634466e+03
2.768552973267866946e+03
2.764659356402909452e+03
2.765145608371368326e+03
2.767138008541245199e+03
2.782459818869655010e+03
2.803503505491937176e+03
2.830497438951756976e+03
2.859375500789122270e+03
2.886179671077037256e+03
2.910650170003777930e+03
2.932670343766033966e+03
2.947788587098459175e+03
2.956620332225913444e+03
2.960253989721395556e+03
2.956602311820558498e+03
2.947127677446450889e+03
2.929940925266903832e+03
2.908873877787431411e+03
2.880851170322390772e+03
2.810134884428223813e+03
2.721673414940364182e+03
2.620435698088759182e+03
2.504701285690432542e+03
2.377246386785960112e+03
2.237634012400354095e+03
2.087992706053975326e+03
1.928023255813953483e+03
1.759843840370156158e+03
1.854967489047728805e+03
1.967795782463929072e+03
2.055050624589086055e+03
2.158886799843321569e+03
2.113947230702136949e+03
1.880537773804202061e+03
1.641942739349519115e+03
1.394724331926863670e+03
1.149426923076923003e+03
9.213648307225871577e+02
8.021383495145630604e+02
6.815894736842104749e+02
5.391178133836003781e+02
4.405252387448840636e+02
3.482439560439560182e+02
3.480108108108108240e+02
6.028333333333333030e+03
5.043750000000000000e+03
5.627222222222222626e+03
6.518714285714285325e+03
5.058625000000000000e+03
5.100800000000000182e+03
7.718142857142856883e+03
4.871111111111111313e+03
6.351571428571428442e+03
5.814285714285714675e+03
7.004571428571428442e+03
5.223571428571428442e+03
6.727000000000000000e+03
6.795714285714285325e+03
5.492000000000000000e+03
2.813750555614350560e+03
2.804532093517534577e+03
2.786184990337126692e+03
2.772912383430926184e+03
2.765138554216867306e+03
2.762033857048019399e+03
2.761671731843575344e+03
2.765028548860302635e+03
2.779729082748302517e+03
2.801077202862841659e+03
2.825965447154471349e+03
2.853109161793372095e+03
2.879596573982124937e+03
2.902188321536906187e+03
2.922480947476828078e+03
2.935318092493122094e+03
2.944132301947186079e+03
2.946418159609120721e+03
2.942541574585635317e+03
2.930467837078651883e+03
2.914342763251893302e+03
2.891009296920395172e+03
2.862354252805670512e+03
2.791213697376449090e+03
2.704759294265910739e+03
2.601501868399675004e+03
2.485603416513146840e+03
2.357308833678398969e+03
2.218275053304903849e+03
2.067278844395684700e+03
1.908112824370063890e+03
1.738435808197989218e+03
1.822568663594470081e+03
1.924772551189817477e+03
2.011126191258626250e+03
2.116542059748427619e+03
2.068912111937035206e+03
1.834922491039426632e+03
1.595239559430931649e+03
1.350877876937529436e+03
1.105028406355320158e+03
8.895423293996921075e+02
7.712582043343653595e+02
6.598319132455460476e+02
5.200365251727541818e+02
4.144503597122302381e+02
3.279444444444444571e+02
4.059097222222222285e+02
5.969250000000000000e+03
5.056555555555555657e+03
5.398000000000000000e+03
4.613777777777777374e+03
5.304750000000000000e+03
6.561875000000000000e+03
6.720857142857143117e+03
5.874428571428571558e+03
5.468000000000000000e+03
5.934428571428571558e+03
5.847857142857143117e+03
4.978625000000000000e+03
5.904142857142856883e+03
5.113857142857143117e+03
4.640500000000000000e+03
2.799689107009495274e+03
2.782257734181308479e+03
2.769447468698965622e+03
2.762966120338796827e+03
2.758785404865045166e+03
2.760028388689407620e+03
2.762405800385181919e+03
2.776676640480591686e+03
2.797761719670200364e+03
2.821661185789726460e+03
2.846896442107837174e+03
2.872448112619907988e+03
2.894540598832783417e+03
2.911790105915783897e+03
2.924914650184113725e+03
2.931016191623176837e+03
2.932157701212038774e+03
2.926916308715532978e+03
2.915544749823819529e+03
2.898406594982078786e+03
2.874487101005684508e+03
2.845140740740740966e+03
2.773602448355011347e+03
2.685588058758489751e+03
2.583885411572942303e+03
2.466483372522674017e+03
2.338084443675376406e+03
2.197590058792089621e+03
2.047955620759215208e+03
1.888536212749905644e+03
1.718078309749951586e+03
1.786508610792192940e+03
1.883169285911221323e+03
1.969404597701149441e+03
2.072497439936983028e+03
2.021525624178712178e+03
1.792203146067415673e+03
1.554812068171349665e+03
1.309808671065032968e+03
1.063005306319343845e+03
8.634459530026109633e+02
7.446434452184927295e+02
6.223836378077839981e+02
5.044450261780104938e+02
3.922237442922374271e+02
3.081176470588235361e+02
4.886407766990291179e+02
4.783444444444444343e+03
4.527444444444444343e+03
4.621000000000000000e+03
4.858888888888888687e+03
5.171222222222222626e+03
6.396428571428571558e+03
5.805714285714285325e+03
6.800714285714285325e+03
5.747571428571428442e+03
5.690000000000000000e+03
6.422571428571428442e+03
5.175750000000000000e+03
5.998714285714285325e+03
6.118857142857143117e+03
5.143000000000000000e+03
2.771523788786064415e+03
2.761222417775822123e+03
2.753641230700877259e+03
2.751830565529623073e+03
2.751423360145009610e+03
2.754854593295961422e+03
2.767857476090506225e+03
2.787202805515929413e+03
2.810015628786043180e+03
2.833886543209876436e+03
2.854776618478943874e+03
2.874558770806658231e+03
2.888895333680917702e+03
2.898162377288405423e+03
2.903701107509454232e+03
2.900691166369006623e+03
2.892968837339295533e+03
2.879753944562899960e+03
2.859835669894493549e+03
2.835939153439153415e+03
2.805239247311827967e+03
2.732747801943544800e+03
2.643437281120662192e+03
2.540366891115125782e+03
2.422717211034015691e+03
2.294406173700732325e+03
2.152588657573582168e+03
2.001522068328716614e+03
1.841215004748338060e+03
1.670606829268292586e+03
1.676170922939068078e+03
1.776548896758376486e+03
1.864971840209561151e+03
1.969429588607594951e+03
1.916955467372134081e+03
1.687861211573236915e+03
1.453757645968489442e+03
1.211867709815078342e+03
9.692904322486643878e+02
7.953498098859315633e+02
6.818109552438210130e+02
5.539724310776941820e+02
4.551100702576112553e+02
3.499081081081080811e+02
3.215056603773584811e+02
4.849222222222222626e+03
4.893888888888888687e+03
4.520333333333333030e+03
4.783125000000000000e+03
5.423777777777777374e+03
6.466875000000000000e+03
5.504875000000000000e+03
6.040125000000000000e+03
4.854125000000000000e+03
6.474142857142856883e+03
5.330285714285714675e+03
3.969333333333333485e+03
6.536428571428571558e+03
5.949428571428571558e+03
5.855571428571428442e+03
5.018375000000000000e+03
2.750541435236614234e+03
2.745099079892279860e+03
2.741833578792341541e+03
2.742670861457499086e+03
2.746328211645101874e+03
2.759430153121319108e+03
2.776910585693710800e+03
2.797146839466927304e+03
2.818951912296000955e+03
2.838462572951027596e+03
2.854199431671402635e+03
2.866399474030243255e+03
2.872567032378913609e+03
2.875162331472150527e+03
2.871504087571012860e+03
2.862248062015503820e+03
2.847655197132616649e+03
2.826552397609677882e+03
2.800147407407407627e+03
2.769688450534557887e+03
2.696230326594090002e+03
2.605573331193838385e+03
2.500173891462607571e+03
2.382554399727148848e+03
2.252077098700386159e+03
2.110190889370932837e+03
1.960451078869047706e+03
1.798736902485659584e+03
1.630579319834873104e+03
1.559431882174572138e+03
1.673214687751273004e+03
1.764356654734786844e+03
1.867570522979397765e+03
1.818920106524633866e+03
1.590867667121418890e+03
1.356844040968342597e+03
1.119921353670162034e+03
8.803352855051244887e+02
7.372599318955732315e+02
6.280765957446808443e+02
4.887302573203194243e+02
4.135152317880794612e+02
3.083112582781457149e+02
3.636768292682926926e+02
5.917000000000000000e+03
4.896375000000000000e+03
5.179375000000000000e+03
4.769222222222222626e+03
4.448888888888888687e+03
6.935000000000000000e+03
4.279222222222222626e+03
4.848555555555555657e+03
5.245571428571428442e+03
5.884857142857143117e+03
6.637000000000000000e+03
5.283285714285714675e+03
6.033571428571428442e+03
5.033750000000000000e+03
6.456428571428571558e+03
4.467875000000000000e+03
2.733653789509459784e+03
2.731834687106738329e+03
2.733126963955637621e+03
2.735972941450897906e+03
2.748362577270565907e+03
2.765507934585099974e+03
2.785437476854709075e+03
2.804025644248899880e+03
2.822242509603072904e+03
2.836368661191500451e+03
2.845517909259750468e+03
2.852035926526202275e+03
2.850590465723313628e+03
2.844798351034097323e+03
2.833550739056282055e+03
2.816809943633473267e+03
2.795326818515797186e+03
2.767939665471923490e+03
2.736794019429265518e+03
2.660955492869456066e+03
2.570227199223803382e+03
2.463316833333333307e+03
2.343133928571428442e+03
2.214069166814081200e+03
2.072644209759650494e+03
1.920450084285446792e+03
1.758604427333975082e+03
1.591207756232686961e+03
1.442093037712391151e+03
1.522600915099135818e+03
1.669709448564979084e+03
1.772247328848436837e+03
1.725479017857142935e+03
1.503548741418764394e+03
1.270812734082396901e+03
1.042292026897214328e+03
8.021233415233415371e+02
6.870023795359904852e+02
5.702462349397590060e+02
4.415112195121951117e+02
3.527683109118086691e+02
2.833130193905817009e+02
8.501718750000000000e+02
5.890000000000000000e+03
5.300222222222222626e+03
5.007000000000000000e+03
5.320000000000000000e+03
4.910625000000000000e+03
6.687857142857143117e+03
7.144857142857143117e+03
5.421750000000000000e+03
4.244222222222222626e+03
6.353142857142856883e+03
5.606250000000000000e+03
5.965571428571428442e+03
5.113125000000000000e+03
4.616625000000000000e+03
5.132125000000000000e+03
5.731142857142856883e+03
2.721249537892791068e+03
2.721938301842780675e+03
2.726060770227299599e+03
2.737826332213154274e+03
2.754072022499388822e+03
2.772596113118226185e+03
2.790754726557543563e+03
2.805135089758491631e+03
2.818300236717517237e+03
2.824961332619748646e+03
2.829113441372735906e+03
2.827443120410142910e+03
2.820542776603241691e+03
2.808589390681003806e+03
2.789751821626347919e+03
2.766780148148148328e+03
2.739202228580033079e+03
2.706859525631216457e+03
2.630377567140600149e+03
2.537735006518904811e+03
2.430699647236687269e+03
2.311441751774277236e+03
2.178097452342775796e+03
2.036982945167797652e+03
1.885481893625047178e+03
1.723797247528590788e+03
1.555502688707428888e+03
1.380079566373491616e+03
1.423388943731490599e+03
1.573262169901368225e+03
1.673714848365498256e+03
1.643482247191011311e+03
1.421096224677716464e+03
1.195519566242338442e+03
9.656756756756756204e+02
7.424522613065327050e+02
6.331354037267080912e+02
5.213293365307754357e+02
4.162378854625550844e+02
3.186822107081174522e+02
2.885478927203064927e+02
5.183888888888888687e+03
4.802000000000000000e+03
4.566666666666666970e+03
4.680333333333333030e+03
4.972666666666666970e+03
5.233777777777777374e+03
6.420571428571428442e+03
5.840571428571428442e+03
6.047625000000000000e+03
5.786714285714285325e+03
5.688428571428571558e+03
6.550142857142856883e+03
5.237875000000000000e+03
6.037000000000000000e+03
6.174285714285714675e+03
4.521625000000000000e+03
5.866571428571428442e+03
2.711360852667530253e+03
2.714496909177365524e+03
2.726539794064203306e+03
2.742654776598370972e+03
2.759524324324324425e+03
2.776820998719590079e+03
2.791036631469169606e+03
2.800633240482822657e+03
2.809105213398162959e+03
2.809677702981178754e+03
2.806214784795975447e+03
2.797551449687322474e+03
2.783740713976008010e+03
2.765169581190301415e+03
2.740790173237754061e+03
2.713000151814179389e+03
2.679826314977633956e+03
2.600870125736113096e+03
2.508388569551650562e+03
2.400007615501776854e+03
2.279991281604184678e+03
2.147146984924623212e+03
2.005149769159741481e+03
1.853457169990503417e+03
1.691449951219512286e+03
1.525954673084637079e+03
1.349222359481161220e+03
1.366735937116187642e+03
1.482506099468251477e+03
1.585984350547730855e+03
1.567334990958408753e+03
1.348354031510657933e+03
1.122344876660341470e+03
8.949407479358911814e+02
6.924396685655101464e+02
5.873024611398964225e+02
4.714879668049792372e+02
3.715670731707317032e+02
2.972206185567010266e+02
3.235714285714285552e+02
4.495899999999999636e+03
5.055000000000000000e+03
4.575888888888888687e+03
4.805500000000000000e+03
5.517000000000000000e+03
6.537750000000000000e+03
5.562625000000000000e+03
5.506666666666666970e+03
4.929250000000000000e+03
6.521857142857143117e+03
5.381857142857143117e+03
4.066444444444444343e+03
6.619714285714285325e+03
5.992857142857143117e+03
5.896428571428571558e+03
5.072375000000000000e+03
5.074000000000000000e+03
2.703934941783699287e+03
2.715445830276350989e+03
2.731339977575682042e+03
2.747496765190917358e+03
2.762473072452537963e+03
2.776354418726985841e+03
2.784436446347337551e+03
2.790606291706386855e+03
2.791319384785922011e+03
2.787118393234672112e+03
2.778094193548387011e+03
2.762059603614106891e+03
2.742362370370370172e+03
2.717831501279927579e+03
2.688473144605967718e+03
2.655960497667184882e+03
2.577025361155698192e+03
2.481038385175380427e+03
2.373054229195088737e+03
2.251796628029504518e+03
2.118941070137382667e+03
1.977635416666666742e+03
1.825439196940726561e+03
1.666091016316099967e+03
1.496136831483350079e+03
1.321335612181479291e+03
1.286117239732569260e+03
1.393888208269525194e+03
1.497601006191950546e+03
1.496273760800363789e+03
1.277252327746741230e+03
1.055666825548141105e+03
8.312518301610541585e+02
6.485589962626802389e+02
5.464523326572008273e+02
4.196810717372515001e+02
3.535888738127544002e+02
2.671194029850746006e+02
6.171975308641975744e+02
5.985750000000000000e+03
3.922599999999999909e+03
4.650555555555555657e+03
4.890777777777777374e+03
4.565888888888888687e+03
7.027285714285714675e+03
4.326777777777777374e+03
4.959666666666666970e+03
5.287714285714285325e+03
5.992285714285714675e+03
6.760571428571428442e+03
5.291571428571428442e+03
5.408857142857143117e+03
5.123000000000000000e+03
6.512285714285714675e+03
4.489625000000000000e+03
5.065571428571428442e+03
2.693828724464374773e+03
2.709148420652035838e+03
2.724588220098165948e+03
2.739196212519726487e+03
2.749094059405940698e+03
2.757663897589541193e+03
2.761135513371206798e+03
2.759993657505285228e+03
2.754249605734767101e+03
2.741532935004372121e+03
2.725199851851851690e+03
2.703951814485770228e+03
2.677848201989288555e+03
2.648531570762052979e+03
2.613905040290725083e+03
2.532168513689699921e+03
2.435865445993616504e+03
2.326789163925913272e+03
2.203268483876714981e+03
2.071748395378690475e+03
1.929410976989815254e+03
1.777423337856173703e+03
1.618655646285600369e+03
1.452418285948046559e+03
1.279604787904241903e+03
1.101133778543731069e+03
1.223995089543616359e+03
1.329002246349681855e+03
1.374028084714548868e+03
1.163062706270627132e+03
9.476761583011583525e+02
7.259071146245058799e+02
5.687671000565291024e+02
4.695155786350148333e+02
3.692926577042399003e+02
2.840795262267343446e+02
2.873793103448275588e+02
5.266444444444444343e+03
4.833666666666666970e+03
4.613000000000000000e+03
4.752555555555555657e+03
5.097777777777777374e+03
5.309444444444444343e+03
6.449857142857143117e+03
5.879857142857143117e+03
5.756000000000000000e+03
5.825000000000000000e+03
5.728714285714285325e+03
6.628714285714285325e+03
5.305000000000000000e+03
6.074857142857143117e+03
6.227285714285714675e+03
4.558000000000000000e+03
5.906714285714285325e+03
5.471142857142856883e+03
2.689422833527056810e+03
2.705645449763282613e+03
2.717623494781910722e+03
2.728919923736892088e+03
2.735488568657337055e+03
2.737763354474982407e+03
2.735593118279569808e+03
2.726586417953949422e+03
2.713934666666666544e+03
2.696306730914018772e+03
2.673753328232593503e+03
2.647914618973561574e+03
2.615952290679304951e+03
2.581646709470304813e+03
2.497610026472534628e+03
2.400917291950886920e+03
2.289635996488147612e+03
2.166982288089644044e+03
2.036469680059523853e+03
1.894568559954102057e+03
1.744305877727540746e+03
1.584122704339051552e+03
1.418887093432774009e+03
1.248706720544449126e+03
1.072902465633864267e+03
1.046695290137913162e+03
1.171356889204545496e+03
1.271790502793296127e+03
1.064053384175405199e+03
8.532567105905319522e+02
6.394955044955045196e+02
5.085065710872162299e+02
4.122312651087832478e+02
3.255471014492753739e+02
2.476938775510204209e+02
6.245125000000000455e+02
6.059750000000000000e+03
3.966500000000000000e+03
4.256300000000000182e+03
5.025444444444444343e+03
4.709777777777777374e+03
7.084000000000000000e+03
4.375555555555555657e+03
5.073444444444444343e+03
5.328428571428571558e+03
5.341375000000000000e+03
6.887285714285714675e+03
5.303571428571428442e+03
5.472285714285714675e+03
5.218125000000000000e+03
6.570000000000000000e+03
5.150571428571428442e+03
5.072714285714285325e+03
5.463142857142856883e+03
2.689031843724912960e+03
2.703294974805937727e+03
2.713280033254814953e+03
2.719294855532064958e+03
2.721107096774193451e+03
2.716117895657242570e+03
2.707471111111110986e+03
2.693810269537720160e+03
2.675127926549349468e+03
2.652363551547193310e+03
2.624736492890995123e+03
2.593955537720706161e+03
2.557016786179921837e+03
2.472769398723547056e+03
2.375855115111649866e+03
2.263541243541777931e+03
2.142652118100128519e+03
2.010460580912863179e+03
1.868659817794146193e+03
1.719661621190997721e+03
1.563304418985270104e+03
1.399597438051238896e+03
1.230544808272296450e+03
1.055690081731831242e+03
8.820259444697314848e+02
1.022544736842105294e+03
1.143885379061371850e+03
9.921549227799227992e+02
7.830434782608696196e+02
5.718796155791603724e+02
4.501395494367960168e+02
3.525532094594594810e+02
2.755870786516853741e+02
2.515064102564102484e+02
5.353444444444444343e+03
4.874555555555555657e+03
4.680000000000000000e+03
4.833666666666666970e+03
5.225888888888888687e+03
5.394666666666666970e+03
5.676000000000000000e+03
5.186625000000000000e+03
5.292555555555555657e+03
5.145125000000000000e+03
5.078375000000000000e+03
6.674571428571428442e+03
4.792111111111111313e+03
6.111857142857143117e+03
6.278285714285714675e+03
4.114888888888888687e+03
5.948857142857143117e+03
5.493571428571428442e+03
5.055142857142856883e+03
2.693121917428650704e+03
2.704266845221313815e+03
2.709717132616487561e+03
2.709493368313656902e+03
2.704174640793956314e+03
2.694783348389039475e+03
2.680998775822494281e+03
2.662308505675633569e+03
2.638627488151658781e+03
2.611657945425361049e+03
2.578368807040417323e+03
2.541469556585042938e+03
2.457708049113233301e+03
2.358408077260754908e+03
2.247268570395806819e+03
2.127602678571428442e+03
1.996242302543507321e+03
1.855784745429526311e+03
1.705635519677093953e+03
1.550005179200331440e+03
1.389087409612930742e+03
1.222560453950240117e+03
1.051371588366890364e+03
8.740204128440367413e+02
8.362475524475524935e+02
9.956835708298407326e+02
9.291376281112737843e+02
7.272247752247752715e+02
5.240005109862033805e+02
4.093564484769928526e+02
3.052057793345009031e+02
2.374169381107491859e+02
3.115376344086021732e+02
5.471888888888888687e+03
4.020000000000000000e+03
4.339300000000000182e+03
5.170888888888888687e+03
4.860666666666666970e+03
6.275500000000000000e+03
4.437777777777777374e+03
5.186777777777777374e+03
5.368000000000000000e+03
5.460875000000000000e+03
7.007142857142856883e+03
5.318571428571428442e+03
5.533285714285714675e+03
4.735111111111111313e+03
6.628857142857143117e+03
5.159142857142856883e+03
5.096857142857143117e+03
5.487571428571428442e+03
5.763285714285714675e+03
2.700540501792114810e+03
2.705021571199533810e+03
2.704434157902533116e+03
2.699682475158084799e+03
2.690476970160673318e+03
2.676180998289535182e+03
2.656740284360189435e+03
2.633857624398073767e+03
2.604484354628422352e+03
2.571347121111846263e+03
2.533996472959354833e+03
2.450828111476545018e+03
2.351222340994120714e+03
2.241964233308877283e+03
2.120309317238778021e+03
1.989027912386121443e+03
1.850372908366533920e+03
1.703353927986906683e+03
1.549034649307013751e+03
1.389124299870745290e+03
1.222965981886459076e+03
1.053823516085183428e+03
8.786952181987001040e+02
7.318445492922771791e+02
8.625546697038724915e+02
8.866235177865612513e+02
6.861167846309402876e+02
4.838108527131782921e+02
3.753589913735899017e+02
2.593477477477477464e+02
2.267730769230769283e+02
5.917613636363636260e+02
4.920777777777777374e+03
4.358199999999999818e+03
4.921111111111111313e+03
5.349666666666666970e+03
5.486555555555555657e+03
5.741000000000000000e+03
5.262250000000000000e+03
5.482777777777777374e+03
5.268750000000000000e+03
5.151125000000000000e+03
6.724285714285714675e+03
4.891222222222222626e+03
6.148142857142856883e+03
6.348285714285714675e+03
4.181111111111111313e+03
6.007142857142856883e+03
5.518142857142856883e+03
5.065000000000000000e+03
5.169000000000000000e+03
2.706719893349133599e+03
2.706947907256850158e+03
2.702675133894414557e+03
2.693094075571450958e+03
2.678233491311216312e+03
2.659729855537720596e+03
2.634533735332463948e+03
2.605398908007941827e+03
2.571841451125294043e+03
2.536619478082892783e+03
2.450208955223880821e+03
2.351606904030363239e+03
2.243559709821428442e+03
2.123666029074215658e+03
1.993057401218793075e+03
1.852957820383451008e+03
1.706939092604101916e+03
1.555119310931518612e+03
1.397391750327368072e+03
1.234500894854586022e+03
1.065399311926605606e+03
8.921689379699248548e+02
7.139480519480518979e+02
7.131462868117797598e+02
8.555047476261869406e+02
6.623249872253448984e+02
4.627241379310344769e+02
3.503644295302013347e+02
2.260230414746543772e+02
2.104111111111110972e+02
5.565555555555555657e+03
3.719727272727272521e+03
4.428600000000000364e+03
5.325111111111111313e+03
5.008333333333333030e+03
5.669444444444444343e+03
4.536222222222222626e+03
5.298111111111111313e+03
5.405428571428571558e+03
5.577000000000000000e+03
6.230250000000000000e+03
5.335714285714285325e+03
5.592285714285714675e+03
4.830666666666666970e+03
6.688714285714285325e+03
5.183714285714285325e+03
5.122000000000000000e+03
5.513571428571428442e+03
5.806000000000000000e+03
4.792000000000000000e+03
2.716744605967865482e+03
2.712247395428393702e+03
2.702268246445497425e+03
2.688448635634028960e+03
2.667721153846153811e+03
2.642852746525479688e+03
2.612476070528967284e+03
2.581990960259252915e+03
2.544954474640816898e+03
2.459373129009265995e+03
2.362069882611885532e+03
2.252017163334590805e+03
2.132051182628925744e+03
2.003216533864541816e+03
1.864827776641439868e+03
1.721087988240235291e+03
1.570060103403705398e+03
1.412358957366909635e+03
1.251416855459900262e+03
1.083985376044568284e+03
9.133174037089871717e+02
7.367174495010951887e+02
6.093345997286295415e+02
7.422868008948545366e+02
6.431395348837208985e+02
4.517928118393234627e+02
3.233142857142856883e+02
2.109634831460674036e+02
2.128646616541353467e+02
4.970444444444444343e+03
4.553600000000000364e+03
5.011777777777777374e+03
5.475777777777777374e+03
5.582333333333333030e+03
4.665899999999999636e+03
5.340125000000000000e+03
5.675222222222222626e+03
4.810000000000000000e+03
5.225250000000000000e+03
6.777000000000000000e+03
4.996111111111111313e+03
6.182857142857143117e+03
6.437714285714285325e+03
4.248666666666666970e+03
6.039000000000000000e+03
5.544142857142856883e+03
5.092571428571428442e+03
5.238285714285714675e+03
4.687375000000000000e+03
2.728055608214850054e+03
2.719241894060995037e+03
2.703272327249022055e+03
2.682289164598842035e+03
2.656842485306465278e+03
2.630474330547501268e+03
2.597317465812705450e+03
2.558764881474978210e+03
2.473755286463039738e+03
2.378087983630952294e+03
2.269793802601377138e+03
2.149853744839787851e+03
2.020377270892208344e+03
1.883964566929133753e+03
1.740795618885580552e+03
1.591690309908336985e+03
1.436889485458613080e+03
1.275785321100917372e+03
1.110214336075205665e+03
9.388347763347762793e+02
7.675560482877556296e+02
5.890025207965717300e+02
6.203648244958924352e+02
6.403599791013583626e+02
4.468877005347593467e+02
3.026147382029735127e+02
1.943012939001848451e+02
2.068672086720867185e+02
3.801000000000000000e+03
4.522399999999999636e+03
5.485444444444444343e+03
5.151222222222222626e+03
5.219199999999999818e+03
4.633555555555555657e+03
5.406111111111111313e+03
4.782750000000000000e+03
5.690500000000000000e+03
5.637666666666666970e+03
5.354428571428571558e+03
4.967625000000000000e+03
4.895888888888888687e+03
6.748714285714285325e+03
5.209000000000000000e+03
5.148000000000000000e+03
5.541000000000000000e+03
5.852000000000000000e+03
4.874500000000000000e+03
5.956714285714285325e+03
2.740455182529335161e+03
2.724195368072787460e+03
2.703393115029386990e+03
2.681369264881459912e+03
2.652306387398303741e+03
2.617582440737488923e+03
2.581973979682766185e+03
2.497671863536316778e+03
2.399951716333458990e+03
2.291355176424970978e+03
2.173045617529880474e+03
2.044661894047862461e+03
1.910288744225115579e+03
1.768442361560008521e+03
1.619415469613259575e+03
1.465719755323969139e+03
1.305737929433611953e+03
1.142373989538754131e+03
9.725539060598686092e+02
8.012156031904287374e+02
6.247391636919938946e+02
5.140241863242758882e+02
6.458430232558139323e+02
4.542603997839005956e+02
2.915784313725490051e+02
1.952137614678898956e+02
1.879189944134078303e+02
4.731600000000000364e+03
5.104888888888888687e+03
5.621777777777777374e+03
5.680888888888888687e+03
4.773300000000000182e+03
5.419500000000000000e+03
5.868666666666666970e+03
4.939666666666666970e+03
5.300000000000000000e+03
6.013875000000000000e+03
5.106000000000000000e+03
6.677285714285714675e+03
6.523714285714285325e+03
4.316888888888888687e+03
6.086000000000000000e+03
5.571285714285714675e+03
5.120857142857143117e+03
5.306857142857143117e+03
4.231222222222222626e+03
4.615250000000000000e+03
2.751890157877057391e+03
2.734013133208255113e+03
2.709274190756448206e+03
2.678583669885864765e+03
2.646854927820352714e+03
2.608372130851256316e+03
2.526020461309523853e+03
2.429939938791124860e+03
2.321199724788677031e+03
2.202529376135675193e+03
2.075542685453791819e+03
1.941377924287537326e+03
1.800859450021824614e+03
1.654404341015887212e+03
1.500742431192660661e+03
1.342441598119859009e+03
1.179343998075535183e+03
1.013199310174919901e+03
8.408709352155281067e+02
6.680538937596699043e+02
4.903130274261603176e+02
5.406705985146352305e+02
4.650611687602403208e+02
4.616791870714985635e+03
1.998751139471285398e+02
1.744677419354838719e+02
4.619199999999999818e+03
5.645333333333333030e+03
5.303666666666666970e+03
5.339300000000000182e+03
4.832888888888888687e+03
5.510222222222222626e+03
4.847000000000000000e+03
5.801250000000000000e+03
5.753666666666666970e+03
5.374285714285714675e+03
5.047875000000000000e+03
5.566875000000000000e+03
6.809000000000000000e+03
4.587750000000000000e+03
5.174857142857143117e+03
5.569142857142856883e+03
5.900142857142856883e+03
4.957000000000000000e+03
6.027000000000000000e+03
5.201250000000000000e+03
2.767586290462177658e+03
2.741154521510096401e+03
2.713522010336838321e+03
2.678868606542562702e+03
2.643865187087307277e+03
2.559279328555262055e+03
2.462721985265606691e+03
2.356534170153417108e+03
2.237243199018203995e+03
2.112381142377152628e+03
1.979393234216763631e+03
1.838688397790055205e+03
1.692827140915269638e+03
1.540144382544104019e+03
1.383959819305753626e+03
1.220644439036261929e+03
1.055631355932203405e+03
8.852927078021417628e+02
7.134860495436766996e+02
5.382968791677781155e+02
4.215587674714104196e+02
4.903721700717835574e+02
3.004069898534385743e+02
2.060439068100358497e+02
1.814829268292682798e+02
5.198888888888888687e+03
5.192300000000000182e+03
5.780666666666666970e+03
4.883100000000000364e+03
4.898666666666666970e+03
6.061777777777777374e+03
5.061888888888888687e+03
4.778888888888888687e+03
6.107750000000000000e+03
5.418111111111111313e+03
6.342571428571428442e+03
5.786375000000000000e+03
4.385777777777777374e+03
6.133428571428571558e+03
5.599285714285714675e+03
5.149571428571428442e+03
5.375000000000000000e+03
4.310555555555555657e+03
4.681500000000000000e+03
6.630714285714285325e+03
2.781392265193370349e+03
2.751256869125090361e+03
2.719171832019072099e+03
2.682853050595238074e+03
2.600299789554237577e+03
2.502890308629840547e+03
2.394992529779931374e+03
2.278352880232076132e+03
2.153059549128030540e+03
2.021180707114797087e+03
1.883103849597135195e+03
1.736780504587155974e+03
1.585647943595769675e+03
1.429259081068077876e+03
1.269533628972653332e+03
1.103261406604487092e+03
9.361985559566786606e+02
7.639309071729958305e+02
5.880450256133728999e+02
4.089198347107438281e+02
4.763076131687242878e+02
3.289874572405929030e+02
2.028449920508743958e+02
1.568813905930470298e+02
6.877888888888888687e+03
5.464222222222222626e+03
5.460300000000000182e+03
5.024444444444444343e+03
5.627555555555555657e+03
4.945875000000000000e+03
5.282111111111111313e+03
5.872000000000000000e+03
5.394857142857143117e+03
4.560000000000000000e+03
5.619250000000000000e+03
6.018875000000000000e+03
4.709000000000000000e+03
5.202000000000000000e+03
5.598000000000000000e+03
5.950571428571428442e+03
5.039250000000000000e+03
6.096714285714285325e+03
5.332875000000000000e+03
4.265250000000000000e+03
2.796121951219512084e+03
2.763351748511904589e+03
2.726022444360618465e+03
2.642253780535091209e+03
2.547631799163179949e+03
2.438947637553691948e+03
2.324348876286494487e+03
2.199895712131006348e+03
2.068035145888594343e+03
1.929569098323516073e+03
1.784508706756442962e+03
1.635018544935805949e+03
1.478167437332684358e+03
1.319380608175473526e+03
1.154965578786333481e+03
9.886844850065189121e+02
8.188729989327641761e+02
6.439634678298800736e+02
4.672510448592922785e+02
3.550481969486824028e+02
3.603413932066781626e+02
2.095044858523119444e+02
1.557388429752066088e+02
5.336699999999999818e+03
5.880555555555555657e+03
4.995000000000000000e+03
4.999222222222222626e+03
6.254888888888888687e+03
5.186000000000000000e+03
4.877666666666666970e+03
6.202625000000000000e+03
5.561222222222222626e+03
6.437714285714285325e+03
5.903750000000000000e+03
4.454888888888888687e+03
5.479000000000000000e+03
5.627714285714285325e+03
5.186714285714285325e+03
5.442571428571428442e+03
4.389777777777777374e+03
4.745750000000000000e+03
6.707142857142856883e+03
5.182000000000000000e+03
2.811007544322897047e+03
2.776169313181557300e+03
2.691346569687438659e+03
2.594789016757520585e+03
2.489094922279792627e+03
2.373216762390980421e+03
2.249677433435181229e+03
2.119736794986571113e+03
1.981122018348623897e+03
1.837157226792009396e+03
1.687430117873466543e+03
1.534069721606306985e+03
1.373749180741114287e+03
1.212330067044868429e+03
1.045429852320675082e+03
8.746578592612563625e+02
7.002140495867768095e+02
5.250636261261261097e+02
3.462710011507479635e+02
3.994023255813953597e+02
2.130130563798219612e+02
1.495105438401775757e+02
5.621222222222222626e+03
5.582399999999999636e+03
5.186222222222222626e+03
5.742333333333333030e+03
5.044750000000000000e+03
4.890000000000000000e+03
5.991888888888888687e+03
4.763250000000000000e+03
4.664666666666666970e+03
5.672375000000000000e+03
5.444888888888888687e+03
4.824500000000000000e+03
5.229571428571428442e+03
5.627142857142856883e+03
6.002571428571428442e+03
5.121125000000000000e+03
6.166142857142856883e+03
4.854444444444444343e+03
3.873888888888888687e+03
5.222375000000000000e+03
2.827136513476827531e+03
2.744806695894778841e+03
2.646753119247289760e+03
2.542345305608065701e+03
2.427172376642964991e+03
2.303914898320070733e+03
2.173402809243316824e+03
2.035716508010215875e+03
1.893274132192106435e+03
1.742829398880506233e+03
1.590198654037886399e+03
1.431607598164202045e+03
1.270810169491525357e+03
1.106202774813233646e+03
9.364442627418915208e+02
7.642722206742824937e+02
5.890449758041560244e+02
4.071786751888436697e+02
3.083801717408275067e+02
2.617456508698260222e+02
1.559058252427184357e+02
5.329417475728155296e+02
5.108199999999999818e+03
4.598899999999999636e+03
6.444888888888888687e+03
5.341777777777777374e+03
4.505500000000000000e+03
5.625666666666666970e+03
5.156800000000000182e+03
5.083777777777777374e+03
5.358555555555555657e+03
4.095599999999999909e+03
5.626250000000000000e+03
4.973375000000000000e+03
5.256142857142856883e+03
5.527285714285714675e+03
4.468888888888888687e+03
5.478142857142856883e+03
6.781285714285714675e+03
5.249142857142856883e+03
5.733625000000000000e+03
2.858005931683370818e+03
2.764340264650283643e+03
2.658852402499461277e+03
2.544498452696728691e+03
2.422136157680108681e+03
2.292061295565358705e+03
2.156702567760342390e+03
2.012749330737405671e+03
1.866309571286141590e+03
1.713605303416624110e+03
1.558609546165884240e+03
1.398786552828174990e+03
1.234164895066775671e+03
1.066507105043187494e+03
8.956692285795616044e+02
7.177980825101684559e+02
5.426794187425859946e+02
3.624250681198910229e+02
2.726327256558470253e+02
1.844047470331043144e+02
1.313857615894039839e+02
4.303090909090909008e+03
6.627888888888888687e+03
5.496444444444444343e+03
4.624199999999999818e+03
5.737777777777777374e+03
5.322800000000000182e+03
4.698600000000000364e+03
5.487888888888888687e+03
4.191699999999999818e+03
5.762000000000000000e+03
5.049625000000000000e+03
5.324857142857143117e+03
5.633285714285714675e+03
4.548000000000000000e+03
5.525428571428571558e+03
6.852571428571428442e+03
5.324571428571428442e+03
4.632625000000000000e+03
5.605714285714285325e+03
2.892915319974143586e+03
2.787872015915119391e+03
2.673966696873584169e+03
2.551740654748084580e+03
2.424160047562425461e+03
2.286327086882452932e+03
2.146188933200398878e+03
1.999371239163692053e+03
1.849900625978090829e+03
1.695295090715047991e+03
1.535746252384846002e+03
1.372682920033435494e+03
1.206245943637916298e+03
1.032462812318419537e+03
8.614448398576512318e+02
6.849040266424462970e+02
5.067982076637824207e+02
3.274960605105578111e+02
2.471780962128966337e+02
1.424181102362204854e+02
8.208533333333333530e+02
5.646000000000000000e+03
4.742399999999999636e+03
5.850111111111111313e+03
5.479600000000000364e+03
4.847800000000000182e+03
5.614555555555555657e+03
4.287500000000000000e+03
5.888375000000000000e+03
5.124875000000000000e+03
5.393428571428571558e+03
5.024125000000000000e+03
4.626222222222222626e+03
5.571142857142856883e+03
6.921000000000000000e+03
5.399285714285714675e+03
4.695500000000000000e+03
5.689571428571428442e+03
5.086250000000000000e+03
2.927945615227736198e+03
2.813235662874390528e+03
2.693763082778306398e+03
2.563401509617725878e+03
2.428550598205383722e+03
2.287739928607853017e+03
2.143878716744914072e+03
1.994598719316968982e+03
1.840602508178844118e+03
1.681741710782947848e+03
1.519764588670651847e+03
1.350130447414293940e+03
1.183240806642941834e+03
1.010410233121404758e+03
8.359792954264523814e+02
6.601774346044752519e+02
4.795319832851173487e+02
2.956985583224115430e+02
2.343319327731092301e+02
1.235542427497314719e+02
4.860500000000000000e+03
5.961777777777777374e+03
5.628600000000000364e+03
4.995500000000000000e+03
5.738666666666666970e+03
4.382600000000000364e+03
6.006250000000000000e+03
4.639333333333333030e+03
5.461714285714285325e+03
5.157375000000000000e+03
4.704666666666666970e+03
5.614857142857143117e+03
6.150375000000000000e+03
5.473571428571428442e+03
4.233888888888888687e+03
5.773428571428571558e+03
4.673125000000000000e+03
5.860000000000000000e+03
2.964292410183202264e+03
2.840420014609203918e+03
2.712208624127616986e+03
2.578238204539658454e+03
2.439498174230568566e+03
2.295691302027747952e+03
2.147458140169075705e+03
1.992777375313457696e+03
1.835330202106461684e+03
1.669953515398024365e+03
1.507243772241992929e+03
1.338159551922494757e+03
1.167497527812113731e+03
9.951790104002520820e+02
8.179206043072966850e+02
6.372811271297509847e+02
4.601546426185704490e+02
2.725832482124616831e+02
1.934437257438551114e+02
1.228966666666666612e+02
5.770600000000000364e+03
5.141699999999999818e+03
5.860111111111111313e+03
4.477199999999999818e+03
6.117125000000000000e+03
4.732000000000000000e+03
3.898099999999999909e+03
5.289250000000000000e+03
4.330899999999999636e+03
4.954375000000000000e+03
6.252750000000000000e+03
5.547142857142856883e+03
4.321333333333333030e+03
5.135375000000000000e+03
4.738625000000000000e+03
5.943428571428571558e+03
7.005285714285714675e+03
2.996162263210369019e+03
2.868581994389186548e+03
2.735837506520605075e+03
2.597671024546424633e+03
2.454731115353149562e+03
2.304957648370019342e+03
2.152172217477939284e+03
1.991718686428363753e+03
1.833239098190447976e+03
1.667507417499243047e+03
1.500638751545117429e+03
1.331864166404033995e+03
1.158048216007714473e+03
9.805977726826072285e+02
8.068961255845023288e+02
6.223506979911473991e+02
4.374356573014221112e+02
2.534699646643109645e+02
1.657590847913862717e+02
3.244464285714285552e+02
5.985111111111111313e+03
4.166454545454545041e+03
6.221500000000000000e+03
4.823444444444444343e+03
4.033599999999999909e+03
5.420000000000000000e+03
4.433399999999999636e+03
4.493111111111111313e+03
6.351875000000000000e+03
4.924375000000000000e+03
4.409000000000000000e+03
5.258625000000000000e+03
3.879900000000000091e+03
6.028285714285714675e+03
7.117285714285714675e+03
6.622285714285714675e+03
3.032820245238716325e+03
2.899744930629668943e+03
2.762286610308153740e+03
2.617584285316243950e+03
2.469592940506689501e+03
2.313677128741644992e+03
2.159572530406407623e+03
1.997846805933999349e+03
1.834769777503090154e+03
1.669657737157264364e+03
1.499435551269688176e+03
1.326319790301441572e+03
1.154937207748831042e+03
9.734664623765747820e+02
7.914214360041623877e+02
6.111081272084805960e+02
4.261366414958648079e+02
2.364179487179487182e+02
1.347562849162011105e+02
4.278363636363636033e+03
5.640888888888888687e+03
4.913666666666666970e+03
4.167800000000000182e+03
5.140625000000000000e+03
4.534800000000000182e+03
4.593777777777777374e+03
6.447000000000000000e+03
5.035375000000000000e+03
4.055300000000000182e+03
5.381750000000000000e+03
4.064699999999999818e+03
6.114714285714285325e+03
7.228571428571428442e+03
6.694428571428571558e+03
6.449125000000000000e+03
3.070097654118930677e+03
2.929981331847311139e+03
2.786942783945346036e+03
2.635727404824178848e+03
2.486094334025511671e+03
2.328557069330911418e+03
2.169374845488257051e+03
2.008028364323983624e+03
1.841482481517197130e+03
1.671922018348623851e+03
1.503810621242485013e+03
1.325563500170241696e+03
1.146421782865071009e+03
9.692865724381625796e+02
7.871823741007194712e+02
5.999699633699633523e+02
4.135042862467387295e+02
2.205921851289833171e+02
1.088052136133236729e+02
6.435777777777777374e+03
4.301199999999999818e+03
4.231800000000000182e+03
4.238090909090909008e+03
4.708222222222222626e+03
5.683500000000000000e+03
5.145500000000000000e+03
4.167500000000000000e+03
4.900333333333333030e+03
4.244699999999999818e+03
6.202714285714285325e+03
6.455500000000000000e+03
6.766571428571428442e+03
6.526750000000000000e+03
3.944333333333333485e+03
3.103656419015086612e+03
2.957306306306306396e+03
2.812283892020172061e+03
2.657839588377723885e+03
2.503950865265760058e+03
2.346483769303498320e+03
2.183943123393316000e+03
2.018490658800393248e+03
1.853669228199131339e+03
1.678167858358869580e+03
1.502063128685397260e+03
1.328114487632508826e+03
1.148767625899280574e+03
9.643476190476189913e+02
7.810715883668904098e+02
5.900386949924127293e+02
4.026638363566190719e+02
2.141732809430255315e+02
8.325525525525524984e+01
4.369199999999999818e+03
4.357727272727272975e+03
4.831444444444444343e+03
5.619125000000000000e+03
5.254500000000000000e+03
4.280000000000000000e+03
5.039222222222222626e+03
4.423800000000000182e+03
5.518125000000000000e+03
6.596000000000000000e+03
6.837714285714285325e+03
5.888111111111111313e+03
4.028111111111111313e+03
6.747000000000000000e+03
3.138517507418397599e+03
2.987658292978208010e+03
2.838030593325092923e+03
2.685399747793190272e+03
2.526244215938303569e+03
2.364352671255326186e+03
2.202994654193117185e+03
2.030912836227442995e+03
1.857911897329171097e+03
1.687214487632508735e+03
1.511244332493702814e+03
1.329227838827838923e+03
1.149292055203282416e+03
9.601278452200303946e+02
7.755858741798533629e+02
5.897237721021610923e+02
3.921174121405750839e+02
1.987099918765231621e+02
8.683412322274881490e+01
4.477000000000000000e+03
5.698625000000000000e+03
4.774222222222222626e+03
4.015727272727272521e+03
5.178666666666666970e+03
4.593899999999999636e+03
5.643125000000000000e+03
6.735125000000000000e+03
6.063375000000000000e+03
5.997888888888888687e+03
4.110444444444444343e+03
6.828857142857143117e+03
4.495375000000000000e+03
3.171169344870210352e+03
3.022781841109710058e+03
2.868714882674381442e+03
2.709710914454277372e+03
2.551942866688940740e+03
2.383388832141641160e+03
2.213754507628294050e+03
2.046276678445229663e+03
1.873355883411298919e+03
1.694256043956043868e+03
1.517400969787392796e+03
1.331086148007590054e+03
1.148949440370513230e+03
9.656931237721021262e+02
7.704672523961661454e+02
5.794740048740860630e+02
3.880619322873658348e+02
1.958248635027299542e+02
9.048499999999999943e+01
4.899666666666666970e+03
4.148363636363636033e+03
5.318111111111111313e+03
4.779199999999999818e+03
5.768375000000000000e+03
6.873250000000000000e+03
6.420500000000000000e+03
6.125222222222222626e+03
4.191444444444444343e+03
6.045375000000000000e+03
4.060333333333333485e+03
5.081500000000000000e+03
3.209140147862423873e+03
3.054186496230744069e+03
2.900138990978950915e+03
2.735281920326864110e+03
2.569299930651872273e+03
2.404961130742049590e+03
2.235187477509895871e+03
2.059130036630036557e+03
1.885428198433420448e+03
1.701724098671726779e+03
1.522419143187958298e+03
1.341917878192534317e+03
1.149097444089456758e+03
9.606726238830219700e+02
7.753568773234201217e+02
5.818290634187316073e+02
3.824263764404609560e+02
1.845277536860364194e+02
1.058481228668942009e+02
5.456888888888888687e+03
4.958199999999999818e+03
5.892875000000000000e+03
7.009750000000000000e+03
6.611250000000000000e+03
5.478199999999999818e+03
3.873400000000000091e+03
6.158000000000000000e+03
4.139444444444444343e+03
5.234500000000000000e+03
4.966875000000000000e+03
3.248314839572192341e+03
3.086211440245147969e+03
2.924724939299340804e+03
2.762952650176678617e+03
2.598293482175009103e+03
2.423547252747252969e+03
2.253080193957478514e+03
2.072889521640091061e+03
1.897359845559845553e+03
1.718102161100196554e+03
1.527769169329073520e+03
1.342007311129163327e+03
1.159412396694214976e+03
9.681003779924401442e+02
7.709065300896286317e+02
5.753655680832611097e+02
3.791637323943662068e+02
1.813821029082774032e+02
2.096470588235294201e+02
5.378555555555555657e+03
7.145375000000000000e+03
6.774500000000000000e+03
6.247555555555555657e+03
3.980000000000000000e+03
6.266000000000000000e+03
3.827199999999999818e+03
5.384899999999999636e+03
4.503000000000000000e+03
5.238500000000000000e+03
3.278183142559833414e+03
3.119955830388692448e+03
2.958812747569319527e+03
2.787218681318681320e+03
2.620109660574412374e+03
2.442859149582384362e+03
2.270440154440154402e+03
2.093959921414538258e+03
1.906219648562300335e+03
1.723871596911824554e+03
1.543064049586776946e+03
1.355054621848739544e+03
1.159557831839521896e+03
9.734043383947939674e+02
7.723279049295774712e+02
5.771629364368844790e+02
3.787632894139027826e+02
1.766010147601475921e+02
4.556275862068965239e+02
6.923750000000000000e+03
6.400555555555555657e+03
4.084900000000000091e+03
6.369250000000000000e+03
3.932400000000000091e+03
5.379300000000000182e+03
4.617666666666666970e+03
4.782777777777777374e+03
5.704111111111111313e+03
3.317281497480201779e+03
3.149868864468864558e+03
2.986227154046997384e+03
2.812105163249810175e+03
2.642862162162162349e+03
2.469233005893909649e+03
2.284212859424920225e+03
2.104780577001219172e+03
1.926527272727272702e+03
1.741561948761024723e+03
1.548110115236875799e+03
1.364722776572668181e+03
1.166079700572435058e+03
9.730098478066248617e+02
7.767655611085870078e+02
5.767486162361623201e+02
3.802775433661509510e+02
1.762959086584205579e+02
4.756474820143885154e+02
5.285818181818181984e+03
6.478750000000000000e+03
5.635000000000000000e+03
5.543500000000000000e+03
4.268699999999999818e+03
4.919000000000000000e+03
5.261199999999999818e+03
4.382699999999999818e+03
3.351174188735546522e+03
3.180338648443432248e+03
3.014327799227799005e+03
2.843700982318271144e+03
2.661534345047923125e+03
2.485193823648923171e+03
2.309456611570247787e+03
2.128626050420168212e+03
1.936419974391805454e+03
1.755756182212581280e+03
1.559276970497578077e+03
1.368848254252461857e+03
1.174781008632439807e+03
9.769824723247232896e+02
7.828321612751992689e+02
5.809866793529971574e+02
3.796413726437892819e+02
1.747348039215686413e+02
4.607596899224806180e+02
5.239636363636363967e+03
5.706199999999999818e+03
4.392100000000000364e+03
4.551699999999999818e+03
5.394699999999999818e+03
4.533300000000000182e+03
7.373500000000000000e+03
3.384628571428571377e+03
3.217092730844793550e+03
3.037948881789137431e+03
2.864802519301097163e+03
2.691638016528925618e+03
2.514044537815126205e+03
2.324206999573196754e+03
2.146374837310195289e+03
1.952159401144870117e+03
1.764416741271262254e+03
1.573246818181818071e+03
1.377730502999538430e+03
1.185383497421472157e+03
9.857488106565175485e+02
7.864461092315127644e+02
5.833495098039215918e+02
3.760452511188463518e+02
1.721043872919818511e+02
5.187680000000000291e+02
4.525000000000000000e+03
6.387600000000000364e+03
5.540399999999999636e+03
4.682300000000000182e+03
7.504500000000000000e+03
4.924699999999999818e+03
3.413216453674121567e+03
3.243247460381958717e+03
3.072992975206611391e+03
2.898576890756302419e+03
2.710685580204778034e+03
2.536331019522776387e+03
2.344471158080140867e+03
2.159515219337511098e+03
1.970795000000000073e+03
1.777648823257960203e+03
1.587719643694327260e+03
1.390378686964795406e+03
1.193273078782020320e+03
9.919651960784314042e+02
7.871103928393833939e+02
5.848673726676752267e+02
3.789370199692780261e+02
1.638092275790565111e+02
5.982773109243697718e+02
5.693500000000000000e+03
4.829300000000000182e+03
7.632375000000000000e+03
5.104399999999999636e+03
5.321750000000000000e+03
3.453257851239669435e+03
3.282055882352941353e+03
3.098612462654716182e+03
2.925416485900217140e+03
2.736033905768384102e+03
2.553940465532676626e+03
2.367775454545454522e+03
2.177108444854637582e+03
1.990550656660412869e+03
1.794736917221693602e+03
1.599778637022716339e+03
1.400453431372548948e+03
1.198616417910447808e+03
9.980817356205852775e+02
7.940153609831029371e+02
5.807833074131674493e+02
3.827293312269615626e+02
1.684874532835023899e+02
4.810695652173913004e+02
7.757125000000000000e+03
5.278600000000000364e+03
5.462250000000000000e+03
4.600399999999999636e+03
3.483879214682031488e+03
3.313457700650759307e+03
3.126655217965653719e+03
2.947520143240823472e+03
2.764001363636363749e+03
2.578189376443418041e+03
2.392040337711069242e+03
2.198613701236917223e+03
2.005952150797486638e+03
1.808598039215686185e+03
1.609498507462686575e+03
1.410824419778002039e+03
1.209003072196620678e+03
9.982002074688796256e+02
8.034989462592202472e+02
5.895253603844100780e+02
3.750562466197944786e+02
1.700087815587266675e+02
5.475871559633027346e+02
5.599500000000000000e+03
4.747699999999999818e+03
5.415111111111111313e+03
3.516116248348745103e+03
3.338917673378075960e+03
3.159289090909091101e+03
2.976341801385681265e+03
2.792778611632269985e+03
2.601820171265461340e+03
2.411563073948767396e+03
2.216307352941176305e+03
2.019880099502487610e+03
1.823243693239152435e+03
1.623750128008192632e+03
1.415726517903476861e+03
1.223319451765946269e+03
1.010529631607047463e+03
7.980383991346674293e+02
5.951630076838638388e+02
3.784569205113951966e+02
1.596397970687711450e+02
5.157142857142856656e+02
5.485777777777777374e+03
5.839750000000000000e+03
3.560343337880854961e+03
3.373451732101616471e+03
3.192591463414634291e+03
3.004175547098001971e+03
2.816402609956500783e+03
2.623380392156862854e+03
2.429781094527363166e+03
2.235181130171543828e+03
2.038068100358422953e+03
1.832344058121432226e+03
1.642364259356879302e+03
1.431331553657234281e+03
1.221467532467532465e+03
1.020265093304061452e+03
8.057786429365962704e+02
5.891122391426960121e+02
3.765551113649343051e+02
1.615222929936305718e+02
5.332699999999999818e+02
4.417555555555555657e+03
3.591325984990618963e+03
3.405497145575642207e+03
3.220424359594006546e+03
3.029616666666666788e+03
2.838373943311785297e+03
2.646456104944500566e+03
2.451835637480798596e+03
2.248479501816294942e+03
2.060976805482340751e+03
1.851778964228510404e+03
1.644188852813852918e+03
1.445156970362239235e+03
1.232678531701890961e+03
1.018296672306824576e+03
8.072598515134209265e+02
5.960347624565469005e+02
3.776821114369501515e+02
1.553048128342246059e+02
4.330612244897959044e+02
3.623333977767037140e+03
3.436449730259931130e+03
3.248712437810945175e+03
3.056911200807265232e+03
2.864872503840245827e+03
2.663963674104826168e+03
2.479021613073273784e+03
2.271755472504004047e+03
2.069762317271250595e+03
1.869715148188803596e+03
1.660028364849833224e+03
1.447297236322616982e+03
1.237832095945174160e+03
1.029084588644264159e+03
8.124868035190615956e+02
5.918051099227569694e+02
3.718983764281418871e+02
1.572750000000000057e+02
3.656011940298507398e+03
3.468093891973750488e+03
3.277015360983102710e+03
3.080181723779854565e+03
2.896307327358988005e+03
2.691088093966898214e+03
2.491626962642122180e+03
2.293785949506037468e+03
2.086486095661846321e+03
1.875922729836435337e+03
1.668129640205596843e+03
1.461843568945538891e+03
1.247084457478005788e+03
1.028242424242424249e+03
8.098268190018039832e+02
5.976146341463414728e+02
3.820747374922792119e+02
3.688129544290834474e+03
3.494072689511941917e+03
3.312750658935160573e+03
3.109620928990923858e+03
2.912785056848944350e+03
2.717221185510428313e+03
2.512256395995550520e+03
2.304062605752961190e+03
2.099109142857143070e+03
1.901257391304347721e+03
1.681381818181818289e+03
1.464535947712418192e+03
1.248385078219013167e+03
1.037887195121951208e+03
8.242050648548487288e+02
6.125418750000000045e+02
3.728179230363732131e+03
3.529068910256410163e+03
3.333087709799674940e+03
3.141570016474464410e+03
2.937308120133481680e+03
2.731550479413423545e+03
2.528563428571428631e+03
2.333235942028985392e+03
2.115217595307917691e+03
1.900541889483065916e+03
1.686108904933814756e+03
1.477919512195122024e+03
1.266172946263125368e+03
1.056510624999999891e+03
8.319886075949367523e+02
3.752382782891174884e+03
3.563450302031850697e+03
3.361523359288097708e+03
3.158269035532995076e+03
2.957354285714285652e+03
2.764577971014492960e+03
2.548532551319648064e+03
2.337437574316290011e+03
2.123345367027677639e+03
1.917618292682926722e+03
1.707876466954910484e+03
1.500226875000000064e+03
1.277358860759493609e+03
1.055953205128205127e+03
3.788991091314031110e+03
3.584098702763677466e+03
3.387136077758719239e+03
3.195153043478260770e+03
2.982800469483568122e+03
2.772568370986920399e+03
2.559966305655836550e+03
2.356787195121951299e+03
2.150427688504326397e+03
1.943576250000000073e+03
1.722409493670886150e+03
1.503145512820512749e+03
1.281629053177691276e+03
3.814253859348199057e+03
3.624840579710144993e+03
3.414715962441314332e+03
3.207015457788347248e+03
2.995311070998796822e+03
2.795387804878048883e+03
2.591362175525339808e+03
2.386461249999999836e+03
2.167093670886075870e+03
1.949959615384615290e+03
1.730195849546044201e+03
1.502396585686145727e+03
3.845681924882629119e+03
3.640624851367419524e+03
3.431009025270758229e+03
3.233242682926829275e+03
3.031704573547589462e+03
2.830449656035021690e+03
2.611329113924050489e+03
2.396347435897435844e+03
2.178374837872892385e+03
1.952624425476034048e+03
1.750861702127659555e+03
3.865823104693140976e+03
3.670337195121951027e+03
3.471253399258343507e+03
3.272100062539087048e+03
3.056879037365421027e+03
2.843971776779987067e+03
2.626001945525291831e+03
2.402456336178594938e+03
2.203032579787234226e+03
1.991355316285329764e+03
3.909966625463535365e+03
3.712925578486554059e+03
3.499939835338821922e+03
3.289255933290570738e+03
3.073001945525291831e+03
2.851797110965200318e+03
2.654769946808510667e+03
2.444953566621803475e+03
2.216230088495575274e+03
3.942127929069030870e+03
3.733696600384861995e+03
3.519383916990921080e+03
3.300514116874589490e+03
3.105417275747508484e+03
2.897980484522207462e+03
2.671545268890401530e+03
2.447092286501377203e+03
3.964912451361867625e+03
3.746638451443569465e+03
3.561041916167664567e+03
3.350443472409152037e+03
3.126232130701157075e+03
2.903766528925619696e+03
2.703352161785216140e+03
4.011018629407850767e+03
3.800274377942165302e+03
3.580170183798502421e+03
3.359799586776859542e+03
3.161904463040446444e+03
2.948015525758644799e+03
4.033310415248468416e+03
3.815035812672176235e+03
3.619766387726638641e+03
3.407699364855327985e+03
3.151708896797153102e+03
4.076798465829846464e+03
3.869309322033898297e+03
3.611581494661921624e+03
3.407836455331412253e+03
4.070566548042704653e+03
3.869531700288184311e+03
3.665224251278305474e+03
4.129158509861212224e+03
3.907097416974169846e+03
4.148102162565250183e+03
