6.353450425489808367e+03
6.317125000000000000e+03
6.295252694610778235e+03
6.277934468937875863e+03
6.266905816059569588e+03
6.260786133009904916e+03
6.252242442686143477e+03
6.251376197269207296e+03
6.248723199672667761e+03
6.253241315519013369e+03
6.261724818276220503e+03
6.279029380902413322e+03
6.304101590668080462e+03
6.330186763760976646e+03
6.360896842560553523e+03
6.403375956284153290e+03
6.491164994425864279e+03
6.589386224141850107e+03
6.701221423603060430e+03
6.816536988891514738e+03
6.934076830443160361e+03
7.049474975466143405e+03
7.163724068982754034e+03
7.270123664122137598e+03
7.372874578906452371e+03
7.470533122195830401e+03
7.551751140939597462e+03
7.631200546448087152e+03
7.706305980528512009e+03
7.758217071791972558e+03
7.813891891891891646e+03
7.894872883872883904e+03
7.968611418047882580e+03
8.019003798670465585e+03
8.072818033322443625e+03
8.111677104377104115e+03
8.143128685397156005e+03
8.169841785714285834e+03
8.184507352941176578e+03
8.188334467120181216e+03
8.186973193473193533e+03
8.180105389221556834e+03
8.159083981974600647e+03
8.140413793103448370e+03
8.113902070750646999e+03
8.085284513274335950e+03
8.054873015873015902e+03
8.018784386617100608e+03
7.986300000000000182e+03
7.939050657574281104e+03
7.914219280719280505e+03
7.859802040816326553e+03
7.834130094043886857e+03
7.791658653846154266e+03
7.742174577195853999e+03
7.700827298050139689e+03
7.666058622652248232e+03
7.637753344968004967e+03
7.591496735905044261e+03
7.563047849788007625e+03
7.528763141620284841e+03
7.488502835538752151e+03
7.459083547557840575e+03
7.440726377952755684e+03
7.387491661107404980e+03
7.373593601089176445e+03
7.345686546463245577e+03
7.309882768361581839e+03
7.300079193664506420e+03
7.284233137829912266e+03
7.244068605518269578e+03
6.312462475049900604e+03
6.290964328657314582e+03
6.277343127389816800e+03
6.269471194663432470e+03
6.260870738636363967e+03
6.257698186264519791e+03
6.254198649754500366e+03
6.257986228160329119e+03
6.258279818406933373e+03
6.273225119966617967e+03
6.289538672286617839e+03
6.310451159821238434e+03
6.340988389593635475e+03
6.378838765754019732e+03
6.414473233874506150e+03
6.503232542524619930e+03
6.603110020543254905e+03
6.709709167054444151e+03
6.824528588374852006e+03
6.936221846302561971e+03
7.048502708025603170e+03
7.160373965387509088e+03
7.267169902912621183e+03
7.366541363163371898e+03
7.456597828964786459e+03
7.537870420258620470e+03
7.614544682017543892e+03
7.682415504740658434e+03
7.741255246738513961e+03
7.790855001441337663e+03
7.882588971684053831e+03
7.953245614035087783e+03
8.017686685732443948e+03
8.067125204850868613e+03
8.107443243243243160e+03
8.132095618915160230e+03
8.158927292263610070e+03
8.169155432780847150e+03
8.183125473843821055e+03
8.178435138293728414e+03
8.168648659463785407e+03
8.159571134868420813e+03
8.131708263069140230e+03
8.111327563825183461e+03
8.084984909010208867e+03
8.046478636363636724e+03
8.014918918918919189e+03
7.985383476599809001e+03
7.941375366568914615e+03
7.904940970485242360e+03
7.866961105424769812e+03
7.818419456066945713e+03
7.782701604278075138e+03
7.752203501094091735e+03
7.701869419642856883e+03
7.669107244723331860e+03
7.639102564102564429e+03
7.604656751933373016e+03
7.568687917425621890e+03
7.535336222910216748e+03
7.503526216045483125e+03
7.467670959433355165e+03
7.449440577806960391e+03
7.415188881446751111e+03
7.382987048398091247e+03
7.365884642112578149e+03
7.337073550212164264e+03
7.297142446043165364e+03
7.282274193548387302e+03
7.278905899925317499e+03
6.292053129402293962e+03
6.281468971093591790e+03
6.270917816558441700e+03
6.266252292643162946e+03
6.261563829787233772e+03
6.264361151079137016e+03
6.263771976888155223e+03
6.268921019900497413e+03
6.280329214659685931e+03
6.298337423312883402e+03
6.326310883044687216e+03
6.353662348877374825e+03
6.390742146596858220e+03
6.427394273127752967e+03
6.515660975061783574e+03
6.615773831347387386e+03
6.722979439252336306e+03
6.832240952380951967e+03
6.943583212032993288e+03
7.056084301606922054e+03
7.162177492447130135e+03
7.263221481671366746e+03
7.362768146214099033e+03
7.446403452855245632e+03
7.529888348202216548e+03
7.605020632737276173e+03
7.670770285394515668e+03
7.730302788844621318e+03
7.783002025462962592e+03
7.872636064593301853e+03
7.943779252855819323e+03
8.006436902485659630e+03
8.055328623069339301e+03
8.095477141889603445e+03
8.126903034530868354e+03
8.145136396267049349e+03
8.165299704360680153e+03
8.175004182509505881e+03
8.176282923016803579e+03
8.161867977528089796e+03
8.151196619950535933e+03
8.127630866807610801e+03
8.103817787418654916e+03
8.077550266903914235e+03
8.047138622891016894e+03
8.010565156468939676e+03
7.979566299664911639e+03
7.936122918707149438e+03
7.901894736842104976e+03
7.873464579055441391e+03
7.825791295228106719e+03
7.785968900804289660e+03
7.741662650602409485e+03
7.704250559284116207e+03
7.673001714285714115e+03
7.639538237011091951e+03
7.615313655336911324e+03
7.576125304136253362e+03
7.540021712158809351e+03
7.520475617479417451e+03
7.482057456423499389e+03
7.453903289473683799e+03
7.417995308310992186e+03
7.401811346548188340e+03
7.372216968011126482e+03
7.344182011331445210e+03
7.334919133574006992e+03
7.307389133627018964e+03
7.274963350785340481e+03
6.283484172077922267e+03
6.276818422661503973e+03
6.270599631751227207e+03
6.272136896197327587e+03
6.270488856789104830e+03
6.274722014925373514e+03
6.274993549729504593e+03
6.288039520706327494e+03
6.310190992139367154e+03
6.338082009446114171e+03
6.367861014744145905e+03
6.400312171628721444e+03
6.441800044238000737e+03
6.529613579968418890e+03
6.630109065807639126e+03
6.735081163499882678e+03
6.841653441682600715e+03
6.951761081344374361e+03
7.058916149838749334e+03
7.163328448711470628e+03
7.264977354606278823e+03
7.359105056326958220e+03
7.446605066666666971e+03
7.524386326641345477e+03
7.597308032017665028e+03
7.662262212240314511e+03
7.724481576692373892e+03
7.773120754716981537e+03
7.862718956208757845e+03
7.939991016109045631e+03
8.007040307101727194e+03
8.052247279920870824e+03
8.097099932019034895e+03
8.118978663868485455e+03
8.146039625360230275e+03
8.156707669507224637e+03
8.167694624475790988e+03
8.162155833985904792e+03
8.153829847144006635e+03
8.143911983471074564e+03
8.118574576271186743e+03
8.104520017406440274e+03
8.068705305394561037e+03
8.035391324200913004e+03
7.998197380729653560e+03
7.975037410071942759e+03
7.929885728298185313e+03
7.897909593169261825e+03
7.865003083247687755e+03
7.831020504731861365e+03
7.785248523886205476e+03
7.760285164835165233e+03
7.711184977578474900e+03
7.684312893982808419e+03
7.656973067915690990e+03
7.614405017921147191e+03
7.591210975609756133e+03
7.554282960199005174e+03
7.513771518987341551e+03
7.485470284237726446e+03
7.467898483849703553e+03
7.445752016129032199e+03
7.413514363885088642e+03
7.380383972125435321e+03
7.356936079545454959e+03
7.355392908827785504e+03
7.330792925571112391e+03
7.307119760479042270e+03
6.281332037643207514e+03
6.281275847893113678e+03
6.278363805200165189e+03
6.281504145936981331e+03
6.280815439034539850e+03
6.286116405433646833e+03
6.299341988600380319e+03
6.321277517064846506e+03
6.348948922413793298e+03
6.379437744884631684e+03
6.413947241151901835e+03
6.453266651865008498e+03
6.543421064552660937e+03
6.639438697760332616e+03
6.746088768542500475e+03
6.853439644828413293e+03
6.958556832070398741e+03
7.068519431988042015e+03
7.168064925183870400e+03
7.266600206611570684e+03
7.356963722397475976e+03
7.443465078940326748e+03
7.520264089300299929e+03
7.593393628808864378e+03
7.660782976324690026e+03
7.715972206303725216e+03
7.770251165501165815e+03
7.856568462232921775e+03
7.933332815413300523e+03
7.997221616420782993e+03
8.038015857284440244e+03
8.089123721881390338e+03
8.122915028089887528e+03
8.138015529071866695e+03
8.160177761249535251e+03
8.156965240641710807e+03
8.156368276403612072e+03
8.145358064516129161e+03
8.133993788819875590e+03
8.118662840136054001e+03
8.095604884430876155e+03
8.054377678571428987e+03
8.040235105407882656e+03
7.996301922175340223e+03
7.962770523283725197e+03
7.932224680432645073e+03
7.900646525679758270e+03
7.870289026275116157e+03
7.835206006322444409e+03
7.794892299407646533e+03
7.759843234323432625e+03
7.712057832678270643e+03
7.700047099368179261e+03
7.658553927315357214e+03
7.625031119090364882e+03
7.590235042735042953e+03
7.561638006230529754e+03
7.530748571428571267e+03
7.505180051813471437e+03
7.470986798679868116e+03
7.468128706199460794e+03
7.437530864197530718e+03
7.413602375960866084e+03
7.380314143567875362e+03
7.359551049963793957e+03
7.324236203090507843e+03
7.320450450450450262e+03
6.287456252579447209e+03
6.289313640132670116e+03
6.287518310445277166e+03
6.291850156739811609e+03
6.294987201007133990e+03
6.314980907933813796e+03
6.332622403084172220e+03
6.356605320069204026e+03
6.392684590163934445e+03
6.426483999117192980e+03
6.467954960981048316e+03
6.553931575358035843e+03
6.653424066774866333e+03
6.756406523280548754e+03
6.861998795761079236e+03
6.966240186457311211e+03
7.069234882558720528e+03
7.173469959266802107e+03
7.266897382741643014e+03
7.360851675903932119e+03
7.440087785234899457e+03
7.519215846994535241e+03
7.593684371523915615e+03
7.651229225551159288e+03
7.712245830937320534e+03
7.769334308277274431e+03
7.849696649562330094e+03
7.933127261384903250e+03
7.987475884244372537e+03
8.045177836761778053e+03
8.078085411684318387e+03
8.113469200985568023e+03
8.142657722987672059e+03
8.154244966442953228e+03
8.156720965887313469e+03
8.153278062229223906e+03
8.144130610594419522e+03
8.128346616853466003e+03
8.103870583226905183e+03
8.087254259501965862e+03
8.060767921146953086e+03
8.027571363010555615e+03
8.003298682972718780e+03
7.971665703275530177e+03
7.941007893438579231e+03
7.905480565371024568e+03
7.874034090909090992e+03
7.831823653643083162e+03
7.799322719913653600e+03
7.772420529801324847e+03
7.729268581081080811e+03
7.706803108808289835e+03
7.669910105757931888e+03
7.638037170263788539e+03
7.607955324357405516e+03
7.574086142322097658e+03
7.554016549968173422e+03
7.519336794289422869e+03
7.498016545334216062e+03
7.469829514824798025e+03
7.451805631868131968e+03
7.434557422969187428e+03
7.390543772241992883e+03
7.401925145348836850e+03
7.377559171597633394e+03
7.342960931630353116e+03
6.295126300457761317e+03
6.298350888192267121e+03
6.300513638271087075e+03
6.306793256059009764e+03
6.319431581187486699e+03
6.342680928832509380e+03
6.372346295893981733e+03
6.402829530495831932e+03
6.442044114387053924e+03
6.479373545210384691e+03
6.567595982652362181e+03
6.664472888061438425e+03
6.767076868327401826e+03
6.868782261962300254e+03
6.972073855243722392e+03
7.076425884123401374e+03
7.177226622381195739e+03
7.270328478543563506e+03
7.357610111169930860e+03
7.439574353448276270e+03
7.516540570175438916e+03
7.586195203569436671e+03
7.646248369719308357e+03
7.702495531853560351e+03
7.759403519061583211e+03
7.849345349893971616e+03
7.929363579474343169e+03
7.987877379799935625e+03
8.034632191553042503e+03
8.080230373671580310e+03
8.114393500529848097e+03
8.132947311046511459e+03
8.145322496263079302e+03
8.147571263926239226e+03
8.140628402366864066e+03
8.143459634888437904e+03
8.120526622296172718e+03
8.110979914529914822e+03
8.086411042944785549e+03
8.060476190476190823e+03
8.031661297745053162e+03
7.995262488218661929e+03
7.973956038647343121e+03
7.940635195254572864e+03
7.911554149797570972e+03
7.865384694932781713e+03
7.842307407407407482e+03
7.810676581936181719e+03
7.774663902708678506e+03
7.730126975169299840e+03
7.696255760368663687e+03
7.681030624263839854e+03
7.657463018641010422e+03
7.614246936274509608e+03
7.588859198998748070e+03
7.564341836734693970e+03
7.524173376623376498e+03
7.502302649006622232e+03
7.488475000000000364e+03
7.465128011011699527e+03
7.443913043478260988e+03
7.410825962910128510e+03
7.400635174418604947e+03
7.380598372781065336e+03
7.367950263752825776e+03
6.306761015526647498e+03
6.312074394099051460e+03
6.314838798392214812e+03
6.334456061577934634e+03
6.355708702224141234e+03
6.384575261780104483e+03
6.414730837004405657e+03
6.452802848242100481e+03
6.490960682992586044e+03
6.580010540788267463e+03
6.676797429906541765e+03
6.776466190476190604e+03
6.880894928415433242e+03
6.982493821057834793e+03
7.084052114803625045e+03
7.180388105613945299e+03
7.276500000000000000e+03
7.358095351925630894e+03
7.440951338199512975e+03
7.516684181568088206e+03
7.584517907106883285e+03
7.647119237336369224e+03
7.703861689814814781e+03
7.756428067078552886e+03
7.845223336371923324e+03
7.920187578419071542e+03
7.983841747572815621e+03
8.038271361815754062e+03
8.076401306740027394e+03
8.105991150442478101e+03
8.122831391114347753e+03
8.144142107236595621e+03
8.142321524836349454e+03
8.142734362628661984e+03
8.136307848718991409e+03
8.130466165413533417e+03
8.105116488222697626e+03
8.085881370826010425e+03
8.054414491449145316e+03
8.033259344716197120e+03
8.001751417769376530e+03
7.976787409200968796e+03
7.948604362915220918e+03
7.912233772819472506e+03
7.862819358178054244e+03
7.839375198728140276e+03
7.809390243902438669e+03
7.785279778393351990e+03
7.753288058856819589e+03
7.729448814343551021e+03
7.692241887905604926e+03
7.660249247441300213e+03
7.626872928176795540e+03
7.599787593984962768e+03
7.575652618135376542e+03
7.553078827361563526e+03
7.536372757475082835e+03
7.493550067658999069e+03
7.488404827586206920e+03
7.465286718200984069e+03
7.444526466380543752e+03
7.424230152949745388e+03
7.409395848776871389e+03
7.390682503770739459e+03
6.319793738100274823e+03
6.325740386658168973e+03
6.345165521683125917e+03
6.367394189071986148e+03
6.392964754816111963e+03
6.428021234240211925e+03
6.465361036639857048e+03
6.504070381231671490e+03
6.593950069028992402e+03
6.689319493314566898e+03
6.787207217973231309e+03
6.889723331709693412e+03
6.990388985363433676e+03
7.089651086407276125e+03
7.187350746268656621e+03
7.277012833944473641e+03
7.365073066666666818e+03
7.442754205100380204e+03
7.516655258073419645e+03
7.583714766984840026e+03
7.648848614681519393e+03
7.701641799709724182e+03
7.757329495128432427e+03
7.847255260750228445e+03
7.920412653446647710e+03
7.982678571428571558e+03
8.035915634415801833e+03
8.073734827586206848e+03
8.100556620518282216e+03
8.126663742690058825e+03
8.130184754036800769e+03
8.146279474294549800e+03
8.144334392374900744e+03
8.132145128414186729e+03
8.126839195979899159e+03
8.103318162301417033e+03
8.084630999559665725e+03
8.058368231046931214e+03
8.028256588072122213e+03
7.998333806818181984e+03
7.973439379243453004e+03
7.949251862891207566e+03
7.911140752032520140e+03
7.890060874089490426e+03
7.849380977683315905e+03
7.821353804347825644e+03
7.786138179800222133e+03
7.757714690867838726e+03
7.734106025492467779e+03
7.702672974571260056e+03
7.656774096385542180e+03
7.648427955665024456e+03
7.616954145728643198e+03
7.599524023062139349e+03
7.573197256694970747e+03
7.539644946808510213e+03
7.528808005427408716e+03
7.508702142363510575e+03
7.498510218463707133e+03
7.453000000000000000e+03
7.441657184536834393e+03
7.414720118782479403e+03
7.398311178247734460e+03
6.335514078498293202e+03
6.354690301724137498e+03
6.377674357858075382e+03
6.405347329083315344e+03
6.438312388987566919e+03
6.476469387755101707e+03
6.517042355605888588e+03
6.602890094666358891e+03
6.702101978332548242e+03
6.798339971209213218e+03
6.898369836225861945e+03
7.002778774289985449e+03
7.098004565051990539e+03
7.193372159090909008e+03
7.282048633017875545e+03
7.365519529159978447e+03
7.444553498502586081e+03
7.518939889196675722e+03
7.588475197294250393e+03
7.646585959885386728e+03
7.704380536130535802e+03
7.753805448623038501e+03
7.844125114713980111e+03
7.919758762235554059e+03
7.985472140762462914e+03
8.036635875041988584e+03
8.068327455048409320e+03
8.096470986116055428e+03
8.121652620007328551e+03
8.136504711647191471e+03
8.137271882261812607e+03
8.140544585987261598e+03
8.130853289742542074e+03
8.125983207388749179e+03
8.106417743324720504e+03
8.079989849955869431e+03
8.064943413309189964e+03
8.036383116883116600e+03
8.007552019002375346e+03
7.976084103062712529e+03
7.954016434262947769e+03
7.913127800407331961e+03
7.891131318394997834e+03
7.851715274081958341e+03
7.836222766884531666e+03
7.795176307007786818e+03
7.769311931818181620e+03
7.729467826086956848e+03
7.706645352279455437e+03
7.680366384522370026e+03
7.668945061728394649e+03
7.635324103209565692e+03
7.602413461538461888e+03
7.580934640522876180e+03
7.570735823882588193e+03
7.554075510204081183e+03
7.524315789473684163e+03
7.504830747531735142e+03
7.466318996415770926e+03
7.455642804967129450e+03
7.462468354430379804e+03
7.439709311127933688e+03
6.379757074444928548e+03
6.403606946581666307e+03
6.433177397868561457e+03
6.469706146253925908e+03
6.506070894677236538e+03
6.546451967063128905e+03
6.632211004896245868e+03
6.725944866920151981e+03
6.823968273189634601e+03
6.922276831976313588e+03
7.020406634832872442e+03
7.116745072945994252e+03
7.207079207920792214e+03
7.295326259946949904e+03
7.378051295896328156e+03
7.453232353748970127e+03
7.524834590667784141e+03
7.590379369138960101e+03
7.647200462160601091e+03
7.707786364972083902e+03
7.752534925373134683e+03
7.844472093740363562e+03
7.914177480916030618e+03
7.978457499179520710e+03
8.026176192086573792e+03
8.067813588850173801e+03
8.102484750627915673e+03
8.120070136581764928e+03
8.138303835928598346e+03
8.129394388152766624e+03
8.143836006415396696e+03
8.127997943233237493e+03
8.119179476351351695e+03
8.105948873483535863e+03
8.079890368397692328e+03
8.069635079726651384e+03
8.048369281045751450e+03
8.013844794651385200e+03
7.988717359413202757e+03
7.956542771385692504e+03
7.933555555555555657e+03
7.912788784067085544e+03
7.886920150053590987e+03
7.854693318729463499e+03
7.811478770949720456e+03
7.798673329525985537e+03
7.770296793002915365e+03
7.749757593805837132e+03
7.724134346504559289e+03
7.691074303405573119e+03
7.674221871049304355e+03
7.645603737113401621e+03
7.633946745562129763e+03
7.603022103148024144e+03
7.592510245901639792e+03
7.583222841225626325e+03
7.553240084985835892e+03
7.533386002886002643e+03
7.520800293685756515e+03
7.491955223880597259e+03
7.499266159695817805e+03
6.429682504440497723e+03
6.462953117990130522e+03
6.496491732729331488e+03
6.534267154620310976e+03
6.572549064881090089e+03
6.663791097503532910e+03
6.753579894433781192e+03
6.848625519432901456e+03
6.949301444942700982e+03
7.041952574182095304e+03
7.135760847107438167e+03
7.222124310118265385e+03
7.305564589462423100e+03
7.387551320446501450e+03
7.463551246537395855e+03
7.535214487034949343e+03
7.595816045845272129e+03
7.656458041958041576e+03
7.708774355937222026e+03
7.756424315377670609e+03
7.848666148585638439e+03
7.921600064143682175e+03
7.972366699702675760e+03
8.032062372188139307e+03
8.073447331460673922e+03
8.099208092485549059e+03
8.126308293045742175e+03
8.131035141329259204e+03
8.137307027875932363e+03
8.134871370967742223e+03
8.132387577639751726e+03
8.126082908163265529e+03
8.112588312254688390e+03
8.080946874999999636e+03
8.077252978918423651e+03
8.043187998124706610e+03
8.016324376199616381e+03
7.999733038348083028e+03
7.979165156092648431e+03
7.959334363730035875e+03
7.934180189673340465e+03
7.904041464728055871e+03
7.878386138613861476e+03
7.839978102189780657e+03
7.842148275862068658e+03
7.804958968347010341e+03
7.779943147815679367e+03
7.754055555555555657e+03
7.738187032418952185e+03
7.710728888888888832e+03
7.692084196891191823e+03
7.665436963696369276e+03
7.669444070080862730e+03
7.644899862825788659e+03
7.627996505939901908e+03
7.605541251778094193e+03
7.585477914554670861e+03
7.561675257731958482e+03
7.556988738738738903e+03
7.545145912910618790e+03
6.488316194790487316e+03
6.523431610247026583e+03
6.559340798891710620e+03
6.600344602471438520e+03
6.687126663498098424e+03
6.779852748849600175e+03
6.874169997532691923e+03
6.969654435787886541e+03
7.064468390069107045e+03
7.154172225117248672e+03
7.242680371352785187e+03
7.326402807775378278e+03
7.403088711892337415e+03
7.476763900530874707e+03
7.544735720375106212e+03
7.604175909878682432e+03
7.663064904552129519e+03
7.715213731343283143e+03
7.768330197268588563e+03
7.849437069505322143e+03
7.927499676793794606e+03
7.985183544303797134e+03
8.033439066254720274e+03
8.074790311173974260e+03
8.103323144104803760e+03
8.127184949457132461e+03
8.137532897268180022e+03
8.147018584420719890e+03
8.144285018270402361e+03
8.136801666666666279e+03
8.128448909790508878e+03
8.121897762176393371e+03
8.107390913180386633e+03
8.092003688335638799e+03
8.061855188679245657e+03
8.049558027079303429e+03
8.027656930693069626e+03
7.996321862348178001e+03
7.987018144116122130e+03
7.953679025423728490e+03
7.935651867893881899e+03
7.916117940199335862e+03
7.895751131221719334e+03
7.870371247113163918e+03
7.847863207547169623e+03
7.820837041491280615e+03
7.804496009821976259e+03
7.768367729831144061e+03
7.757161352040816382e+03
7.751224104234527658e+03
7.732921698739217391e+03
7.701016891891891646e+03
7.691366643694003869e+03
7.676626666666667006e+03
7.650799428979300501e+03
7.648997088791848910e+03
7.637921539600296455e+03
7.624543740573152718e+03
7.612223330775133945e+03
6.547464557838836299e+03
6.586320820704127073e+03
6.629201083117494818e+03
6.714488963531669469e+03
6.805231483744805701e+03
6.902959142999501637e+03
6.992132606490872604e+03
7.085197004905758149e+03
7.175610147213459641e+03
7.257953998395292729e+03
7.341514021236046574e+03
7.419503324099722704e+03
7.493525084554678870e+03
7.556736962750715975e+03
7.617705796679289051e+03
7.675376961800414392e+03
7.725983749623834228e+03
7.777326705414499884e+03
7.867573910296904614e+03
7.939862821766048000e+03
8.000327175008397717e+03
8.043622621930127934e+03
8.077296902812388907e+03
8.110691095639428568e+03
8.133684131172258276e+03
8.142767234701781490e+03
8.152233187425387769e+03
8.153732733959950565e+03
8.158090680100755890e+03
8.148630060292851340e+03
8.131764342453662721e+03
8.126334540516070774e+03
8.107764378478664185e+03
8.094586977186311742e+03
8.067660670879921781e+03
8.060871449925261913e+03
8.024283095723014412e+03
8.011953100573215124e+03
7.981692921766897598e+03
7.970818726183995750e+03
7.943567853170188755e+03
7.925844886363636761e+03
7.889349942062572154e+03
7.879631142687981082e+03
7.861228536880290449e+03
7.857403703703703286e+03
7.830799874134675520e+03
7.804135897435897277e+03
7.794599084368868716e+03
7.786344896597732259e+03
7.776076870748299370e+03
7.751685595567866585e+03
7.737966149506347392e+03
7.705419354838709296e+03
7.699979547114682646e+03
7.711437081161578135e+03
7.693481453444360341e+03
7.682602158828064603e+03
6.614502001412762183e+03
6.653272576045627829e+03
6.740928311939936975e+03
6.831730076486553116e+03
6.925138728323699070e+03
7.019075505502943088e+03
7.108836894215737630e+03
7.198227055702917824e+03
7.283480291576674063e+03
7.362134578412524206e+03
7.438249790444257997e+03
7.508856493321966809e+03
7.571107741190063280e+03
7.632847577092510619e+03
7.688050746268656439e+03
7.744114415781486969e+03
7.791426456984273500e+03
7.872313613231552154e+03
7.946477518871020948e+03
8.003553263442678144e+03
8.051273772204806846e+03
8.096635450304986989e+03
8.123537836840162527e+03
8.150492593999240853e+03
8.153674074074074269e+03
8.173605854049719710e+03
8.167193336075689331e+03
8.167271537162162531e+03
8.164095320623916450e+03
8.146757656458055862e+03
8.147413667425968015e+03
8.135667600373482856e+03
8.114494505494505574e+03
8.095468948655257009e+03
8.072882941470735204e+03
8.054703684749232707e+03
8.047736373165618716e+03
8.026493840385645854e+03
8.007184556407448326e+03
7.972177094972066698e+03
7.967681896059394603e+03
7.947742274052478024e+03
7.934698034544371694e+03
7.916400607902735828e+03
7.890863157894737014e+03
7.880068900126422704e+03
7.858606314432990075e+03
7.853007232084155476e+03
7.833257372654155915e+03
7.823311475409836021e+03
7.819784818941504454e+03
7.795263456090651744e+03
7.780480519480519433e+03
7.772497063142437582e+03
7.748161940298507034e+03
7.759993916349810206e+03
7.731914926527455464e+03
6.680110844529750466e+03
6.766629186018088149e+03
6.861704534130542925e+03
6.949593306288032181e+03
7.042499096307771651e+03
7.133684279705573317e+03
7.217430863867343760e+03
7.303008712224339433e+03
7.383392243767312721e+03
7.460097237880496323e+03
7.526223495702005494e+03
7.589827847363822002e+03
7.650916197808705874e+03
7.704639482395426057e+03
7.758912511471397920e+03
7.808399129623872795e+03
7.894730830927173884e+03
7.955924653007270535e+03
8.022504430811179191e+03
8.073063202247190929e+03
8.107937500000000000e+03
8.146968750000000000e+03
8.157645912910618790e+03
8.172502159403219594e+03
8.179538306451612698e+03
8.183092301324503751e+03
8.189597363945577854e+03
8.185662014827737039e+03
8.163687946428571195e+03
8.169595783684692833e+03
8.144904360056259065e+03
8.127355566218810054e+03
8.120407571288102190e+03
8.109253776435045438e+03
8.098574961360123780e+03
8.077748288572933234e+03
8.060676359719978791e+03
8.042984598459845984e+03
8.012514317798989396e+03
8.022982758620689310e+03
7.988507322788517740e+03
7.975246558946738332e+03
7.956908424908425332e+03
7.947922069825436665e+03
7.927103492063492013e+03
7.914053756476683702e+03
7.893691749174917277e+03
7.903538409703503930e+03
7.883957475994512606e+03
7.872976240391334613e+03
7.860434163701067519e+03
7.839902968863142632e+03
7.821500000000000000e+03
7.820225225225225586e+03
7.812932773109243499e+03
7.822256609642301555e+03
6.822816687422166979e+03
6.911289300202839513e+03
7.004266460108443425e+03
7.096541009463722730e+03
7.182068467504680484e+03
7.270069425537707502e+03
7.353208587257618092e+03
7.432980834272830180e+03
7.502364183381088878e+03
7.569313719778619088e+03
7.633713651169677178e+03
7.690788143244056300e+03
7.748250229427959312e+03
7.800984768417780288e+03
7.853101421800947719e+03
7.934245682632779790e+03
8.005343634531407588e+03
8.058940159114493326e+03
8.102424706301174410e+03
8.145459508977647602e+03
8.177794572182435331e+03
8.196168086754454635e+03
8.219143312101910851e+03
8.225740907233346661e+03
8.239668345927791961e+03
8.240094315245478356e+03
8.232531332744925749e+03
8.236423268447260853e+03
8.227028756957328369e+03
8.223332699619772029e+03
8.205332036947009328e+03
8.207170901843546744e+03
8.179441955193482499e+03
8.175521104742053467e+03
8.148590957446808716e+03
8.149903102885138651e+03
8.131675750834260725e+03
8.120230113636363967e+03
8.089841251448435287e+03
8.088068087625813860e+03
8.076319830713421652e+03
8.078930246913580049e+03
8.058211453744493156e+03
8.037394871794871506e+03
8.033656638325703170e+03
8.036306408544725855e+03
8.025904761904761472e+03
8.006068559556786568e+03
7.997178420310296133e+03
7.975334289813486066e+03
7.968629656683710891e+03
7.984075949367088469e+03
7.976026515151515014e+03
7.962778720123361381e+03
7.950005481597494509e+03
6.967667268972638340e+03
7.063001577287066539e+03
7.150594276544530658e+03
7.241318268445412286e+03
7.327556786703600665e+03
7.410755073280721263e+03
7.483683954154727871e+03
7.554376638508592805e+03
7.622397986378442511e+03
7.683168221486608672e+03
7.744114408075864048e+03
7.800366179670500060e+03
7.853281427668983270e+03
7.899298042990054455e+03
7.972458691341705162e+03
8.050302658486707514e+03
8.111481390449438550e+03
8.156786127167630184e+03
8.205768229166666060e+03
8.229341230416506733e+03
8.250307420494698817e+03
8.267383064516128798e+03
8.280367963576158218e+03
8.296452380952381645e+03
8.301808547754033498e+03
8.294246092005359969e+03
8.304065536205316675e+03
8.293381332082552035e+03
8.283137301968314205e+03
8.280708947885939779e+03
8.273662808253648109e+03
8.275406491499226831e+03
8.261999473407056939e+03
8.252792137856758927e+03
8.242016501650165083e+03
8.218404267265581439e+03
8.236148275862069568e+03
8.207079086115993050e+03
8.200811490125674027e+03
8.189003663003662950e+03
8.185987531172069794e+03
8.175816391359593581e+03
8.167637070641607352e+03
8.147522772277227887e+03
8.162332210242587280e+03
8.141172721041809382e+03
8.141078266946191434e+03
8.132600711743772081e+03
8.116029688631426325e+03
8.102318851251840897e+03
8.103926426426426588e+03
8.100546982429335003e+03
8.113280715396578671e+03
8.100301737756713919e+03
7.122002139609521691e+03
7.215689627007895069e+03
7.305338227146814461e+03
7.392293404735061813e+03
7.469180802292263252e+03
7.543928051267113005e+03
7.615891915901687753e+03
7.680688835389708402e+03
7.745449066992964617e+03
7.803070540708514272e+03
7.861984838913455860e+03
7.911570099454604133e+03
7.959017921146953086e+03
8.039858965748824630e+03
8.107961604980975608e+03
8.162575293698825590e+03
8.216310736533529052e+03
8.258883905013191907e+03
8.287186676994577283e+03
8.320285429936306173e+03
8.336035962402942459e+03
8.359459697732996574e+03
8.369445305770886989e+03
8.370815533980581677e+03
8.383562245359891676e+03
8.382740259740259717e+03
8.387787072243345392e+03
8.377908118619348897e+03
8.387601893373193889e+03
8.367782586558045296e+03
8.371357998957790187e+03
8.350639361702127644e+03
8.359454545454545951e+03
8.353566499721759101e+03
8.343202840909090810e+03
8.318813441483198403e+03
8.323342806394315630e+03
8.317336154776299736e+03
8.325528395061728588e+03
8.309937696664568648e+03
8.294179487179486387e+03
8.295527795945061371e+03
8.303138184245661250e+03
8.297042176870747426e+03
8.281126731301939799e+03
8.276440056417490268e+03
8.259120516499282530e+03
8.256121986851716429e+03
8.275034251675353516e+03
8.270418181818182347e+03
8.260265227447956931e+03
8.257456112852663864e+03
8.262004788507581907e+03
7.285583379501385025e+03
7.376615839909808528e+03
7.457775644699140685e+03
7.539114219114218940e+03
7.613238673378738895e+03
7.680056859205776163e+03
7.751278984398898501e+03
7.812993474207582040e+03
7.875809222994314950e+03
7.929245428296439059e+03
7.980322254806125784e+03
8.016238929279576951e+03
8.107012951601908753e+03
8.180206811797752380e+03
8.237025650289016994e+03
8.296863095238095411e+03
8.330745510126098452e+03
8.361299175500589627e+03
8.388751612903226487e+03
8.411192880794702432e+03
8.436670918367346530e+03
8.451023986044483536e+03
8.456106344950849234e+03
8.470658570119156138e+03
8.476023004694836345e+03
8.465822371579452010e+03
8.471108652900687957e+03
8.471219426270759868e+03
8.480792890262751826e+03
8.474087414428646298e+03
8.471888529886913602e+03
8.467184268426843119e+03
8.454252808988763718e+03
8.473877586206896012e+03
8.450024018746338697e+03
8.449444045481746798e+03
8.443460317460318038e+03
8.445790523690773625e+03
8.439873570520965586e+03
8.436320155541154236e+03
8.421095709570956387e+03
8.440246630727762749e+03
8.421153529814941066e+03
8.427153039832284776e+03
8.422253380782918612e+03
8.409103548153512747e+03
8.399516936671576332e+03
8.403702702702703391e+03
8.403748663101603597e+03
8.419516329704511008e+03
8.409736966824644696e+03
8.396458634538152182e+03
7.448592263610315058e+03
7.534648892773892840e+03
7.613471720461948280e+03
7.684966004813477412e+03
7.760723462832670521e+03
7.824402920161541260e+03
7.893847757422615359e+03
7.951408726339428540e+03
8.006383186705767002e+03
8.046083939193655169e+03
8.100461047683008474e+03
8.182883431338636910e+03
8.249793164827340661e+03
8.318181085043988787e+03
8.368633999246136227e+03
8.407346243222307749e+03
8.454021107128633957e+03
8.475838577850428919e+03
8.508696473551637609e+03
8.527940137812231114e+03
8.537911738746690389e+03
8.559081937528293565e+03
8.566334415584415183e+03
8.579553231939164107e+03
8.577115216334466822e+03
8.594047832585949436e+03
8.581531568228105243e+03
8.591814486711829886e+03
8.577295212765957331e+03
8.592294501905280413e+03
8.592814134668891711e+03
8.584031232254401402e+03
8.568977404403243781e+03
8.579679692125517249e+03
8.578273881499395429e+03
8.591526543209876763e+03
8.580419760855884306e+03
8.569217307692308168e+03
8.575081752779595263e+03
8.587117489986649161e+03
8.584859863945577672e+03
8.572380193905817578e+03
8.571444992947814171e+03
8.558209469153514874e+03
8.558449233016801372e+03
8.580437825763216097e+03
8.578899242424242402e+03
8.571612181958365909e+03
8.571758620689655800e+03
8.579039904229848617e+03
8.562596918085968355e+03
7.615729937814628101e+03
7.692236462093862428e+03
7.772895380850412948e+03
7.841254737496116832e+03
7.915274478837650349e+03
7.977241578440808553e+03
8.036377973281199047e+03
8.080105089226702148e+03
8.138213901947616250e+03
8.188173542448005719e+03
8.271954353932584127e+03
8.341294797687860409e+03
8.412764136904761472e+03
8.461099770642202202e+03
8.498195916764821959e+03
8.535919758064515918e+03
8.567830711920529211e+03
8.602559098639456352e+03
8.625649367640646233e+03
8.638987488829312497e+03
8.661890925756186334e+03
8.675033333333332848e+03
8.672765242438790665e+03
8.694759350393700515e+03
8.691687468545545926e+03
8.708109737248840247e+03
8.707557135334385748e+03
8.711714054927302641e+03
8.712515951595160004e+03
8.705864606741573880e+03
8.730609770114942876e+03
8.711692442882249452e+03
8.716013764213046670e+03
8.715339438339438857e+03
8.722411471321694989e+03
8.720284625158830750e+03
8.721170447180817064e+03
8.715381109643329182e+03
8.733192722371968557e+03
8.717327621658670978e+03
8.727440251572326815e+03
8.725738078291815327e+03
8.715658942795076655e+03
8.709759941089838321e+03
8.716303303303302528e+03
8.719557677616501678e+03
8.737984447900465966e+03
8.731071879936809637e+03
8.720114056224900196e+03
8.738889525368249451e+03
7.786925665341083004e+03
7.860347312830071132e+03
7.939245420088439460e+03
8.005914019890920827e+03
8.069530140110785396e+03
8.117520158625247859e+03
8.176943605236656367e+03
8.233495738152063495e+03
8.276922864060878055e+03
8.357337130651478219e+03
8.438188416422286537e+03
8.500215981907274909e+03
8.549754841208365178e+03
8.606830744723218231e+03
8.634718545751633428e+03
8.680689336691855715e+03
8.708791559000861525e+03
8.727101059135040487e+03
8.756410140334992320e+03
8.771448051948051216e+03
8.792316539923955133e+03
8.796822557122022772e+03
8.820583956153463077e+03
8.814890020366598037e+03
8.831301198540906626e+03
8.827069185737094813e+03
8.838156692056583779e+03
8.849588202559822093e+03
8.851121022727273157e+03
8.835680185399767652e+03
8.852248667850799393e+03
8.854880290205563142e+03
8.872696913580246473e+03
8.865707992448080404e+03
8.858639743589743375e+03
8.868637671680837229e+03
8.884732977303070584e+03
8.885881632653061388e+03
8.876554016620499169e+03
8.879028208744710355e+03
8.869609756097561331e+03
8.872745799853908466e+03
8.897541325390915517e+03
8.898778030303030391e+03
8.887268875192603446e+03
8.896979623824450755e+03
8.906756584197924894e+03
8.892715328467153086e+03
8.877283950617284063e+03
7.964996841440302887e+03
8.036661212704523678e+03
8.105028999674161241e+03
8.157573694646397598e+03
8.221235985229943253e+03
8.281922945789294317e+03
8.329235904531304186e+03
8.380447682584270297e+03
8.463353684971098119e+03
8.547235119047618355e+03
8.603917844860527111e+03
8.654660384766391871e+03
8.706296087131908280e+03
8.744216473509934076e+03
8.788088010204081002e+03
8.819732228521586876e+03
8.841016979445934339e+03
8.872161778185150979e+03
8.892669014084507580e+03
8.902455331412103988e+03
8.930655342195963385e+03
8.929761449421237558e+03
8.952418856259659151e+03
8.952577368421052597e+03
8.962835306781485997e+03
8.973565456545655252e+03
8.973011797752809798e+03
9.002242528735632732e+03
8.987874633860574249e+03
8.996669060442847695e+03
9.000889499389499179e+03
9.012389650872817583e+03
9.013717280813214529e+03
9.018694750486065459e+03
9.016232496697490205e+03
9.038146226415094134e+03
9.025201507882111400e+03
9.039115303983227932e+03
9.040355160142349632e+03
9.033112961622013245e+03
9.030522827687776953e+03
9.039343843843844297e+03
9.045530175706646332e+03
9.066399688958008483e+03
9.069263241106718851e+03
9.060443729903536223e+03
9.075301963993453683e+03
9.070331395348837759e+03
8.142161290322580498e+03
8.199541308658293929e+03
8.267715676401476230e+03
8.332764745993863471e+03
8.384178484953303268e+03
8.439234199438202268e+03
8.479387682449270869e+03
8.573698680351906660e+03
8.648027139087824253e+03
8.708845855925639626e+03
8.776635603345281197e+03
8.814284313725489483e+03
8.869786733837112479e+03
8.906736003445304959e+03
8.937140397350993226e+03
8.970444092349478524e+03
8.993023191094620415e+03
9.021276615969582053e+03
9.032421973748176242e+03
9.062712007972097126e+03
9.063465885947047354e+03
9.085585721730067235e+03
9.086706758914315287e+03
9.102298694232862545e+03
9.120112966054535718e+03
9.126601704545453686e+03
9.120670144927536967e+03
9.137393724097099039e+03
9.143872430471583357e+03
9.165900617283950851e+03
9.162801132787917595e+03
9.159639102564102359e+03
9.173391105297579998e+03
9.193227636849132978e+03
9.197568027210883884e+03
9.191137119113573135e+03
9.196789139633287050e+03
9.190946197991392182e+03
9.203118421052631675e+03
9.224153387937452862e+03
9.234936315390446907e+03
9.217666409861325519e+03
9.231173197492162217e+03
9.243403032721467753e+03
9.231462287104623101e+03
9.216613991769547283e+03
9.211928093645485205e+03
8.315706948640483461e+03
8.385351517217864966e+03
8.441088550674507132e+03
8.500204002808988662e+03
8.544247063011747741e+03
8.597863078034682985e+03
8.695113467261904589e+03
8.767021788990825371e+03
8.825753828032979072e+03
8.887895118999596889e+03
8.931716590815060044e+03
8.988534863945578763e+03
9.028706934147405264e+03
9.061867679928474899e+03
9.097006874427130242e+03
9.124663380281690479e+03
9.145524267179240269e+03
9.176038897095026186e+03
9.181329642677403172e+03
9.209948995363214635e+03
9.214827894736841699e+03
9.231277179763186723e+03
9.246973597359736232e+03
9.256858909499718720e+03
9.290939045428407553e+03
9.275438195664908562e+03
9.288508078994613243e+03
9.297394383394383112e+03
9.313019950124687966e+03
9.317569250317661499e+03
9.326339598185353680e+03
9.327020475561426792e+03
9.352817385444743195e+03
9.342565455791638669e+03
9.353298184357541686e+03
9.364007829181495254e+03
9.359453294713975993e+03
9.366711864406779569e+03
9.370948198198198952e+03
9.379907563025210038e+03
9.403086314152411433e+03
9.408427667984189611e+03
9.401784565916399515e+03
9.419513911620295403e+03
9.415926910299003794e+03
9.419072635135134988e+03
8.499350397786232861e+03
8.562746488764045353e+03
8.610888572445710452e+03
8.668317919075145255e+03
8.719782624633431624e+03
8.807217489634376761e+03
8.880019752130132474e+03
8.962400398406374734e+03
9.006587009803921319e+03
9.071806465155332262e+03
9.117589147286822481e+03
9.156178807947020687e+03
9.197287007695789725e+03
9.227273654916512896e+03
9.262772338403041431e+03
9.280241127856101230e+03
9.316878425510712987e+03
9.323947046843177304e+03
9.351441375716518451e+03
9.357633847791377775e+03
9.378281828073993893e+03
9.397577308120133239e+03
9.412600568181818744e+03
9.410823188405796827e+03
9.438079976303317380e+03
9.442706771463119367e+03
9.468764197530863385e+03
9.469245437382001910e+03
9.481831193838253967e+03
9.487230869849574447e+03
9.510572096128171324e+03
9.517877551020408646e+03
9.514202908587258207e+03
9.522873060648800674e+03
9.526806891600861491e+03
9.534837719298246157e+03
9.558623231571109500e+03
9.571909021986353764e+03
9.556333590138674481e+03
9.572771159874608202e+03
9.587367118914604362e+03
9.577436334144364082e+03
9.564334979423867480e+03
9.561725752508360529e+03
9.605381601362862057e+03
8.678725881096475860e+03
8.743295627032886841e+03
8.792401612312201905e+03
8.851881324404761472e+03
8.939938432122371523e+03
9.003673469387755176e+03
9.080205324727712650e+03
9.133712453454696515e+03
9.200079081632653470e+03
9.248798953336241539e+03
9.289838623156012545e+03
9.332932172318973244e+03
9.367638028169014433e+03
9.395147525228256200e+03
9.432122107336286717e+03
9.438643863179075197e+03
9.477802679031427033e+03
9.487981578947368689e+03
9.509611948331539679e+03
9.530081958195820334e+03
9.550169853768278699e+03
9.583659574468085339e+03
9.572162272993555234e+03
9.589320766008378996e+03
9.602568986568987384e+03
9.622289900249375933e+03
9.629791613722998591e+03
9.642336357744652560e+03
9.645938573315719623e+03
9.675356469002696031e+03
9.667677861549005684e+03
9.679638268156424601e+03
9.695130249110319710e+03
9.693112961622013245e+03
9.703336772291821035e+03
9.709669669669669020e+03
9.721259740259740283e+03
9.746788491446344779e+03
9.754418972332015983e+03
9.749796623794212792e+03
9.770274959083470094e+03
9.768028239202658369e+03
9.773450168918918280e+03
9.776402742073692934e+03
8.869449981678269978e+03
8.932353422619047706e+03
8.973820957406709567e+03
9.059356700232377989e+03
9.153396414342629214e+03
9.208041258169934736e+03
9.283198992443325551e+03
9.337989233419466473e+03
9.388962455830389445e+03
9.433775011317338794e+03
9.471135899814471486e+03
9.513748098859316087e+03
9.537486631016043248e+03
9.580376681614350673e+03
9.593482179226070002e+03
9.626302761855133213e+03
9.637418307610430929e+03
9.663111534276387829e+03
9.693056204785754744e+03
9.706929545454546314e+03
9.709163478260868942e+03
9.741283175355451021e+03
9.749454050785972868e+03
9.779346913580246110e+03
9.783355569540592114e+03
9.799296534017972590e+03
9.814609293193716439e+03
9.835110814419225790e+03
9.845224489795918998e+03
9.844227146814404477e+03
9.855782792665726447e+03
9.862839195979899159e+03
9.873166666666666060e+03
9.899607594936709575e+03
9.915342683851402398e+03
9.902450693374421462e+03
9.920634012539185278e+03
9.937529130087788872e+03
9.929527169505272468e+03
9.918111111111111313e+03
9.917460702341137221e+03
9.963619250425894279e+03
9.987238301559791580e+03
9.058743686392763266e+03
9.115465391969406483e+03
9.191786499215069853e+03
9.279847115772488905e+03
9.347396109271523528e+03
9.419631802721089116e+03
9.477078499781944629e+03
9.526151989271345883e+03
9.577159945004583278e+03
9.618915023474179179e+03
9.653017299375300354e+03
9.696393894633185482e+03
9.708643360160966040e+03
9.753635754765584352e+03
9.769015789473683981e+03
9.795737351991389005e+03
9.820844884488449679e+03
9.845817772778402286e+03
9.883821736630246960e+03
9.876112478031634964e+03
9.897262716935965727e+03
9.914648351648351309e+03
9.938408977556109676e+03
9.948781448538755285e+03
9.964961762799741336e+03
9.971429986789960822e+03
1.000435040431266862e+04
9.999128855380396999e+03
1.001425000000000000e+04
1.003240284697508832e+04
1.003284286748732848e+04
1.004589019896831269e+04
1.005433183183183246e+04
1.006841940412528675e+04
1.009628071539657867e+04
1.010607984189723356e+04
1.010350160771704213e+04
1.012658183306055616e+04
1.012567607973421946e+04
1.013332516891891828e+04
1.013753641816623895e+04
1.013725935596170530e+04
9.247108097636575621e+03
9.349927091633466262e+03
9.415584150326796589e+03
9.501086062132661027e+03
9.565163652024117255e+03
9.624613515901060964e+03
9.677358533272974455e+03
9.722134972170686524e+03
9.771923954372623484e+03
9.801857559552747261e+03
9.850945191828599491e+03
9.869932281059063826e+03
9.908115685252736512e+03
9.924097924427887847e+03
9.954704570184983822e+03
9.989789649415692111e+03
1.000787670454545514e+04
1.001968677494199619e+04
1.005085900473933725e+04
1.006248004836759355e+04
1.009533086419753090e+04
1.010357960981749602e+04
1.012282991014120671e+04
1.014144371727748694e+04
1.016552069425901209e+04
1.017839115646258506e+04
1.017998199445983300e+04
1.019436177715091617e+04
1.020438119167264813e+04
1.021702704678362534e+04
1.024608637379002175e+04
1.026416755117513276e+04
1.025388058551617905e+04
1.028174039215686207e+04
1.029294014365522708e+04
1.028691565287915728e+04
1.028544975288303067e+04
1.028677405857740632e+04
1.032691993185689898e+04
1.035241854419410811e+04
1.034304221635883914e+04
9.626585784313725526e+03
9.722981528127624188e+03
9.796723944875107918e+03
9.864954946996465878e+03
9.925841557265730444e+03
9.978217068645639301e+03
1.003529134980988601e+04
1.007147253281477970e+04
1.012683208769307385e+04
1.015167311608961245e+04
1.019520479416362650e+04
1.022142705005324751e+04
1.025156365614798779e+04
1.029170673344462921e+04
1.031396249999999964e+04
1.032978828306264586e+04
1.036549111374407585e+04
1.038055320435308386e+04
1.041618888888888978e+04
1.042874260541220974e+04
1.045134210526315837e+04
1.047316164921466043e+04
1.050070627503337710e+04
1.051629319727891198e+04
1.052043628808864196e+04
1.053760014104372385e+04
1.055809554597701208e+04
1.056541228070175384e+04
1.059707520476544960e+04
1.061749962092494388e+04
1.060974499229584035e+04
1.063946666666666715e+04
1.065283798882681549e+04
1.064883292781833006e+04
1.064897611202635926e+04
1.066101256281407041e+04
1.069454088586030593e+04
1.072196447140381315e+04
1.070438400702987747e+04
1.069933155080213874e+04
1.003065331610680369e+04
1.010808833922261510e+04
1.017743684925305570e+04
1.023765120593691972e+04
1.030694008559201211e+04
1.034474137092853744e+04
1.040649476831091124e+04
1.043716191446028461e+04
1.048617978113600839e+04
1.051735835995740126e+04
1.055236833514689897e+04
1.059755370061213216e+04
1.062400056818181838e+04
1.064393909512761093e+04
1.068407049763033137e+04
1.070262998790810161e+04
1.074194259259259343e+04
1.075783763373190595e+04
1.078379396662387626e+04
1.080877617801047199e+04
1.083977970627503419e+04
1.085805102040816382e+04
1.086476800554016700e+04
1.088467277856135479e+04
1.090822413793103442e+04
1.091762426900584796e+04
1.095188011913626178e+04
1.098292261001517363e+04
1.096935053929121750e+04
1.100096156862745011e+04
1.101646767757382258e+04
1.101452635847526290e+04
1.101630395387149838e+04
1.103040117252931304e+04
1.106598040885860246e+04
1.109527729636048571e+04
1.107838927943760973e+04
1.107537522281639940e+04
1.107578914027149403e+04
1.043524275362318804e+04
1.049394714881780237e+04
1.057580313837375252e+04
1.062546206225680908e+04
1.068868958644743361e+04
1.072522861507128255e+04
1.077983168316831689e+04
1.081604685835995770e+04
1.086187261839956409e+04
1.090628603227601525e+04
1.093696249999999964e+04
1.096109628770301606e+04
1.100569964454976252e+04
1.102775937122128198e+04
1.107078086419753163e+04
1.108999307740717450e+04
1.111936456996148991e+04
1.114750130890052424e+04
1.118197463284379228e+04
1.120293945578231251e+04
1.121220914127423748e+04
1.123491184767277809e+04
1.126138505747126510e+04
1.127296929824561448e+04
1.130987788533134699e+04
1.134340440060697983e+04
1.133208243451463750e+04
1.136565882352941117e+04
1.138333200319233765e+04
1.138343795620437959e+04
1.138679983525535499e+04
1.140295561139028541e+04
1.144063798977853548e+04
1.147185181975736486e+04
1.145564586994727506e+04
1.145474777183600781e+04
1.145671402714932083e+04
1.150036832412523108e+04
1.084552543984783733e+04
1.090217558365758669e+04
1.097217239661185886e+04
1.102033622007131999e+04
1.107512506513809240e+04
1.111682055378061705e+04
1.116748938486663064e+04
1.121698386199220840e+04
1.125197386363636360e+04
1.128046345707656656e+04
1.132954976303317562e+04
1.135510580411124465e+04
1.140187901234567835e+04
1.142448143486469417e+04
1.145732605905006494e+04
1.148864332460733021e+04
1.152656341789052021e+04
1.155023741496598632e+04
1.156216828254847678e+04
1.158769605077574124e+04
1.161712356321839070e+04
1.163089619883040905e+04
1.167049516008935279e+04
1.170648710166919591e+04
1.169747072419106371e+04
1.173304078431372545e+04
1.175292976855546658e+04
1.175507948094079438e+04
1.176008072487644131e+04
1.177828810720267938e+04
1.181808006814310102e+04
1.185126429809358706e+04
1.183562038664323336e+04
1.184748082069580778e+04
1.184138190045248848e+04
1.188627348066298327e+04
1.193784925093632955e+04
1.125597259591429975e+04
1.131041976566479934e+04
1.137113861386138524e+04
1.141835942492012691e+04
1.147417746325530788e+04
1.152881969949916493e+04
1.156826193181818235e+04
1.160119837587006987e+04
1.166173206876111362e+04
1.168407376058041154e+04
1.173460802469135888e+04
1.176066268093140388e+04
1.179700064184852454e+04
1.182417331589273999e+04
1.187303137516688912e+04
1.189950952380952367e+04
1.191409556786703615e+04
1.195091178546224364e+04
1.197499137931034420e+04
1.199091739766081810e+04
1.203320178704393220e+04
1.207174203338391453e+04
1.206503620955315819e+04
1.210266117647058854e+04
1.212477494014365584e+04
1.212900811030008117e+04
1.213570757825370674e+04
1.215597487437185919e+04
1.220821909633418545e+04
1.223312391681109148e+04
1.221760456942003475e+04
1.223235236396075015e+04
1.222833574660633531e+04
1.227472744014732962e+04
1.232821816479400695e+04
1.231547293447293487e+04
1.166702292860865055e+04
1.171989829605963860e+04
1.178114316820903696e+04
1.184110628825820822e+04
1.188513693181818235e+04
1.192264559164733146e+04
1.198794250148192077e+04
1.201408282950423200e+04
1.206830123456790170e+04
1.209793832599119014e+04
1.213791463414634200e+04
1.217746662303664925e+04
1.222082643524699597e+04
1.225012993197278956e+04
1.226745983379501376e+04
1.230736485532815823e+04
1.233442169540229952e+04
1.235254093567251402e+04
1.239761206254653735e+04
1.243877086494688956e+04
1.243431355932203405e+04
1.247410274509804003e+04
1.249848124501197162e+04
1.249437115072933557e+04
1.251324135090609525e+04
1.253563567839196003e+04
1.259020545609548208e+04
1.261704159445407277e+04
1.260263620386643197e+04
1.261939875111507536e+04
1.261730316742081413e+04
1.266547421731123359e+04
1.272083801498127286e+04
1.270982336182336257e+04
1.270120789220404185e+04
1.208767392487751749e+04
1.215316694490818008e+04
1.220192840909090955e+04
1.224414559164733146e+04
1.231429223473621823e+04
1.234445284159613038e+04
1.240249567901234514e+04
1.243579483952171176e+04
1.247950064184852454e+04
1.252266492146596829e+04
1.256945527369826414e+04
1.260177142857142826e+04
1.262184626038781244e+04
1.266489273112208866e+04
1.269498491379310326e+04
1.271540350877192941e+04
1.275471800595238165e+04
1.280714112291350466e+04
1.280499537750385207e+04
1.285702433281004778e+04
1.287371268954509105e+04
1.287069773095624078e+04
1.289237808896210845e+04
1.291715494137353380e+04
1.296279727427597936e+04
1.300273916811091840e+04
1.298987697715290051e+04
1.300833541480820713e+04
1.300815565610859812e+04
1.305820534069981659e+04
1.311543726591760242e+04
1.310614434947768314e+04
1.309830606352261748e+04
1.312056250000000000e+04
1.251809488636363676e+04
1.256526334106728609e+04
1.264030764671013640e+04
1.266670634441087532e+04
1.273665555555555511e+04
1.277375707992448042e+04
1.281485888389993670e+04
1.287652193844138856e+04
1.291852002670227012e+04
1.295393061224489793e+04
1.296767266435986130e+04
1.302311926605504595e+04
1.305625933908045954e+04
1.307908114035087783e+04
1.313131868950111675e+04
1.317649317147192778e+04
1.318675944487278321e+04
1.323123076923076951e+04
1.325012689545091780e+04
1.324785818476499117e+04
1.327285914332784159e+04
1.330019681742043576e+04
1.335824808184143149e+04
1.338989168110918581e+04
1.337864323374340893e+04
1.339879928635147189e+04
1.340068506787330261e+04
1.345257182320442007e+04
1.351173408239700439e+04
1.350419563152896444e+04
1.349720500481232011e+04
1.352074218750000000e+04
1.355800892857142935e+04
1.297304685646500548e+04
1.299565981873111741e+04
1.307032469135802421e+04
1.311134361233480195e+04
1.315696536241180183e+04
1.322194957432874980e+04
1.326756408544726219e+04
1.330626734693877552e+04
1.332092941176470595e+04
1.338164643613267435e+04
1.341794468390804650e+04
1.344322002923976652e+04
1.350868554396423315e+04
1.354643930197268674e+04
1.355926060138781759e+04
1.360620879120879181e+04
1.362737589784517149e+04
1.362610534846029259e+04
1.365429324546952193e+04
1.368427051926298191e+04
1.374360954816709273e+04
1.377821577123050338e+04
1.376861687170474579e+04
1.379059322033898388e+04
1.379447782805429779e+04
1.384832504604051610e+04
1.390946722846442026e+04
1.390372839506172750e+04
1.389769489894129038e+04
1.392245507812500000e+04
1.396254563492063426e+04
1.395958391959798973e+04
1.340306234567901265e+04
1.344818250471994907e+04
1.350684724005134740e+04
1.356682318271119766e+04
1.361625300400534070e+04
1.365833061224489757e+04
1.367564567474048454e+04
1.374012914608327446e+04
1.377968750000000000e+04
1.380751315789473665e+04
1.387638226527570805e+04
1.391672306525037857e+04
1.393217887432536554e+04
1.398166483516483459e+04
1.400524341580207511e+04
1.400616774716369582e+04
1.403645387149917588e+04
1.408083570829840755e+04
1.412956265984654783e+04
1.416749480069324090e+04
1.415962126537785662e+04
1.418343086529884022e+04
1.418935746606334760e+04
1.424523572744014746e+04
1.430840262172284565e+04
1.430448243114909747e+04
1.429965928777670888e+04
1.432549804687500000e+04
1.436840476190476147e+04
1.436618492462311588e+04
1.437744240570846159e+04
1.384690115532734308e+04
1.391082187295350377e+04
1.396417089452603432e+04
1.400981292517006841e+04
1.403020069204152242e+04
1.409830204657727518e+04
1.414115517241379348e+04
1.417164766081871312e+04
1.424396721311475449e+04
1.428712822458270057e+04
1.430517270624518096e+04
1.435737912087912082e+04
1.438337749401436486e+04
1.438671474878444133e+04
1.443082605111294288e+04
1.446638977367979896e+04
1.451564450127877171e+04
1.455744280762564995e+04
1.455131195079086137e+04
1.459002053571428587e+04
1.458506877828054348e+04
1.464306813996316669e+04
1.470832116104868874e+04
1.470627350427350393e+04
1.470276708373435940e+04
1.472961035156250000e+04
1.477550793650793639e+04
1.477404824120603007e+04
1.478718450560652309e+04
1.482465320910973060e+04
1.431104138851802418e+04
1.436033333333333394e+04
1.438394463667820128e+04
1.445578757939308343e+04
1.452287338129496493e+04
1.453533845029239819e+04
1.461116095380029765e+04
1.465721092564491664e+04
1.468930787037037044e+04
1.473300235478806826e+04
1.476158020750199466e+04
1.476742787682333801e+04
1.481377411376751843e+04
1.485220452640402436e+04
1.490372122762148319e+04
1.494781022530329210e+04
1.494353602811950805e+04
1.498457232142857174e+04
1.498139004524886877e+04
1.504159116022099442e+04
1.510901872659176115e+04
1.510888034188034180e+04
1.512115606936416225e+04
1.513463964843750000e+04
1.518361706349206361e+04
1.518296281407035167e+04
1.519797145769622875e+04
1.523711283643892421e+04
1.529036029411764684e+04
1.473677508650519121e+04
1.481225970359915300e+04
1.488315179856115174e+04
1.489827558479532127e+04
1.497773472429210051e+04
1.502684294385432440e+04
1.506197762345679075e+04
1.510832967032967099e+04
1.513954030327214605e+04
1.516018410381184185e+04
1.519664962901896070e+04
1.523823973176865002e+04
1.529199744245524380e+04
1.534066811091854470e+04
1.533602460456942026e+04
1.537953571428571377e+04
1.537813665158371077e+04
1.544061049723756878e+04
1.551025842696629297e+04
1.551209496676163326e+04
1.552604046242774530e+04
1.554033203125000000e+04
1.559245436507936574e+04
1.559276884422110561e+04
1.560973190621814501e+04
1.565049275362318804e+04
1.570580672268907620e+04
1.573794136460554364e+04
1.523190150970524883e+04
1.526019883040935747e+04
1.534337481371087961e+04
1.539566388467374782e+04
1.543400925925925912e+04
1.548308163265306212e+04
1.551705666400638438e+04
1.554052554744525514e+04
1.557932234130255529e+04
1.561281323283082020e+04
1.568021568627451052e+04
1.573162045060658602e+04
1.572861687170474579e+04
1.577467499999999927e+04
1.577509502262443493e+04
1.583992265193370076e+04
1.591192415730337052e+04
1.591576543209876581e+04
1.593143352601156039e+04
1.594641992187500000e+04
1.600194742063492049e+04
1.600326834170854272e+04
1.602233741080530126e+04
1.606465010351966885e+04
1.612208403361344608e+04
1.615577398720682322e+04
1.616703559870550089e+04
1.570787034277198291e+04
1.576348406676783088e+04
1.580508333333333394e+04
1.585703296703296655e+04
1.589386512370311175e+04
1.592042579075425783e+04
1.596147073371805527e+04
1.601213076278290100e+04
1.606821824381926672e+04
1.612218024263431471e+04
1.612106326889279444e+04
1.616985714285714312e+04
1.617205158371040670e+04
1.623932136279926272e+04
1.631379494382022494e+04
1.631963532763532749e+04
1.633715992292870942e+04
1.635310644531250000e+04
1.641189285714285870e+04
1.641426733668341694e+04
1.643549337410805310e+04
1.647939026915113936e+04
1.653905042016806692e+04
1.657431236673774038e+04
1.658739482200647399e+04
1.663937568455640576e+04
1.617494598765432056e+04
1.622991208791208737e+04
1.626973104549082200e+04
1.629952149229521456e+04
1.634287633965375062e+04
1.639718860016764302e+04
1.645573998294970079e+04
1.651229376083188981e+04
1.651313971880491954e+04
1.656474107142857247e+04
1.659871078875793319e+04
1.665394377880184402e+04
1.671566011235955011e+04
1.672354510921177643e+04
1.674306165703275474e+04
1.676062695312500000e+04
1.682209920634920491e+04
1.682561708542713677e+04
1.684901529051987745e+04
1.689463664596273156e+04
1.695655042016806692e+04
1.699364818763326184e+04
1.700840021574973071e+04
1.706236035049287966e+04
1.708265260821309494e+04
1.664445490822027205e+04
1.667745174371451867e+04
1.672355729596042875e+04
1.678129673093042584e+04
1.682921635434412383e+04
1.690170017331022609e+04
1.690469244288224945e+04
1.695916964285714130e+04
1.699549773345421636e+04
1.705313732718893880e+04
1.711731273408239576e+04
1.712733998100664758e+04
1.714899229287090566e+04
1.716819824218750000e+04
1.723237698412698592e+04
1.723713969849246132e+04
1.726279714576962215e+04
1.731012629399585785e+04
1.737441176470588107e+04
1.741348614072494820e+04
1.742988565264293356e+04
1.748587842278203607e+04
1.750771809100998871e+04
1.751521123595505560e+04
1.710321269579554792e+04
1.716433612740988974e+04
1.723034782608695605e+04
1.729038214904679262e+04
1.729550878734622165e+04
1.735288660714285652e+04
1.739171260199456083e+04
1.745192442396313345e+04
1.753489597000937283e+04
1.753081481481481387e+04
1.755460019267822645e+04
1.757565625000000000e+04
1.765998609731876786e+04
1.764876482412060432e+04
1.767665953109072507e+04
1.772595755693581668e+04
1.779249474789915985e+04
1.783369509594882766e+04
1.785167529665587790e+04
1.790978094194961523e+04
1.793322308546059867e+04
1.794241910112359619e+04
1.796473690205011371e+04
1.761527536231884005e+04
1.767802599653379730e+04
1.768543145869947330e+04
1.774575624999999854e+04
1.778720852221214955e+04
1.786642343173431800e+04
1.793578350515463899e+04
1.793381386514719998e+04
1.795988150289017358e+04
1.798276562500000000e+04
1.807016981132075307e+04
1.806032763819095635e+04
1.809039245667686191e+04
1.816103523316062274e+04
1.823251419558359703e+04
1.825402771855010724e+04
1.827368824163969839e+04
1.833388061336254032e+04
1.835901886792452933e+04
1.837000898876404608e+04
1.839423690205011371e+04
1.846174480369515004e+04
1.807420913884006950e+04
1.813756785714285797e+04
1.818173345421577687e+04
1.826391143911439212e+04
1.833591565135895144e+04
1.833612440645774041e+04
1.838229508196721144e+04
1.838949023437500000e+04
1.847983912611717824e+04
1.847158090452261240e+04
1.850390214067278430e+04
1.857747253886010367e+04
1.867088526315789568e+04
1.867435394456289941e+04
1.869569687162891205e+04
1.875811829134720756e+04
1.878501553829078694e+04
1.881915185601799749e+04
1.882396241457858923e+04
1.891489942196531774e+04
1.891230913348945978e+04
1.859192649727767639e+04
1.866038929889298743e+04
1.873512558575445291e+04
1.873760588793922216e+04
1.878647058823529369e+04
1.879558496093750000e+04
1.888904965243296829e+04
1.888234673366834249e+04
1.891697553516819607e+04
1.899355336787564738e+04
1.908960736842105325e+04
1.909446908315565088e+04
1.913804535637149093e+04
1.918225520262869759e+04
1.923226777777777897e+04
1.924741169853768224e+04
1.925386332574031985e+04
1.934671445086705353e+04
1.934639344262294981e+04
1.935443009478673048e+04
1.913327647610121858e+04
1.913809781576448222e+04
1.918974541947926627e+04
1.920083886718750000e+04
1.928013492063492231e+04
1.929244623115577997e+04
1.932948419979612663e+04
1.940916580310880818e+04
1.950784105263157835e+04
1.951427505330490385e+04
1.955988660907127269e+04
1.960619715224534593e+04
1.965836999999999898e+04
1.967561192350956117e+04
1.968375170842824446e+04
1.980128819444444525e+04
1.978052459016393550e+04
1.978972037914691828e+04
1.979946882494004967e+04
1.959191803278688531e+04
1.962406842619746021e+04
1.970819761668321735e+04
1.970172964824120572e+04
1.974129765545361806e+04
1.982414300518134769e+04
1.992542421052631471e+04
1.993356929637526628e+04
2.000279243243243400e+04
2.002976122672508063e+04
2.008568333333333430e+04
2.010355118110236072e+04
2.011351252847380238e+04
2.023333564814814963e+04
2.021466744730679056e+04
2.022506279620853093e+04
2.023576019184652250e+04
2.034111678832116741e+04
2.011492154915590800e+04
2.013016901408450576e+04
2.017270204081632619e+04
2.023843212435232999e+04
2.034221368421052466e+04
2.035222068230277364e+04
2.042391891891892010e+04
2.045289266155531368e+04
2.051156777777777825e+04
2.053112148481439726e+04
2.054298063781321252e+04
2.066525231481481387e+04
2.064861943793910905e+04
2.066032582938388805e+04
2.067233573141486704e+04
2.078064111922141092e+04
2.081582367447595607e+04
2.058280204081632473e+04
2.065183108808290126e+04
2.075816315789473811e+04
2.077009808102345414e+04
2.084430702702702547e+04
2.087534939759036206e+04
2.093668000000000029e+04
2.095819347581552211e+04
2.097204669703872423e+04
2.109672106481481387e+04
2.108229156908665027e+04
2.109541824644549706e+04
2.110895683453237507e+04
2.122009975669099731e+04
2.125730949445129590e+04
2.126665835411471198e+04
2.117307578947368529e+04
2.118704264392323967e+04
2.126386054054053966e+04
2.132033004385964887e+04
2.136110444444444511e+04
2.138462429696288018e+04
2.140056150341685498e+04
2.152778587962963138e+04
2.151549648711943883e+04
2.153014099526066275e+04
2.154527098321342783e+04
2.165932968369829541e+04
2.169866091245376083e+04
2.170980174563590845e+04
2.173237578814628068e+04
2.168238486486486363e+04
2.174135745614035113e+04
2.178465333333333183e+04
2.181022834645669354e+04
2.182839863325740225e+04
2.195813657407407300e+04
2.194818969555035073e+04
2.199040213523131752e+04
2.198104436450839421e+04
2.209817274939172785e+04
2.213973982737361439e+04
2.215270822942643281e+04
2.217642749054224623e+04
2.226357672634271148e+04
2.223197219132369355e+04
2.223493925759279955e+04
2.228054389965792507e+04
2.238781481481481387e+04
2.238016510538641523e+04
2.242434756820877737e+04
2.241607434052757890e+04
2.253645620437956313e+04
2.258043649815043318e+04
2.259530049875311670e+04
2.262014123581336753e+04
2.270949360613810859e+04
2.274184715025906917e+04
2.270684150513112763e+04
2.281658796296296350e+04
2.281133606557377061e+04
2.285756109134045255e+04
2.284926498800959234e+04
2.297415206812652104e+04
2.302062392108507993e+04
2.303746633416459008e+04
2.306350063051702455e+04
2.315504859335038418e+04
2.318965025906735900e+04
2.318154712041884704e+04
2.324157025761124169e+04
2.328988493475682117e+04
2.328392206235012054e+04
2.341110462287104747e+04
2.346014673242910067e+04
2.347900997506234489e+04
2.350633039092055333e+04
2.360018925831202068e+04
2.363708937823834276e+04
2.363054581151832463e+04
2.369756556291390734e+04
2.371768944844124781e+04
2.384725547445255506e+04
2.389891615289765832e+04
2.391984413965087151e+04
2.397864267676767849e+04
2.407550192061459529e+04
2.408395984455958387e+04
2.407915968586387316e+04
2.414824635761589525e+04
2.426451612903225760e+04
2.433682860665844782e+04
2.435991770573566100e+04
2.442034090909090810e+04
2.451967989756722091e+04
2.453020725388601204e+04
2.452739005235602235e+04
2.459852582781457022e+04
2.471701612903225760e+04
2.473185054347826008e+04
2.486117550505050531e+04
2.496303969270166272e+04
2.497594041450777149e+04
2.497504057591623132e+04
2.501825264550264546e+04
2.516894354838709842e+04
2.518636413043478387e+04
2.515763835616438519e+04
2.542085621761657967e+04
2.542190575916230227e+04
2.553576657824933864e+04
2.562037903225806440e+04
2.564028668478260806e+04
2.564714266117969964e+04
2.572592767732962602e+04
2.598474137931034420e+04
2.607111693548387120e+04
2.609347010869565202e+04
2.610133470507544553e+04
2.618350486787204500e+04
2.632037746478873305e+04
2.654587364130434798e+04
2.655478463648834077e+04
2.664039777468706598e+04
2.677882957746478860e+04
2.669332812500000000e+04
2.709642559109874855e+04
2.727489280677009810e+04
2.715252414772727207e+04
2.719903735632183816e+04
2.761087926136363603e+04
2.765891522988505676e+04
2.774536826783114884e+04
2.820836826783114884e+04
2.829566568483063384e+04
2.875662852897473931e+04
