2.211157796451914237e+01
2.198213347346295166e+01
2.231913685406019354e+01
2.278912386706948467e+01
2.304698412698412824e+01
2.343225380039656258e+01
2.394794520547945282e+01
2.411307420494699727e+01
2.444153957879447958e+01
2.459104477611940354e+01
2.492727272727272592e+01
2.555850622406639161e+01
2.710957722174288165e+01
2.776984834968777704e+01
2.952029520295203113e+01
2.878030303030303116e+01
3.074007936507936378e+01
3.146516393442622928e+01
3.171563483735571864e+01
3.334288747346072057e+01
3.311251314405888735e+01
3.451083591331269673e+01
3.560542168674698615e+01
3.423320158102767152e+01
3.293130520117762217e+01
3.273921568627451251e+01
3.025000000000000000e+01
3.072151898734177067e+01
2.958121330724070575e+01
2.981526104417670808e+01
2.781012658227848178e+01
3.360242424242424164e+01
3.303547066848567226e+01
4.131278195488722105e+01
4.185064935064934843e+01
5.003508771929824661e+01
5.052532833020637781e+01
5.289880952380952550e+01
5.879113924050633244e+01
6.298669623059866751e+01
6.612529002320185612e+01
8.530317848410757620e+01
7.651918158567774242e+01
8.522043010752688019e+01
9.589355742296918095e+01
1.080438596491228083e+02
1.067090909090909037e+02
9.335534591194968357e+01
1.160592105263157947e+02
1.213741496598639458e+02
1.182526315789473728e+02
1.283029197080292079e+02
1.219166666666666714e+02
1.187953667953667889e+02
1.284859437751003952e+02
1.593485477178423366e+02
1.377639484978540736e+02
1.348766519823788599e+02
1.980900900900900865e+02
1.436619718309859195e+02
1.478625592417061512e+02
1.759460784313725412e+02
1.892944162436548083e+02
1.253834196891191652e+02
2.242741935483871032e+02
1.868186813186813140e+02
1.878587570621468785e+02
2.420632183908045931e+02
1.929122807017543835e+02
1.738284023668639122e+02
2.307469135802469111e+02
2.251076753175041389e+01
2.292294013040901035e+01
2.313587977457733302e+01
2.353342070773263472e+01
2.403872282608695699e+01
2.422222222222222143e+01
2.453473227206946561e+01
2.474683544303797333e+01
2.508447488584474883e+01
2.602011263073210046e+01
2.696380471380471278e+01
2.747336244541484618e+01
2.776588021778584547e+01
2.888014981273408210e+01
2.986590038314176354e+01
3.128356713426853730e+01
3.235714285714285410e+01
3.234984193888303139e+01
3.462083780880773531e+01
3.453697749196141586e+01
3.531735889243876159e+01
3.359684210526315695e+01
3.551518324607329902e+01
3.380520833333333286e+01
3.259854014598540317e+01
3.280902413431269338e+01
2.980866807610993519e+01
3.235407725321888250e+01
3.312222222222222001e+01
3.387253765932792504e+01
3.639203084832904977e+01
3.952824858757062287e+01
3.812135176651305812e+01
4.712956810631229132e+01
5.238829787234042357e+01
4.938490566037735618e+01
5.623434343434343674e+01
5.847133757961783118e+01
6.189910313901345518e+01
8.023696682464455421e+01
7.625742574257425588e+01
7.960313315926893551e+01
8.940700808625337004e+01
9.127272727272726627e+01
9.210294117647059409e+01
1.011938461538461524e+02
1.054476190476190425e+02
1.078778877887788781e+02
1.104295532646048059e+02
9.623131672597864394e+01
1.250915750915750948e+02
1.487689393939394051e+02
1.423399209486165944e+02
1.170202429149797609e+02
1.644499999999999886e+02
1.617339055793991349e+02
1.435309734513274407e+02
1.030499999999999972e+02
1.541712962962963047e+02
1.369708737864077648e+02
1.875949999999999989e+02
1.638571428571428612e+02
1.636041666666666572e+02
1.795513513513513431e+02
2.339450549450549488e+02
1.621875000000000000e+02
1.839011627906976685e+02
2.515562130177514746e+02
2.454759036144578204e+02
1.941595092024539895e+02
2.313549969343960910e+01
2.346619446233097150e+01
2.411357526881720403e+01
2.421393728222996344e+01
2.458561151079136664e+01
2.468362831858406992e+01
2.513787878787878682e+01
2.531517509727626347e+01
2.585375816993463971e+01
2.667576791808873793e+01
2.744493783303730083e+01
2.918790100824931244e+01
3.009460737937559216e+01
2.988932038834951399e+01
3.118237082066869448e+01
3.316684045881126508e+01
3.214010695187165823e+01
3.482467532467532578e+01
3.397937024972855369e+01
3.459978189749182320e+01
3.530108695652173623e+01
3.416377440347071825e+01
3.336235038084874560e+01
3.352608695652173765e+01
3.128979143798024154e+01
3.126703910614525128e+01
3.080068728522336841e+01
3.090272835112692817e+01
3.221604938271605079e+01
3.846318607764391118e+01
3.956540697674418539e+01
4.442138364779874138e+01
4.978983050847457292e+01
4.836363636363636687e+01
5.252123552123551775e+01
6.462448979591836462e+01
6.105411255411255667e+01
6.466136363636363171e+01
6.633014354066985163e+01
7.519499999999999318e+01
8.900000000000000000e+01
8.625274725274725540e+01
9.989398280802292618e+01
8.493731343283582191e+01
1.093230769230769255e+02
1.178173076923076934e+02
9.413953488372092693e+01
1.251833910034602013e+02
1.180321428571428584e+02
1.200407407407407447e+02
1.438555133079847792e+02
1.318577075098814362e+02
1.699591836734693970e+02
1.772983193277310932e+02
1.393793103448275872e+02
1.801479820627802724e+02
1.655779816513761489e+02
1.733802816901408335e+02
1.634611650485436769e+02
2.039702970297029765e+02
2.248010204081632537e+02
1.933229166666666572e+02
2.259027027027026975e+02
1.889392265193370122e+02
1.871085714285714232e+02
2.208323699421965216e+02
1.880892857142857224e+02
1.533536585365853568e+02
3.001172839506172636e+02
2.395260039499670768e+01
2.417643004824259023e+01
2.449715099715099598e+01
2.471229868228403959e+01
2.513920240782543303e+01
2.512528823981552506e+01
2.596687697160883346e+01
2.636258278145695400e+01
2.705367965367965510e+01
2.748161434977578566e+01
2.775743494423791802e+01
2.943075453677172959e+01
2.986064769381746942e+01
3.130949948927477067e+01
3.236315789473684390e+01
3.236030204962244028e+01
3.487925356750823624e+01
3.411986681465038629e+01
3.423555555555555685e+01
3.461049107142856940e+01
3.481473214285714590e+01
3.452861952861952943e+01
3.289533560864619233e+01
3.419792865362485657e+01
3.454994124559341628e+01
3.217108433734939865e+01
3.484282178217821979e+01
3.520103092783504906e+01
3.986980609418282739e+01
3.731736526946107801e+01
4.093354943273906343e+01
5.123752151462994675e+01
4.875138121546961401e+01
5.987695312500000000e+01
6.297308488612836186e+01
6.144978165938864834e+01
7.667816091954023250e+01
8.260576923076922640e+01
8.965316455696202524e+01
8.937730870712401554e+01
8.763259668508287348e+01
9.191379310344827047e+01
1.037462686567164241e+02
1.069439252336448618e+02
1.120032362459546960e+02
1.162575250836120375e+02
1.111111111111111143e+02
1.285627240143369079e+02
9.083208955223881276e+01
9.059459459459459651e+01
1.382579365079365061e+02
1.424227642276422898e+02
1.713177966101694949e+02
1.595720524017467312e+02
1.234099099099099135e+02
1.820694444444444571e+02
1.707285714285714278e+02
1.533415841584158557e+02
1.968592964824120486e+02
2.222886597938144462e+02
2.019319371727748660e+02
1.939518716577539976e+02
1.828882681564245729e+02
2.750397727272727479e+02
2.836763005780346703e+02
1.929230769230769340e+02
2.587073170731707137e+02
1.511698113207547181e+02
2.432982456140350891e+01
2.460000000000000142e+01
2.508059701492537386e+01
2.515019157088122626e+01
2.587235708692247371e+01
2.557028112449799195e+01
2.701763224181360101e+01
2.721822962313759930e+01
2.844050862851952743e+01
2.896807511737089058e+01
3.083044315992292894e+01
3.104644268774703519e+01
3.130959752321981426e+01
3.272465314834578720e+01
3.413427947598253098e+01
3.387680355160932066e+01
3.486696730552424128e+01
3.446938775510204067e+01
3.526393629124004292e+01
3.296087456846950658e+01
3.494083526682134533e+01
3.426198830409357043e+01
3.469039145907473198e+01
3.467518248175182549e+01
3.447381546134663211e+01
3.526153846153846416e+01
3.629973474801060718e+01
4.125889046941678373e+01
4.216282642089093713e+01
4.473970345963756046e+01
5.074823943661971981e+01
5.515456238361266372e+01
5.278415841584158130e+01
5.553862212943632670e+01
6.226211453744493696e+01
6.541627906976744100e+01
7.593398533007335516e+01
7.763938618925831747e+01
8.080585106382979177e+01
7.901120448179271705e+01
9.963265306122448806e+01
1.092296072507552935e+02
1.077586206896551744e+02
1.154560260586319203e+02
1.226081081081081123e+02
1.280105633802816953e+02
1.354275362318840621e+02
1.127999999999999972e+02
1.514767441860465169e+02
1.308199999999999932e+02
1.419958333333333371e+02
1.721574468085106275e+02
1.296052631578947398e+02
1.527545454545454504e+02
1.785000000000000000e+02
1.635428571428571445e+02
1.762376237623762449e+02
2.006130653266331763e+02
1.872343750000000000e+02
2.369139784946236489e+02
1.612032085561497468e+02
1.839553072625698462e+02
2.402500000000000000e+02
2.185581395348837077e+02
2.424491017964071773e+02
2.615878787878787648e+02
2.840251572327044300e+02
2.505769230769230660e+01
2.501062215477996986e+01
2.581726283048211457e+01
2.551355661881977710e+01
2.544498777506112575e+01
2.681996587030716839e+01
2.769189670525378588e+01
2.926175115207373167e+01
2.848387096774193594e+01
3.040019474196689231e+01
3.058258258258258167e+01
3.130729166666666785e+01
3.148812095032397451e+01
3.287637969094922852e+01
3.299437570303712164e+01
3.494191343963553464e+01
3.633831990794016065e+01
3.501629802095460064e+01
3.402807017543859303e+01
3.447573964497041743e+01
3.320481927710843451e+01
3.503059975520196190e+01
3.487484355444305351e+01
3.643517329910141456e+01
3.432582781456953569e+01
3.496580027359781440e+01
4.260468521229868344e+01
3.846310832025118032e+01
4.783389261744966348e+01
5.345907473309608804e+01
5.316824196597353591e+01
6.226653306613226135e+01
5.934042553191489588e+01
6.494394618834080291e+01
6.602341920374706774e+01
8.360246913580246542e+01
7.717054263565891858e+01
8.197035040431266850e+01
9.581638418079096198e+01
9.507669616519173417e+01
1.029787234042553195e+02
1.107746031746031719e+02
1.194638157894736850e+02
1.223686006825938506e+02
1.092872340425531945e+02
1.350255474452554836e+02
1.371245283018867838e+02
1.504666666666666686e+02
1.534072580645161281e+02
1.308174273858921026e+02
1.409356223175965681e+02
1.514052863436123459e+02
1.560867579908675680e+02
1.813364485981308292e+02
1.827952380952380906e+02
1.662561576354679858e+02
1.654416243654822267e+02
2.126666666666666572e+02
1.737351351351351241e+02
2.166775956284153040e+02
1.978757062146892736e+02
1.729545454545454675e+02
2.462865497076023473e+02
1.220119760479041986e+02
1.978074534161490590e+02
2.284465408805031359e+02
2.574208494208494358e+01
2.546434231378763968e+01
2.533414239482200614e+01
2.660661157024793511e+01
2.745336787564766823e+01
2.758775877587758885e+01
2.856331471135940347e+01
2.999520153550863810e+01
2.992581602373887151e+01
3.089696969696969830e+01
3.237989417989417973e+01
3.229021739130434554e+01
3.424022346368715120e+01
3.480113636363636687e+01
3.583468208092485696e+01
3.432708089097303628e+01
3.667455621301775182e+01
3.580502392344497764e+01
3.470072992700730197e+01
3.571023427866830957e+01
3.344584382871536832e+01
3.770398970398970562e+01
3.895112285336855962e+01
3.968656716417910246e+01
3.875698324022346242e+01
4.268554396423248676e+01
4.103497615262320863e+01
4.867796610169491345e+01
4.921518987341772089e+01
4.999038461538461320e+01
5.444285714285714306e+01
5.909871244635193221e+01
6.256561085972850833e+01
8.099763033175355531e+01
7.322693266832918368e+01
7.957812500000000000e+01
8.501630434782609314e+01
8.997450424929178325e+01
9.606213017751478844e+01
8.889877300613497368e+01
9.677884615384616041e+01
1.161993355481727548e+02
1.101319444444444429e+02
1.306950354609928979e+02
1.201801470588235361e+02
1.462452830188679229e+02
1.125810276679841877e+02
1.349354838709677438e+02
1.486374999999999886e+02
1.803939393939394051e+02
1.881371681415929231e+02
1.885616438356164508e+02
1.112264150943396288e+02
1.896341463414634063e+02
1.699199999999999875e+02
1.769693877551020478e+02
2.357696335078533991e+02
2.327445652173913118e+02
1.965109890109890216e+02
2.066011235955056122e+02
2.051666666666666572e+02
2.753750000000000000e+02
2.406951219512195053e+02
2.079068322981366350e+02
2.279490445859872523e+02
2.534624697336561638e+01
2.645357436318816724e+01
2.641932773109243726e+01
2.720632133450395074e+01
2.906032906764168189e+01
2.949624060150376081e+01
2.969980506822611943e+01
3.184194831013916627e+01
3.109016393442622928e+01
3.299574014909477881e+01
3.191529152915291689e+01
3.509142212189616572e+01
3.454085155350978198e+01
3.495199063231849834e+01
3.591330166270783764e+01
3.529397590361445936e+01
3.487254901960784537e+01
3.619551681195516579e+01
3.526826196473551533e+01
3.495366795366795287e+01
3.472727272727272663e+01
3.473648648648648418e+01
3.610584958217270213e+01
3.944332855093256995e+01
4.402130898021309235e+01
4.712845528455284239e+01
4.354498269896193818e+01
4.702209944751380988e+01
6.004696673189823741e+01
5.747933884297520990e+01
6.156399132321040923e+01
6.497482837528603739e+01
6.742482100238663634e+01
7.693734335839599225e+01
9.188188976377952599e+01
8.498904109589041411e+01
1.052800000000000011e+02
1.027151335311572637e+02
1.040588235294117680e+02
1.153903225806451616e+02
1.178595317725752523e+02
1.206896551724137936e+02
1.298351254480286627e+02
1.142788104089219274e+02
1.473448275862068897e+02
1.316980392156862649e+02
1.338975409836065467e+02
1.435254237288135641e+02
1.364506437768240232e+02
1.409508928571428612e+02
1.351415525114155116e+02
1.693915094339622556e+02
2.039710144927536248e+02
1.699850746268656678e+02
1.691065989847715798e+02
1.830736842105263236e+02
1.473870967741935374e+02
2.471428571428571388e+02
1.973600000000000136e+02
2.243410404624277419e+02
1.930946745562130218e+02
2.410242424242424306e+02
2.137950310559006084e+02
2.360891719745222872e+02
2.631077694235588993e+01
2.663682864450127852e+01
2.721212121212121104e+01
2.737972350230414875e+01
2.892959086584205508e+01
2.958333333333333215e+01
3.102828282828282980e+01
3.097113402061855680e+01
3.225458468176914550e+01
3.236929922135706050e+01
3.506278538812785683e+01
3.445081967213114638e+01
3.482443653618030766e+01
3.543667068757539340e+01
3.620879120879121160e+01
3.606094527363183744e+01
3.495580808080808310e+01
3.717290322580645068e+01
3.785413929040736036e+01
3.559054054054053751e+01
3.885144429160935431e+01
3.888603988603988881e+01
3.777745241581258995e+01
3.940156249999999716e+01
4.526533996683250649e+01
4.536684303350970282e+01
4.893470149253731449e+01
5.266205533596838251e+01
6.553333333333333144e+01
6.067180616740088084e+01
7.798847926267281139e+01
7.024154589371980251e+01
7.590355329949238694e+01
8.624074074074074758e+01
8.266016713091921986e+01
9.675072463768115938e+01
9.830930930930931311e+01
1.032687499999999972e+02
1.159579288025889952e+02
1.197248322147651010e+02
1.242822299651567874e+02
1.103633093525179873e+02
1.223643122676579935e+02
1.399384615384615245e+02
1.319246031746031633e+02
1.595737704918032875e+02
1.680759493670886116e+02
1.595217391304347814e+02
1.429600000000000080e+02
1.888617511520737366e+02
2.149809523809523739e+02
1.770536585365853739e+02
1.680804020100502498e+02
2.062072538860103634e+02
1.798842105263157976e+02
2.001621621621621614e+02
2.197541899441340831e+02
1.911200000000000045e+02
1.587630057803468162e+02
2.736526946107784397e+02
2.417393939393939490e+02
2.995974842767295740e+02
2.752967741935484014e+02
2.689541918755401895e+01
2.824346257889990852e+01
2.866138059701492580e+01
3.065895953757225456e+01
3.084691848906560807e+01
3.057942973523421415e+01
3.108455114822546861e+01
3.280108695652173623e+01
3.413355780022446595e+01
3.422580645161290391e+01
3.518867924528301927e+01
3.490985576923076650e+01
3.639412484700122263e+01
3.400995024875621908e+01
3.667088607594936889e+01
3.619819819819819884e+01
3.752362204724409622e+01
3.745783132530120696e+01
3.759615384615384670e+01
3.863431786216596464e+01
3.968208092485549088e+01
3.686846038863976105e+01
4.208716323296354744e+01
4.814789915966386502e+01
4.740213523131672702e+01
5.129791271347248482e+01
5.968999999999999773e+01
6.227542372881355703e+01
6.246000000000000085e+01
7.847319347319347571e+01
7.186519607843136725e+01
8.111053984575835329e+01
8.105319148936170848e+01
8.784679665738161702e+01
8.489855072463768693e+01
1.016920731707317032e+02
1.066771159874608088e+02
1.119478827361563589e+02
1.185627118644067792e+02
1.128251748251748268e+02
1.221992753623188435e+02
1.299063670411985072e+02
1.016770428015564249e+02
1.597028112449799266e+02
1.528921161825726074e+02
1.805659574468085111e+02
1.397412280701754526e+02
1.932376681614349820e+02
1.714790697674418709e+02
1.922952380952380906e+02
1.569753694581280854e+02
1.799045226130653248e+02
2.297076923076922981e+02
1.908095238095237960e+02
1.373750000000000000e+02
1.326292134831460601e+02
2.309075144508670405e+02
2.023099415204678451e+02
2.715508982035927943e+02
2.729320987654321016e+02
1.820493827160493936e+02
1.642628205128205252e+02
2.855111524163568859e+01
3.057266602502406272e+01
3.071570576540755582e+01
3.069600818833162847e+01
3.113263157894736821e+01
3.198602150537634259e+01
3.269899665551839263e+01
3.293194925028834774e+01
3.575029585798816356e+01
3.741240875912409081e+01
3.657196029776675061e+01
3.729620253164556942e+01
3.730283505154638846e+01
3.855380577427821720e+01
3.837349397590361377e+01
3.656497948016416188e+01
3.836886395511921677e+01
3.980431654676259257e+01
3.759023668639053284e+01
3.752959028831563160e+01
4.099844479004665487e+01
4.328078817733990036e+01
4.926434782608695429e+01
5.434870848708487046e+01
5.898440545808966817e+01
6.361983471074380248e+01
5.808459869848156387e+01
6.332420091324200939e+01
6.669064748201438420e+01
7.448000000000000398e+01
7.857591623036648798e+01
8.801907356948228767e+01
8.235897435897436480e+01
9.663501483679524995e+01
1.019783950617283921e+02
9.997435897435897800e+01
1.128637873754152849e+02
1.100758620689655203e+02
1.164911660777385123e+02
1.374870848708487188e+02
1.478122605363984690e+02
1.095849802371541557e+02
1.358259109311740929e+02
1.460886075949367182e+02
1.800991379310344769e+02
1.626053811659192831e+02
1.811797235023041424e+02
1.457840375586854407e+02
1.202850241545893653e+02
1.949303482587064593e+02
1.724153846153846246e+02
2.175185185185185048e+02
1.414130434782608745e+02
2.268397790055248606e+02
2.263764044943820295e+02
1.784171428571428635e+02
2.060479041916167660e+02
2.677228915662650479e+02
2.079119496855345801e+02
2.379487179487179560e+02
1.483642384105960161e+02
3.057100297914597675e+01
3.065506653019447114e+01
3.091806722689075571e+01
3.187298170075349901e+01
3.294829482948294697e+01
3.417579908675799061e+01
3.455082742316784561e+01
3.565776699029126462e+01
3.557750000000000057e+01
3.750574712643678055e+01
3.586405228758169983e+01
3.838018741633199227e+01
3.767663043478260931e+01
3.959610027855153191e+01
3.959659090909090651e+01
3.998099415204678309e+01
4.117761194029850458e+01
4.219083969465648920e+01
3.918927444794952919e+01
4.700322061191626233e+01
4.768034188034187792e+01
5.106137184115523553e+01
5.569771863117870936e+01
6.003807615230461181e+01
5.780679405520169922e+01
5.972505543237250691e+01
6.699766355140187102e+01
6.931219512195121979e+01
8.083589743589743648e+01
8.098924731182795256e+01
8.618662952646239717e+01
8.732753623188405356e+01
1.032978723404255277e+02
1.132515723270440304e+02
1.095146579804560218e+02
1.207762711864406810e+02
1.276678321678321737e+02
1.327826086956521863e+02
1.423782771535580594e+02
1.192470588235294144e+02
1.571479999999999961e+02
1.394897119341563894e+02
1.493766233766233711e+02
1.782719298245613970e+02
1.333863636363636260e+02
1.555514018691588660e+02
1.823601895734597065e+02
1.678186274509803866e+02
1.805228426395939039e+02
2.086185567010309398e+02
1.898128342245989302e+02
2.403551912568306079e+02
1.640555555555555429e+02
1.935202312138728189e+02
2.463837209302325562e+02
2.213233532934131631e+02
2.365652173913043441e+02
2.653999999999999773e+02
2.940384615384615472e+02
2.404078947368421098e+02
3.087684210526315809e+01
3.189729729729729613e+01
3.310631229235880113e+01
3.278466741826380826e+01
3.327830188679245538e+01
3.635722964763061782e+01
3.814017521902378149e+01
3.745186136071887262e+01
3.836220472440945173e+01
3.847983870967741638e+01
3.995747599451303245e+01
4.024859550561797761e+01
3.873956834532373961e+01
3.909544787077826555e+01
4.065813253012048278e+01
3.951472868217054213e+01
3.941996830427892462e+01
4.341503267973855884e+01
4.351505016722408214e+01
4.474250440917107596e+01
5.342486085343228552e+01
5.274559686888454024e+01
5.818069815195072181e+01
7.046004319654427661e+01
7.511389521640090550e+01
6.683971291866028253e+01
7.365413533834586701e+01
8.285078534031413255e+01
8.669836956521739069e+01
9.625284090909090651e+01
1.176106194690265454e+02
1.179169230769230836e+02
1.060191693290734776e+02
1.050764119601328872e+02
1.218865979381443339e+02
1.240071428571428527e+02
1.159107806691449838e+02
1.450423076923077019e+02
1.040237154150197654e+02
1.469227642276422898e+02
1.496554621848739544e+02
1.253766233766233711e+02
1.736222222222222342e+02
1.844495412844036650e+02
1.869295774647887356e+02
1.684487804878048678e+02
1.732299999999999898e+02
2.320253807106599027e+02
2.083968253968253919e+02
2.150534759358288852e+02
2.049395604395604380e+02
2.105170454545454675e+02
2.351502890173410378e+02
1.993353293413173617e+02
2.509878787878787989e+02
2.748553459119497120e+02
1.657133757961783544e+02
2.496710526315789593e+02
2.310529801324503296e+02
3.324582869855395018e+01
3.300000000000000000e+01
3.439467592592592382e+01
3.503618817852834866e+01
3.635162094763092000e+01
3.633204633204633183e+01
3.869920844327176468e+01
3.754054054054054035e+01
3.961410788381742520e+01
3.919716312056737451e+01
4.140697674418604635e+01
4.167899408284023366e+01
4.181610942249240281e+01
4.312752721617418672e+01
4.447923322683706004e+01
4.116748768472906050e+01
4.915268456375839179e+01
4.709793814432989478e+01
4.741923774954627646e+01
5.199426386233269426e+01
5.678514056224899775e+01
6.413291139240506311e+01
6.584409799554565268e+01
6.692488262910798369e+01
7.819852941176471006e+01
7.604358974358974876e+01
8.576943699731903337e+01
8.506111111111111711e+01
9.267441860465116577e+01
8.649698795180722755e+01
1.054119496855345943e+02
1.112312703583061904e+02
1.158047138047137992e+02
1.226097560975609753e+02
1.247942238267147985e+02
1.294382022471910147e+02
1.315559845559845655e+02
1.038719999999999999e+02
1.650082644628099047e+02
1.590772532188841240e+02
1.838640350877192873e+02
1.427342342342342363e+02
1.988425925925925810e+02
1.741244019138756016e+02
1.975999999999999943e+02
1.637979797979797922e+02
1.916701030927835063e+02
2.379574468085106389e+02
1.927663043478260931e+02
1.438324022346368736e+02
1.289942857142857235e+02
2.431360946745562046e+02
2.111686746987951722e+02
2.734329268292682968e+02
2.769113924050632818e+02
1.848152866242038215e+02
1.697748344370860991e+02
2.430469798657718172e+02
3.455594405594405316e+01
3.347613365155131504e+01
3.687283950617283779e+01
3.880587484035759616e+01
3.834782608695652328e+01
3.949864864864864700e+01
3.963800277392510196e+01
4.071063829787234312e+01
4.187500000000000000e+01
4.050521609538002821e+01
4.001376146788990695e+01
4.155624999999999858e+01
4.116398713826366418e+01
4.119243421052631504e+01
4.518718381112984872e+01
4.542733564013840919e+01
4.799293286219081267e+01
5.279553903345724564e+01
5.851568627450980387e+01
6.154226804123711503e+01
6.762826086956522431e+01
6.182420091324200939e+01
6.663895486935867041e+01
7.191791044776118724e+01
7.780829015544041738e+01
8.298910081743869682e+01
9.239772727272726627e+01
8.344674556213017524e+01
9.899692307692308191e+01
1.063514376996805169e+02
1.019042904290429021e+02
1.159206896551724100e+02
1.114412811387900319e+02
1.211172161172161168e+02
1.426030534351145036e+02
1.516549019607843150e+02
1.168902439024390247e+02
1.381369294605809159e+02
1.493144104803493519e+02
1.844336283185840841e+02
1.709539170506912455e+02
1.880047619047618923e+02
1.496811594202898448e+02
1.225665024630541922e+02
1.982806122448979522e+02
1.788306878306878218e+02
2.223879781420764914e+02
1.478222222222222229e+02
2.295480225988700624e+02
2.400174418604651123e+02
1.786491228070175339e+02
2.086121212121212238e+02
2.715740740740740762e+02
2.137324840764331100e+02
2.445163398692810404e+02
1.542297297297297405e+02
3.178503401360543990e+02
3.547496947496947683e+01
3.685786802030456499e+01
3.708695652173913260e+01
3.978378378378378244e+01
3.926564673157162844e+01
4.093039772727272663e+01
4.039270072992700733e+01
4.289355322338830234e+01
4.357186544342507517e+01
4.357812500000000000e+01
4.484751203852327706e+01
4.618286655683690611e+01
4.276013513513513686e+01
5.078756476683938104e+01
4.898941798941798709e+01
5.131090909090909236e+01
5.472084130019120352e+01
5.922444889779558963e+01
6.325420168067226712e+01
6.124833702882483522e+01
6.294431554524361871e+01
7.059756097560975263e+01
7.243401015228425877e+01
8.466133333333333155e+01
8.236388888888889426e+01
9.017579250720460493e+01
9.408708708708708457e+01
1.055642633228840168e+02
1.159902597402597451e+02
1.114545454545454533e+02
1.235659722222222285e+02
1.319819494584837685e+02
1.366654275092936928e+02
1.473692307692307679e+02
1.387560000000000002e+02
1.611639344262295026e+02
1.562754237288135641e+02
1.524385964912280826e+02
1.841990950226244479e+02
1.326495327102803685e+02
1.573827751196172358e+02
1.862205882352941160e+02
1.723989898989898961e+02
1.837202072538860023e+02
2.161005291005290871e+02
1.924230769230769340e+02
2.464719101123595522e+02
1.641306818181818130e+02
1.994352941176470608e+02
2.523392857142857224e+02
2.215548780487804947e+02
2.401329113924050773e+02
2.663439490445859974e+02
3.051644736842105203e+02
2.506351351351351298e+02
1.567876712328767042e+02
3.756191744340878813e+01
4.043663911845730041e+01
4.019915254237287883e+01
4.241313868613138993e+01
4.145007451564828926e+01
4.415184049079754658e+01
4.523233908948194681e+01
4.541639871382636784e+01
4.641254125412541498e+01
4.768918918918918592e+01
4.442260869565217263e+01
5.229787234042553479e+01
5.135401459854014661e+01
5.289365671641790811e+01
5.116506717850288055e+01
5.521800000000000352e+01
6.181932773109243584e+01
6.676754385964912331e+01
6.784295612009238141e+01
6.949275362318840621e+01
7.675380710659898398e+01
7.881481481481480955e+01
8.901657458563535386e+01
8.811494252873562516e+01
9.562686567164179507e+01
8.590372670807452948e+01
1.077702265372168284e+02
1.136400000000000006e+02
1.191655172413793053e+02
1.258571428571428612e+02
1.293011152416356992e+02
1.344214559386973065e+02
1.321462450592885318e+02
1.062500000000000000e+02
1.700851063829787222e+02
1.620614035087719174e+02
1.856143497757847456e+02
1.484490740740740762e+02
2.033142857142857167e+02
1.750439024390243787e+02
2.026200000000000045e+02
1.698608247422680506e+02
2.040957446808510554e+02
2.408648648648648702e+02
1.926906077348066333e+02
1.503390804597701162e+02
1.208654970760233880e+02
2.511515151515151558e+02
2.199751552795030989e+02
2.788679245283018986e+02
2.810129870129870255e+02
1.840387096774193481e+02
1.743020134228187885e+02
2.520342465753424790e+02
2.171690140845070403e+02
4.106321839080460023e+01
4.358011869436202090e+01
4.258751902587518856e+01
4.527656249999999716e+01
4.674358974358974450e+01
4.692775041050903440e+01
4.758151260504201474e+01
4.904835924006908243e+01
4.570390070921985881e+01
5.347920433996383593e+01
5.300557620817843940e+01
5.401328273244781997e+01
5.242690058479531956e+01
5.714541832669322474e+01
6.195824634655532037e+01
6.646813186813186292e+01
6.371853546910755028e+01
6.524460431654675574e+01
7.318387909319899620e+01
7.474083769633507757e+01
8.735439560439560580e+01
8.667329545454545325e+01
9.253235294117646959e+01
9.761728395061727781e+01
1.073258064516129053e+02
1.171721854304635713e+02
1.123241379310344854e+02
1.264714285714285751e+02
1.351222222222222342e+02
1.401641221374045756e+02
1.503858267716535408e+02
1.440325203252032509e+02
1.639790794979079465e+02
1.596709956709956657e+02
1.556785714285714164e+02
1.871382488479262634e+02
1.365550239234449634e+02
1.599901477832512455e+02
1.864776119402985159e+02
1.762538860103626916e+02
1.878457446808510554e+02
2.202688172043010866e+02
1.928770949720670274e+02
2.499885714285714187e+02
1.631271676300578122e+02
2.060421686746987859e+02
2.581890243902439011e+02
2.232750000000000057e+02
2.433354838709677495e+02
2.675194805194805099e+02
3.157905405405405190e+02
2.569452054794520564e+02
1.555874125874125866e+02
2.131151079136690782e+02
4.350154320987654444e+01
4.637042925278219485e+01
4.803420195439739615e+01
4.816666666666666430e+01
4.881849315068492956e+01
5.015087719298245617e+01
4.692779783393501702e+01
5.473431734317343000e+01
5.441509433962264097e+01
5.522437137330754098e+01
5.363168316831683313e+01
5.809127789046652879e+01
5.795020746887966823e+01
6.487635574837310060e+01
6.900227272727272521e+01
7.106682577565632641e+01
7.220499999999999829e+01
7.799740932642487223e+01
8.101630434782609314e+01
9.146175637393767488e+01
9.027138643067846147e+01
9.823312883435582421e+01
8.700638977635782112e+01
1.085742574257425730e+02
1.160410958904109577e+02
1.228975265017667908e+02
1.286703296703296644e+02
1.319848484848484986e+02
1.385472440944881782e+02
1.303252032520325088e+02
1.085400843881856474e+02
1.727099567099567139e+02
1.647757847533632400e+02
1.863926940639269390e+02
1.527061611374407448e+02
2.057427184466019412e+02
1.749752475247524615e+02
2.063571428571428612e+02
1.764920634920634939e+02
2.141135135135135101e+02
2.447127071823204290e+02
1.948522727272727195e+02
1.567630057803468162e+02
1.234166666666666714e+02
2.571728395061728634e+02
2.253797468354430293e+02
2.793885350318471410e+02
2.835298013245032962e+02
1.854304635761589282e+02
1.806369863013698591e+02
2.607272727272727479e+02
2.180071942446043067e+02
1.385629629629629562e+02
4.877887788778878075e+01
4.943316412859559961e+01
4.989391304347826406e+01
5.114412811387900604e+01
4.794698354661791484e+01
5.568913857677902968e+01
5.596928982725528101e+01
5.610000000000000142e+01
5.487525150905432270e+01
5.868172484599589467e+01
5.907999999999999829e+01
6.400646551724138078e+01
6.797977528089887755e+01
6.621749408983451701e+01
6.725679012345679553e+01
7.469922879177377695e+01
7.630294906166220414e+01
8.925352112676056038e+01
9.015542521994134972e+01
9.518429003021148560e+01
9.997484276729559838e+01
1.083234323432343302e+02
1.186372881355932236e+02
1.129787985865724380e+02
1.281167883211678884e+02
1.371132075471698215e+02
1.422684824902723619e+02
1.535141700404858227e+02
1.483791666666666629e+02
1.664700854700854791e+02
1.632088888888888789e+02
1.599633027522935720e+02
1.900566037735848965e+02
1.401813725490196134e+02
1.599950000000000045e+02
1.874923857868020320e+02
1.836878306878306830e+02
1.909836956521739069e+02
2.260662983425414438e+02
1.943771428571428430e+02
2.547485380116958993e+02
1.620529411764705969e+02
2.120987654320987588e+02
2.607160493827160508e+02
2.221518987341772231e+02
2.482119205298013185e+02
2.687814569536423619e+02
3.193809523809524080e+02
2.652307692307692264e+02
1.437142857142857224e+02
2.122700729927007330e+02
2.944666666666666401e+02
5.073989455184534592e+01
5.207207207207207489e+01
4.900740740740740620e+01
5.647537878787878896e+01
5.705029013539651572e+01
5.680792079207920864e+01
5.586965376782077186e+01
5.929521829521829801e+01
6.004477611940298232e+01
6.464052287581699829e+01
6.691536748329620821e+01
7.048251748251747983e+01
7.777669902912622035e+01
7.382608695652173481e+01
8.153989361702127781e+01
8.230747922437673481e+01
9.313583815028901824e+01
9.125449101796407092e+01
9.975000000000000000e+01
9.486644951140064563e+01
1.097500000000000000e+02
1.173776223776223731e+02
1.243237410071942435e+02
1.307490636704119709e+02
1.343783783783783861e+02
1.407199999999999989e+02
1.267396694214876050e+02
1.080772532188841240e+02
1.748898678414096821e+02
1.663698630136986196e+02
1.870651162790697697e+02
1.543014354066985732e+02
2.069655172413793025e+02
1.726565656565656468e+02
2.098072916666666572e+02
1.808709677419354875e+02
2.183756906077348106e+02
2.449441340782123007e+02
1.937011494252873547e+02
1.669821428571428612e+02
1.259939393939393995e+02
2.618050314465409087e+02
2.269426751592356766e+02
2.816493506493506516e+02
2.840738255033556925e+02
1.876598639455782234e+02
1.840551724137931160e+02
2.671560283687943524e+02
2.188455882352941160e+02
1.378796992481202892e+02
3.453511450381679424e+02
5.013320825515947377e+01
5.729885057471264531e+01
5.831506849315068308e+01
5.752799999999999869e+01
5.690515463917525807e+01
5.991578947368421382e+01
6.098275862068965836e+01
6.480087527352297627e+01
6.754260089686098922e+01
6.954377880184331673e+01
6.764096385542168832e+01
6.861209068010074930e+01
7.563517060367453837e+01
7.746174863387977894e+01
9.017478510028652749e+01
9.150746268656716609e+01
9.683692307692307111e+01
1.020608974358974308e+02
1.080936454849498318e+02
1.195259515570934212e+02
1.119607142857142890e+02
1.284370370370370438e+02
1.388153846153846018e+02
1.435256916996047494e+02
1.536393442622950829e+02
1.510593220338982974e+02
1.685545851528384276e+02
1.646441441441441498e+02
1.617488372093023372e+02
1.898761904761904873e+02
1.406039603960396107e+02
1.598832487309644534e+02
1.873402061855670127e+02
1.892941176470588118e+02
1.918131868131868032e+02
2.275083798882681663e+02
1.945290697674418539e+02
2.579464285714285552e+02
1.597500000000000000e+02
2.137267080745341730e+02
2.646352201257861907e+02
2.238831168831168839e+02
2.480466666666666526e+02
2.702162162162161962e+02
3.264097222222222285e+02
2.757841726618705138e+02
1.363088235294117680e+02
2.115703703703703695e+02
2.969402985074626713e+02
2.634263565891473036e+02
5.963960396039603751e+01
5.832793522267206754e+01
5.758298755186721962e+01
6.032908704883227102e+01
6.186492374727669130e+01
6.585300668151447212e+01
6.844217687074829826e+01
6.993735498839906484e+01
7.152019002375297418e+01
8.123383084577113777e+01
7.469350649350649007e+01
8.130188679245283367e+01
8.340112994350282349e+01
9.424411764705882888e+01
9.224390243902439579e+01
1.004556962025316409e+02
9.558745874587458502e+01
1.098561643835616479e+02
1.175531914893617085e+02
1.247509157509157518e+02
1.310988593155893511e+02
1.353984375000000000e+02
1.424512195121951095e+02
1.262594142259414269e+02
1.109257641921397379e+02
1.759642857142857224e+02
1.661428571428571388e+02
1.876018957345971501e+02
1.589162561576354733e+02
2.090753768844220986e+02
1.651333333333333258e+02
2.118148148148148096e+02
1.850437158469945302e+02
2.199329608938547551e+02
2.470228571428571342e+02
1.935789473684210407e+02
1.742951807228915584e+02
1.284382716049382793e+02
2.655576923076923208e+02
2.323006535947712337e+02
2.823223684210526585e+02
2.865821917808219155e+02
1.856462585034013557e+02
1.894859154929577585e+02
2.750217391304348098e+02
2.165333333333333314e+02
1.379312977099236548e+02
3.507421875000000000e+02
3.843828125000000000e+02
5.832217573221757334e+01
6.050319829424307017e+01
6.308333333333333570e+01
6.304687500000000000e+01
6.920366132723111718e+01
7.010722610722611137e+01
7.168019093078758885e+01
6.850487804878048337e+01
6.901790281329923005e+01
7.572872340425531945e+01
7.845961002785514893e+01
9.029565217391304088e+01
9.226363636363636545e+01
9.810937500000000000e+01
1.032240259740259773e+02
1.063682432432432421e+02
1.203802816901408477e+02
1.112572463768115938e+02
1.289283018867924397e+02
1.392684824902723619e+02
1.443453815261044042e+02
1.531161825726141217e+02
1.520940170940170901e+02
1.688628318584070769e+02
1.656712328767123381e+02
1.639905213270142212e+02
1.903864734299516783e+02
1.412713567839196003e+02
1.587333333333333201e+02
1.871623036649214669e+02
1.950324324324324436e+02
1.935642458100558656e+02
2.284067796610169410e+02
1.785352941176470551e+02
2.592710843373494072e+02
1.574036144578313383e+02
2.177341772151898738e+02
2.684743589743589496e+02
2.211895424836601194e+02
2.494054054054054177e+02
2.698630136986301409e+02
3.326099290780142042e+02
2.803333333333333144e+02
1.351925925925926038e+02
2.123333333333333428e+02
3.014772727272727479e+02
2.651562500000000000e+02
2.410317460317460245e+02
6.406167400881057006e+01
6.230925507900677474e+01
6.955504587155962781e+01
7.060705882352941387e+01
7.214457831325300674e+01
6.917690417690417348e+01
8.209319899244331964e+01
7.537730870712401554e+01
8.068852459016393652e+01
8.319602272727273373e+01
9.459523809523810201e+01
9.202153846153845507e+01
1.008557692307692264e+02
9.572666666666667368e+01
1.094532871972318304e+02
1.169605734767025069e+02
1.238333333333333286e+02
1.305769230769230660e+02
1.372390438247011843e+02
1.432386831275720169e+02
1.261319148936170222e+02
1.257577092511013177e+02
1.775681818181818130e+02
1.663831775700934656e+02
1.870432692307692264e+02
1.600149253731343322e+02
2.098673469387755119e+02
1.666178010471204232e+02
2.113244680851063890e+02
1.889779005524861759e+02
2.240742857142857076e+02
2.448563218390804650e+02
1.922307692307692264e+02
1.803393939393939434e+02
1.295124999999999886e+02
2.656516129032257822e+02
2.339867549668874176e+02
2.830666666666666629e+02
2.875555555555555429e+02
1.883776223776223731e+02
1.946618705035971288e+02
2.805882352941176237e+02
2.155939849624060116e+02
1.379302325581395223e+02
3.513858267716535693e+02
3.940714285714285552e+02
4.188079999999999927e+02
6.999307159353348595e+01
7.062264150943396146e+01
7.229782082324454962e+01
7.037871287128713504e+01
8.208354430379746702e+01
6.997416020671835213e+01
7.599459459459458799e+01
7.869859154929577016e+01
9.042941176470587550e+01
9.195426829268292579e+01
9.928075709779179192e+01
1.041019736842105203e+02
1.041198630136986338e+02
1.208178571428571360e+02
1.107269372693726979e+02
1.277566539923954423e+02
1.394055118110236151e+02
1.437813765182186216e+02
1.523487394957983270e+02
1.547903930131004415e+02
1.682633928571428612e+02
1.662916666666666572e+02
1.643301435406698658e+02
1.793290148448043283e+03
1.417806122448979522e+02
1.582239583333333428e+02
1.866063829787234170e+02
2.024780219780219852e+02
1.940621468926553632e+02
2.289542857142857031e+02
1.837500000000000000e+02
2.604268292682926926e+02
1.555766871165644147e+02
2.215612903225806463e+02
2.686580645161290590e+02
2.198079470198675551e+02
2.523241379310344712e+02
2.694722222222222285e+02
3.363237410071942577e+02
2.844014598540146039e+02
1.359848484848484986e+02
2.097480916030534388e+02
3.056923076923076792e+02
2.666220472440944604e+02
2.410483870967742064e+02
3.237666666666666515e+02
7.224271844660194120e+01
7.123134328358209189e+01
8.185786802030456499e+01
7.051554404145078081e+01
7.543351063829787506e+01
7.959392265193369553e+01
8.353025936599424028e+01
9.476506024096386227e+01
9.236249999999999716e+01
1.010519480519480453e+02
9.594256756756756488e+01
1.089894736842105232e+02
1.161521739130434838e+02
1.215985130111524199e+02
1.294031007751937921e+02
1.366160000000000139e+02
1.429124999999999943e+02
1.247210300429184571e+02
1.343644444444444446e+02
1.772844036697247816e+02
1.663412322274881490e+02
1.855048543689320297e+02
1.602060301507537758e+02
2.082410256410256295e+02
1.662063492063492163e+02
2.126162162162162304e+02
1.933539325842696712e+02
2.228057142857142878e+02
2.438255813953488484e+02
1.896428571428571388e+02
1.899130434782608745e+02
1.300949367088607573e+02
2.688618421052631788e+02
2.321854304635761537e+02
2.817114093959731349e+02
2.865944055944056004e+02
1.869507042253521263e+02
1.966304347826086882e+02
2.835925925925926094e+02
2.131439393939394051e+02
1.377401574803149629e+02
3.574516129032257936e+02
4.032822580645161565e+02
4.258688524590164093e+02
2.793949579831932510e+02
8.176530612244897611e+01
7.113281250000000000e+01
7.533333333333332860e+01
7.529189189189189335e+01
7.839093484419262836e+01
8.937463126843657335e+01
9.167384615384615643e+01
1.042515923566878939e+02
1.044119601328903713e+02
1.006310344827586221e+02
1.191612903225806406e+02
1.081402214022140242e+02
1.267846153846153783e+02
1.393904382470119572e+02
1.442345679012345556e+02
1.512680851063829834e+02
1.546052631578947398e+02
1.670900900900900865e+02
1.658971962616822395e+02
1.644879227053140198e+02
1.901584158415841443e+02
1.415000000000000000e+02
1.567473684210526415e+02
1.848225806451612812e+02
2.062166666666666686e+02
1.971485714285714153e+02
2.290462427745664797e+02
1.875180722891566347e+02
2.612469135802469395e+02
1.542919254658385171e+02
2.195870967741935544e+02
2.722565789473684390e+02
2.168400000000000034e+02
2.516180555555555429e+02
2.690352112676056322e+02
3.370289855072463752e+02
2.922761194029851026e+02
1.346183206106870216e+02
2.071461538461538510e+02
3.084687500000000000e+02
2.699920000000000186e+02
2.407459016393442539e+02
3.315338983050847332e+02
2.673879310344827331e+02
7.541823056300268036e+01
7.594836956521739069e+01
7.925348189415041134e+01
8.305217391304347530e+01
9.420000000000000284e+01
9.196845425867508084e+01
1.003986928104575185e+02
9.530612244897959329e+01
1.076643109540636090e+02
1.143163636363636328e+02
1.196264150943396203e+02
1.281679687500000000e+02
1.368421052631578902e+02
1.418613445378151141e+02
1.231428571428571388e+02
1.373243243243243228e+02
1.752304147465437723e+02
1.653157894736842195e+02
1.838529411764705799e+02
1.610050505050504910e+02
2.076113989637305792e+02
1.647180851063829721e+02
2.138956043956044084e+02
1.962102272727272805e+02
2.252034883720930338e+02
2.440118343195266277e+02
1.879939759036144551e+02
1.949627329192546483e+02
1.298662420382165692e+02
2.683841059602648897e+02
2.345337837837837753e+02
2.842123287671232674e+02
2.890000000000000000e+02
1.852695035460992870e+02
1.995000000000000000e+02
2.862238805970148974e+02
2.137984496124030898e+02
1.368571428571428612e+02
3.575772357723577102e+02
4.085691056910569046e+02
4.223606557377049171e+02
2.785714285714285552e+02
1.745517241379310462e+02
7.901955307262569761e+01
7.778409090909090651e+01
8.867062314540059731e+01
9.122670807453415875e+01
1.040509554140127335e+02
1.034233333333333320e+02
9.998611111111111427e+01
1.177653429602888053e+02
1.051716417910447774e+02
1.241653846153846104e+02
1.380639999999999930e+02
1.427396694214876050e+02
1.480425531914893611e+02
1.547300884955752167e+02
1.651040723981900555e+02
1.644882629107981131e+02
1.635776699029126178e+02
1.883830845771144311e+02
1.402746113989637422e+02
1.542433862433862544e+02
1.726594594594594696e+02
2.041611111111110972e+02
1.978171428571428692e+02
2.288713450292397624e+02
1.887878787878787818e+02
2.602422360248447148e+02
1.350126582278481067e+02
2.202483660130718874e+02
2.703355263157894797e+02
2.151081081081080981e+02
2.506643356643356526e+02
2.666028368794326298e+02
3.399852941176470722e+02
2.953984962406015029e+02
1.342093023255814046e+02
2.059843750000000000e+02
3.054843750000000000e+02
2.709112903225806690e+02
2.403750000000000000e+02
3.330508474576271283e+02
2.704434782608695400e+02
3.124869565217391028e+02
8.250728862973761579e+01
9.313981762917933338e+01
9.060567823343848204e+01
9.893114754098360208e+01
9.381632653061224403e+01
1.063487544483985801e+02
1.131360294117647101e+02
1.181908396946564892e+02
1.262980392156862735e+02
1.363428571428571558e+02
1.395798319327731178e+02
1.221008771929824519e+02
1.377747747747747837e+02
1.735023255813953540e+02
1.717990430622009512e+02
1.810541871921182349e+02
1.725202020202020208e+02
2.082894736842105203e+02
1.639623655913978553e+02
2.127569060773480771e+02
1.963579545454545325e+02
2.273550295857988033e+02
2.397751479289940733e+02
1.873312883435582705e+02
2.026540880503144706e+02
1.339803921568627345e+02
2.676866666666666674e+02
2.350684931506849296e+02
2.809315068493150420e+02
2.871223021582733850e+02
1.831857142857142833e+02
1.990955882352941160e+02
2.881428571428571672e+02
2.093643410852713203e+02
1.386048387096774093e+02
3.544552845528455123e+02
4.132622950819672383e+02
4.220082644628099047e+02
2.820427350427350461e+02
1.765614035087719174e+02
3.547017543859649322e+02
8.916088328075710479e+01
9.734539473684210975e+01
9.321649484536082753e+01
1.045821428571428555e+02
1.109114391143911433e+02
1.159007633587786330e+02
1.243740157480314963e+02
1.358065843621399154e+02
1.382966101694915153e+02
1.202819383259911916e+02
1.403394495412844094e+02
1.707383177570093551e+02
1.765314009661835826e+02
1.790696517412935407e+02
1.721948717948718013e+02
2.064021164021164054e+02
1.620594594594594469e+02
2.113055555555555429e+02
1.979310344827586334e+02
2.252307692307692264e+02
2.396686746987951722e+02
1.830797546012269947e+02
2.092848101265822720e+02
1.376599999999999966e+02
2.666442953020134041e+02
2.320890410958904226e+02
2.794344827586206748e+02
2.851376811594203105e+02
1.822101449275362199e+02
1.995851851851851961e+02
2.919007633587786472e+02
2.064375000000000000e+02
1.403770491803278730e+02
3.540000000000000000e+02
4.143032786885245855e+02
4.250336134453781369e+02
2.803931623931624131e+02
1.772920353982300981e+02
3.649459459459459367e+02
3.438611111111110858e+02
9.152397260273973245e+01
1.021138790035587220e+02
1.081881918819188257e+02
1.139655172413793167e+02
1.223399209486165944e+02
1.339835390946502116e+02
1.358008474576271283e+02
1.187631578947368354e+02
1.377727272727272805e+02
1.669859813084112261e+02
1.779516908212560509e+02
1.751343283582089612e+02
1.697989690721649367e+02
2.044095744680851112e+02
1.600217391304347814e+02
2.096312849162011105e+02
1.951494252873563084e+02
2.228875739644970508e+02
2.350120481927710898e+02
1.799320987654321016e+02
2.125128205128205252e+02
1.394697986577181155e+02
2.672653061224489761e+02
2.082916666666666572e+02
2.777013888888889142e+02
2.830291970802919650e+02
1.761925925925926038e+02
2.010827067669172834e+02
2.908778625954198560e+02
2.034566929133858366e+02
1.397131147540983704e+02
3.532892561983471182e+02
4.216083333333333485e+02
4.206722689075630228e+02
2.857105263157894797e+02
1.777678571428571388e+02
3.652522522522522763e+02
3.412222222222222285e+02
4.586037735849056389e+02
1.054169741697416924e+02
1.120499999999999972e+02
1.197865612648221401e+02
1.310205761316872497e+02
1.343803418803418879e+02
1.192202643171806216e+02
1.364227272727272862e+02
1.650235849056603854e+02
1.796504854368932058e+02
1.711492537313432933e+02
1.654769230769230717e+02
2.021229946524064189e+02
1.578306010928961882e+02
2.065083798882681663e+02
1.941279069767441854e+02
2.229101796407185532e+02
2.316727272727272862e+02
1.764906832298136692e+02
2.122179487179487296e+02
1.401677852348993270e+02
2.657876712328767326e+02
2.072027972027971998e+02
2.739791666666666856e+02
2.786715328467153086e+02
1.530597014925373003e+02
2.005227272727272805e+02
2.964453125000000000e+02
2.002857142857142776e+02
1.400661157024793511e+02
3.553697478991596768e+02
4.252184873949580037e+02
4.231965811965811781e+02
2.857345132743362797e+02
1.764553571428571388e+02
3.686090909090909236e+02
3.384814814814814667e+02
4.584528301886792292e+02
2.830686274509803866e+02
1.167795275590551114e+02
1.282561983471074427e+02
1.312042553191489276e+02
1.182876106194690209e+02
1.361422018348623908e+02
1.623601895734597065e+02
1.795631067961165002e+02
1.688040201005025267e+02
1.618461538461538396e+02
1.996935483870967687e+02
1.545683060109289499e+02
2.043370786516854025e+02
1.906220930232558146e+02
2.200239520958083972e+02
2.267636363636363512e+02
1.717888198757763973e+02
2.111987179487179560e+02
1.414391891891891930e+02
2.623630136986301409e+02
2.051619718309859195e+02
2.738028169014084483e+02
2.762720588235293917e+02
1.507164179104477739e+02
1.978106060606060623e+02
2.982755905511810965e+02
1.969679999999999893e+02
1.401916666666666629e+02
3.512184873949580037e+02
4.283135593220338819e+02
4.219568965517241281e+02
2.858839285714285552e+02
1.780909090909090935e+02
3.751203703703703809e+02
3.387196261682242948e+02
4.615047619047618923e+02
2.844257425742574128e+02
2.268484848484848442e+02
1.285702127659574501e+02
1.151271929824561369e+02
1.345871559633027630e+02
1.579858490566037688e+02
1.781219512195121979e+02
1.637350000000000136e+02
1.588762886597938007e+02
1.944866310160427929e+02
1.521208791208791240e+02
2.033579545454545325e+02
1.867965116279069662e+02
2.169461077844311490e+02
2.217757575757575808e+02
1.708867924528301785e+02
2.109806451612903118e+02
1.414797297297297405e+02
2.604689655172413723e+02
2.022323943661971839e+02
2.735071428571428669e+02
2.738148148148148380e+02
1.506893939393939377e+02
1.943030303030303116e+02
2.974803149606299257e+02
1.919279999999999973e+02
1.390500000000000114e+02
3.529059829059829099e+02
4.276355932203389898e+02
4.168275862068965694e+02
2.831517857142857224e+02
1.763181818181818130e+02
3.746388888888889142e+02
3.387641509433962028e+02
4.631250000000000000e+02
2.857400000000000091e+02
2.285000000000000000e+02
2.706836734693877702e+02
1.319041095890410986e+02
1.535821596244131513e+02
1.748106796116504995e+02
1.595149999999999864e+02
1.557357512953367973e+02
1.889414893617021391e+02
1.477213114754098342e+02
2.003295454545454675e+02
1.827500000000000000e+02
2.150180722891566347e+02
2.179512195121951095e+02
1.676603773584905639e+02
2.088838709677419274e+02
1.414459459459459367e+02
2.567172413793103374e+02
2.140638297872340559e+02
2.691642857142857110e+02
2.711716417910447490e+02
1.506106870229007768e+02
1.924461538461538339e+02
2.963070866141732154e+02
1.898211382113821060e+02
1.377916666666666572e+02
3.483504273504273669e+02
4.302222222222222285e+02
4.114913793103448256e+02
2.826396396396396540e+02
1.759174311926605583e+02
3.737870370370370097e+02
3.420865384615384528e+02
4.593076923076923208e+02
2.844300000000000068e+02
2.297628865979381487e+02
2.741562500000000000e+02
5.040105263157894910e+02
1.690676328502415515e+02
1.552500000000000000e+02
1.515958549222797842e+02
1.841702127659574444e+02
1.441693989071038118e+02
1.970568181818181870e+02
1.783372093023255900e+02
2.115421686746987859e+02
2.126341463414634063e+02
1.642955974842767262e+02
2.063096774193548413e+02
1.420680272108843667e+02
2.545000000000000000e+02
2.136524822695035368e+02
2.627375886524822590e+02
2.644370370370370438e+02
1.490687022900763452e+02
1.849615384615384528e+02
2.951023622047243862e+02
1.845203252032520425e+02
1.375042016806722813e+02
3.435299145299145493e+02
4.324741379310344769e+02
4.095130434782608972e+02
2.792612612612612679e+02
1.737522935779816464e+02
3.728240740740740762e+02
3.386923076923076792e+02
4.549230769230769056e+02
2.831299999999999955e+02
2.308020833333333428e+02
2.784042553191489446e+02
5.011578947368420813e+02
3.603936170212766115e+02
1.466030927835051614e+02
1.792872340425531945e+02
1.412582417582417520e+02
1.936931818181818130e+02
1.748713450292397624e+02
2.078493975903614341e+02
2.085521472392638032e+02
1.635796178343948952e+02
2.033806451612903174e+02
1.414965986394557831e+02
2.503819444444444571e+02
2.121702127659574444e+02
2.616906474820144126e+02
2.615746268656716325e+02
1.475190839694656404e+02
1.834921875000000000e+02
2.959841269841269877e+02
1.910081300813008056e+02
1.359831932773109315e+02
3.386837606837606813e+02
4.279827586206896513e+02
4.036608695652174106e+02
2.756216216216216139e+02
1.728796296296296191e+02
3.717129629629629903e+02
3.383980582524271767e+02
4.541165048543689409e+02
2.820099999999999909e+02
2.289895833333333428e+02
2.768297872340425556e+02
4.981578947368420813e+02
3.543829787234042783e+02
3.523736263736263936e+02
1.360054347826086882e+02
1.890903954802259932e+02
1.700116959064327489e+02
2.034156626506023997e+02
2.031226993865030579e+02
1.609617834394904321e+02
2.002387096774193651e+02
1.408231292517006921e+02
2.462361111111111143e+02
2.101063829787234170e+02
2.539428571428571502e+02
2.548296296296296362e+02
1.457022900763358848e+02
1.811328125000000000e+02
2.966639999999999873e+02
1.891056910569105582e+02
1.353898305084745743e+02
3.335555555555555429e+02
4.232758620689655231e+02
3.977391304347826235e+02
2.716036036036036307e+02
1.733773584905660243e+02
3.738504672897196315e+02
3.346310679611650585e+02
4.485339805825242934e+02
2.809399999999999977e+02
2.293263157894736821e+02
2.783118279569892479e+02
4.948736842105263349e+02
3.519677419354838435e+02
3.468351648351648464e+02
4.544157303370786281e+02
1.640930232558139608e+02
1.961785714285714164e+02
1.963048780487804947e+02
1.595897435897435912e+02
1.966838709677419388e+02
1.399387755102040956e+02
2.556643835616438309e+02
2.076524822695035368e+02
2.474071428571428442e+02
2.498962962962962990e+02
1.437938931297709928e+02
1.801653543307086522e+02
2.950880000000000223e+02
1.856097560975609895e+02
1.335677966101694949e+02
3.283418803418803691e+02
4.181982758620689538e+02
3.903391304347825894e+02
2.674414414414414409e+02
1.713867924528301785e+02
3.759622641509433834e+02
3.308446601941747645e+02
4.467843137254902217e+02
2.856224489795918089e+02
2.267894736842105203e+02
2.938617021276595551e+02
4.947978723404255561e+02
3.494239130434782510e+02
3.448555555555555543e+02
4.502471910112359410e+02
5.397272727272727479e+02
1.895393939393939320e+02
1.552405063291139129e+02
1.929354838709677438e+02
1.379729729729729684e+02
2.601164383561643945e+02
2.046382978723404165e+02
2.390851063829787222e+02
2.448962962962962990e+02
1.416641221374045756e+02
1.780157480314960594e+02
2.934320000000000164e+02
1.841065573770491710e+02
1.316440677966101589e+02
3.229829059829060043e+02
4.130775862068965694e+02
3.825217391304348098e+02
2.629729729729729684e+02
1.691320754716981014e+02
3.745754716981132333e+02
3.267961165048543535e+02
4.446336633663366342e+02
2.910833333333333144e+02
2.238421052631578902e+02
2.983191489361702224e+02
4.864468085106382773e+02
3.467362637362637088e+02
3.396333333333333258e+02
4.459325842696629252e+02
5.341022727272727479e+02
5.062988505747126169e+02
1.884387096774193537e+02
1.368445945945945823e+02
2.579657534246575210e+02
2.014751773049645465e+02
2.323758865248227039e+02
2.397925925925925981e+02
1.395190839694656404e+02
1.741718750000000000e+02
2.903840000000000146e+02
1.815655737704917954e+02
1.306239316239316111e+02
3.175470085470085451e+02
4.060000000000000000e+02
3.780175438596490949e+02
2.605636363636363626e+02
1.667169811320754604e+02
3.731226415094339472e+02
3.227572815533980588e+02
4.377326732673267315e+02
2.912083333333333144e+02
2.204315789473684220e+02
3.006276595744681117e+02
4.827634408602150415e+02
3.438000000000000114e+02
3.343111111111111313e+02
4.414157303370786281e+02
5.282386363636363740e+02
5.180588235294117112e+02
3.649166666666666856e+02
2.543013698630136901e+02
1.982269503546099259e+02
2.255957446808510554e+02
2.346518518518518590e+02
1.372061068702290072e+02
1.704453125000000000e+02
2.874080000000000155e+02
1.726229508196721270e+02
1.262521008403361407e+02
3.146551724137930819e+02
3.986120689655172669e+02
3.698508771929824661e+02
2.556272727272727252e+02
1.642169811320754604e+02
3.716698113207547181e+02
3.168932038834951186e+02
4.305049504950495134e+02
2.910208333333333144e+02
2.164000000000000057e+02
3.019468085106382773e+02
4.737311827956989418e+02
3.369888888888888800e+02
3.286555555555555657e+02
4.366067415730337302e+02
5.257241379310345337e+02
5.180705882352941671e+02
3.632738095238095184e+02
4.273544303797468160e+02
2.186879432624113520e+02
2.295185185185185048e+02
1.346870229007633668e+02
1.681181102362204740e+02
2.845760000000000218e+02
1.443140495867768607e+02
1.239579831932773146e+02
3.088534482758620925e+02
3.912844827586206975e+02
3.654247787610619298e+02
2.503727272727272748e+02
1.615660377358490507e+02
3.736380952380952181e+02
3.103786407766990010e+02
4.229801980198020033e+02
2.904583333333333144e+02
2.117157894736841968e+02
3.027340425531915002e+02
4.645483870967742064e+02
3.300333333333333599e+02
3.272471910112359410e+02
4.317078651685393424e+02
5.165632183908046500e+02
5.177058823529412166e+02
3.612738095238095184e+02
4.285316455696202524e+02
3.520625000000000000e+02
1.321526717557251800e+02
1.647244094488189035e+02
2.792539682539682531e+02
1.399430894308943039e+02
1.242478632478632505e+02
3.055913043478261102e+02
3.821379310344827331e+02
3.569469026548672446e+02
2.449272727272727366e+02
1.605809523809523682e+02
3.703714285714285666e+02
3.037475728155339993e+02
4.152574257425742417e+02
2.894791666666666856e+02
2.061578947368421098e+02
3.031063829787233885e+02
4.553118279569892479e+02
3.228555555555555543e+02
3.239101123595505669e+02
4.264831460674157029e+02
5.131279069767441570e+02
5.167999999999999545e+02
3.591190476190475920e+02
4.292151898734177280e+02
3.520126582278480782e+02
2.362666666666666799e+02
2.757619047619047592e+02
1.388442622950819612e+02
1.221949152542372872e+02
2.944444444444444571e+02
3.726206896551724412e+02
3.473362831858407276e+02
2.392909090909090821e+02
1.589142857142857110e+02
3.636509433962264097e+02
2.970776699029126462e+02
4.071683168316831711e+02
2.880208333333333144e+02
1.994526315789473756e+02
3.036489361702127781e+02
4.459677419354838435e+02
3.156666666666666856e+02
3.204044943820224489e+02
4.211573033707865079e+02
5.094235294117647186e+02
5.152117647058823877e+02
3.565238095238095184e+02
4.295696202531645440e+02
3.463417721518987378e+02
2.350266666666666708e+02
4.432763157894736992e+02
1.210169491525423666e+02
2.884188034188034067e+02
3.631206896551724412e+02
3.375663716814159443e+02
2.362385321100917395e+02
1.570000000000000000e+02
3.600000000000000000e+02
2.902330097087378817e+02
3.989108910891089295e+02
2.862395833333333144e+02
1.908631578947368439e+02
3.041382978723404449e+02
4.365268817204300831e+02
3.084444444444444571e+02
3.166853932584269842e+02
4.155280898876404763e+02
4.996588235294117908e+02
5.131529411764705628e+02
3.537857142857142776e+02
4.295063291139240391e+02
3.406075949367088356e+02
2.336266666666666652e+02
4.458026315789473415e+02
3.513918918918918735e+02
3.534741379310344769e+02
3.277433628318584056e+02
2.325963302752293487e+02
1.535566037735848965e+02
3.559339622641509209e+02
2.833203883495145874e+02
3.904752475247524899e+02
2.840000000000000000e+02
1.781052631578947398e+02
3.050851063829787222e+02
4.270215053763440665e+02
3.009777777777777601e+02
3.128089887640449547e+02
4.132613636363636260e+02
4.895764705882352814e+02
5.106235294117647072e+02
3.509285714285714448e+02
4.289367088607594951e+02
3.347088607594936889e+02
2.321333333333333258e+02
4.478947368421052602e+02
3.472162162162161962e+02
4.735616438356164508e+02
2.287522935779816464e+02
1.513962264150943327e+02
3.512830188679245111e+02
2.763203883495145874e+02
3.818316831683168289e+02
2.814791666666666856e+02
1.669893617021276668e+02
3.060319148936169995e+02
4.173763440860215042e+02
2.935000000000000000e+02
3.086966292134831633e+02
4.059772727272727479e+02
4.795058823529411711e+02
5.076000000000000227e+02
3.518795180722891587e+02
4.281518987341772231e+02
3.286455696202531840e+02
2.305866666666666731e+02
4.496710526315789593e+02
3.428783783783783861e+02
4.644109589041095774e+02
2.069714285714285609e+02
3.429345794392523317e+02
2.770000000000000000e+02
3.730297029702970235e+02
2.787500000000000000e+02
1.653085106382978609e+02
3.067659574468084998e+02
4.078064516129032313e+02
2.858888888888889142e+02
3.045617977528090137e+02
3.986477272727272521e+02
4.692588235294117567e+02
5.028823529411764639e+02
3.484819277108433653e+02
4.270506329113924266e+02
3.225569620253164658e+02
2.288266666666666538e+02
4.510657894736842195e+02
3.386351351351351582e+02
4.550547945205479436e+02
2.053285714285714221e+02
4.606056338028168966e+02
3.603921568627450824e+02
2.728041237113401962e+02
1.635531914893616943e+02
3.036736842105262895e+02
3.979032258064515872e+02
2.781666666666666856e+02
3.002808988764044784e+02
3.911704545454545610e+02
4.535697674418604493e+02
4.966941176470588175e+02
3.449156626506024281e+02
4.257341772151898454e+02
3.163544303797468160e+02
2.269600000000000080e+02
4.522763157894736992e+02
3.341621621621621898e+02
4.456849315068492956e+02
2.036571428571428442e+02
4.571527777777777715e+02
4.163142857142856883e+02
1.599157894736842138e+02
3.029473684210526585e+02
3.936521739130434980e+02
2.703000000000000114e+02
2.956629213483146259e+02
3.836136363636363740e+02
4.432790697674418539e+02
4.902705882352940989e+02
3.454024390243902189e+02
4.240759493670885831e+02
3.100632911392405049e+02
2.250533333333333417e+02
4.531842105263157805e+02
3.296351351351351582e+02
4.360821917808219155e+02
2.362394366197183047e+02
4.626056338028168966e+02
4.111571428571428442e+02
4.246857142857143117e+02
3.853478260869565020e+02
2.567391304347826235e+02
2.910674157303370748e+02
3.759431818181818130e+02
4.328023255813953369e+02
4.834352941176470608e+02
3.432317073170731874e+02
4.221392405063290880e+02
3.036835443037974755e+02
2.230933333333333337e+02
4.538421052631579187e+02
3.250540540540540633e+02
4.264657534246575210e+02
2.401971830985915517e+02
4.603943661971831034e+02
4.062428571428571331e+02
4.119285714285714448e+02
3.883582089552238585e+02
2.863483146067415532e+02
3.680909090909090651e+02
4.221744186046511800e+02
4.739764705882353155e+02
3.366867469879518353e+02
4.200759493670885831e+02
2.970886075949367182e+02
2.209466666666666583e+02
4.540657894736842195e+02
3.204189189189189051e+02
4.166986301369863099e+02
2.419014084507042242e+02
4.571126760563380458e+02
4.011999999999999886e+02
3.978142857142856883e+02
3.828656716417910388e+02
4.283880597014925229e+02
4.115697674418604493e+02
4.636941176470588175e+02
3.342650602409638623e+02
4.126250000000000000e+02
2.906075949367088356e+02
2.187199999999999989e+02
4.542894736842105203e+02
3.156081081081081265e+02
4.069041095890410702e+02
2.422394366197183047e+02
4.530563380281690229e+02
4.034782608695651902e+02
3.812714285714285438e+02
3.774179104477611872e+02
4.234925373134328197e+02
6.637462686567164383e+02
3.313614457831325240e+02
4.094499999999999886e+02
2.838860759493670685e+02
2.163333333333333428e+02
4.543289473684210407e+02
3.107837837837838038e+02
3.915270270270270316e+02
2.417042253521126725e+02
4.454788732394366093e+02
4.007681159420289987e+02
3.757101449275362484e+02
3.717761194029851026e+02
4.184179104477611872e+02
6.624626865671641553e+02
2.617343750000000000e+02
2.770759493670885831e+02
2.141066666666666549e+02
4.539605263157894797e+02
3.058513513513513544e+02
3.815540540540540633e+02
2.406478873239436496e+02
4.375070422535211492e+02
3.928142857142856883e+02
3.706231884057971229e+02
3.662388059701492580e+02
4.131044776119402968e+02
6.592537313432835617e+02
2.545000000000000000e+02
2.971612903225806690e+02
4.533552631578947398e+02
3.008918918918918735e+02
3.715000000000000000e+02
2.389577464788732470e+02
4.291267605633802873e+02
3.913714285714285666e+02
3.651594202898550634e+02
3.602985074626865867e+02
4.077014925373134133e+02
6.523880597014925797e+02
2.473125000000000000e+02
2.943064516129032313e+02
3.061639344262295026e+02
3.613243243243243228e+02
2.337638888888888857e+02
4.206338028169014365e+02
3.854084507042253449e+02
3.598695652173913118e+02
3.544626865671641553e+02
4.086969696969696884e+02
6.445074626865671235e+02
2.397812500000000000e+02
2.911290322580645125e+02
3.039344262295081762e+02
3.577580645161290249e+02
4.058472222222222285e+02
3.858028169014084483e+02
3.543188405797101268e+02
3.486567164179104452e+02
4.043333333333333144e+02
6.357910447761194064e+02
2.376031746031746081e+02
2.876129032258064626e+02
3.014918032786885078e+02
3.438709677419354875e+02
2.403166666666666629e+02
3.488405797101449366e+02
3.426716417910447490e+02
3.998333333333333144e+02
6.169852941176470722e+02
2.340158730158730123e+02
2.840322580645161565e+02
2.988524590163934249e+02
3.291451612903225623e+02
2.377333333333333201e+02
2.889298245614035068e+02
4.020923076923077133e+02
6.069558823529412166e+02
2.302380952380952408e+02
2.802903225806451815e+02
2.958852459016393368e+02
3.134354838709677438e+02
2.350000000000000000e+02
2.908596491228070136e+02
5.095000000000000000e+02
2.263968253968253919e+02
2.765645161290322562e+02
2.927704918032786736e+02
2.963387096774193310e+02
2.320500000000000114e+02
2.925263157894736992e+02
5.059827586206896513e+02
4.376724137931034306e+02
2.893770491803278446e+02
2.890793650793650613e+02
2.287333333333333201e+02
2.939824561403509051e+02
5.021034482758620925e+02
4.295000000000000000e+02
7.868596491228070136e+02
2.253833333333333258e+02
3.078793103448275588e+02
4.975689655172413950e+02
4.213620689655172669e+02
7.681034482758620925e+02
4.423392857142857224e+02
4.925862068965517437e+02
4.130862068965517437e+02
7.627241379310345337e+02
4.397321428571428328e+02
4.412545454545454504e+02
7.573965517241379075e+02
4.331785714285714448e+02
4.281636363636363853e+02
5.863818181818181756e+02
4.137818181818182097e+02
5.854181818181817789e+02
7.335094339622640973e+02
7.200188679245283083e+02
6.512941176470587834e+02
2.857115384615384528e+02
