1.272246427622360869e+02
1.612745348468988880e+02
1.912906040179162801e+02
2.184468665563925640e+02
2.434924549624504948e+02
2.668876863099169441e+02
2.889482794404898982e+02
3.098906373126626477e+02
3.298754912390452319e+02
3.490208935896300204e+02
3.937505609691234554e+02
4.347278549823945468e+02
4.725227661363261973e+02
5.075370205793284981e+02
5.400532087193344069e+02
5.703282846035659759e+02
6.249558249097416365e+02
6.731097137889914848e+02
7.162748217969094640e+02
7.560524893711929053e+02
7.938615327615984825e+02
8.310056918965059367e+02
8.686966359656554459e+02
9.078411997735804562e+02
9.490869935876980890e+02
9.927376767358202869e+02
1.038759681613532393e+03
1.086829072568367792e+03
1.136461739865833351e+03
1.187048609168152780e+03
1.237903185787128677e+03
1.389831088416163993e+03
1.474249864698061174e+03
1.538278527120644867e+03
1.593992046916715935e+03
1.649677722662880115e+03
1.710760782287426082e+03
1.778615721445909912e+03
1.852860599272679337e+03
1.932408877382720902e+03
2.015959302707541383e+03
2.102490587649808731e+03
2.182067736151115241e+03
2.247602503272666127e+03
2.311628521269967678e+03
2.376267997407750954e+03
2.443045463250738976e+03
2.512310040499695788e+03
2.586872529010556264e+03
2.672946491925803457e+03
2.761972423399557101e+03
2.851369762141528554e+03
2.919869870358873413e+03
2.980322680933479660e+03
3.040394435422311290e+03
3.099904771397513287e+03
3.172519317421804317e+03
3.254793004705438761e+03
3.338641282742228668e+03
3.421446794533541834e+03
3.503008150809630024e+03
3.555152731376491374e+03
3.599132192737718015e+03
3.667107056281914083e+03
3.741004624492435596e+03
3.815702284301466079e+03
3.890802002234391693e+03
3.965404767873738365e+03
4.039197175473976131e+03
4.120459895777944439e+03
4.159312469919706018e+03
1.823762453975295728e+02
2.081069265083619939e+02
2.323101777461840527e+02
2.551531972924420586e+02
2.768281117338639774e+02
2.974908460090598510e+02
3.172667955385667824e+02
3.362549857235791251e+02
3.545319661141118104e+02
3.974885762410518169e+02
4.370755710154079452e+02
4.737203311471614597e+02
5.077698724052069110e+02
5.394432587024275563e+02
5.690030763998342991e+02
6.224723606815276753e+02
6.697696320015697893e+02
7.124095495649994518e+02
7.518332644032803955e+02
7.895569275410291539e+02
8.267952042683515401e+02
8.647108234942070339e+02
9.041504748976033170e+02
9.456946952277426135e+02
9.895882096341873648e+02
1.035741199906837210e+03
1.083880944369801000e+03
1.133430217940794819e+03
1.183843515486782735e+03
1.234521909525434467e+03
1.386106962493336368e+03
1.470813923773057240e+03
1.535958617618353401e+03
1.593731460888374613e+03
1.651860886515675702e+03
1.714682413274786313e+03
1.783751379154497954e+03
1.858768004133556815e+03
1.938783296010375579e+03
2.022649146702512553e+03
2.109514852621814953e+03
2.189221722580156893e+03
2.254839082533313558e+03
2.318714969173700410e+03
2.383397911686382940e+03
2.449798085583965076e+03
2.518711572292141227e+03
2.595803576954432174e+03
2.682044583921362573e+03
2.770561876971738457e+03
2.859271558629219271e+03
2.926306680928227252e+03
2.986360871395527283e+03
3.045024752697662279e+03
3.103956436689630209e+03
3.180242013634446266e+03
3.262146418876037387e+03
3.344936663976352065e+03
3.427030950290284636e+03
3.507695121578549333e+03
3.558015478183107916e+03
3.603542308629056151e+03
3.673075394746906568e+03
3.746577028472774145e+03
3.820637790343280358e+03
3.895091119848078961e+03
3.969031254659652859e+03
4.042231884188260665e+03
4.126989018978407330e+03
4.164455355259379758e+03
2.255809911979075650e+02
2.473822455878956816e+02
2.683511126924200880e+02
2.885068513599088647e+02
3.079044792331554845e+02
3.266020527763470795e+02
3.446529309488860235e+02
3.621051280008575759e+02
4.033574178604944223e+02
4.415689363684118121e+02
4.770994340531228204e+02
5.101882350948674230e+02
5.410480807058868322e+02
5.698898674185965092e+02
6.222393381635295100e+02
6.687063376080149055e+02
7.108188749042473091e+02
7.500106257451570855e+02
7.876559506919427349e+02
8.250200359162921586e+02
8.631438063395106610e+02
9.028805014428380673e+02
9.447162917476534858e+02
9.888184393616018042e+02
1.035161675947083950e+03
1.083316768899373983e+03
1.132827206472104763e+03
1.183078151091208838e+03
1.233543573706835559e+03
1.384963342712615031e+03
1.469932893153597433e+03
1.535983549529616539e+03
1.595359698386145283e+03
1.655149803034220668e+03
1.719274700825596256e+03
1.789241075919564082e+03
1.864854674803739499e+03
1.945294224221615877e+03
2.029495406860168259e+03
2.116566845563705101e+03
2.196378472035206414e+03
2.261958999190350369e+03
2.325928108929229893e+03
2.390431363753206369e+03
2.456428825570008485e+03
2.525165548157287958e+03
2.604765434571352671e+03
2.690843943476059394e+03
2.778882318829379983e+03
2.866476947833311897e+03
2.932741107018343882e+03
2.991735687004751526e+03
3.049500592820884776e+03
3.109455216128705615e+03
3.187986773528285084e+03
3.269482237346892362e+03
3.351148275598250166e+03
3.432232252005952432e+03
3.512176964608313028e+03
3.561125200288383894e+03
3.609725573164158959e+03
3.679438449430503169e+03
3.752233711577652684e+03
3.825660487589181685e+03
3.899392132797045178e+03
3.972178158570834967e+03
4.044833600891450260e+03
4.133311704792236014e+03
4.169425775447475644e+03
2.626851948485090702e+02
2.820533284599042645e+02
3.008780524502672620e+02
3.191435109007664437e+02
3.368608271046146001e+02
3.540504680432728151e+02
3.707338375691850842e+02
4.103755021234479727e+02
4.473000029041533594e+02
4.817448044116458732e+02
5.139079860477556849e+02
5.439849179527806200e+02
5.721430771401328457e+02
6.234249512417586629e+02
6.691293498085763076e+02
7.107563194608922004e+02
7.497052923035337244e+02
7.872934220841700608e+02
8.247745637250282016e+02
8.631573407504453144e+02
9.031607606079595598e+02
9.452683883532776008e+02
9.896143788060765019e+02
1.036051799085894118e+03
1.084223067232260291e+03
1.133643695442623084e+03
1.183775606788905861e+03
1.234040303748741735e+03
1.385293972871863843e+03
1.470586799830612335e+03
1.537532804707720516e+03
1.598159750674133193e+03
1.659214624601995638e+03
1.724358777520797958e+03
1.795048459521780615e+03
1.871160514270561180e+03
1.951907274021020157e+03
2.036480697359616670e+03
2.123617380012606191e+03
2.203473638893486168e+03
2.269167126528045173e+03
2.333012115517084567e+03
2.397195047616280135e+03
2.463159807434079994e+03
2.532486023501390264e+03
2.613831402964728113e+03
2.699626052165211604e+03
2.787079446886201367e+03
2.873732484801164901e+03
2.939109098750192970e+03
2.996849562138036163e+03
3.054192398435524410e+03
3.117171525619041404e+03
3.195558109662298193e+03
3.276577715958088447e+03
3.357357379305582981e+03
3.437186318807512180e+03
3.516066647116997956e+03
3.564152425272890468e+03
3.615962567782665701e+03
3.685573656082417074e+03
3.757617819614836662e+03
3.830734488461277579e+03
3.903171156367693584e+03
3.974998242079363990e+03
4.046798464361934748e+03
4.139462755045497033e+03
4.174431443877139827e+03
2.959086624126849188e+02
3.135600234793397476e+02
3.308114983788827317e+02
3.476396191326003873e+02
3.640379845659278999e+02
3.800134962281136950e+02
4.181495158592132952e+02
4.538444821872823809e+02
4.872645982209932072e+02
5.185576925900249989e+02
5.478729777932946945e+02
5.753838018023523091e+02
6.256317786039384146e+02
6.706303417335461745e+02
7.118074335743633583e+02
7.505405955825663114e+02
7.881101172128137478e+02
8.257207425588383103e+02
8.643091654778570501e+02
9.045877923043667579e+02
9.469355829977992016e+02
9.914625974754784465e+02
1.037991046379233921e+03
1.086175546445309919e+03
1.135497534980263481e+03
1.185465767164196905e+03
1.235584946998146279e+03
1.386845324645408482e+03
1.472422822121804074e+03
1.540096908908946261e+03
1.601759475127158566e+03
1.663857744646662923e+03
1.729825117313322608e+03
1.801100196301562164e+03
1.877604589235231288e+03
1.958723298092721052e+03
2.043416347230064957e+03
2.130721066601333405e+03
2.210664064072069777e+03
2.276314023783585071e+03
2.339918230615201537e+03
2.404078166909483571e+03
2.469809478638614564e+03
2.540819260105387912e+03
2.622709070851976321e+03
2.708292549095969662e+03
2.794716640985219783e+03
2.880680494849580100e+03
2.944748161275469556e+03
3.002013814283712691e+03
3.058216159547203461e+03
3.124581354673779970e+03
3.202931329145451855e+03
3.283115265313745113e+03
3.363208159398867338e+03
3.442280518716377173e+03
3.520119996734217693e+03
3.566471125273000325e+03
3.622320731308666382e+03
3.691760071071149468e+03
3.762969605190719449e+03
3.835254222356336413e+03
3.906716462996049813e+03
3.978100867143836240e+03
4.049386440495785791e+03
4.145947995641427042e+03
4.179644077649234532e+03
3.263858182171994713e+02
3.427246603996403564e+02
3.587418784997520902e+02
3.744171186846588171e+02
3.897349516773331857e+02
4.264653661647232639e+02
4.610069684860196162e+02
4.934480217320761994e+02
5.239130377385897646e+02
5.525197547335567378e+02
5.794043940287763235e+02
6.286867700515641673e+02
6.729959978165076109e+02
7.137557012049812784e+02
7.522951761863469073e+02
7.898570067933774226e+02
8.275959102037320463e+02
8.663957224265228660e+02
9.069051736717027552e+02
9.494706512783442349e+02
9.941517675361624242e+02
1.040740914610343452e+03
1.088892615931610180e+03
1.138142593422477375e+03
1.187948571275074301e+03
1.237886568980236007e+03
1.389214338612164283e+03
1.475088285945926145e+03
1.543511658606898891e+03
1.606045701974581334e+03
1.668932975095962547e+03
1.735614710028848549e+03
1.807356522782896036e+03
1.884277999107529013e+03
1.965591361684462527e+03
2.050372448332784188e+03
2.137803300252635836e+03
2.217796420341637713e+03
2.283260919886610282e+03
2.346826541246802208e+03
2.410716014021516457e+03
2.476148869913656199e+03
2.549430330668782517e+03
2.631528478298903792e+03
2.716833970531526575e+03
2.802178644077372155e+03
2.887447539040618722e+03
2.950415373120166805e+03
3.006783124902873169e+03
3.062196221322603378e+03
3.131829874505326188e+03
3.210078177623388456e+03
3.289473131546448712e+03
3.368610931419506414e+03
3.447143717579365330e+03
3.524134332801229448e+03
3.569041614515561378e+03
3.628796623746772639e+03
3.697634804620522118e+03
3.768558662175493737e+03
3.839303225942987865e+03
3.910651927748003800e+03
3.981374189769321220e+03
4.052976542930869527e+03
4.151870971492498938e+03
4.184524977271868920e+03
3.547876385742924867e+02
3.700680782405957530e+02
3.850737266982146139e+02
3.997850264010921819e+02
4.352001136736931812e+02
4.686542461471810270e+02
5.001668705423467713e+02
5.298444203828198624e+02
5.577615202960330407e+02
5.840776257278535013e+02
6.324183573892062213e+02
6.761178077098857102e+02
7.164534939680969501e+02
7.548220171202231086e+02
7.923824487759557087e+02
8.302439850586465582e+02
8.692386951029677675e+02
9.099601839692597878e+02
9.527081269813186282e+02
9.974955236322063001e+02
1.044144394135939820e+03
1.092240730930321661e+03
1.141374709072079440e+03
1.191064772008729506e+03
1.240873387771528996e+03
1.392331673615982254e+03
1.478492284678013675e+03
1.547524126337217240e+03
1.610803392558246060e+03
1.674438676104250817e+03
1.741661631691677712e+03
1.813828230642603557e+03
1.890997002756224674e+03
1.972511482741536383e+03
2.057416335150308896e+03
2.144971268614893233e+03
2.224857915895899168e+03
2.290289085637710741e+03
2.353732628885270060e+03
2.417245396146760868e+03
2.482405084205804087e+03
2.558165918281230006e+03
2.640256681708665838e+03
2.724854500706613180e+03
2.809587754507550017e+03
2.893865420346433893e+03
2.955927790777288919e+03
3.011156194672504171e+03
3.066034974851144852e+03
3.139222726063256687e+03
3.217204042490874599e+03
3.295925720902787361e+03
3.373877994681410655e+03
3.451244957238301140e+03
3.527790701187339891e+03
3.571777675292031745e+03
3.634825337539644806e+03
3.703246198734815152e+03
3.773640916434843803e+03
3.843700671456984310e+03
3.914379391470299197e+03
3.984158216700819594e+03
4.059271220324579190e+03
4.158194690985079433e+03
4.189480087694271788e+03
3.815558826553013887e+02
3.959452984644410662e+02
4.100866590474976761e+02
4.442809296475665519e+02
4.767043103399744268e+02
5.073462899508653550e+02
5.362652481561233344e+02
5.635386632462109446e+02
5.892945901717008610e+02
6.367440108204833678e+02
6.798385942179388621e+02
7.198439791947580488e+02
7.580432424324329759e+02
7.956000478442972508e+02
8.335513620227094407e+02
8.727220432726707031e+02
9.136295982421656845e+02
9.565132488993987181e+02
1.001426285434028841e+03
1.048086483330541569e+03
1.096162040224854763e+03
1.145173050874448336e+03
1.194702854783837665e+03
1.244346453014638428e+03
1.395979252020089916e+03
1.482511932855136365e+03
1.552058592159139835e+03
1.616029575215167370e+03
1.680199062243734716e+03
1.747921476348714805e+03
1.820398789870676410e+03
1.897800591404500665e+03
1.979422875540918540e+03
2.064515873904224009e+03
2.151993685155733147e+03
2.231920685633802350e+03
2.297253973725095875e+03
2.360425701925189060e+03
2.423818306464908346e+03
2.489674022379583676e+03
2.566793068822757050e+03
2.648961493059048735e+03
2.732656119736267101e+03
2.816902685533432759e+03
2.899973216755055546e+03
2.961206638127613587e+03
3.015606294774294838e+03
3.072392810145101066e+03
3.146552939387779588e+03
3.224154580223112134e+03
3.302019205496777431e+03
3.379361921349126987e+03
3.455623595347536138e+03
3.531088787481742656e+03
3.577493230105166276e+03
3.641012034003178996e+03
3.708799759623684167e+03
3.778308043510748121e+03
3.848121547471920167e+03
3.917667749848467793e+03
3.986888558135097810e+03
4.065206655059676450e+03
4.158447883673250544e+03
4.193798583765806143e+03
4.069859171402910647e+02
4.206114178144893003e+02
4.536506634702044494e+02
4.851011710778725501e+02
5.149164860177126002e+02
5.431210088519958390e+02
5.697782354031535306e+02
5.950065098509942345e+02
6.416211039240928358e+02
6.841418196429070804e+02
7.238019812313993953e+02
7.618202226153678112e+02
7.993757898694808546e+02
8.374457930296285895e+02
8.767565731486055256e+02
9.178238828293012830e+02
9.608586508228215735e+02
1.005815864970277062e+03
1.052481381151147389e+03
1.100481546225216789e+03
1.149399163278994365e+03
1.198780629800458655e+03
1.248315357354695379e+03
1.400120385869997790e+03
1.487006567918150040e+03
1.557038222715626944e+03
1.621556076332148677e+03
1.686277052424391059e+03
1.754323941306408869e+03
1.827118481443831342e+03
1.904666577186823588e+03
1.986471202238010619e+03
2.071567553272791884e+03
2.159063886123918564e+03
2.238972151088566079e+03
2.304103474962949804e+03
2.367158234270052162e+03
2.430330293969289414e+03
2.497774937925034919e+03
2.575336485364787222e+03
2.657360862563822138e+03
2.740395220602268637e+03
2.823437781981058833e+03
2.906092597765773462e+03
2.965996867942173594e+03
3.020017376388213961e+03
3.079427903969742147e+03
3.153971845466637660e+03
3.230824820851751610e+03
3.307999459634258528e+03
3.384432073659281741e+03
3.460069752166283706e+03
3.534691434622914130e+03
3.583492211511224923e+03
3.647011958038231569e+03
3.714530366641041837e+03
3.783070846591516784e+03
3.852218960860161133e+03
3.920873353826372295e+03
3.989701676230054545e+03
4.071463178798097488e+03
4.161393462619393176e+03
4.198646107137497893e+03
4.313139328363948266e+02
4.632723222919715340e+02
4.938094425921691482e+02
5.228331945853109346e+02
5.503546404096766764e+02
5.764334000589078641e+02
6.011487937673566648e+02
6.469659519615149748e+02
6.889401947637705916e+02
7.282708136153955820e+02
7.661412042266512117e+02
8.036867632232959977e+02
8.418248734754785119e+02
8.812759058336628186e+02
9.224718147941633788e+02
9.656042413650168328e+02
1.010608922871821278e+03
1.057257807954454165e+03
1.105176660279955058e+03
1.153968170398100710e+03
1.203235086118456820e+03
1.252622101556456528e+03
1.404728309141161844e+03
1.491891221344121277e+03
1.562424214043105167e+03
1.627378621351854690e+03
1.692522124849863530e+03
1.760944875365561302e+03
1.833940486650614275e+03
1.911669659898901273e+03
1.993490559264738295e+03
2.078597169958158702e+03
2.166113235265672301e+03
2.245884922635614203e+03
2.311015727680019154e+03
2.373874938175649277e+03
2.436671655199049383e+03
2.506029609689223889e+03
2.583976817669517004e+03
2.665640036228149711e+03
2.748000099180898815e+03
2.830127868101331842e+03
2.911942130534103399e+03
2.970811088419431144e+03
3.023839391062105733e+03
3.086673215715867627e+03
3.161250331388297127e+03
3.237214830270685979e+03
3.313628894503913216e+03
3.389252823783856911e+03
3.463991281328267632e+03
3.538074041718710760e+03
3.589677954175826017e+03
3.652762199299024815e+03
3.719974454546690140e+03
3.788153713610633531e+03
3.855998160619968075e+03
3.924446637930182987e+03
3.992403401273970303e+03
4.077729071036597361e+03
4.164888794834814689e+03
4.203337610340999163e+03
4.882673246131854512e+02
5.167186380027512769e+02
5.439421628826494270e+02
5.699003074765241763e+02
5.946141401430429596e+02
6.181508814013060373e+02
6.621222521547196038e+02
7.028151747895808512e+02
7.413603658753202126e+02
7.788761779726696659e+02
8.163525864940787642e+02
8.546045078069719239e+02
8.942959468084912942e+02
9.357106250651203254e+02
9.789790350655491693e+02
1.023992354955290352e+03
1.070519313617374792e+03
1.118225505427111329e+03
1.166699684048510790e+03
1.215667797654320111e+03
1.264739076442656142e+03
1.417753936291188438e+03
1.505618999317860926e+03
1.577064987301439032e+03
1.642993577241401908e+03
1.708902012885834665e+03
1.777916438011908667e+03
1.851321301431450138e+03
1.929251933290800707e+03
2.011103723411964666e+03
2.096207271433675487e+03
2.183514855818214073e+03
2.263141852676229064e+03
2.327791915517456800e+03
2.389971728770443406e+03
2.453624944803681501e+03
2.526929996833103814e+03
2.605325587662075122e+03
2.685239170401277534e+03
2.765510965422098252e+03
2.845819220773920733e+03
2.925508312538416249e+03
2.981919093750406773e+03
3.034065009624277991e+03
3.104791828620890556e+03
3.178112218759435109e+03
3.252809597185624170e+03
3.327146089788621339e+03
3.400877397831495728e+03
3.473491936310119854e+03
3.545508824419108805e+03
3.604738459522631274e+03
3.667329773291227866e+03
3.732980902413324657e+03
3.799347238971420666e+03
3.865900316230350654e+03
3.931904926278749826e+03
3.998477243045086652e+03
4.092613744169652819e+03
4.174846204943045450e+03
4.214513721811170399e+03
5.409974644113243585e+02
5.666190322829224897e+02
5.911719065660068964e+02
6.146574800780134638e+02
6.371276855724713641e+02
6.794151803829213350e+02
7.189449460203675244e+02
7.567466788241051745e+02
7.938674052288565690e+02
8.312079860687069868e+02
8.695067311841510218e+02
9.092595255792746229e+02
9.507459815448009977e+02
9.940121848381349992e+02
1.038938334983746699e+03
1.085276927445338288e+03
1.132704879450617682e+03
1.180898883001988224e+03
1.229546536431492541e+03
1.278382438528883995e+03
1.432478604466446768e+03
1.520871410872554179e+03
1.593049974357792053e+03
1.659653390126582508e+03
1.726096598872545428e+03
1.795423881794668432e+03
1.868972560779035575e+03
1.946871334586801140e+03
2.028691613602658663e+03
2.113586026686507921e+03
2.200732396684184096e+03
2.279939097844483513e+03
2.344104205921600624e+03
2.405594485579613774e+03
2.473448538348254260e+03
2.547744987404677886e+03
2.625244092771963551e+03
2.703571389981125321e+03
2.782126710173748506e+03
2.860122302215882883e+03
2.937753943505233110e+03
2.992193051429683692e+03
3.051194823400743189e+03
3.121912431953910527e+03
3.194847318297876882e+03
3.267351761397495466e+03
3.339486411975784904e+03
3.411002662826812411e+03
3.481918023050618103e+03
3.559229158715441372e+03
3.619285901713544263e+03
3.681090985510472819e+03
3.745423653340027158e+03
3.810331358006807932e+03
3.874739352255502581e+03
3.939597477319770405e+03
4.011522991079548319e+03
4.107710258667390917e+03
4.185025529697143611e+03
4.225445225515677521e+03
5.905595625853894717e+02
6.138420915453816633e+02
6.362091197618896103e+02
6.577101272271577272e+02
6.984277927952397249e+02
7.368401952523760201e+02
7.739230012292736092e+02
8.106122043532867565e+02
8.477225422446113043e+02
8.859500424427069447e+02
9.256667261806012448e+02
9.670997271955482120e+02
1.010253185349961882e+03
1.055001151010579179e+03
1.101104008622005949e+03
1.148228254730487151e+03
1.196142154474900281e+03
1.244483566612538425e+03
1.293102316487243115e+03
1.448406218516802710e+03
1.537306484995163601e+03
1.610008779716989011e+03
1.677052575668227746e+03
1.743829578641194757e+03
1.813276720540664883e+03
1.886771446873574860e+03
1.964502719047142818e+03
2.046128245466953558e+03
2.130687666420520145e+03
2.217554322150950156e+03
2.296289018153860980e+03
2.359919171525554702e+03
2.423165240217856990e+03
2.493668039298263011e+03
2.568301980780357098e+03
2.644458065837956383e+03
2.720921802594866676e+03
2.797041753679255180e+03
2.873188755971370938e+03
2.949189822176405869e+03
3.001321261982942360e+03
3.068426528294633044e+03
3.138890347861322880e+03
3.209937539837348595e+03
3.281075638808795247e+03
3.351492371526766419e+03
3.420910181271931833e+03
3.489943116916839244e+03
3.575161778720842449e+03
3.633460081280984468e+03
3.694514694278853312e+03
3.756948331995387434e+03
3.820231039424232677e+03
3.883279579522707536e+03
3.946646471178646607e+03
4.026519252720006989e+03
4.122043746051574999e+03
4.195076353210985872e+03
4.235684078569358462e+03
6.376398312198842859e+02
6.589812624260493976e+02
6.795751140861336808e+02
7.188255002952664654e+02
7.561630638496110350e+02
7.925043842972074799e+02
8.287160769553761384e+02
8.655532776004021116e+02
9.035747156246612803e+02
9.431474825624154619e+02
9.844246515675080218e+02
1.027388112217072148e+03
1.071903270130656665e+03
1.117713447721053853e+03
1.164555971717116790e+03
1.212150138435144981e+03
1.260238007378265365e+03
1.308598442935543062e+03
1.465215405352327252e+03
1.554605590694169905e+03
1.627686023666220080e+03
1.694967743403100030e+03
1.761841829842475363e+03
1.831235399799725428e+03
1.904572621697631803e+03
1.982054936430296266e+03
2.063280445006747868e+03
2.147560785989701799e+03
2.233939289665190699e+03
2.312335397242233739e+03
2.375291266078364060e+03
2.442163977586921646e+03
2.513717399927153110e+03
2.587779870856103571e+03
2.662306943661324567e+03
2.736691925121984696e+03
2.811130413999792836e+03
2.885452262648881515e+03
2.959642130104810349e+03
3.017293789972613922e+03
3.085170407849520416e+03
3.154834618535673144e+03
3.224689471810495434e+03
3.293684038260898888e+03
3.362211657855213161e+03
3.430103700744583875e+03
3.497634329390651146e+03
3.590491717559955759e+03
3.647173886001414758e+03
3.707109002896354923e+03
3.768625774287645072e+03
3.830051813152470004e+03
3.891801823365190103e+03
3.953090843453591333e+03
4.041245887920852056e+03
4.136301133401017069e+03
4.205486359689133678e+03
4.246041770703412112e+03
6.827116819167498534e+02
7.024555110422516009e+02
7.402996836312672713e+02
7.765915828259689988e+02
8.121752397506882062e+02
8.478452720334438482e+02
8.843288925983105173e+02
9.220794646131199670e+02
9.614181626007703017e+02
1.002456724997004244e+03
1.045167626952222918e+03
1.089398642647277484e+03
1.134886743029399895e+03
1.181434487760545835e+03
1.228705220403090379e+03
1.276539091705696592e+03
1.324686444289596238e+03
1.482697791523959722e+03
1.572426387621679851e+03
1.645749740124847449e+03
1.713153529629024888e+03
1.779999739145450121e+03
1.849265589821258800e+03
1.922315793980267017e+03
1.999415067441565725e+03
2.080223065819970543e+03
2.163997850097621722e+03
2.250019833724599266e+03
2.327937093352274132e+03
2.392720315603564814e+03
2.461624203845173724e+03
2.533545932983796774e+03
2.606399382512184275e+03
2.679155068656255935e+03
2.751827681129980192e+03
2.824255275111021547e+03
2.896649906954484322e+03
2.968930327331470835e+03
3.033802678250430290e+03
3.101713850059118158e+03
3.170181913785987035e+03
3.238243394945623550e+03
3.305762009648482035e+03
3.372202865710617971e+03
3.438291812171335096e+03
3.512811195305455385e+03
3.605822307591382469e+03
3.660634255330107408e+03
3.719485294334018363e+03
3.779218034307034031e+03
3.839087027282831514e+03
3.899114574422918849e+03
3.962996006341768862e+03
4.055580894462458218e+03
4.150524616183211947e+03
4.215647237484491598e+03
4.255924636255620499e+03
7.261194671323082730e+02
7.626149803840763752e+02
7.978666631592109297e+02
8.326720868967440765e+02
8.677846555474807246e+02
9.038188083959995538e+02
9.412243417374161254e+02
9.802551730827431129e+02
1.020993357832504216e+03
1.063406646317192553e+03
1.107306333362520718e+03
1.152484275304771927e+03
1.198690559538596290e+03
1.245674764427769333e+03
1.293206033797360760e+03
1.341131579835663615e+03
1.500705192506284675e+03
1.590672725476625374e+03
1.664138788205505989e+03
1.731557537360453352e+03
1.798228223034436496e+03
1.867194434032696336e+03
1.939838285313170218e+03
2.016523088019837360e+03
2.096870266198950048e+03
2.180146049811074590e+03
2.265681815350987563e+03
2.343055565423210737e+03
2.411009492727200268e+03
2.481151763684485559e+03
2.552406035606469231e+03
2.623860230728364513e+03
2.694858449820927035e+03
2.765620803445149704e+03
2.836080024227957438e+03
2.906736232357628069e+03
2.982038527115243596e+03
3.049943414901521919e+03
3.117662837496730390e+03
3.184951146034115027e+03
3.251471062997784429e+03
3.316825687844545428e+03
3.381971411992317826e+03
3.446279709015399931e+03
3.527847966673634801e+03
3.620673260873450999e+03
3.673578199661256804e+03
3.731130929206059136e+03
3.789824428109233850e+03
3.848276060815169785e+03
3.906824668880433819e+03
3.977473071980696659e+03
4.070059998872798587e+03
4.164174542062218279e+03
4.225589214422037912e+03
4.265648240186678777e+03
8.089213382099000000e+02
8.421100566883294505e+02
8.752977737816870558e+02
9.091375250095395586e+02
9.441516137535583084e+02
9.806931602972123301e+02
1.018940642322148392e+03
1.058961646894605565e+03
1.100640018922307945e+03
1.143825118507440948e+03
1.188300280849800401e+03
1.233828801561340697e+03
1.280176239609378626e+03
1.327169583515902104e+03
1.374575754765008696e+03
1.537594598389104704e+03
1.628051219724347447e+03
1.701486029170990605e+03
1.768580478837659484e+03
1.834612067457775083e+03
1.902689367790319920e+03
1.974311821338012123e+03
2.049879005815390883e+03
2.129077486198983934e+03
2.211265373133912362e+03
2.295783042899454813e+03
2.377355782235400056e+03
2.448366204636050043e+03
2.518733438232079152e+03
2.588080392187228426e+03
2.656269037675403979e+03
2.723669432141653488e+03
2.790838572113073496e+03
2.857812712101155739e+03
2.925173505127208045e+03
3.013732442567494672e+03
3.081530472340293272e+03
3.147589246405153062e+03
3.212081262503557355e+03
3.275620887825832142e+03
3.337782830096650741e+03
3.399233904000972416e+03
3.468030610220119343e+03
3.557223201439414879e+03
3.649253279210888650e+03
3.698236304518738507e+03
3.753682983890102150e+03
3.809334510843142652e+03
3.864971460564207064e+03
3.920897578059818898e+03
4.006092617600529593e+03
4.097659452486541340e+03
4.190750950688709054e+03
4.245104307706478721e+03
4.284431809796958987e+03
8.875030382299792109e+02
9.190018486356268568e+02
9.514496775497264025e+02
9.852899558025301303e+02
1.020800855591407753e+03
1.058146410981988538e+03
1.097293921747606873e+03
1.138154593744388421e+03
1.180554405053247820e+03
1.224277982093509763e+03
1.269094580827765640e+03
1.314817301385143764e+03
1.361199533626132052e+03
1.408050509319461753e+03
1.575097578013514067e+03
1.665823365970865325e+03
1.738934107114127983e+03
1.805368523412756531e+03
1.870508205900549001e+03
1.937449783266463328e+03
2.007806718206954656e+03
2.082063199541408267e+03
2.159971572796700457e+03
2.240995786246087846e+03
2.327921093107664092e+03
2.413036134231458163e+03
2.484959047701720010e+03
2.553712474641325571e+03
2.620269491454784657e+03
2.685163968120970821e+03
2.749178744899708363e+03
2.812563141943215214e+03
2.876219912049459708e+03
2.955288837736557070e+03
3.044118873460862233e+03
3.111393358492660354e+03
3.175258168810854386e+03
3.237032582729475052e+03
3.297284528252807831e+03
3.356617841762897569e+03
3.414951510722605235e+03
3.496646591669027202e+03
3.585643444283092322e+03
3.676622227745067448e+03
3.721535888022002837e+03
3.774632172947759500e+03
3.827837732151653654e+03
3.880963669539967668e+03
3.945246470619343199e+03
4.033960596604660168e+03
4.124769595763274992e+03
4.216573569889133069e+03
4.264305532130336360e+03
4.302409258326762938e+03
9.628107791264611706e+02
9.937881990955791025e+02
1.026351964213670954e+03
1.060765090291418574e+03
1.097087159912677862e+03
1.135300886538521809e+03
1.175285325484674104e+03
1.216857606432017747e+03
1.259799734850314053e+03
1.303916817501038167e+03
1.348955982180493493e+03
1.394705452093338863e+03
1.441019606338269114e+03
1.612755616897480877e+03
1.703629745391796860e+03
1.776261664070655343e+03
1.841789099105332980e+03
1.905721301276461645e+03
1.971290007808625887e+03
2.040214859226621229e+03
2.113034176969779764e+03
2.189571129045752059e+03
2.270920988182454948e+03
2.361226945377654829e+03
2.448165137708570910e+03
2.519352767986195431e+03
2.586034997517996999e+03
2.649494492616106072e+03
2.711075213666610580e+03
2.771581573370195656e+03
2.831724748520035064e+03
2.900005293083808283e+03
2.985058354163148579e+03
3.073370694693289806e+03
3.139283562495092610e+03
3.200814705038200827e+03
3.260023878097857050e+03
3.317284688043497226e+03
3.373519228071067118e+03
3.439497312982420681e+03
3.524465351133294462e+03
3.612742064980311625e+03
3.696842074100313766e+03
3.743760384349899141e+03
3.794373254372103020e+03
3.845154530617864111e+03
3.896169847211569049e+03
3.972939749039278468e+03
4.060810633483773927e+03
4.150819052281576660e+03
4.241289823365586926e+03
4.283005779421184343e+03
4.319526311813284337e+03
1.035487593295621537e+03
1.066750727229820768e+03
1.099982464237379190e+03
1.135246547698541008e+03
1.172487766722942524e+03
1.211567481853079244e+03
1.252292240046200732e+03
1.294468303601583102e+03
1.337843116913265931e+03
1.382189910944747226e+03
1.427331947001676781e+03
1.473097932423101611e+03
1.650320377668138462e+03
1.741227479249465432e+03
1.813204765541436245e+03
1.877693908209430901e+03
1.940194595183916590e+03
2.004271610935073340e+03
2.071662141957758649e+03
2.142972382711765022e+03
2.217631732198270583e+03
2.301858971838194520e+03
2.394432712454495231e+03
2.481954904969771633e+03
2.551501799588142148e+03
2.615505368743668441e+03
2.676025710859664287e+03
2.734516726252199987e+03
2.791590404930839213e+03
2.848974586743659529e+03
2.928296012439306651e+03
3.013818876923778134e+03
3.101344332566057346e+03
3.165655855673535370e+03
3.224732222618889409e+03
3.281230019789267772e+03
3.335783746429347048e+03
3.389402328386501722e+03
3.466717804969521239e+03
3.551515961368827448e+03
3.638944366010561225e+03
3.718432704406554876e+03
3.764870625667327204e+03
3.813404455340106324e+03
3.861889598415054024e+03
3.915402490695370943e+03
4.000019940745185067e+03
4.087316904889096804e+03
4.176267570370492649e+03
4.265502318215796549e+03
4.301313420347967622e+03
4.336473006732245267e+03
1.106025968219319338e+03
1.138068108440066680e+03
1.172257633925685695e+03
1.208514130492375898e+03
1.246682767940881604e+03
1.286580221481436638e+03
1.327965398194287900e+03
1.370601945547279229e+03
1.414285881928793742e+03
1.458833500892958455e+03
1.504038027021006883e+03
1.687687775542071222e+03
1.778736302553235873e+03
1.849914511998061926e+03
1.913012449468510340e+03
1.974116904428306498e+03
2.036550682298877518e+03
2.102223414458594561e+03
2.169893723301282989e+03
2.246371427864696670e+03
2.332920627870799763e+03
2.429522173741793722e+03
2.513854158565302441e+03
2.581498867366895411e+03
2.642664843482463766e+03
2.700201312506122576e+03
2.755540094831302667e+03
2.809799518290419655e+03
2.875852803872726327e+03
2.955947104297090846e+03
3.041474788133514267e+03
3.127766440111973679e+03
3.190381832495384515e+03
3.247293722051373607e+03
3.301264960111542223e+03
3.353314651549700102e+03
3.412888310511727013e+03
3.493251280454582229e+03
3.577469632532845935e+03
3.664001684784645477e+03
3.739691685791414329e+03
3.785039311211396125e+03
3.831677779519594424e+03
3.878249803015823090e+03
3.942269562265697459e+03
4.026229281715298384e+03
4.112919108160409451e+03
4.200769398178750635e+03
4.289107699523542578e+03
4.318825992639447577e+03
4.353240475678442635e+03
1.174752390869934970e+03
1.207874461161110958e+03
1.243156049437201546e+03
1.280439267123307218e+03
1.319504353581771738e+03
1.360114577321769275e+03
1.402043739098369770e+03
1.445099953083643868e+03
1.489044244873490243e+03
1.533659887239651653e+03
1.724926178712730234e+03
1.816192256313313010e+03
1.886505942875220853e+03
1.948185508544120694e+03
2.007532949073824057e+03
2.068301608434275295e+03
2.129523843730987210e+03
2.196494540583541038e+03
2.275256095957379330e+03
2.363339660766930137e+03
2.461617284005009424e+03
2.543765768796276461e+03
2.609247583044378644e+03
2.667809639767766384e+03
2.722440285980973840e+03
2.774663915006022762e+03
2.828370534339084315e+03
2.902311407348954162e+03
2.982801701299796605e+03
3.068042700852554844e+03
3.152976244813886296e+03
3.213854805946763918e+03
3.268541507655751957e+03
3.320089774596033294e+03
3.369900133741462469e+03
3.438899036164626523e+03
3.519170961575349793e+03
3.602745153885675791e+03
3.688264819897105554e+03
3.760372088903603981e+03
3.804846573387873832e+03
3.849276094058642229e+03
3.893621743302376672e+03
3.968630959555598565e+03
4.052181416271665512e+03
4.138014846681655399e+03
4.224841351613594270e+03
4.312333522307069870e+03
4.336343507458686872e+03
4.369134643297180446e+03
1.241946792470177115e+03
1.276284461917804038e+03
1.312696683600332790e+03
1.350956686440410067e+03
1.390823483560728391e+03
1.432101704249497971e+03
1.474523827303753023e+03
1.517859220936795509e+03
1.561975855218918696e+03
1.762485849091191085e+03
1.853958079896589879e+03
1.923000090900652367e+03
1.983165943854909301e+03
2.040842598423160553e+03
2.097880003029131785e+03
2.154101936262869003e+03
2.223427348686414462e+03
2.303862859121554266e+03
2.392555457689084506e+03
2.491724140058129706e+03
2.571991692184089061e+03
2.635136521058134349e+03
2.691156164929138413e+03
2.743020600782359907e+03
2.792404803697693296e+03
2.853629265721318006e+03
2.928162102587615209e+03
3.008677073419128646e+03
3.093295146040711188e+03
3.177013088797983983e+03
3.236191453191938763e+03
3.288941515561823962e+03
3.338123985079619160e+03
3.388832105576223512e+03
3.464313244356894756e+03
3.544164429212296454e+03
3.627056715367602010e+03
3.711831939601408067e+03
3.780372327447414591e+03
3.823773426802542417e+03
3.866638172430257328e+03
3.914387412935292559e+03
3.994230112267666755e+03
4.077342180892939723e+03
4.162275112114877629e+03
4.248367927719360523e+03
4.334788808217227597e+03
4.353711853079835237e+03
4.384780826189220534e+03
1.307819627129909350e+03
1.343400119959357653e+03
1.380885251802621497e+03
1.420084911915885868e+03
1.460706132008531767e+03
1.502508246748389183e+03
1.545323673515662904e+03
1.588898219404013616e+03
1.800520136501155093e+03
1.892105947909973565e+03
1.960191419141789311e+03
2.018622741773028793e+03
2.074312790104757369e+03
2.120675751150930409e+03
2.179071940769224511e+03
2.250107760344906637e+03
2.331665840280008524e+03
2.420497298170917475e+03
2.520086941833932542e+03
2.598520105901680836e+03
2.659450291981253486e+03
2.712940693865632966e+03
2.762034123822808397e+03
2.810383118035942061e+03
2.878422204841548592e+03
2.953321696969981531e+03
3.033685222954102755e+03
3.117559887107582654e+03
3.200145131888431933e+03
3.257596088756372410e+03
3.308292982358825611e+03
3.355579130917504699e+03
3.413754751106747790e+03
3.489235939238071296e+03
3.568627800138904604e+03
3.650720574373029194e+03
3.734630738623844081e+03
3.800251256465880942e+03
3.842080879248496331e+03
3.883432057950019498e+03
3.940050100162861327e+03
4.019627354235001349e+03
4.102055904916030158e+03
4.186153562941954078e+03
4.271542286632509786e+03
4.356923293936312803e+03
4.370302732569394720e+03
4.400646154930174816e+03
1.372523037952237928e+03
1.409329043978490745e+03
1.447854052242200851e+03
1.487851026248308244e+03
1.529119091961117874e+03
1.571391610030860193e+03
1.614508263022621350e+03
1.839948097154538345e+03
1.931706156507255173e+03
1.998323779239640999e+03
2.054777318069594912e+03
2.096961288739819793e+03
2.143824993731805080e+03
2.204038153114019678e+03
2.276338015781402646e+03
2.358359614489555042e+03
2.447031032392114867e+03
2.547038104087394458e+03
2.623542363421383925e+03
2.682426010292248975e+03
2.733406067082469690e+03
2.779606470052111945e+03
2.834125739799877920e+03
2.902683712739822113e+03
2.977678626789271220e+03
3.057547491058664491e+03
3.140750911871834433e+03
3.222401945233280003e+03
3.278361602184561889e+03
3.327099333597222540e+03
3.372005130033106070e+03
3.438155708107930877e+03
3.513361569444272391e+03
3.592256762631061065e+03
3.673787595619091007e+03
3.756640232236090014e+03
3.819540446163168326e+03
3.860007125862507564e+03
3.899419942855545287e+03
3.965037262342708345e+03
4.044317761115004942e+03
4.126023421341451467e+03
4.209529023355618847e+03
4.293992771342325796e+03
4.378695768119878267e+03
4.386844341607482420e+03
4.415438070468026126e+03
1.436258539258295968e+03
1.474158518895271982e+03
1.513613000944149462e+03
1.554342919973308426e+03
1.596150724466061320e+03
1.638801693313305123e+03
1.881343513438442187e+03
1.973283445147026896e+03
2.038181770007984596e+03
2.082894928155339130e+03
2.118502381783809597e+03
2.167040056404471216e+03
2.228601517542100737e+03
2.301797080759992696e+03
2.383964675916814031e+03
2.472225688603102299e+03
2.572539549617407829e+03
2.647408622715290221e+03
2.704116579843901491e+03
2.752614153416334375e+03
2.796255785833889604e+03
2.857414033457709138e+03
2.926353614890196695e+03
3.001331423545052530e+03
3.080736368549019971e+03
3.163134025411136918e+03
3.243912212588881630e+03
3.298286356889650506e+03
3.345264038425798390e+03
3.391670983674302988e+03
3.462155818192525658e+03
3.537058061071918928e+03
3.615340248579559102e+03
3.696191793336108276e+03
3.778332935733715203e+03
3.838445219813212134e+03
3.877716721524200693e+03
3.915641736303740345e+03
3.989853909530664623e+03
4.068601265638530094e+03
4.149639986289385888e+03
4.232568939412974942e+03
4.316122910477989535e+03
4.387534989287090866e+03
4.403356504707158820e+03
4.437582088910785387e+03
1.499079633023716724e+03
1.538004217361910378e+03
1.578265601910106398e+03
1.619620633091980835e+03
1.661879390097145006e+03
1.926559907387061230e+03
2.018161613980307266e+03
2.077596189772637445e+03
2.103000454501813692e+03
2.140126881840280475e+03
2.190093918206599028e+03
2.252668715009187054e+03
2.326289937264560194e+03
2.408426761151886694e+03
2.496218866017915389e+03
2.596842088767660243e+03
2.670155528694039276e+03
2.724745132783405097e+03
2.770717996817710628e+03
2.817843638112752160e+03
2.880244176106762097e+03
2.949358744348061009e+03
3.024024804511393540e+03
3.102972581340502984e+03
3.184695788379125588e+03
3.264832589507721877e+03
3.317628124492592178e+03
3.362801443623583964e+03
3.415125479532010559e+03
3.485456327801133739e+03
3.560019505196606588e+03
3.637894328133319959e+03
3.717876127390052716e+03
3.799342425935528809e+03
3.857055765488606085e+03
3.895157910144578636e+03
3.938808652735398937e+03
4.014034034190702187e+03
4.092214232275910035e+03
4.172786039118309418e+03
4.254926701196502108e+03
4.337881587294176825e+03
4.402093195153751367e+03
4.419381565994222910e+03
4.463028961594023713e+03
1.561102949475725836e+03
1.600928563732621114e+03
1.641894016614481643e+03
1.713745517306128477e+03
1.978631485805098009e+03
2.068996071238352215e+03
2.096329246665192841e+03
2.123203625690506669e+03
2.161628803781507486e+03
2.212715084327341174e+03
2.276043864420840691e+03
2.349858286457701524e+03
2.431767235506128145e+03
2.519014602079762881e+03
2.620210147900013453e+03
2.691927874437866649e+03
2.744476851996364530e+03
2.787991532832514167e+03
2.839762791275410564e+03
2.902569703204764210e+03
2.971781875318024049e+03
3.046164844006647400e+03
3.124519600172117862e+03
3.205591569983806949e+03
3.285097459619095844e+03
3.336537194594514403e+03
3.379736513147503501e+03
3.438241623831463585e+03
3.508399558779652580e+03
3.582510547010018854e+03
3.659868550524223792e+03
3.739268967401260852e+03
3.819857790556284726e+03
3.875339043614185357e+03
3.912435166929030402e+03
3.963015611032922607e+03
4.037835965559967462e+03
4.115497922674284382e+03
4.195607360217394671e+03
4.276961571702158835e+03
4.359119266073013932e+03
4.417414022873519571e+03
4.435331868253957509e+03
4.488082386876997589e+03
1.622410995272389073e+03
1.663022423396114391e+03
1.757921541798016278e+03
2.043352534628723788e+03
2.096943197662907551e+03
2.115293919079469561e+03
2.143336336488192046e+03
2.182902737658384467e+03
2.234835946087262073e+03
2.298595050854762121e+03
2.372502526100642172e+03
2.454094100723673364e+03
2.540737241385227208e+03
2.642673984061108058e+03
2.712872106243555208e+03
2.763297770093548024e+03
2.805015319801998430e+03
2.861283963465410579e+03
2.924334354761853774e+03
2.993392498148537470e+03
3.067502955822827971e+03
3.145349648483169858e+03
3.225854876932809930e+03
3.304945147653540971e+03
3.354961281141182553e+03
3.396499143980282497e+03
3.460737261980711992e+03
3.530687344736993509e+03
3.604520170199741187e+03
3.681181808819779235e+03
3.760020655077596984e+03
3.840004543995224140e+03
3.893396270452129102e+03
3.928902480332261803e+03
3.986644786879276580e+03
4.061035967342536878e+03
4.138341398087235575e+03
4.217790038504761469e+03
4.298617793618631367e+03
4.380100832810627253e+03
4.433166915178127965e+03
4.450908246520334615e+03
4.512826992188115582e+03
1.683068002753429710e+03
1.819885370541904877e+03
2.102621449858274445e+03
2.114679242631571469e+03
2.134181359025117672e+03
2.163235151100661824e+03
2.203765797518505678e+03
2.256349972991879440e+03
2.320354153441573544e+03
2.394197085245941707e+03
2.475431232682865812e+03
2.561587008539088856e+03
2.664288897226143490e+03
2.733089568808721197e+03
2.781494720089982366e+03
2.825680643663629780e+03
2.882369529881447306e+03
2.945603709123281078e+03
3.014528223755317413e+03
3.088238813082843990e+03
3.165604726208054217e+03
3.245463990643530451e+03
3.324332857865357710e+03
3.373075326866825435e+03
3.417701345589636730e+03
3.482926957863112875e+03
3.552560405404925859e+03
3.626020053292339071e+03
3.702215137011123716e+03
3.780314489401330320e+03
3.859753777437914778e+03
3.911084268511524897e+03
3.945565156886397290e+03
4.009917918845305394e+03
4.083922670244967776e+03
4.160867968386330176e+03
4.239647480871457446e+03
4.319779637877858477e+03
4.400746187252498203e+03
4.448970622630582511e+03
4.466475181237925426e+03
4.536988499702635636e+03
2.111298724983837928e+03
2.119487159982242247e+03
2.132527596556249591e+03
2.152916979383705439e+03
2.182884102977754992e+03
2.224136696662466420e+03
2.277163538831498499e+03
2.341365470329000800e+03
2.415022717214571458e+03
2.495839701926171529e+03
2.581554413332477452e+03
2.685227717805057182e+03
2.752686823214774904e+03
2.799146528816364480e+03
2.845993958891713191e+03
2.902972868233063764e+03
2.966183513023406249e+03
3.034989754710674788e+03
3.108338759611214300e+03
3.185278893293689180e+03
3.264566509360220152e+03
3.343374343921936088e+03
3.390822558105321150e+03
3.439406067364929186e+03
3.504527233642386363e+03
3.573987120430817413e+03
3.646907518050732961e+03
3.722646227115154488e+03
3.800240759587957655e+03
3.879106836923207993e+03
3.928587523394240634e+03
3.962267812970033447e+03
4.032652336543181264e+03
4.106395793286765183e+03
4.182799610828011282e+03
4.261121123277835977e+03
4.340667399554901749e+03
4.421170652086286282e+03
4.464674515549239004e+03
4.484138966093743875e+03
4.560932891663763257e+03
2.153056999652989361e+03
2.167630807996149088e+03
2.189517239526431695e+03
2.220946410293945519e+03
2.263208914926532998e+03
2.316800543041539640e+03
2.381002135799223652e+03
2.454225530528804484e+03
2.534369530660376313e+03
2.619103052690769800e+03
2.725475804944626361e+03
2.790434783185229207e+03
2.834394936317124120e+03
2.885431904946372924e+03
2.942728133621139477e+03
3.005926047807053692e+03
3.074268505456888761e+03
3.146990727204270570e+03
3.222981568660824905e+03
3.301344579669124414e+03
3.380512444249008240e+03
3.425275117706296442e+03
3.481741136675889720e+03
3.546566658213311257e+03
3.615379624464382687e+03
3.687574315529813248e+03
3.762296040547002121e+03
3.838921812880860671e+03
3.916812582488227690e+03
3.963202066869748705e+03
4.007201342969467987e+03
4.077132711233307418e+03
4.150173266769873408e+03
4.225626861463236310e+03
4.302852175246180195e+03
4.381525653803974819e+03
4.460785768693231148e+03
4.496218446238979595e+03
4.531427229547060051e+03
4.607451086415277132e+03
2.201560569878950901e+03
2.224711550058981629e+03
2.257052258691874158e+03
2.299956214920005095e+03
2.353742981424350091e+03
2.417814433848244335e+03
2.490596534423736557e+03
2.569982545577486690e+03
2.654035974668627205e+03
2.764124037095937638e+03
2.826577896794653952e+03
2.871722342159068376e+03
2.923174995544013200e+03
2.980631798815032653e+03
3.043615827211767282e+03
3.111576667159917633e+03
3.183606271500366802e+03
3.258860022163354643e+03
3.336429908847073875e+03
3.416687505368595339e+03
3.462472911761591604e+03
3.522472879159349759e+03
3.586880159937112694e+03
3.655139679160809465e+03
3.726532286426147948e+03
3.800431347044864197e+03
3.876213323034226960e+03
3.953300246367694854e+03
3.997115710059377307e+03
4.050713019730267206e+03
4.120117697062041771e+03
4.192408563411079740e+03
4.266907474830607498e+03
4.343377086877874717e+03
4.420915979910826536e+03
4.499422738798153659e+03
4.527113749680302135e+03
4.577228671416431098e+03
4.652581338150420379e+03
2.258098077500625095e+03
2.291110804720382475e+03
2.334348502180778269e+03
2.388266895324010875e+03
2.452105097011306952e+03
2.524348910047631762e+03
2.603237824817659657e+03
2.686746371535593426e+03
2.801720681715630690e+03
2.861795077923090048e+03
2.907540368541553107e+03
2.959264218405286101e+03
3.016705265103855709e+03
3.079513331569094589e+03
3.147021648467095019e+03
3.218497944120597367e+03
3.293112618071984343e+03
3.370034147804210988e+03
3.452074694522357277e+03
3.501869627046576170e+03
3.561643457638920609e+03
3.625642021877565639e+03
3.693299060319394812e+03
3.764010606585291043e+03
3.837195839420562152e+03
3.912269391974265091e+03
3.990493605813464455e+03
4.030340123627748653e+03
4.092814332001825278e+03
4.161615745720436280e+03
4.233087336708395014e+03
4.306974908875701658e+03
4.382419021327486917e+03
4.459285290241543407e+03
4.536853623389361928e+03
4.557893245024290081e+03
4.621687949121986094e+03
4.696312072303538116e+03
2.323073049261614869e+03
2.366657542296543397e+03
2.420521467793899319e+03
2.484036926689131633e+03
2.555969423142091728e+03
2.634413539177624443e+03
2.717479618155693970e+03
2.838971320880530129e+03
2.895785754765450292e+03
2.941860464017088816e+03
2.993711996371251189e+03
3.051136899125433047e+03
3.113707561862760485e+03
3.180837551470152903e+03
3.251831371713443787e+03
3.325917834628472065e+03
3.402320813720647948e+03
3.486970652209075070e+03
3.539854193146088619e+03
3.599335447310165819e+03
3.662911952384161850e+03
3.730020674616849192e+03
3.800144037253820898e+03
3.872720712887055925e+03
3.947026483369312245e+03
4.025350165056526748e+03
4.068415635492200181e+03
4.133488322825714931e+03
4.201633129043357258e+03
4.272593889230206514e+03
4.345576371605033273e+03
4.420424112965827590e+03
4.496417330179549936e+03
4.573339420290149064e+03
4.593202681578926786e+03
4.664795137638253436e+03
4.738712065699556661e+03
2.396902182625785827e+03
2.450643617957354763e+03
2.514040009094639117e+03
2.585636919370219402e+03
2.663729839927902503e+03
2.746556955151024340e+03
2.876703062740065434e+03
2.928410817217591557e+03
2.974699108144798629e+03
3.026644182410843314e+03
3.084015985374704542e+03
3.146365944840616976e+03
3.213166891506782576e+03
3.283759365818928927e+03
3.357420316738948713e+03
3.442160121133861139e+03
3.521653439656622595e+03
3.576426938868997240e+03
3.635644369880837075e+03
3.698793340248843379e+03
3.765432232386699980e+03
3.835049038851822843e+03
3.906946778427571644e+03
3.980750174694745510e+03
4.059586944463188047e+03
4.108198814408986436e+03
4.172764411435119655e+03
4.240491258890440804e+03
4.310667870358466644e+03
4.383129930169530780e+03
4.457176888208377932e+03
4.532579857189886752e+03
4.608869036542111644e+03
4.635611790474784357e+03
4.706609191060288140e+03
4.779949598902579055e+03
2.479029849523105440e+03
2.542206652944419147e+03
2.613558485051436946e+03
2.691457754193606434e+03
2.774144236914331486e+03
2.916029908973255260e+03
2.959684811681068823e+03
3.006126111248061079e+03
3.058165152939510335e+03
3.115448099496339637e+03
3.177612908260746735e+03
3.244140549738022855e+03
3.314409245135518177e+03
3.387698776225137408e+03
3.482552446512617280e+03
3.557079139196485812e+03
3.611723849942274683e+03
3.670618695645182015e+03
3.733405088635532593e+03
3.799637924846277201e+03
3.868669073078183828e+03
3.940126580356406521e+03
4.013489631064317564e+03
4.093479618014308926e+03
4.146672516534816168e+03
4.210900838086738077e+03
4.277962085710576503e+03
4.347693126609535284e+03
4.419432144997937939e+03
4.492946982344086791e+03
4.567754307251549108e+03
4.636826831770312310e+03
4.676773034687630570e+03
4.747282466758990267e+03
4.819799041504160414e+03
2.568740903892324241e+03
2.639958104238662600e+03
2.717747469572851060e+03
2.800406683520929619e+03
2.948718158710277294e+03
2.989631489852601135e+03
3.036273694375947343e+03
3.088324443275114390e+03
3.145547315226375304e+03
3.207561034404767270e+03
3.273870908274573594e+03
3.343846496290533196e+03
3.416975005630326905e+03
3.519744467364083903e+03
3.591332955346918425e+03
3.645742776692552070e+03
3.704368088326803445e+03
3.766843000206452871e+03
3.832584937775430717e+03
3.901241258970561830e+03
3.972308870936917629e+03
4.045213472076290600e+03
4.127151494032932533e+03
4.184028619992910535e+03
4.247704317063406052e+03
4.314391469477209284e+03
4.383480973171642290e+03
4.454747941896091106e+03
4.527710580907192707e+03
4.601995626576831455e+03
4.666774810742236696e+03
4.716821124982507172e+03
4.786609508030480356e+03
4.858611595447680884e+03
2.664974775185067756e+03
2.742746623856320184e+03
2.825467607897427115e+03
2.977243008487549560e+03
3.018418803262577512e+03
3.065138600815420432e+03
3.117228626190957584e+03
3.174409139676381074e+03
3.236309140452650354e+03
3.302411886792507175e+03
3.372297041276972777e+03
3.445168731914312048e+03
3.556624273119418831e+03
3.624362590041864678e+03
3.678582733039588675e+03
3.736983550458555328e+03
3.799059026300566529e+03
3.864492236920564665e+03
3.932813535943235365e+03
4.003457778173917177e+03
4.076057201258061014e+03
4.160961246550004944e+03
4.220115198396512824e+03
4.283481917749841159e+03
4.349609023977298421e+03
4.418286200408783770e+03
4.489049451007665994e+03
4.561526433412466758e+03
4.635350549246779337e+03
4.697127556552247370e+03
4.755573883669940187e+03
4.824911123736574154e+03
4.896410881202848032e+03
2.766572822301636734e+03
2.849415003330790569e+03
3.004713267755701509e+03
3.045995694091689074e+03
3.092823464822407914e+03
3.144959740506134949e+03
3.202121096196937742e+03
3.263900522576581352e+03
3.329988332569157137e+03
3.399667789235206328e+03
3.472505149456309482e+03
3.593641806128132885e+03
3.656266198072066800e+03
3.710333508346911003e+03
3.768420429216088905e+03
3.830252096693050134e+03
3.895406993872608382e+03
3.963345221627732826e+03
4.033734109164836809e+03
4.106091750212877741e+03
4.195380811973403070e+03
4.255202472368964663e+03
4.318081597593154584e+03
4.383854274377181355e+03
4.452079727669908607e+03
4.522397739233187167e+03
4.594442333292629883e+03
4.667910441136136797e+03
4.727572631118488061e+03
4.793317399661382296e+03
4.862203358386555919e+03
4.933048050461169623e+03
2.872416255338154770e+03
3.031035213789980844e+03
3.072463333081595920e+03
3.119400282365156727e+03
3.171595175036381988e+03
3.228730430059202263e+03
3.290556925818908894e+03
3.356499250673796269e+03
3.426183269978781937e+03
3.498929182351002964e+03
3.631237578240510629e+03
3.687124888843102326e+03
3.740955850623179231e+03
3.798858189931568177e+03
3.860467666415612257e+03
3.925282496312021976e+03
3.993020485498518610e+03
4.063173974259142597e+03
4.135252597742908620e+03
4.229736164845727217e+03
4.289143344707650613e+03
4.351723964213259023e+03
4.417098434837464993e+03
4.484922275995866585e+03
4.554841108332449949e+03
4.626545040695633361e+03
4.699571757878599783e+03
4.764014010528566359e+03
4.830059967560790028e+03
4.898373852017803983e+03
4.968775337574230434e+03
3.056312443442627227e+03
3.097884006021379719e+03
3.144936071879632891e+03
3.197163703819805960e+03
3.254411857704680187e+03
3.316172487353399447e+03
3.382163439097071205e+03
3.451790112133327057e+03
3.524537703348371906e+03
3.667544485662959687e+03
3.716908309161944999e+03
3.770607452872450267e+03
3.828339906209212586e+03
3.889652758777890540e+03
3.954326401823371725e+03
4.021838887287577109e+03
4.091747916441396228e+03
4.163719900707254055e+03
4.262979019841759509e+03
4.322140921133528536e+03
4.384382741248714410e+03
4.449400913249260157e+03
4.516861884573389943e+03
4.586458765524039336e+03
4.657754680480014031e+03
4.730512983591030206e+03
4.800171777734954958e+03
4.865728678855951330e+03
4.933632850984300603e+03
5.003567698912796914e+03
3.122320158384727620e+03
3.169442996397008756e+03
3.221861554409810196e+03
3.279099359836023723e+03
3.340953909592708442e+03
3.406931323778929254e+03
3.476583540353325589e+03
3.549399395461151471e+03
3.696477380088932478e+03
3.745752605743645745e+03
3.799329034391576442e+03
3.856805913550111200e+03
3.918038649389693092e+03
3.982498395332561813e+03
4.049807824491399060e+03
4.119611765700614342e+03
4.191375575333089728e+03
4.295321029223462574e+03
4.354184438237278300e+03
4.416114729709188396e+03
4.480808309244241173e+03
4.547988163608515606e+03
4.617196182256508109e+03
4.688228010217886549e+03
4.760725314733309460e+03
4.835309982016892718e+03
4.900488401196786072e+03
4.967966854930711634e+03
5.037477352929319750e+03
3.193142518514529456e+03
3.245594473662299151e+03
3.302969378946191682e+03
3.364859767045531953e+03
3.430894866313343300e+03
3.500630040946428380e+03
3.573487043422587703e+03
3.724503927707924504e+03
3.773695805583073707e+03
3.827053487041095195e+03
3.884511144682977829e+03
3.945541528351418947e+03
4.009845409879733779e+03
4.077054762866674537e+03
4.146666622343162999e+03
4.218384339906929199e+03
4.326726249539209675e+03
4.385320975551347146e+03
4.446965042724238629e+03
4.511401648635597667e+03
4.578214802882333061e+03
4.647186146219948569e+03
4.717955644184205994e+03
4.790221737982960803e+03
4.869544391658540917e+03
4.934337628756421509e+03
5.001427233342012187e+03
5.070534969012656802e+03
3.268532196899427618e+03
3.325991037110512480e+03
3.387975856476586159e+03
3.454116871887122215e+03
3.523911767136308299e+03
3.596910233840322690e+03
3.751660590530676473e+03
3.800665432079320453e+03
3.854061759548181726e+03
3.911326010877231965e+03
3.972251466961417464e+03
4.036462261153875261e+03
4.103497041712120335e+03
4.173060278883109277e+03
4.244723551570194104e+03
4.357247624558945972e+03
4.415593089936486649e+03
4.477004057795467816e+03
4.541117353797486430e+03
4.607706214459603871e+03
4.676416898021914676e+03
4.746982297364405895e+03
4.819049432693401286e+03
4.902886415925373512e+03
4.967326125983908241e+03
5.034043114564556163e+03
5.102805651906555795e+03
3.348243165571802820e+03
3.410361360831352158e+03
3.476589339507913792e+03
3.546530205125876819e+03
3.619694663490153289e+03
3.777867768103279559e+03
3.826965628938641203e+03
3.880173859462796827e+03
3.937386756193618567e+03
3.998226437084375448e+03
4.062284244953367761e+03
4.129276088713257195e+03
4.198785443448009573e+03
4.287344699628252783e+03
4.386925349837601971e+03
4.445059153271828109e+03
4.506193604079251600e+03
4.570095835027939756e+03
4.636428283444190129e+03
4.704966813073416233e+03
4.775325042510079584e+03
4.847229189111070809e+03
4.935383817580011964e+03
4.999481394612947042e+03
5.065865777793447705e+03
5.134249186562519753e+03
3.432016770307101524e+03
3.498402781209929344e+03
3.568510999599875049e+03
3.641780565982032385e+03
3.803456894606911192e+03
3.852366535402566114e+03
3.905577037921048031e+03
3.962710559935407673e+03
4.023421569749365517e+03
4.087444960403614914e+03
4.154387513147947175e+03
4.223872189567582609e+03
4.341017675761047940e+03
4.415803948679489622e+03
4.473709582711999246e+03
4.534646426284753943e+03
4.598324324350223833e+03
4.664494652421089995e+03
4.732820752920442828e+03
4.803015534819696768e+03
4.892251310899664531e+03
4.967062459835580739e+03
5.030839134042147634e+03
5.096882224077702631e+03
5.164984377787009180e+03
3.519584508507323335e+03
3.589805948628613805e+03
3.663397962203341194e+03
3.828141684570733560e+03
3.877107858025416135e+03
3.930242504415762596e+03
3.987273569693747504e+03
4.047960288926495650e+03
4.111942372596588029e+03
4.178861808434381601e+03
4.248348350115695212e+03
4.387175619183904018e+03
4.443906955094606019e+03
4.501626417732623850e+03
4.562343696823289974e+03
4.625874582702565021e+03
4.691855257708513818e+03
4.760021007194834056e+03
4.830082927603636563e+03
4.933195446165174872e+03
4.997940461839391901e+03
5.061416520844048136e+03
5.127205279609982426e+03
5.195032143645817996e+03
3.610631254042827095e+03
3.684349241968428032e+03
3.852222663056959846e+03
3.901112439326358071e+03
3.954169607125639232e+03
4.011186921011963932e+03
4.071843067794047784e+03
4.135807243189014116e+03
4.202727505511435083e+03
4.272236960005430774e+03
4.416994970895557344e+03
4.471278730396350511e+03
4.528783045215806851e+03
4.589399137157055520e+03
4.652737621843562010e+03
4.718564189175996944e+03
4.786598455707394351e+03
4.856548667712724637e+03
4.967365356057923236e+03
5.028084749675663261e+03
5.091318195915131582e+03
5.156833337614442826e+03
5.224332065682789107e+03
3.704867736469098418e+03
3.875568321942581861e+03
3.924405194827377272e+03
3.977458688193605667e+03
4.034456236524445558e+03
4.095101432777786158e+03
4.159068466030882519e+03
4.225999387067247881e+03
4.295573669364916896e+03
4.443817793402893585e+03
4.497888016679061366e+03
4.555339772469230411e+03
4.615760686686049667e+03
4.678953549878473495e+03
4.744652642909942188e+03
4.812574083742475523e+03
4.882401858679335419e+03
4.997049013224625014e+03
5.057540711273430134e+03
5.120517873808597869e+03
5.185721881752117042e+03
5.253009751836507348e+03
3.898229272503418542e+03
3.947070226186157470e+03
4.000115682901404398e+03
4.057110752487901209e+03
4.117762985494142413e+03
4.181730392605583802e+03
4.248739304183225613e+03
4.318369361144143113e+03
4.469874107258807271e+03
4.523943807935705991e+03
4.581196875394238305e+03
4.641482100001388972e+03
4.704553476724840948e+03
4.770141436791318483e+03
4.837926440621054098e+03
4.907737143441554508e+03
5.026072722542071460e+03
5.086305005612601235e+03
5.148989892467968275e+03
5.213990562818700710e+03
5.281035979098224743e+03
3.969118750372881095e+03
4.022170747900348033e+03
4.079178072898973824e+03
4.139821773484419282e+03
4.203885009553903728e+03
4.270932559112227864e+03
4.340586656112529454e+03
4.495430251506910281e+03
4.549294324472255539e+03
4.606422925850031788e+03
4.666594068403632264e+03
4.729558233284937160e+03
4.794997566414522225e+03
4.862774815585295073e+03
4.932569904440210848e+03
5.054395978994844882e+03
5.114356189905598512e+03
5.176845811371919808e+03
5.241603027120199840e+03
5.308492686941524880e+03
4.043650564480687535e+03
4.100639968406413573e+03
4.161401738431703052e+03
4.225488225342536680e+03
4.292539569086776282e+03
4.362432814069548840e+03
4.520274961707054899e+03
4.574025328607594929e+03
4.631048118748705747e+03
4.691117221857899494e+03
4.753921990409822683e+03
4.819366014227464802e+03
4.887129331936305789e+03
4.956888974985235109e+03
5.082023667248671700e+03
5.141796371819394153e+03
5.204042327615044087e+03
5.268669071033941691e+03
5.335354191691458254e+03
4.121655534979531694e+03
4.182425778585356056e+03
4.246498178064037347e+03
4.313801604225956908e+03
4.383739290820609313e+03
4.544512868062935013e+03
4.598164676642423728e+03
4.655091465872263143e+03
4.714992071204756940e+03
4.777816841121975813e+03
4.843251521672428680e+03
4.910961584872817184e+03
4.980638709572509470e+03
5.109046076000020548e+03
5.168575232739738567e+03
5.230715971244171669e+03
5.295129530288289970e+03
5.361645584346201758e+03
4.202851092776390942e+03
4.267192183710018071e+03
4.334516621784485324e+03
4.404586088579868374e+03
4.568168978082600006e+03
4.621732578018978529e+03
4.678504803037099919e+03
4.738419216225283890e+03
4.801241198285109022e+03
4.866606477592333249e+03
4.934227320772173698e+03
5.003945102934053466e+03
5.135406519057321930e+03
5.194856913010568860e+03
5.256780013114563189e+03
5.321028658210878348e+03
5.387362508166340376e+03
4.287332642767974903e+03
4.354776246835301208e+03
4.424990467262332459e+03
4.591266157884476343e+03
4.644659560260747639e+03
4.701446010902700436e+03
4.761389690833256282e+03
4.824127727026714638e+03
4.889399753777035585e+03
4.957051103385740134e+03
5.026763888725030483e+03
5.161297437172208447e+03
5.220526067212193993e+03
5.282287686530485189e+03
5.346340733936658580e+03
5.412654460976011251e+03
4.374597445768751641e+03
4.444967810208730953e+03
4.613712737511534215e+03
4.667149408981988017e+03
4.723970838996982820e+03
4.783815804133397251e+03
4.846458972584143339e+03
4.911753137649538075e+03
4.979391519456141395e+03
5.049182628304216450e+03
5.186573415181626842e+03
5.245644876661071976e+03
5.307197678158127019e+03
5.371258935665136960e+03
5.437339958418404422e+03
4.464447442430509909e+03
4.635757184303987742e+03
4.689234472917731182e+03
4.745942877515345572e+03
4.805695148551507373e+03
4.868353165918617378e+03
4.933629103220366233e+03
5.001329891706163835e+03
5.071145014822729536e+03
5.211306464076834345e+03
5.270154715846763793e+03
5.331747294829889142e+03
5.395550656679934036e+03
5.461581869831597942e+03
4.657411573863070771e+03
4.710762221004382809e+03
4.767379106311122086e+03
4.827140036791845887e+03
4.889777863405870448e+03
4.955100302851605193e+03
5.022816537875773065e+03
5.092687912342285927e+03
5.235419040914205652e+03
5.294341588669411067e+03
5.355650192982855515e+03
5.419421578980644881e+03
5.485344996356599950e+03
4.731764299098889751e+03
4.788385621719199662e+03
4.848125431971789112e+03
4.910794318621854472e+03
4.976125999078143650e+03
5.043886231538526772e+03
5.113743127815597290e+03
5.259248847677739832e+03
5.317860396972762828e+03
5.379158297495133411e+03
5.442806706301315899e+03
5.508652837516482577e+03
4.808943053764125580e+03
4.868698429350634797e+03
4.931372445377604890e+03
4.996738133704358916e+03
5.064493819164867091e+03
5.134596093370001654e+03
5.282387618811676475e+03
5.341013600623940874e+03
5.402173155839996980e+03
5.465739529617096196e+03
5.531518292573096915e+03
4.888841720889958196e+03
4.951541413453498535e+03
5.016876987534006730e+03
5.084853716810015612e+03
5.249423883521223615e+03
5.305193761451270802e+03
5.363664872554510112e+03
5.424739069717687016e+03
5.488232769905656824e+03
5.553956952640104646e+03
4.971225106485183460e+03
5.036797060171866178e+03
5.104674286638464764e+03
5.271890470992080736e+03
5.327488614132942530e+03
5.385871822022108972e+03
5.446869104068355227e+03
5.510302074178541261e+03
5.575981957764899562e+03
5.056161511665399303e+03
5.124261152767608110e+03
5.293836141610223422e+03
5.349344314035870411e+03
5.407647237695235162e+03
5.468578572449539934e+03
5.531960804972487495e+03
5.597604917481919983e+03
5.143438625580833104e+03
5.315347903501444307e+03
5.370773393742699227e+03
5.429006464715969742e+03
5.489880966391474431e+03
5.553220323105177158e+03
5.618839357551148169e+03
5.336438934131039787e+03
5.391790998161774951e+03
5.449961606491397106e+03
5.510787777414856464e+03
5.574093894201185321e+03
5.639696380678979949e+03
5.412408537865764629e+03
5.470526056218510348e+03
5.531311670266441979e+03
5.594592863666217454e+03
5.660142866388438051e+03
5.490710181298985844e+03
5.551464079807861708e+03
5.614685266346922617e+03
5.680225307779397554e+03
5.571168098626362735e+03
5.634397418726257456e+03
5.700082564122261829e+03
5.653924804096373009e+03
5.719563586568750907e+03
5.738690293595544063e+03
