1.040000000000000000e+02
2.200000000000000000e+02
1.980000000000000000e+02
2.280000000000000000e+02
1.210000000000000000e+02
2.090000000000000000e+02
8.800000000000000000e+01
1.400000000000000000e+02
6.900000000000000000e+01
1.840000000000000000e+02
2.640000000000000000e+02
2.110000000000000000e+02
3.900000000000000000e+01
1.550000000000000000e+02
2.230000000000000000e+02
2.450000000000000000e+02
2.700000000000000000e+01
7.900000000000000000e+01
8.900000000000000000e+01
2.260000000000000000e+02
6.300000000000000000e+01
2.180000000000000000e+02
2.180000000000000000e+02
1.100000000000000000e+01
1.870000000000000000e+02
1.830000000000000000e+02
1.840000000000000000e+02
1.950000000000000000e+02
2.150000000000000000e+02
2.170000000000000000e+02
2.170000000000000000e+02
1.080000000000000000e+02
3.320000000000000000e+02
4.900000000000000000e+02
6.720000000000000000e+02
4.780000000000000000e+02
4.950000000000000000e+02
2.740000000000000000e+02
4.700000000000000000e+02
3.660000000000000000e+02
3.310000000000000000e+02
1.310000000000000000e+02
1.300000000000000000e+02
7.520000000000000000e+02
2.725000000000000000e+03
2.460000000000000000e+02
5.470000000000000000e+02
1.710000000000000000e+02
5.360000000000000000e+02
1.095000000000000000e+03
4.501000000000000000e+03
2.570000000000000000e+02
6.363000000000000000e+03
1.100000000000000000e+03
3.640000000000000000e+02
8.658000000000000000e+03
3.619000000000000000e+03
1.318000000000000000e+03
2.747000000000000000e+03
1.738000000000000000e+03
2.491000000000000000e+03
9.280000000000000000e+02
3.639170000000000000e+05
3.659040000000000000e+05
3.631890000000000000e+05
3.649460000000000000e+05
3.656450000000000000e+05
3.658520000000000000e+05
2.530000000000000000e+03
3.660500000000000000e+05
1.178000000000000000e+03
1.980000000000000000e+02
2.180000000000000000e+02
1.000000000000000000e+02
2.540000000000000000e+02
9.600000000000000000e+01
1.480000000000000000e+02
1.120000000000000000e+02
2.000000000000000000e+02
1.910000000000000000e+02
1.470000000000000000e+02
9.600000000000000000e+01
3.830000000000000000e+02
4.100000000000000000e+01
4.620000000000000000e+02
3.500000000000000000e+01
9.000000000000000000e+00
1.170000000000000000e+02
6.100000000000000000e+01
2.580000000000000000e+02
3.140000000000000000e+02
2.170000000000000000e+02
3.140000000000000000e+02
2.940000000000000000e+02
2.410000000000000000e+02
2.000000000000000000e+02
1.150000000000000000e+02
6.800000000000000000e+01
4.000000000000000000e+00
3.130000000000000000e+02
1.950000000000000000e+02
3.280000000000000000e+02
4.240000000000000000e+02
3.020000000000000000e+02
7.470000000000000000e+02
9.440000000000000000e+02
6.810000000000000000e+02
3.620000000000000000e+02
5.800000000000000000e+01
1.529000000000000000e+03
3.770000000000000000e+02
1.308000000000000000e+03
8.580000000000000000e+02
1.575000000000000000e+03
1.270000000000000000e+02
1.620000000000000000e+03
2.910000000000000000e+02
9.400000000000000000e+02
3.965000000000000000e+03
9.040000000000000000e+02
1.303000000000000000e+03
2.727000000000000000e+03
1.532000000000000000e+03
2.128000000000000000e+03
2.908000000000000000e+03
5.940000000000000000e+02
7.270000000000000000e+02
3.639400000000000000e+05
3.653810000000000000e+05
2.165000000000000000e+03
3.638390000000000000e+05
2.887000000000000000e+03
3.647620000000000000e+05
3.654020000000000000e+05
3.660100000000000000e+05
3.652430000000000000e+05
3.649500000000000000e+05
3.654140000000000000e+05
3.380000000000000000e+03
1.339000000000000000e+03
2.896000000000000000e+03
7.800000000000000000e+01
2.730000000000000000e+02
1.030000000000000000e+02
1.570000000000000000e+02
1.490000000000000000e+02
2.100000000000000000e+02
2.020000000000000000e+02
3.730000000000000000e+02
6.700000000000000000e+01
2.470000000000000000e+02
4.120000000000000000e+02
2.900000000000000000e+02
1.110000000000000000e+02
3.680000000000000000e+02
4.700000000000000000e+01
8.200000000000000000e+01
5.900000000000000000e+01
2.290000000000000000e+02
2.500000000000000000e+01
3.880000000000000000e+02
1.050000000000000000e+02
1.120000000000000000e+02
3.540000000000000000e+02
1.280000000000000000e+02
3.410000000000000000e+02
2.710000000000000000e+02
2.160000000000000000e+02
3.880000000000000000e+02
3.880000000000000000e+02
7.600000000000000000e+01
4.000000000000000000e+01
1.190000000000000000e+02
8.180000000000000000e+02
6.400000000000000000e+01
8.600000000000000000e+01
1.890000000000000000e+02
4.420000000000000000e+02
3.820000000000000000e+02
2.220000000000000000e+02
1.150000000000000000e+03
3.910000000000000000e+02
1.898000000000000000e+03
3.200000000000000000e+02
1.619000000000000000e+03
9.650000000000000000e+02
1.366000000000000000e+03
2.797000000000000000e+03
2.621000000000000000e+03
1.474000000000000000e+03
5.166000000000000000e+03
1.552000000000000000e+03
5.560000000000000000e+02
7.770000000000000000e+02
2.791000000000000000e+03
1.704000000000000000e+03
2.326000000000000000e+03
2.424000000000000000e+03
3.658720000000000000e+05
3.621800000000000000e+05
3.621710000000000000e+05
3.657470000000000000e+05
3.636310000000000000e+05
3.653200000000000000e+05
3.654940000000000000e+05
3.652020000000000000e+05
3.641360000000000000e+05
1.825000000000000000e+03
2.682000000000000000e+03
3.656980000000000000e+05
1.090000000000000000e+02
1.650000000000000000e+02
1.800000000000000000e+02
2.210000000000000000e+02
2.140000000000000000e+02
3.560000000000000000e+02
1.090000000000000000e+02
1.950000000000000000e+02
2.900000000000000000e+02
2.840000000000000000e+02
3.650000000000000000e+02
1.050000000000000000e+02
1.790000000000000000e+02
2.740000000000000000e+02
3.120000000000000000e+02
4.580000000000000000e+02
2.620000000000000000e+02
9.100000000000000000e+01
4.520000000000000000e+02
1.700000000000000000e+02
5.600000000000000000e+01
4.170000000000000000e+02
1.590000000000000000e+02
3.040000000000000000e+02
4.520000000000000000e+02
6.000000000000000000e+01
4.520000000000000000e+02
3.740000000000000000e+02
5.600000000000000000e+01
2.740000000000000000e+02
5.730000000000000000e+02
8.880000000000000000e+02
5.930000000000000000e+02
2.260000000000000000e+02
2.610000000000000000e+02
4.900000000000000000e+01
5.900000000000000000e+02
8.100000000000000000e+01
3.660000000000000000e+02
9.700000000000000000e+02
4.560000000000000000e+02
1.718000000000000000e+03
1.249000000000000000e+03
1.400000000000000000e+02
1.449000000000000000e+03
1.011000000000000000e+03
8.510000000000000000e+02
5.176000000000000000e+03
7.160000000000000000e+02
1.670000000000000000e+02
2.604000000000000000e+03
2.501000000000000000e+03
1.996000000000000000e+03
2.967000000000000000e+03
1.144000000000000000e+03
1.161000000000000000e+03
3.628170000000000000e+05
3.527000000000000000e+03
3.625940000000000000e+05
3.416000000000000000e+03
3.639550000000000000e+05
3.632150000000000000e+05
3.641830000000000000e+05
3.660520000000000000e+05
3.658650000000000000e+05
6.290000000000000000e+02
3.632080000000000000e+05
7.550000000000000000e+02
1.770000000000000000e+02
2.300000000000000000e+02
2.260000000000000000e+02
3.380000000000000000e+02
1.220000000000000000e+02
7.000000000000000000e+00
1.640000000000000000e+02
1.050000000000000000e+02
1.240000000000000000e+02
4.460000000000000000e+02
4.570000000000000000e+02
3.020000000000000000e+02
2.130000000000000000e+02
1.700000000000000000e+01
1.000000000000000000e+00
2.380000000000000000e+02
1.280000000000000000e+02
3.490000000000000000e+02
2.230000000000000000e+02
3.200000000000000000e+01
4.750000000000000000e+02
4.810000000000000000e+02
1.180000000000000000e+02
5.090000000000000000e+02
8.800000000000000000e+01
5.090000000000000000e+02
4.300000000000000000e+02
3.600000000000000000e+01
4.600000000000000000e+01
9.800000000000000000e+01
9.230000000000000000e+02
7.070000000000000000e+02
4.900000000000000000e+02
9.800000000000000000e+01
1.505000000000000000e+03
1.080000000000000000e+02
3.870000000000000000e+02
8.670000000000000000e+02
1.111000000000000000e+03
1.691000000000000000e+03
2.597000000000000000e+03
5.100000000000000000e+02
2.054000000000000000e+03
1.188000000000000000e+03
1.746000000000000000e+03
1.975000000000000000e+03
5.960000000000000000e+02
2.260000000000000000e+03
2.830000000000000000e+03
1.840000000000000000e+02
1.353000000000000000e+03
4.830000000000000000e+02
4.400000000000000000e+01
3.656980000000000000e+05
3.652850000000000000e+05
2.282000000000000000e+03
1.735000000000000000e+03
3.627610000000000000e+05
4.310000000000000000e+02
3.057000000000000000e+03
3.659780000000000000e+05
3.656930000000000000e+05
3.638600000000000000e+05
3.655550000000000000e+05
3.658300000000000000e+05
1.246000000000000000e+03
3.647190000000000000e+05
2.360000000000000000e+02
3.190000000000000000e+02
1.350000000000000000e+02
2.100000000000000000e+01
1.350000000000000000e+02
1.320000000000000000e+02
2.270000000000000000e+02
3.350000000000000000e+02
2.560000000000000000e+02
1.150000000000000000e+02
1.310000000000000000e+02
2.000000000000000000e+02
2.700000000000000000e+02
4.950000000000000000e+02
7.000000000000000000e+00
2.740000000000000000e+02
5.700000000000000000e+01
5.360000000000000000e+02
4.550000000000000000e+02
5.280000000000000000e+02
5.370000000000000000e+02
5.110000000000000000e+02
2.000000000000000000e+01
4.630000000000000000e+02
5.620000000000000000e+02
5.630000000000000000e+02
8.000000000000000000e+00
7.060000000000000000e+02
6.390000000000000000e+02
8.080000000000000000e+02
1.680000000000000000e+02
6.800000000000000000e+02
1.430000000000000000e+03
6.700000000000000000e+02
6.940000000000000000e+02
1.366000000000000000e+03
6.350000000000000000e+02
1.404000000000000000e+03
9.430000000000000000e+02
9.090000000000000000e+02
2.417000000000000000e+03
2.677000000000000000e+03
5.820000000000000000e+02
4.800000000000000000e+02
5.600000000000000000e+01
2.270000000000000000e+03
6.184000000000000000e+03
6.478000000000000000e+03
2.889000000000000000e+03
1.880000000000000000e+03
1.679000000000000000e+03
9.548000000000000000e+03
2.757000000000000000e+03
3.633960000000000000e+05
1.444000000000000000e+03
2.232000000000000000e+03
3.604000000000000000e+03
1.057000000000000000e+03
1.127000000000000000e+03
3.648510000000000000e+05
3.636180000000000000e+05
3.659390000000000000e+05
3.633920000000000000e+05
3.660640000000000000e+05
3.650880000000000000e+05
3.643940000000000000e+05
1.470000000000000000e+02
3.500000000000000000e+01
1.180000000000000000e+02
1.540000000000000000e+02
4.750000000000000000e+02
1.270000000000000000e+02
7.200000000000000000e+01
4.100000000000000000e+01
3.850000000000000000e+02
9.900000000000000000e+01
5.700000000000000000e+01
5.150000000000000000e+02
3.450000000000000000e+02
3.970000000000000000e+02
5.600000000000000000e+01
4.890000000000000000e+02
7.000000000000000000e+01
2.080000000000000000e+02
5.000000000000000000e+01
1.130000000000000000e+02
8.000000000000000000e+00
6.600000000000000000e+01
3.000000000000000000e+00
2.480000000000000000e+02
2.100000000000000000e+01
8.800000000000000000e+01
1.440000000000000000e+02
1.370000000000000000e+02
5.300000000000000000e+01
2.780000000000000000e+02
8.370000000000000000e+02
5.200000000000000000e+02
5.300000000000000000e+02
2.600000000000000000e+01
3.460000000000000000e+02
3.000000000000000000e+02
2.100000000000000000e+02
1.526000000000000000e+03
2.731000000000000000e+03
3.132000000000000000e+03
8.440000000000000000e+02
1.101000000000000000e+03
3.210000000000000000e+03
4.873000000000000000e+03
5.289000000000000000e+03
5.530000000000000000e+02
2.433000000000000000e+03
2.000000000000000000e+00
2.067000000000000000e+03
3.273000000000000000e+03
2.364000000000000000e+03
4.740000000000000000e+02
1.694000000000000000e+03
3.646490000000000000e+05
3.659230000000000000e+05
2.224000000000000000e+03
3.211000000000000000e+03
1.455000000000000000e+03
3.644040000000000000e+05
3.657440000000000000e+05
3.636400000000000000e+05
3.656760000000000000e+05
3.649090000000000000e+05
3.655960000000000000e+05
3.641780000000000000e+05
1.010000000000000000e+02
1.650000000000000000e+02
1.480000000000000000e+02
2.800000000000000000e+01
5.100000000000000000e+01
1.960000000000000000e+02
2.790000000000000000e+02
3.050000000000000000e+02
4.600000000000000000e+01
2.320000000000000000e+02
1.720000000000000000e+02
4.000000000000000000e+02
4.920000000000000000e+02
2.120000000000000000e+02
1.630000000000000000e+02
1.360000000000000000e+02
6.220000000000000000e+02
2.180000000000000000e+02
3.870000000000000000e+02
3.470000000000000000e+02
2.820000000000000000e+02
3.390000000000000000e+02
4.590000000000000000e+02
1.890000000000000000e+02
2.320000000000000000e+02
8.800000000000000000e+01
9.700000000000000000e+02
5.630000000000000000e+02
1.325000000000000000e+03
1.280000000000000000e+02
1.193000000000000000e+03
9.410000000000000000e+02
6.500000000000000000e+01
1.389000000000000000e+03
3.940000000000000000e+02
1.612000000000000000e+03
2.830000000000000000e+02
2.090000000000000000e+03
2.436000000000000000e+03
2.230000000000000000e+03
1.337000000000000000e+03
2.658000000000000000e+03
6.930000000000000000e+02
1.380000000000000000e+02
1.298000000000000000e+03
2.520000000000000000e+02
3.002000000000000000e+03
9.940000000000000000e+02
3.211000000000000000e+03
8.570000000000000000e+02
3.651630000000000000e+05
1.950000000000000000e+03
3.621530000000000000e+05
3.655240000000000000e+05
7.200000000000000000e+02
3.623890000000000000e+05
6.400000000000000000e+02
3.657630000000000000e+05
3.635490000000000000e+05
3.654120000000000000e+05
3.660590000000000000e+05
3.625860000000000000e+05
3.658540000000000000e+05
3.640710000000000000e+05
1.280000000000000000e+02
3.560000000000000000e+02
3.580000000000000000e+02
2.920000000000000000e+02
6.000000000000000000e+01
2.700000000000000000e+02
3.390000000000000000e+02
2.720000000000000000e+02
3.910000000000000000e+02
6.240000000000000000e+02
1.040000000000000000e+02
2.110000000000000000e+02
6.950000000000000000e+02
3.370000000000000000e+02
7.300000000000000000e+01
2.640000000000000000e+02
2.590000000000000000e+02
3.800000000000000000e+01
7.020000000000000000e+02
2.400000000000000000e+01
7.020000000000000000e+02
4.280000000000000000e+02
6.840000000000000000e+02
4.370000000000000000e+02
8.840000000000000000e+02
1.031000000000000000e+03
9.410000000000000000e+02
3.050000000000000000e+02
4.260000000000000000e+02
1.402000000000000000e+03
1.070000000000000000e+02
1.288000000000000000e+03
8.610000000000000000e+02
5.190000000000000000e+02
9.080000000000000000e+02
1.301000000000000000e+03
6.200000000000000000e+01
1.079000000000000000e+03
3.600000000000000000e+01
4.690000000000000000e+02
2.340000000000000000e+02
2.039000000000000000e+03
2.475000000000000000e+03
7.367000000000000000e+03
1.642000000000000000e+03
2.300000000000000000e+01
2.253000000000000000e+03
1.904000000000000000e+03
3.635880000000000000e+05
3.497000000000000000e+03
3.650080000000000000e+05
3.389000000000000000e+03
3.645680000000000000e+05
3.339000000000000000e+03
3.637390000000000000e+05
3.659140000000000000e+05
3.623990000000000000e+05
3.656890000000000000e+05
3.660520000000000000e+05
6.810000000000000000e+02
3.648590000000000000e+05
3.659900000000000000e+05
1.858000000000000000e+03
1.410000000000000000e+02
3.000000000000000000e+01
3.770000000000000000e+02
3.860000000000000000e+02
3.610000000000000000e+02
1.700000000000000000e+01
1.520000000000000000e+02
9.200000000000000000e+01
4.870000000000000000e+02
1.270000000000000000e+02
7.000000000000000000e+01
2.890000000000000000e+02
1.930000000000000000e+02
8.000000000000000000e+01
7.100000000000000000e+02
7.600000000000000000e+01
1.900000000000000000e+02
7.190000000000000000e+02
2.380000000000000000e+02
7.450000000000000000e+02
3.700000000000000000e+02
1.300000000000000000e+01
4.100000000000000000e+02
2.700000000000000000e+01
8.200000000000000000e+02
5.600000000000000000e+01
9.000000000000000000e+01
4.200000000000000000e+01
7.110000000000000000e+02
2.040000000000000000e+02
1.230000000000000000e+02
1.180000000000000000e+03
1.772000000000000000e+03
1.049000000000000000e+03
7.140000000000000000e+02
2.630000000000000000e+02
2.570000000000000000e+03
3.740000000000000000e+03
2.590000000000000000e+03
1.601000000000000000e+03
5.277000000000000000e+03
5.591000000000000000e+03
2.716000000000000000e+03
1.256000000000000000e+03
2.949000000000000000e+03
1.054000000000000000e+03
1.009000000000000000e+03
2.090000000000000000e+03
9.260000000000000000e+02
3.749000000000000000e+03
1.442000000000000000e+03
2.843000000000000000e+03
3.631840000000000000e+05
3.656830000000000000e+05
3.649610000000000000e+05
3.660000000000000000e+05
3.639780000000000000e+05
3.628770000000000000e+05
1.527000000000000000e+03
3.656870000000000000e+05
3.660590000000000000e+05
3.641880000000000000e+05
3.400000000000000000e+02
3.480000000000000000e+02
3.270000000000000000e+02
1.600000000000000000e+01
1.200000000000000000e+02
1.460000000000000000e+02
2.170000000000000000e+02
7.100000000000000000e+01
1.600000000000000000e+02
6.790000000000000000e+02
5.300000000000000000e+01
2.850000000000000000e+02
7.000000000000000000e+00
1.950000000000000000e+02
8.310000000000000000e+02
5.780000000000000000e+02
1.750000000000000000e+02
3.120000000000000000e+02
3.810000000000000000e+02
5.030000000000000000e+02
1.700000000000000000e+01
4.730000000000000000e+02
2.590000000000000000e+02
1.113000000000000000e+03
9.100000000000000000e+01
1.139000000000000000e+03
6.290000000000000000e+02
1.383000000000000000e+03
1.038000000000000000e+03
2.680000000000000000e+02
1.240000000000000000e+02
1.064000000000000000e+03
9.910000000000000000e+02
1.199000000000000000e+03
2.050000000000000000e+02
1.155000000000000000e+03
3.352000000000000000e+03
1.110000000000000000e+02
1.538000000000000000e+03
2.242000000000000000e+03
1.244000000000000000e+03
2.811000000000000000e+03
6.795000000000000000e+03
3.650000000000000000e+02
2.826000000000000000e+03
3.203000000000000000e+03
1.112000000000000000e+03
1.860000000000000000e+03
2.855000000000000000e+03
1.388000000000000000e+03
3.687000000000000000e+03
2.831000000000000000e+03
3.644690000000000000e+05
3.277000000000000000e+03
3.659110000000000000e+05
3.659030000000000000e+05
2.652000000000000000e+03
3.655210000000000000e+05
3.652110000000000000e+05
3.651840000000000000e+05
1.983000000000000000e+03
2.920000000000000000e+02
6.600000000000000000e+01
8.700000000000000000e+01
1.540000000000000000e+02
1.670000000000000000e+02
6.140000000000000000e+02
2.590000000000000000e+02
1.000000000000000000e+01
2.270000000000000000e+02
1.340000000000000000e+02
2.050000000000000000e+02
2.900000000000000000e+01
2.100000000000000000e+02
2.560000000000000000e+02
6.540000000000000000e+02
3.410000000000000000e+02
9.410000000000000000e+02
3.090000000000000000e+02
4.100000000000000000e+01
3.280000000000000000e+02
6.470000000000000000e+02
1.500000000000000000e+01
9.290000000000000000e+02
5.150000000000000000e+02
6.020000000000000000e+02
1.118000000000000000e+03
2.730000000000000000e+02
5.940000000000000000e+02
7.800000000000000000e+02
7.190000000000000000e+02
8.700000000000000000e+02
1.447000000000000000e+03
2.432000000000000000e+03
2.590000000000000000e+02
2.312000000000000000e+03
9.310000000000000000e+02
1.582000000000000000e+03
1.807000000000000000e+03
4.680000000000000000e+02
2.087000000000000000e+03
2.652000000000000000e+03
6.300000000000000000e+01
1.212000000000000000e+03
9.930000000000000000e+02
3.621250000000000000e+05
3.656750000000000000e+05
3.652580000000000000e+05
2.125000000000000000e+03
1.586000000000000000e+03
3.619790000000000000e+05
2.500000000000000000e+02
2.885000000000000000e+03
3.659360000000000000e+05
3.655660000000000000e+05
3.632720000000000000e+05
3.655000000000000000e+05
3.657180000000000000e+05
1.050000000000000000e+03
3.646570000000000000e+05
2.230000000000000000e+02
5.400000000000000000e+01
1.210000000000000000e+02
1.480000000000000000e+02
3.340000000000000000e+02
1.830000000000000000e+02
6.900000000000000000e+01
8.600000000000000000e+01
1.460000000000000000e+02
3.750000000000000000e+02
3.500000000000000000e+02
1.340000000000000000e+02
1.017000000000000000e+03
6.460000000000000000e+02
2.460000000000000000e+02
3.640000000000000000e+02
4.980000000000000000e+02
9.300000000000000000e+01
4.000000000000000000e+01
3.600000000000000000e+01
7.620000000000000000e+02
1.700000000000000000e+02
2.420000000000000000e+02
2.100000000000000000e+01
2.660000000000000000e+02
7.700000000000000000e+02
8.300000000000000000e+02
5.090000000000000000e+02
3.190000000000000000e+02
1.351000000000000000e+03
5.500000000000000000e+02
4.560000000000000000e+02
4.400000000000000000e+02
2.846000000000000000e+03
2.725000000000000000e+03
1.460000000000000000e+03
4.750000000000000000e+03
4.913000000000000000e+03
5.280000000000000000e+03
2.589000000000000000e+03
2.054000000000000000e+03
1.916000000000000000e+03
3.192000000000000000e+03
2.466000000000000000e+03
3.639200000000000000e+05
2.920000000000000000e+03
3.650300000000000000e+05
1.596000000000000000e+03
2.024000000000000000e+03
3.619910000000000000e+05
3.631940000000000000e+05
3.627070000000000000e+05
8.790000000000000000e+02
3.640870000000000000e+05
2.960000000000000000e+02
3.624740000000000000e+05
2.264000000000000000e+03
2.188000000000000000e+03
1.267000000000000000e+03
3.627370000000000000e+05
1.140000000000000000e+02
3.880000000000000000e+02
2.200000000000000000e+01
3.750000000000000000e+02
3.100000000000000000e+02
1.650000000000000000e+02
1.100000000000000000e+01
1.300000000000000000e+01
1.060000000000000000e+02
3.280000000000000000e+02
3.210000000000000000e+02
5.880000000000000000e+02
4.040000000000000000e+02
1.117000000000000000e+03
2.480000000000000000e+02
6.800000000000000000e+01
4.400000000000000000e+02
4.710000000000000000e+02
1.090000000000000000e+02
6.880000000000000000e+02
7.590000000000000000e+02
1.417000000000000000e+03
5.870000000000000000e+02
5.030000000000000000e+02
2.740000000000000000e+02
4.170000000000000000e+02
1.042000000000000000e+03
3.310000000000000000e+02
9.130000000000000000e+02
7.480000000000000000e+02
1.900000000000000000e+01
2.408000000000000000e+03
3.260000000000000000e+03
2.337000000000000000e+03
1.455000000000000000e+03
5.267000000000000000e+03
5.530000000000000000e+03
2.551000000000000000e+03
1.084000000000000000e+03
2.766000000000000000e+03
1.501000000000000000e+03
1.094000000000000000e+03
1.935000000000000000e+03
7.900000000000000000e+02
3.566000000000000000e+03
1.296000000000000000e+03
2.674000000000000000e+03
3.631340000000000000e+05
3.656300000000000000e+05
3.646970000000000000e+05
3.659770000000000000e+05
3.639170000000000000e+05
3.621650000000000000e+05
1.379000000000000000e+03
3.655560000000000000e+05
3.660230000000000000e+05
3.597000000000000000e+03
3.655520000000000000e+05
8.100000000000000000e+01
9.800000000000000000e+01
3.800000000000000000e+01
1.800000000000000000e+01
1.740000000000000000e+02
4.640000000000000000e+02
4.600000000000000000e+02
7.300000000000000000e+01
1.042000000000000000e+03
7.130000000000000000e+02
2.740000000000000000e+02
4.150000000000000000e+02
5.970000000000000000e+02
2.040000000000000000e+02
3.400000000000000000e+01
1.025000000000000000e+03
5.820000000000000000e+02
1.380000000000000000e+02
9.390000000000000000e+02
1.500000000000000000e+02
1.317000000000000000e+03
7.010000000000000000e+02
1.204000000000000000e+03
8.240000000000000000e+02
8.020000000000000000e+02
1.240000000000000000e+02
1.100000000000000000e+03
1.197000000000000000e+03
1.061000000000000000e+03
2.830000000000000000e+02
8.320000000000000000e+02
3.342000000000000000e+03
2.893000000000000000e+03
1.285000000000000000e+03
2.084000000000000000e+03
1.075000000000000000e+03
2.643000000000000000e+03
6.645000000000000000e+03
1.930000000000000000e+02
1.970000000000000000e+02
3.029000000000000000e+03
9.330000000000000000e+02
1.676000000000000000e+03
2.687000000000000000e+03
1.243000000000000000e+03
3.505000000000000000e+03
2.632000000000000000e+03
3.367000000000000000e+03
3.100000000000000000e+03
3.658620000000000000e+05
3.658470000000000000e+05
2.474000000000000000e+03
3.653680000000000000e+05
3.649870000000000000e+05
3.649470000000000000e+05
1.825000000000000000e+03
3.660400000000000000e+05
4.800000000000000000e+02
4.060000000000000000e+02
1.010000000000000000e+02
1.100000000000000000e+01
6.900000000000000000e+01
1.870000000000000000e+02
4.300000000000000000e+02
3.880000000000000000e+02
5.230000000000000000e+02
4.550000000000000000e+02
1.175000000000000000e+03
1.870000000000000000e+02
9.700000000000000000e+01
4.380000000000000000e+02
4.990000000000000000e+02
5.130000000000000000e+02
1.553000000000000000e+03
7.910000000000000000e+02
3.370000000000000000e+02
6.700000000000000000e+02
9.410000000000000000e+02
1.864000000000000000e+03
3.210000000000000000e+02
1.288000000000000000e+03
5.690000000000000000e+02
6.420000000000000000e+02
1.214000000000000000e+03
2.266000000000000000e+03
1.900000000000000000e+01
2.259000000000000000e+03
6.850000000000000000e+02
1.415000000000000000e+03
1.638000000000000000e+03
3.390000000000000000e+02
1.913000000000000000e+03
2.472000000000000000e+03
6.593000000000000000e+03
1.070000000000000000e+03
9.260000000000000000e+02
3.620820000000000000e+05
3.734000000000000000e+03
3.484000000000000000e+03
1.967000000000000000e+03
1.437000000000000000e+03
3.616560000000000000e+05
6.600000000000000000e+01
2.714000000000000000e+03
3.659020000000000000e+05
3.654460000000000000e+05
3.626400000000000000e+05
3.654270000000000000e+05
3.656130000000000000e+05
8.530000000000000000e+02
3.645780000000000000e+05
9.500000000000000000e+01
3.661330000000000000e+05
3.600000000000000000e+01
8.000000000000000000e+01
1.130000000000000000e+02
2.740000000000000000e+02
4.600000000000000000e+02
4.580000000000000000e+02
4.570000000000000000e+02
4.950000000000000000e+02
1.123000000000000000e+03
1.250000000000000000e+02
1.310000000000000000e+02
3.890000000000000000e+02
4.370000000000000000e+02
4.530000000000000000e+02
5.880000000000000000e+02
5.570000000000000000e+02
6.210000000000000000e+02
1.372000000000000000e+03
4.120000000000000000e+02
3.080000000000000000e+02
3.060000000000000000e+02
4.290000000000000000e+02
6.710000000000000000e+02
1.500000000000000000e+02
7.770000000000000000e+02
6.720000000000000000e+02
5.230000000000000000e+02
1.369000000000000000e+03
3.084000000000000000e+03
2.095000000000000000e+03
1.309000000000000000e+03
3.577000000000000000e+03
5.393000000000000000e+03
2.387000000000000000e+03
9.110000000000000000e+02
2.582000000000000000e+03
1.835000000000000000e+03
9.160000000000000000e+02
1.779000000000000000e+03
6.520000000000000000e+02
3.386000000000000000e+03
1.150000000000000000e+03
2.506000000000000000e+03
3.630660000000000000e+05
3.655600000000000000e+05
3.644240000000000000e+05
3.659610000000000000e+05
3.638390000000000000e+05
3.618220000000000000e+05
1.230000000000000000e+03
3.654310000000000000e+05
3.659950000000000000e+05
3.409000000000000000e+03
3.654060000000000000e+05
3.636590000000000000e+05
9.800000000000000000e+01
3.680000000000000000e+02
3.790000000000000000e+02
4.930000000000000000e+02
3.910000000000000000e+02
5.260000000000000000e+02
1.050000000000000000e+03
6.500000000000000000e+01
1.660000000000000000e+02
3.460000000000000000e+02
3.720000000000000000e+02
3.990000000000000000e+02
5.220000000000000000e+02
1.847000000000000000e+03
6.530000000000000000e+02
1.740000000000000000e+02
7.020000000000000000e+02
7.670000000000000000e+02
1.917000000000000000e+03
3.510000000000000000e+02
2.249000000000000000e+03
4.180000000000000000e+02
4.240000000000000000e+02
9.920000000000000000e+02
1.300000000000000000e+01
5.990000000000000000e+02
2.099000000000000000e+03
4.480000000000000000e+02
1.248000000000000000e+03
1.468000000000000000e+03
2.080000000000000000e+02
1.738000000000000000e+03
2.291000000000000000e+03
6.444000000000000000e+03
9.270000000000000000e+02
7.490000000000000000e+02
3.620210000000000000e+05
3.536000000000000000e+03
3.287000000000000000e+03
1.809000000000000000e+03
1.287000000000000000e+03
3.615810000000000000e+05
1.795000000000000000e+03
2.543000000000000000e+03
3.658770000000000000e+05
4.216000000000000000e+03
3.620050000000000000e+05
3.653390000000000000e+05
3.655140000000000000e+05
6.570000000000000000e+02
3.644840000000000000e+05
3.661290000000000000e+05
3.661400000000000000e+05
3.636730000000000000e+05
2.990000000000000000e+02
4.130000000000000000e+02
3.250000000000000000e+02
5.470000000000000000e+02
9.770000000000000000e+02
3.000000000000000000e+00
2.070000000000000000e+02
3.090000000000000000e+02
3.080000000000000000e+02
3.500000000000000000e+02
4.560000000000000000e+02
1.979000000000000000e+03
4.270000000000000000e+02
1.600000000000000000e+01
1.226000000000000000e+03
2.400000000000000000e+02
1.260000000000000000e+02
3.090000000000000000e+02
2.530000000000000000e+02
1.830000000000000000e+02
1.303000000000000000e+03
6.400000000000000000e+02
4.520000000000000000e+02
3.900000000000000000e+02
1.338000000000000000e+03
1.827000000000000000e+03
8.260000000000000000e+02
1.163000000000000000e+03
3.396000000000000000e+03
5.206000000000000000e+03
2.224000000000000000e+03
7.380000000000000000e+02
2.398000000000000000e+03
9.058000000000000000e+03
7.380000000000000000e+02
1.623000000000000000e+03
5.120000000000000000e+02
3.207000000000000000e+03
1.003000000000000000e+03
2.339000000000000000e+03
4.019000000000000000e+03
3.654740000000000000e+05
3.754000000000000000e+03
3.659540000000000000e+05
4.082000000000000000e+03
3.617280000000000000e+05
1.079000000000000000e+03
3.653110000000000000e+05
3.659740000000000000e+05
3.198000000000000000e+03
3.652650000000000000e+05
3.635550000000000000e+05
3.661760000000000000e+05
2.590000000000000000e+02
5.610000000000000000e+02
9.030000000000000000e+02
7.050000000000000000e+02
2.530000000000000000e+02
2.800000000000000000e+02
2.430000000000000000e+02
3.060000000000000000e+02
3.910000000000000000e+02
2.028000000000000000e+03
3.610000000000000000e+02
5.140000000000000000e+02
2.700000000000000000e+01
7.050000000000000000e+02
5.950000000000000000e+02
1.917000000000000000e+03
1.500000000000000000e+02
2.531000000000000000e+03
2.660000000000000000e+02
2.170000000000000000e+02
7.800000000000000000e+02
1.933000000000000000e+03
5.550000000000000000e+02
1.940000000000000000e+03
2.210000000000000000e+02
1.081000000000000000e+03
1.297000000000000000e+03
7.600000000000000000e+01
1.562000000000000000e+03
2.110000000000000000e+03
6.229000000000000000e+03
7.830000000000000000e+02
5.710000000000000000e+02
1.045800000000000000e+04
3.337000000000000000e+03
3.089000000000000000e+03
1.651000000000000000e+03
1.135000000000000000e+03
4.085000000000000000e+03
1.636000000000000000e+03
2.373000000000000000e+03
3.658590000000000000e+05
4.021000000000000000e+03
3.614350000000000000e+05
3.652380000000000000e+05
3.654230000000000000e+05
4.610000000000000000e+02
3.643780000000000000e+05
3.661230000000000000e+05
3.660310000000000000e+05
3.635620000000000000e+05
3.653740000000000000e+05
8.300000000000000000e+02
6.360000000000000000e+02
2.520000000000000000e+02
2.570000000000000000e+02
1.800000000000000000e+02
2.690000000000000000e+02
3.250000000000000000e+02
2.045000000000000000e+03
2.960000000000000000e+02
4.450000000000000000e+02
3.430000000000000000e+02
1.080000000000000000e+03
7.100000000000000000e+01
1.790000000000000000e+03
2.890000000000000000e+02
8.000000000000000000e+01
6.280000000000000000e+02
1.147000000000000000e+03
5.040000000000000000e+02
2.430000000000000000e+02
2.570000000000000000e+02
1.289000000000000000e+03
1.091000000000000000e+03
7.690000000000000000e+02
8.100000000000000000e+02
3.217000000000000000e+03
3.642000000000000000e+03
2.062000000000000000e+03
5.640000000000000000e+02
2.212000000000000000e+03
8.981000000000000000e+03
8.000000000000000000e+00
1.467000000000000000e+03
3.720000000000000000e+02
3.028000000000000000e+03
8.550000000000000000e+02
2.171000000000000000e+03
3.808000000000000000e+03
3.653760000000000000e+05
3.543000000000000000e+03
3.659530000000000000e+05
3.888000000000000000e+03
3.616230000000000000e+05
9.270000000000000000e+02
3.651960000000000000e+05
3.659600000000000000e+05
2.975000000000000000e+03
3.651270000000000000e+05
3.634400000000000000e+05
3.661780000000000000e+05
3.659360000000000000e+05
1.860000000000000000e+02
2.420000000000000000e+02
1.150000000000000000e+02
2.390000000000000000e+02
2.600000000000000000e+02
2.061000000000000000e+03
2.320000000000000000e+02
3.760000000000000000e+02
2.740000000000000000e+02
1.168000000000000000e+03
6.860000000000000000e+02
4.270000000000000000e+02
1.856000000000000000e+03
3.410000000000000000e+02
2.358000000000000000e+03
1.150000000000000000e+02
2.000000000000000000e+01
5.770000000000000000e+02
1.767000000000000000e+03
4.300000000000000000e+02
1.782000000000000000e+03
2.000000000000000000e+00
9.130000000000000000e+02
1.127000000000000000e+03
3.239000000000000000e+03
1.387000000000000000e+03
1.258000000000000000e+03
5.968000000000000000e+03
6.390000000000000000e+02
3.940000000000000000e+02
1.022300000000000000e+04
3.140000000000000000e+03
2.891000000000000000e+03
1.493000000000000000e+03
9.840000000000000000e+02
3.893000000000000000e+03
1.477000000000000000e+03
2.202000000000000000e+03
3.658500000000000000e+05
3.828000000000000000e+03
4.460000000000000000e+03
3.651270000000000000e+05
3.653370000000000000e+05
2.640000000000000000e+02
3.642620000000000000e+05
3.660050000000000000e+05
3.659120000000000000e+05
3.634420000000000000e+05
3.652500000000000000e+05
1.543000000000000000e+03
5.100000000000000000e+01
2.150000000000000000e+02
1.940000000000000000e+02
2.063000000000000000e+03
1.670000000000000000e+02
3.070000000000000000e+02
2.050000000000000000e+02
1.095000000000000000e+03
9.360000000000000000e+02
2.540000000000000000e+02
1.741000000000000000e+03
2.500000000000000000e+02
5.760000000000000000e+02
4.910000000000000000e+02
9.910000000000000000e+02
3.680000000000000000e+02
4.200000000000000000e+01
1.230000000000000000e+02
1.194000000000000000e+03
6.220000000000000000e+02
6.980000000000000000e+02
7.360000000000000000e+02
2.570000000000000000e+02
3.458000000000000000e+03
1.900000000000000000e+03
3.900000000000000000e+02
2.028000000000000000e+03
8.860000000000000000e+03
3.790000000000000000e+02
1.312000000000000000e+03
2.300000000000000000e+02
2.851000000000000000e+03
7.050000000000000000e+02
2.004000000000000000e+03
3.600000000000000000e+03
3.652670000000000000e+05
3.331000000000000000e+03
4.436000000000000000e+03
3.695000000000000000e+03
3.615070000000000000e+05
7.720000000000000000e+02
3.650860000000000000e+05
3.659530000000000000e+05
2.753000000000000000e+03
3.649910000000000000e+05
3.633160000000000000e+05
3.660530000000000000e+05
3.658090000000000000e+05
3.315000000000000000e+03
1.290000000000000000e+02
1.979000000000000000e+03
1.020000000000000000e+02
2.380000000000000000e+02
1.360000000000000000e+02
1.021000000000000000e+03
8.640000000000000000e+02
6.480000000000000000e+02
2.610000000000000000e+02
1.688000000000000000e+03
2.090000000000000000e+02
2.188000000000000000e+03
6.000000000000000000e+00
5.620000000000000000e+02
3.830000000000000000e+02
1.601000000000000000e+03
2.430000000000000000e+02
1.625000000000000000e+03
2.065000000000000000e+03
7.450000000000000000e+02
9.570000000000000000e+02
9.230000000000000000e+02
1.212000000000000000e+03
1.033000000000000000e+03
5.678000000000000000e+03
4.940000000000000000e+02
2.160000000000000000e+02
2.864000000000000000e+03
2.944000000000000000e+03
2.694000000000000000e+03
1.334000000000000000e+03
8.320000000000000000e+02
3.704000000000000000e+03
1.316000000000000000e+03
2.032000000000000000e+03
3.658470000000000000e+05
3.636000000000000000e+03
4.260000000000000000e+03
3.650060000000000000e+05
4.565000000000000000e+03
6.700000000000000000e+01
3.641370000000000000e+05
3.658790000000000000e+05
3.657850000000000000e+05
3.633130000000000000e+05
3.651280000000000000e+05
1.376000000000000000e+03
3.637420000000000000e+05
3.800000000000000000e+01
1.700000000000000000e+02
6.700000000000000000e+01
9.480000000000000000e+02
7.920000000000000000e+02
6.220000000000000000e+02
9.180000000000000000e+02
1.666000000000000000e+03
1.950000000000000000e+02
4.750000000000000000e+02
3.550000000000000000e+02
8.350000000000000000e+02
2.320000000000000000e+02
5.580000000000000000e+02
2.880000000000000000e+02
1.017000000000000000e+03
2.780000000000000000e+02
6.140000000000000000e+02
6.490000000000000000e+02
2.864000000000000000e+03
2.690000000000000000e+03
1.188000000000000000e+03
2.160000000000000000e+02
1.845000000000000000e+03
8.704000000000000000e+03
2.010000000000000000e+02
1.156000000000000000e+03
8.800000000000000000e+01
2.675000000000000000e+03
5.560000000000000000e+02
1.838000000000000000e+03
3.391000000000000000e+03
3.651500000000000000e+05
3.120000000000000000e+03
4.237000000000000000e+03
3.505000000000000000e+03
3.613840000000000000e+05
6.180000000000000000e+02
3.649800000000000000e+05
3.659520000000000000e+05
2.533000000000000000e+03
3.648590000000000000e+05
3.631840000000000000e+05
3.659200000000000000e+05
3.656750000000000000e+05
3.080000000000000000e+03
3.490000000000000000e+02
9.950000000000000000e+02
8.740000000000000000e+02
7.210000000000000000e+02
5.930000000000000000e+02
8.450000000000000000e+02
9.800000000000000000e+01
1.524000000000000000e+03
7.700000000000000000e+01
2.020000000000000000e+03
1.889000000000000000e+03
3.900000000000000000e+02
1.990000000000000000e+02
1.436000000000000000e+03
3.000000000000000000e+00
1.470000000000000000e+03
1.821000000000000000e+03
5.790000000000000000e+02
7.870000000000000000e+02
7.420000000000000000e+02
1.036000000000000000e+03
8.140000000000000000e+02
6.830000000000000000e+02
3.480000000000000000e+02
1.070000000000000000e+03
2.918000000000000000e+03
2.748000000000000000e+03
2.498000000000000000e+03
1.176000000000000000e+03
6.790000000000000000e+02
3.515000000000000000e+03
1.157000000000000000e+03
1.863000000000000000e+03
3.658520000000000000e+05
3.446000000000000000e+03
4.062000000000000000e+03
3.648780000000000000e+05
4.361000000000000000e+03
3.743000000000000000e+03
3.640050000000000000e+05
3.657460000000000000e+05
3.656500000000000000e+05
3.631770000000000000e+05
3.650100000000000000e+05
1.208000000000000000e+03
3.636020000000000000e+05
2.316000000000000000e+03
6.500000000000000000e+02
5.610000000000000000e+02
7.740000000000000000e+02
1.800000000000000000e+01
1.511000000000000000e+03
1.260000000000000000e+02
3.410000000000000000e+02
2.190000000000000000e+02
6.810000000000000000e+02
9.700000000000000000e+01
4.750000000000000000e+02
1.140000000000000000e+02
8.430000000000000000e+02
3.000000000000000000e+00
5.200000000000000000e+02
5.530000000000000000e+02
2.689000000000000000e+03
1.901000000000000000e+03
8.330000000000000000e+02
4.200000000000000000e+01
5.290000000000000000e+02
2.810000000000000000e+02
2.300000000000000000e+01
1.001000000000000000e+03
4.117000000000000000e+03
2.499000000000000000e+03
4.060000000000000000e+02
1.671000000000000000e+03
3.183000000000000000e+03
4.564000000000000000e+03
2.912000000000000000e+03
4.040000000000000000e+03
3.315000000000000000e+03
3.612530000000000000e+05
4.630000000000000000e+02
3.648770000000000000e+05
3.659570000000000000e+05
2.315000000000000000e+03
3.647270000000000000e+05
3.630450000000000000e+05
3.657800000000000000e+05
3.655340000000000000e+05
2.847000000000000000e+03
1.930000000000000000e+02
3.659070000000000000e+05
7.020000000000000000e+02
6.910000000000000000e+02
9.110000000000000000e+02
1.362000000000000000e+03
1.323000000000000000e+03
1.855000000000000000e+03
1.722000000000000000e+03
8.700000000000000000e+01
2.300000000000000000e+01
1.273000000000000000e+03
1.084000000000000000e+03
1.315000000000000000e+03
1.559000000000000000e+03
4.120000000000000000e+02
6.180000000000000000e+02
5.630000000000000000e+02
8.630000000000000000e+02
6.020000000000000000e+02
5.770000000000000000e+02
2.030000000000000000e+02
1.340000000000000000e+02
2.942000000000000000e+03
2.553000000000000000e+03
2.303000000000000000e+03
1.018000000000000000e+03
5.260000000000000000e+02
3.328000000000000000e+03
9.970000000000000000e+02
1.694000000000000000e+03
3.658630000000000000e+05
3.256000000000000000e+03
3.865000000000000000e+03
3.647430000000000000e+05
4.159000000000000000e+03
3.546000000000000000e+03
3.638660000000000000e+05
3.656060000000000000e+05
3.655090000000000000e+05
3.630350000000000000e+05
3.648940000000000000e+05
1.039000000000000000e+03
3.634570000000000000e+05
2.087000000000000000e+03
3.131000000000000000e+03
4.790000000000000000e+02
1.282000000000000000e+03
4.600000000000000000e+01
1.790000000000000000e+02
8.400000000000000000e+01
5.270000000000000000e+02
1.211000000000000000e+03
3.820000000000000000e+02
2.068000000000000000e+03
6.700000000000000000e+02
2.065000000000000000e+03
4.180000000000000000e+02
4.340000000000000000e+02
2.516000000000000000e+03
1.335000000000000000e+03
5.070000000000000000e+02
3.093000000000000000e+03
4.130000000000000000e+02
2.099000000000000000e+03
2.203000000000000000e+03
8.450000000000000000e+02
4.120000000000000000e+03
2.326000000000000000e+03
2.550000000000000000e+02
1.506000000000000000e+03
2.978000000000000000e+03
4.346000000000000000e+03
2.704000000000000000e+03
3.845000000000000000e+03
3.126000000000000000e+03
3.611150000000000000e+05
3.060000000000000000e+02
3.647770000000000000e+05
3.659690000000000000e+05
2.098000000000000000e+03
3.645970000000000000e+05
3.629010000000000000e+05
3.656340000000000000e+05
3.653870000000000000e+05
2.616000000000000000e+03
3.600000000000000000e+01
3.658830000000000000e+05
3.663750000000000000e+05
3.000000000000000000e+00
1.167000000000000000e+03
1.691000000000000000e+03
1.557000000000000000e+03
1.030000000000000000e+02
5.330000000000000000e+02
1.111000000000000000e+03
9.120000000000000000e+02
1.162000000000000000e+03
1.284000000000000000e+03
2.470000000000000000e+02
4.500000000000000000e+02
3.840000000000000000e+02
6.890000000000000000e+02
3.950000000000000000e+02
4.550000000000000000e+02
5.700000000000000000e+01
1.200000000000000000e+01
2.941000000000000000e+03
2.359000000000000000e+03
2.110000000000000000e+03
8.600000000000000000e+02
3.730000000000000000e+02
3.142000000000000000e+03
8.370000000000000000e+02
1.525000000000000000e+03
3.658820000000000000e+05
3.069000000000000000e+03
3.670000000000000000e+03
3.646020000000000000e+05
3.959000000000000000e+03
3.353000000000000000e+03
5.244000000000000000e+03
3.654600000000000000e+05
3.653620000000000000e+05
3.628870000000000000e+05
3.647800000000000000e+05
8.700000000000000000e+02
3.633060000000000000e+05
1.862000000000000000e+03
2.893000000000000000e+03
7.010000000000000000e+02
4.990000000000000000e+02
1.625000000000000000e+03
3.750000000000000000e+02
1.022000000000000000e+03
2.810000000000000000e+02
1.868000000000000000e+03
4.980000000000000000e+02
1.900000000000000000e+03
3.080000000000000000e+02
2.900000000000000000e+02
2.345000000000000000e+03
9.160000000000000000e+02
2.340000000000000000e+02
2.914000000000000000e+03
2.920000000000000000e+02
1.976000000000000000e+03
2.077000000000000000e+03
6.900000000000000000e+02
8.860000000000000000e+02
2.153000000000000000e+03
1.030000000000000000e+02
1.340000000000000000e+03
2.774000000000000000e+03
4.132000000000000000e+03
2.497000000000000000e+03
3.652000000000000000e+03
2.939000000000000000e+03
4.798000000000000000e+03
1.500000000000000000e+02
5.083000000000000000e+03
5.018000000000000000e+03
1.884000000000000000e+03
3.644670000000000000e+05
3.627510000000000000e+05
3.654830000000000000e+05
3.652350000000000000e+05
2.388000000000000000e+03
3.661900000000000000e+05
3.658630000000000000e+05
3.662790000000000000e+05
2.642000000000000000e+03
2.240000000000000000e+02
8.220000000000000000e+02
1.730000000000000000e+02
1.663000000000000000e+03
3.290000000000000000e+02
1.738000000000000000e+03
1.920000000000000000e+02
1.470000000000000000e+02
2.175000000000000000e+03
5.830000000000000000e+02
1.106000000000000000e+03
2.735000000000000000e+03
1.640000000000000000e+02
1.846000000000000000e+03
1.946000000000000000e+03
5.360000000000000000e+02
6.740000000000000000e+02
1.981000000000000000e+03
4.344000000000000000e+03
1.175000000000000000e+03
2.571000000000000000e+03
3.919000000000000000e+03
2.292000000000000000e+03
3.458000000000000000e+03
2.753000000000000000e+03
4.593000000000000000e+03
2.191000000000000000e+03
4.852000000000000000e+03
4.785000000000000000e+03
1.669000000000000000e+03
3.643360000000000000e+05
3.625960000000000000e+05
3.653280000000000000e+05
3.650780000000000000e+05
2.161000000000000000e+03
3.662120000000000000e+05
3.658490000000000000e+05
3.661190000000000000e+05
2.445000000000000000e+03
3.641910000000000000e+05
5.800000000000000000e+01
1.453000000000000000e+03
1.620000000000000000e+02
1.576000000000000000e+03
7.000000000000000000e+01
4.000000000000000000e+00
2.008000000000000000e+03
3.070000000000000000e+02
9.500000000000000000e+02
2.559000000000000000e+03
3.100000000000000000e+01
1.712000000000000000e+03
1.811000000000000000e+03
3.820000000000000000e+02
4.670000000000000000e+02
1.810000000000000000e+03
4.132000000000000000e+03
1.011000000000000000e+03
2.369000000000000000e+03
3.706000000000000000e+03
2.089000000000000000e+03
3.268000000000000000e+03
2.569000000000000000e+03
4.388000000000000000e+03
1.980000000000000000e+03
4.623000000000000000e+03
4.555000000000000000e+03
1.458000000000000000e+03
3.642050000000000000e+05
3.624380000000000000e+05
3.651680000000000000e+05
3.649180000000000000e+05
1.937000000000000000e+03
3.662380000000000000e+05
3.658390000000000000e+05
3.659540000000000000e+05
2.249000000000000000e+03
3.639940000000000000e+05
2.536000000000000000e+03
5.000000000000000000e+02
1.418000000000000000e+03
1.020000000000000000e+02
3.270000000000000000e+02
1.842000000000000000e+03
6.900000000000000000e+01
7.960000000000000000e+02
2.385000000000000000e+03
4.180000000000000000e+02
1.574000000000000000e+03
1.671000000000000000e+03
2.280000000000000000e+02
2.630000000000000000e+02
1.641000000000000000e+03
3.925000000000000000e+03
8.470000000000000000e+02
2.169000000000000000e+03
9.240000000000000000e+02
8.990000000000000000e+02
3.078000000000000000e+03
2.385000000000000000e+03
4.187000000000000000e+03
1.772000000000000000e+03
4.397000000000000000e+03
4.326000000000000000e+03
1.248000000000000000e+03
3.640710000000000000e+05
5.454000000000000000e+03
3.650050000000000000e+05
3.647540000000000000e+05
1.715000000000000000e+03
3.662690000000000000e+05
3.658350000000000000e+05
3.657860000000000000e+05
2.054000000000000000e+03
3.637900000000000000e+05
2.336000000000000000e+03
3.658050000000000000e+05
2.090000000000000000e+02
1.650000000000000000e+02
1.677000000000000000e+03
2.051000000000000000e+03
6.430000000000000000e+02
2.212000000000000000e+03
5.910000000000000000e+02
1.432000000000000000e+03
1.527000000000000000e+03
7.400000000000000000e+01
6.400000000000000000e+01
1.472000000000000000e+03
3.721000000000000000e+03
6.850000000000000000e+02
1.971000000000000000e+03
7.360000000000000000e+02
6.880000000000000000e+02
2.889000000000000000e+03
2.202000000000000000e+03
3.986000000000000000e+03
1.565000000000000000e+03
4.172000000000000000e+03
4.100000000000000000e+03
1.039000000000000000e+03
3.639330000000000000e+05
5.236000000000000000e+03
5.724000000000000000e+03
3.645860000000000000e+05
1.494000000000000000e+03
3.663050000000000000e+05
3.658350000000000000e+05
3.656150000000000000e+05
1.861000000000000000e+03
3.635770000000000000e+05
2.137000000000000000e+03
3.657820000000000000e+05
3.663320000000000000e+05
1.516000000000000000e+03
1.883000000000000000e+03
3.120000000000000000e+02
2.042000000000000000e+03
4.180000000000000000e+02
1.287000000000000000e+03
1.381000000000000000e+03
3.236000000000000000e+03
5.700000000000000000e+02
1.305000000000000000e+03
3.521000000000000000e+03
5.230000000000000000e+02
1.775000000000000000e+03
5.480000000000000000e+02
4.800000000000000000e+02
2.703000000000000000e+03
2.022000000000000000e+03
2.191000000000000000e+03
1.360000000000000000e+03
3.949000000000000000e+03
3.876000000000000000e+03
8.310000000000000000e+02
3.637910000000000000e+05
5.020000000000000000e+03
5.503000000000000000e+03
3.644160000000000000e+05
1.275000000000000000e+03
5.802000000000000000e+03
3.658400000000000000e+05
3.654410000000000000e+05
1.668000000000000000e+03
3.633520000000000000e+05
1.938000000000000000e+03
3.657630000000000000e+05
3.661540000000000000e+05
3.657320000000000000e+05
3.390000000000000000e+02
1.874000000000000000e+03
5.100000000000000000e+01
1.139000000000000000e+03
1.231000000000000000e+03
3.139000000000000000e+03
3.900000000000000000e+02
1.139000000000000000e+03
3.324000000000000000e+03
3.630000000000000000e+02
1.581000000000000000e+03
3.610000000000000000e+02
2.750000000000000000e+02
2.518000000000000000e+03
1.842000000000000000e+03
1.981000000000000000e+03
9.100000000000000000e+01
3.729000000000000000e+03
4.960000000000000000e+02
6.260000000000000000e+02
5.586000000000000000e+03
4.806000000000000000e+03
5.284000000000000000e+03
3.642430000000000000e+05
1.060000000000000000e+03
5.555000000000000000e+03
3.658500000000000000e+05
3.652640000000000000e+05
1.477000000000000000e+03
3.631130000000000000e+05
1.742000000000000000e+03
3.657480000000000000e+05
3.659730000000000000e+05
3.657060000000000000e+05
1.002000000000000000e+03
7.800000000000000000e+01
9.880000000000000000e+02
1.080000000000000000e+03
3.034000000000000000e+03
2.110000000000000000e+02
9.750000000000000000e+02
3.132000000000000000e+03
2.020000000000000000e+02
1.389000000000000000e+03
1.750000000000000000e+02
7.400000000000000000e+01
2.335000000000000000e+03
1.663000000000000000e+03
1.774000000000000000e+03
3.130000000000000000e+02
3.510000000000000000e+03
8.000000000000000000e+00
4.240000000000000000e+02
2.882000000000000000e+03
4.594000000000000000e+03
5.067000000000000000e+03
5.820000000000000000e+03
8.450000000000000000e+02
5.310000000000000000e+03
3.658640000000000000e+05
3.650860000000000000e+05
1.286000000000000000e+03
6.340000000000000000e+03
1.546000000000000000e+03
3.657380000000000000e+05
3.657900000000000000e+05
3.656830000000000000e+05
8.110000000000000000e+02
3.539000000000000000e+03
9.260000000000000000e+02
2.854000000000000000e+03
3.300000000000000000e+01
8.120000000000000000e+02
2.943000000000000000e+03
4.300000000000000000e+01
1.198000000000000000e+03
2.041000000000000000e+03
7.480000000000000000e+02
2.153000000000000000e+03
1.486000000000000000e+03
1.570000000000000000e+03
9.100000000000000000e+01
3.294000000000000000e+03
7.500000000000000000e+01
2.210000000000000000e+02
1.804000000000000000e+03
4.090000000000000000e+03
2.246000000000000000e+03
5.579000000000000000e+03
6.330000000000000000e+02
5.067000000000000000e+03
3.658840000000000000e+05
3.649050000000000000e+05
1.097000000000000000e+03
6.105000000000000000e+03
1.352000000000000000e+03
3.657320000000000000e+05
3.656050000000000000e+05
3.656650000000000000e+05
6.210000000000000000e+02
3.284000000000000000e+03
3.665820000000000000e+05
1.108000000000000000e+03
6.510000000000000000e+02
2.758000000000000000e+03
2.213000000000000000e+03
5.820000000000000000e+02
1.848000000000000000e+03
5.110000000000000000e+02
1.973000000000000000e+03
1.310000000000000000e+03
1.368000000000000000e+03
5.560000000000000000e+02
3.079000000000000000e+03
1.752000000000000000e+03
2.100000000000000000e+01
1.609000000000000000e+03
3.894000000000000000e+03
2.034000000000000000e+03
6.520000000000000000e+02
4.220000000000000000e+02
4.827000000000000000e+03
3.659100000000000000e+05
6.394000000000000000e+03
9.080000000000000000e+02
5.873000000000000000e+03
1.159000000000000000e+03
3.657300000000000000e+05
3.654180000000000000e+05
3.656500000000000000e+05
4.320000000000000000e+02
3.033000000000000000e+03
3.666160000000000000e+05
1.968000000000000000e+03
2.577000000000000000e+03
2.032000000000000000e+03
8.230000000000000000e+02
1.658000000000000000e+03
2.930000000000000000e+02
1.794000000000000000e+03
1.011000000000000000e+03
1.170000000000000000e+03
3.600000000000000000e+02
2.868000000000000000e+03
1.559000000000000000e+03
3.360000000000000000e+02
1.414000000000000000e+03
3.698000000000000000e+03
1.823000000000000000e+03
4.540000000000000000e+02
2.130000000000000000e+02
5.370000000000000000e+02
6.274000000000000000e+03
6.143000000000000000e+03
7.210000000000000000e+02
5.642000000000000000e+03
9.670000000000000000e+02
3.657320000000000000e+05
3.652290000000000000e+05
3.656400000000000000e+05
2.440000000000000000e+02
2.784000000000000000e+03
3.666540000000000000e+05
1.726000000000000000e+03
3.869000000000000000e+03
6.390000000000000000e+02
1.472000000000000000e+03
9.100000000000000000e+01
1.617000000000000000e+03
1.100000000000000000e+02
9.740000000000000000e+02
1.590000000000000000e+02
2.658000000000000000e+03
1.367000000000000000e+03
1.640000000000000000e+02
1.220000000000000000e+03
3.502000000000000000e+03
1.615000000000000000e+03
2.560000000000000000e+02
7.000000000000000000e+00
3.370000000000000000e+02
3.753000000000000000e+03
4.411000000000000000e+03
5.340000000000000000e+02
5.415000000000000000e+03
7.760000000000000000e+02
3.657400000000000000e+05
3.650390000000000000e+05
3.656340000000000000e+05
5.600000000000000000e+01
2.539000000000000000e+03
3.666950000000000000e+05
1.487000000000000000e+03
3.638000000000000000e+03
1.715000000000000000e+03
1.510000000000000000e+02
1.443000000000000000e+03
7.920000000000000000e+02
7.800000000000000000e+02
2.380000000000000000e+03
2.450000000000000000e+03
1.176000000000000000e+03
5.301000000000000000e+03
1.026000000000000000e+03
3.307000000000000000e+03
1.409000000000000000e+03
5.800000000000000000e+01
1.769000000000000000e+03
1.380000000000000000e+02
3.553000000000000000e+03
4.224000000000000000e+03
3.490000000000000000e+02
2.700000000000000000e+01
5.860000000000000000e+02
1.557300000000000000e+04
3.648470000000000000e+05
3.656330000000000000e+05
6.771000000000000000e+03
2.296000000000000000e+03
3.667400000000000000e+05
1.251000000000000000e+03
3.411000000000000000e+03
1.506000000000000000e+03
1.463000000000000000e+03
6.220000000000000000e+02
5.900000000000000000e+02
2.192000000000000000e+03
2.246000000000000000e+03
9.850000000000000000e+02
5.143000000000000000e+03
8.330000000000000000e+02
3.113000000000000000e+03
1.204000000000000000e+03
3.045000000000000000e+03
1.578000000000000000e+03
2.783000000000000000e+03
3.352000000000000000e+03
4.037000000000000000e+03
1.650000000000000000e+02
4.527000000000000000e+03
3.980000000000000000e+02
5.660000000000000000e+02
1.545400000000000000e+04
3.656360000000000000e+05
6.506000000000000000e+03
2.056000000000000000e+03
3.667900000000000000e+05
1.018000000000000000e+03
3.185000000000000000e+03
1.298000000000000000e+03
1.255000000000000000e+03
3.154000000000000000e+03
2.006000000000000000e+03
2.043000000000000000e+03
7.960000000000000000e+02
4.983000000000000000e+03
6.410000000000000000e+02
2.919000000000000000e+03
1.002000000000000000e+03
2.880000000000000000e+03
1.388000000000000000e+03
4.510000000000000000e+02
3.153000000000000000e+03
3.848000000000000000e+03
2.989000000000000000e+03
4.038000000000000000e+03
2.110000000000000000e+02
3.730000000000000000e+02
7.410000000000000000e+02
2.489000000000000000e+03
6.245000000000000000e+03
1.819000000000000000e+03
3.667610000000000000e+05
7.860000000000000000e+02
2.961000000000000000e+03
1.093000000000000000e+03
1.048000000000000000e+03
2.926000000000000000e+03
3.921000000000000000e+03
6.080000000000000000e+02
4.819000000000000000e+03
4.490000000000000000e+02
2.727000000000000000e+03
8.020000000000000000e+02
2.712000000000000000e+03
1.201000000000000000e+03
2.409000000000000000e+03
2.953000000000000000e+03
3.659000000000000000e+03
2.760000000000000000e+03
3.583000000000000000e+03
2.500000000000000000e+01
1.800000000000000000e+02
5.260000000000000000e+02
2.272000000000000000e+03
5.986000000000000000e+03
1.584000000000000000e+03
1.641700000000000000e+04
5.580000000000000000e+02
2.740000000000000000e+03
8.880000000000000000e+02
8.420000000000000000e+02
2.701000000000000000e+03
3.655000000000000000e+03
3.589010000000000000e+05
2.590000000000000000e+02
2.535000000000000000e+03
6.040000000000000000e+02
2.541000000000000000e+03
1.015000000000000000e+03
2.221000000000000000e+03
2.755000000000000000e+03
3.468000000000000000e+03
2.534000000000000000e+03
3.163000000000000000e+03
2.177000000000000000e+03
4.650000000000000000e+02
3.120000000000000000e+02
2.057000000000000000e+03
5.730000000000000000e+03
1.353000000000000000e+03
4.200000000000000000e+02
3.330000000000000000e+02
2.521000000000000000e+03
6.850000000000000000e+02
6.390000000000000000e+02
2.477000000000000000e+03
3.393000000000000000e+03
3.588170000000000000e+05
2.565000000000000000e+03
4.080000000000000000e+02
2.368000000000000000e+03
8.300000000000000000e+02
2.033000000000000000e+03
5.420000000000000000e+02
3.278000000000000000e+03
2.310000000000000000e+03
2.780000000000000000e+03
1.967000000000000000e+03
2.610000000000000000e+02
1.000000000000000000e+02
1.844000000000000000e+03
5.477000000000000000e+03
1.123000000000000000e+03
1.530000000000000000e+02
1.100000000000000000e+02
2.305000000000000000e+03
3.290000000000000000e+02
4.380000000000000000e+02
2.257000000000000000e+03
3.134000000000000000e+03
3.587490000000000000e+05
2.339000000000000000e+03
3.666170000000000000e+05
6.480000000000000000e+02
1.844000000000000000e+03
2.359000000000000000e+03
3.087000000000000000e+03
2.089000000000000000e+03
2.428000000000000000e+03
1.759000000000000000e+03
5.800000000000000000e+01
5.229000000000000000e+03
1.631000000000000000e+03
5.227000000000000000e+03
8.970000000000000000e+02
2.523000000000000000e+03
1.118000000000000000e+03
2.090000000000000000e+03
1.090000000000000000e+02
1.640000000000000000e+02
1.747000000000000000e+03
2.878000000000000000e+03
3.586960000000000000e+05
2.115000000000000000e+03
3.664080000000000000e+05
5.173000000000000000e+03
2.163000000000000000e+03
2.896000000000000000e+03
1.871000000000000000e+03
2.106000000000000000e+03
1.553000000000000000e+03
5.880000000000000000e+02
5.025000000000000000e+03
1.420000000000000000e+03
4.979000000000000000e+03
6.730000000000000000e+02
2.322000000000000000e+03
9.160000000000000000e+02
1.877000000000000000e+03
8.600000000000000000e+01
3.900000000000000000e+01
1.486000000000000000e+03
2.710000000000000000e+02
1.473000000000000000e+03
1.892000000000000000e+03
3.661990000000000000e+05
4.921000000000000000e+03
4.470000000000000000e+02
1.655000000000000000e+03
9.330000000000000000e+02
1.348000000000000000e+03
3.010000000000000000e+02
4.821000000000000000e+03
1.210000000000000000e+03
4.734000000000000000e+03
4.510000000000000000e+02
2.120000000000000000e+03
7.140000000000000000e+02
1.666000000000000000e+03
9.260000000000000000e+02
6.378000000000000000e+03
1.237000000000000000e+03
5.700000000000000000e+01
1.225000000000000000e+03
1.350000000000000000e+02
1.610000000000000000e+02
4.671000000000000000e+03
2.370000000000000000e+02
3.653290000000000000e+05
1.145000000000000000e+03
3.200000000000000000e+01
4.618000000000000000e+03
1.002000000000000000e+03
4.493000000000000000e+03
2.320000000000000000e+02
1.919000000000000000e+03
5.110000000000000000e+02
1.458000000000000000e+03
6.160000000000000000e+02
6.114000000000000000e+03
9.990000000000000000e+02
2.131000000000000000e+03
9.890000000000000000e+02
1.455000000000000000e+03
3.073000000000000000e+03
6.580000000000000000e+02
3.100000000000000000e+01
1.939700000000000000e+04
2.006500000000000000e+04
4.416000000000000000e+03
7.960000000000000000e+02
4.254000000000000000e+03
1.500000000000000000e+01
9.030000000000000000e+02
3.080000000000000000e+02
1.251000000000000000e+03
3.250000000000000000e+02
5.854000000000000000e+03
7.720000000000000000e+02
1.887000000000000000e+03
7.610000000000000000e+02
1.239000000000000000e+03
2.583000000000000000e+03
4.470000000000000000e+02
8.923000000000000000e+03
1.157000000000000000e+03
1.068000000000000000e+03
1.645000000000000000e+03
4.016000000000000000e+03
2.460000000000000000e+03
1.515000000000000000e+03
1.050000000000000000e+02
1.047000000000000000e+03
5.100000000000000000e+01
5.596000000000000000e+03
5.550000000000000000e+02
1.647000000000000000e+03
5.440000000000000000e+02
1.027000000000000000e+03
2.133000000000000000e+03
2.350000000000000000e+02
8.635000000000000000e+03
9.430000000000000000e+02
8.420000000000000000e+02
3.320000000000000000e+02
6.697000000000000000e+03
1.313000000000000000e+03
2.070000000000000000e+02
8.440000000000000000e+02
1.742000000000000000e+03
5.340000000000000000e+03
3.470000000000000000e+02
1.410000000000000000e+03
3.340000000000000000e+02
8.150000000000000000e+02
1.722000000000000000e+03
2.200000000000000000e+01
8.351000000000000000e+03
7.280000000000000000e+02
6.160000000000000000e+02
1.050000000000000000e+02
6.157000000000000000e+03
7.840000000000000000e+02
6.430000000000000000e+02
1.533000000000000000e+03
5.089000000000000000e+03
1.460000000000000000e+02
1.175000000000000000e+03
1.330000000000000000e+02
6.050000000000000000e+02
1.342000000000000000e+03
4.790000000000000000e+02
8.069000000000000000e+03
5.140000000000000000e+02
3.910000000000000000e+02
2.569000000000000000e+03
5.641000000000000000e+03
5.600000000000000000e+02
1.096000000000000000e+03
4.839000000000000000e+03
3.610000000000000000e+02
9.430000000000000000e+02
4.120000000000000000e+02
3.900000000000000000e+02
9.910000000000000000e+02
2.590000000000000000e+02
7.790000000000000000e+03
2.990000000000000000e+02
1.670000000000000000e+02
2.975000000000000000e+03
5.153000000000000000e+03
3.370000000000000000e+02
8.670000000000000000e+02
1.115000000000000000e+03
7.150000000000000000e+02
1.990000000000000000e+02
1.760000000000000000e+02
6.630000000000000000e+02
3.900000000000000000e+01
7.515000000000000000e+03
8.400000000000000000e+01
6.945000000000000000e+03
3.472000000000000000e+03
4.696000000000000000e+03
1.140000000000000000e+02
6.390000000000000000e+02
8.670000000000000000e+02
8.450000000000000000e+02
4.778000000000000000e+03
3.580000000000000000e+02
2.780000000000000000e+03
7.242000000000000000e+03
2.491000000000000000e+03
6.358000000000000000e+03
4.147000000000000000e+03
4.269000000000000000e+03
9.466000000000000000e+03
4.120000000000000000e+02
6.210000000000000000e+02
6.220000000000000000e+02
1.469000000000000000e+03
2.556000000000000000e+03
6.972000000000000000e+03
2.273000000000000000e+03
5.699000000000000000e+03
3.975000000000000000e+03
3.870000000000000000e+03
9.176000000000000000e+03
1.860000000000000000e+02
3.780000000000000000e+02
4.070000000000000000e+02
1.239000000000000000e+03
4.965000000000000000e+03
2.056000000000000000e+03
4.964000000000000000e+03
3.755000000000000000e+03
3.497000000000000000e+03
8.889000000000000000e+03
2.203000000000000000e+03
1.390000000000000000e+02
1.980000000000000000e+02
1.010000000000000000e+03
4.733000000000000000e+03
8.610000000000000000e+02
3.536000000000000000e+03
3.147000000000000000e+03
8.605000000000000000e+03
1.772000000000000000e+03
2.078000000000000000e+03
6.707000000000000000e+03
7.820000000000000000e+02
4.503000000000000000e+03
6.120000000000000000e+02
2.716000000000000000e+03
8.324000000000000000e+03
1.377000000000000000e+03
1.853000000000000000e+03
6.489000000000000000e+03
5.540000000000000000e+02
4.273000000000000000e+03
3.670000000000000000e+02
2.491000000000000000e+03
2.002000000000000000e+03
1.629000000000000000e+03
6.270000000000000000e+03
3.270000000000000000e+02
4.044000000000000000e+03
1.240000000000000000e+02
2.265000000000000000e+03
1.771000000000000000e+03
5.386000000000000000e+03
1.010000000000000000e+02
7.600000000000000000e+01
6.817000000000000000e+03
2.039000000000000000e+03
1.540000000000000000e+03
5.156000000000000000e+03
3.131000000000000000e+03
6.590000000000000000e+03
4.900000000000000000e+01
1.310000000000000000e+03
4.926000000000000000e+03
2.903000000000000000e+03
4.450000000000000000e+02
1.080000000000000000e+03
4.697000000000000000e+03
2.674000000000000000e+03
1.980000000000000000e+02
7.610000000000000000e+02
2.446000000000000000e+03
5.202000000000000000e+03
5.090000000000000000e+02
1.735000000000000000e+03
2.610000000000000000e+02
1.503000000000000000e+03
9.136000000000000000e+03
8.903000000000000000e+03
2.270000000000000000e+03
6.540000000000000000e+02
