4.736300000000000000e+04
4.183200000000000000e+04
3.930400000000000000e+04
3.771600000000000000e+04
3.629900000000000000e+04
3.545300000000000000e+04
3.496400000000000000e+04
3.412000000000000000e+04
3.365600000000000000e+04
3.295200000000000000e+04
3.153300000000000000e+04
3.079800000000000000e+04
3.142000000000000000e+04
3.113000000000000000e+04
3.200000000000000000e+04
3.039200000000000000e+04
3.098600000000000000e+04
3.071000000000000000e+04
3.022500000000000000e+04
3.140900000000000000e+04
3.149000000000000000e+04
3.344100000000000000e+04
3.546300000000000000e+04
3.464400000000000000e+04
3.355700000000000000e+04
3.339400000000000000e+04
3.097600000000000000e+04
3.155100000000000000e+04
3.023200000000000000e+04
2.969600000000000000e+04
2.636400000000000000e+04
2.772200000000000000e+04
2.421500000000000000e+04
2.747300000000000000e+04
2.578000000000000000e+04
2.852000000000000000e+04
2.693000000000000000e+04
2.666100000000000000e+04
2.786700000000000000e+04
2.840700000000000000e+04
2.850000000000000000e+04
3.488900000000000000e+04
2.991900000000000000e+04
3.170200000000000000e+04
3.423400000000000000e+04
3.695100000000000000e+04
3.521400000000000000e+04
2.968700000000000000e+04
3.528200000000000000e+04
3.568400000000000000e+04
3.370200000000000000e+04
3.515500000000000000e+04
3.218600000000000000e+04
3.076800000000000000e+04
3.199300000000000000e+04
3.840300000000000000e+04
3.209900000000000000e+04
3.061700000000000000e+04
4.397600000000000000e+04
3.060000000000000000e+04
3.119900000000000000e+04
3.589300000000000000e+04
3.729100000000000000e+04
2.419900000000000000e+04
4.171500000000000000e+04
3.400100000000000000e+04
3.325100000000000000e+04
4.211900000000000000e+04
3.298800000000000000e+04
2.937700000000000000e+04
3.738100000000000000e+04
4.076700000000000000e+04
3.867100000000000000e+04
3.694800000000000000e+04
3.591200000000000000e+04
3.538500000000000000e+04
3.444400000000000000e+04
3.390700000000000000e+04
3.323500000000000000e+04
3.296100000000000000e+04
3.234300000000000000e+04
3.203300000000000000e+04
3.145700000000000000e+04
3.059800000000000000e+04
3.084400000000000000e+04
3.118000000000000000e+04
3.122100000000000000e+04
3.125700000000000000e+04
3.070000000000000000e+04
3.223200000000000000e+04
3.222300000000000000e+04
3.316300000000000000e+04
3.191700000000000000e+04
3.391700000000000000e+04
3.245300000000000000e+04
3.126200000000000000e+04
3.126700000000000000e+04
2.819900000000000000e+04
3.015400000000000000e+04
2.981000000000000000e+04
2.923200000000000000e+04
2.831300000000000000e+04
2.798600000000000000e+04
2.481700000000000000e+04
2.837200000000000000e+04
2.954700000000000000e+04
2.617400000000000000e+04
2.783600000000000000e+04
2.754000000000000000e+04
2.760700000000000000e+04
3.386000000000000000e+04
3.080800000000000000e+04
3.048800000000000000e+04
3.317000000000000000e+04
3.212800000000000000e+04
3.131500000000000000e+04
3.288800000000000000e+04
3.321600000000000000e+04
3.268700000000000000e+04
3.213500000000000000e+04
2.704100000000000000e+04
3.415000000000000000e+04
3.927500000000000000e+04
3.601200000000000000e+04
2.890400000000000000e+04
3.946800000000000000e+04
3.768400000000000000e+04
3.243800000000000000e+04
2.267100000000000000e+04
3.330100000000000000e+04
2.821600000000000000e+04
3.751900000000000000e+04
3.211600000000000000e+04
3.141200000000000000e+04
3.321700000000000000e+04
4.257800000000000000e+04
2.854500000000000000e+04
3.163100000000000000e+04
4.251300000000000000e+04
4.074900000000000000e+04
3.164800000000000000e+04
3.773400000000000000e+04
3.644300000000000000e+04
3.588100000000000000e+04
3.474700000000000000e+04
3.417400000000000000e+04
3.347100000000000000e+04
3.318200000000000000e+04
3.253000000000000000e+04
3.164500000000000000e+04
3.126400000000000000e+04
3.090300000000000000e+04
3.184400000000000000e+04
3.181000000000000000e+04
3.078600000000000000e+04
3.077700000000000000e+04
3.180700000000000000e+04
3.005100000000000000e+04
3.217800000000000000e+04
3.129500000000000000e+04
3.172800000000000000e+04
3.247700000000000000e+04
3.149900000000000000e+04
3.066000000000000000e+04
3.084400000000000000e+04
2.850500000000000000e+04
2.798400000000000000e+04
2.688900000000000000e+04
2.605100000000000000e+04
2.609500000000000000e+04
2.873200000000000000e+04
2.722100000000000000e+04
2.825200000000000000e+04
2.937600000000000000e+04
2.660000000000000000e+04
2.720600000000000000e+04
3.166600000000000000e+04
2.820700000000000000e+04
2.845100000000000000e+04
2.772600000000000000e+04
3.007800000000000000e+04
3.408700000000000000e+04
3.139600000000000000e+04
3.486300000000000000e+04
2.845400000000000000e+04
3.553000000000000000e+04
3.675900000000000000e+04
2.833600000000000000e+04
3.617800000000000000e+04
3.304900000000000000e+04
3.241100000000000000e+04
3.783400000000000000e+04
3.336000000000000000e+04
4.164000000000000000e+04
4.219700000000000000e+04
3.233600000000000000e+04
4.017300000000000000e+04
3.609600000000000000e+04
3.693000000000000000e+04
3.367300000000000000e+04
4.120200000000000000e+04
4.406100000000000000e+04
3.711800000000000000e+04
4.179200000000000000e+04
3.419800000000000000e+04
3.274400000000000000e+04
3.820400000000000000e+04
3.159900000000000000e+04
2.515000000000000000e+04
4.861900000000000000e+04
3.638400000000000000e+04
3.508000000000000000e+04
3.439400000000000000e+04
3.375700000000000000e+04
3.341000000000000000e+04
3.268800000000000000e+04
3.292600000000000000e+04
3.184600000000000000e+04
3.124700000000000000e+04
3.064200000000000000e+04
2.986700000000000000e+04
3.081400000000000000e+04
3.042800000000000000e+04
3.065200000000000000e+04
3.074500000000000000e+04
2.999800000000000000e+04
3.177500000000000000e+04
3.074200000000000000e+04
3.081200000000000000e+04
3.101100000000000000e+04
3.119400000000000000e+04
3.076500000000000000e+04
2.891500000000000000e+04
2.971800000000000000e+04
2.940200000000000000e+04
2.670200000000000000e+04
2.815300000000000000e+04
2.731600000000000000e+04
2.878600000000000000e+04
2.492800000000000000e+04
2.525600000000000000e+04
2.976900000000000000e+04
2.647200000000000000e+04
3.065700000000000000e+04
3.041600000000000000e+04
2.814400000000000000e+04
3.335500000000000000e+04
3.436400000000000000e+04
3.541300000000000000e+04
3.387400000000000000e+04
3.172300000000000000e+04
3.198600000000000000e+04
3.475500000000000000e+04
3.432900000000000000e+04
3.460900000000000000e+04
3.476100000000000000e+04
3.200000000000000000e+04
3.586900000000000000e+04
2.434300000000000000e+04
2.346400000000000000e+04
3.484100000000000000e+04
3.503600000000000000e+04
4.043100000000000000e+04
3.654200000000000000e+04
2.739700000000000000e+04
3.932700000000000000e+04
3.585300000000000000e+04
3.097500000000000000e+04
3.917500000000000000e+04
4.312400000000000000e+04
3.856900000000000000e+04
3.626900000000000000e+04
3.273700000000000000e+04
4.840700000000000000e+04
4.907600000000000000e+04
3.260400000000000000e+04
4.242800000000000000e+04
2.403600000000000000e+04
3.467000000000000000e+04
3.394800000000000000e+04
3.360800000000000000e+04
3.282100000000000000e+04
3.303900000000000000e+04
3.183500000000000000e+04
3.217800000000000000e+04
3.105600000000000000e+04
3.131300000000000000e+04
3.085100000000000000e+04
3.200200000000000000e+04
3.141900000000000000e+04
3.033900000000000000e+04
3.066300000000000000e+04
3.126700000000000000e+04
3.052300000000000000e+04
3.092700000000000000e+04
3.040200000000000000e+04
3.099700000000000000e+04
2.864300000000000000e+04
3.011900000000000000e+04
2.929400000000000000e+04
2.924400000000000000e+04
2.850300000000000000e+04
2.764800000000000000e+04
2.750400000000000000e+04
2.737000000000000000e+04
2.900500000000000000e+04
2.744800000000000000e+04
2.715700000000000000e+04
2.882500000000000000e+04
2.961800000000000000e+04
2.665600000000000000e+04
2.660300000000000000e+04
2.826700000000000000e+04
2.812900000000000000e+04
3.105700000000000000e+04
3.035700000000000000e+04
3.038300000000000000e+04
2.820700000000000000e+04
3.417400000000000000e+04
3.615500000000000000e+04
3.437500000000000000e+04
3.544500000000000000e+04
3.629200000000000000e+04
3.635500000000000000e+04
3.737800000000000000e+04
2.989200000000000000e+04
3.908100000000000000e+04
3.270500000000000000e+04
3.407900000000000000e+04
4.045700000000000000e+04
2.955000000000000000e+04
3.360600000000000000e+04
3.891300000000000000e+04
3.434400000000000000e+04
3.560000000000000000e+04
3.992200000000000000e+04
3.594900000000000000e+04
4.406600000000000000e+04
3.014500000000000000e+04
3.292800000000000000e+04
4.228400000000000000e+04
3.759200000000000000e+04
4.048900000000000000e+04
4.316200000000000000e+04
4.516000000000000000e+04
3.387800000000000000e+04
3.296400000000000000e+04
3.320100000000000000e+04
3.199400000000000000e+04
3.122100000000000000e+04
3.143300000000000000e+04
3.109800000000000000e+04
3.174900000000000000e+04
3.002200000000000000e+04
3.122100000000000000e+04
3.055200000000000000e+04
3.005500000000000000e+04
2.915800000000000000e+04
2.978600000000000000e+04
2.933200000000000000e+04
3.067900000000000000e+04
3.157800000000000000e+04
3.007900000000000000e+04
2.909400000000000000e+04
2.913200000000000000e+04
2.756000000000000000e+04
2.862000000000000000e+04
2.786500000000000000e+04
2.838300000000000000e+04
2.591600000000000000e+04
2.556000000000000000e+04
2.909900000000000000e+04
2.450100000000000000e+04
2.850900000000000000e+04
3.004400000000000000e+04
2.812600000000000000e+04
3.107100000000000000e+04
2.789000000000000000e+04
2.896500000000000000e+04
2.819200000000000000e+04
3.385900000000000000e+04
2.986500000000000000e+04
3.041100000000000000e+04
3.391900000000000000e+04
3.223100000000000000e+04
3.388000000000000000e+04
3.489400000000000000e+04
3.631700000000000000e+04
3.585400000000000000e+04
3.081900000000000000e+04
3.699700000000000000e+04
3.633800000000000000e+04
3.836900000000000000e+04
3.804500000000000000e+04
3.152700000000000000e+04
3.283800000000000000e+04
3.436900000000000000e+04
3.418300000000000000e+04
3.880600000000000000e+04
3.838700000000000000e+04
3.375000000000000000e+04
3.259200000000000000e+04
4.083200000000000000e+04
3.214100000000000000e+04
3.965200000000000000e+04
3.502400000000000000e+04
3.044000000000000000e+04
4.211500000000000000e+04
2.037600000000000000e+04
3.184700000000000000e+04
3.632300000000000000e+04
3.333600000000000000e+04
3.213600000000000000e+04
3.131300000000000000e+04
3.219400000000000000e+04
3.179100000000000000e+04
3.065000000000000000e+04
3.067700000000000000e+04
3.125500000000000000e+04
3.025500000000000000e+04
3.058800000000000000e+04
3.059900000000000000e+04
2.970700000000000000e+04
3.064500000000000000e+04
3.062500000000000000e+04
3.099700000000000000e+04
2.928100000000000000e+04
3.099000000000000000e+04
2.993300000000000000e+04
2.852400000000000000e+04
2.896100000000000000e+04
2.655600000000000000e+04
2.929600000000000000e+04
2.948600000000000000e+04
2.924900000000000000e+04
2.775000000000000000e+04
2.864200000000000000e+04
2.581100000000000000e+04
2.872000000000000000e+04
2.721600000000000000e+04
2.599500000000000000e+04
2.667700000000000000e+04
2.754000000000000000e+04
2.765400000000000000e+04
3.418100000000000000e+04
2.936400000000000000e+04
3.055800000000000000e+04
3.128600000000000000e+04
3.176100000000000000e+04
3.246900000000000000e+04
2.898100000000000000e+04
3.019500000000000000e+04
3.497600000000000000e+04
3.171800000000000000e+04
3.685600000000000000e+04
3.268900000000000000e+04
3.875500000000000000e+04
2.848300000000000000e+04
3.346400000000000000e+04
3.567300000000000000e+04
4.167100000000000000e+04
4.251900000000000000e+04
4.129500000000000000e+04
2.358000000000000000e+04
3.887500000000000000e+04
3.398400000000000000e+04
3.468600000000000000e+04
4.503200000000000000e+04
4.282500000000000000e+04
3.576500000000000000e+04
3.677500000000000000e+04
3.569900000000000000e+04
4.626300000000000000e+04
3.947400000000000000e+04
3.347300000000000000e+04
3.578800000000000000e+04
3.140400000000000000e+04
3.219400000000000000e+04
3.143900000000000000e+04
3.098800000000000000e+04
3.179200000000000000e+04
3.138400000000000000e+04
3.047200000000000000e+04
3.203300000000000000e+04
3.034400000000000000e+04
3.098300000000000000e+04
2.901100000000000000e+04
3.109100000000000000e+04
3.001600000000000000e+04
2.984900000000000000e+04
3.023900000000000000e+04
2.929400000000000000e+04
2.845600000000000000e+04
2.906500000000000000e+04
2.800300000000000000e+04
2.715900000000000000e+04
2.635800000000000000e+04
2.570500000000000000e+04
2.592400000000000000e+04
2.749200000000000000e+04
2.892200000000000000e+04
2.898400000000000000e+04
2.516900000000000000e+04
2.553300000000000000e+04
3.068400000000000000e+04
2.782000000000000000e+04
2.838100000000000000e+04
2.839400000000000000e+04
2.825100000000000000e+04
3.069800000000000000e+04
3.500700000000000000e+04
3.102100000000000000e+04
3.684800000000000000e+04
3.461500000000000000e+04
3.361100000000000000e+04
3.577100000000000000e+04
3.524000000000000000e+04
3.500000000000000000e+04
3.622400000000000000e+04
3.074100000000000000e+04
3.845700000000000000e+04
3.358300000000000000e+04
3.267100000000000000e+04
3.387200000000000000e+04
3.179300000000000000e+04
3.157300000000000000e+04
2.959600000000000000e+04
3.591100000000000000e+04
4.222200000000000000e+04
3.416700000000000000e+04
3.331400000000000000e+04
3.478400000000000000e+04
2.741400000000000000e+04
4.498000000000000000e+04
3.453800000000000000e+04
3.881100000000000000e+04
3.263300000000000000e+04
3.976900000000000000e+04
3.442100000000000000e+04
3.706600000000000000e+04
3.149400000000000000e+04
3.124500000000000000e+04
3.053200000000000000e+04
2.970700000000000000e+04
3.040500000000000000e+04
3.017500000000000000e+04
3.071800000000000000e+04
3.004200000000000000e+04
2.990000000000000000e+04
2.910000000000000000e+04
3.071500000000000000e+04
2.942100000000000000e+04
2.935700000000000000e+04
2.937700000000000000e+04
2.965500000000000000e+04
2.899300000000000000e+04
2.768500000000000000e+04
2.880900000000000000e+04
2.880700000000000000e+04
2.633700000000000000e+04
2.824500000000000000e+04
2.729800000000000000e+04
2.580200000000000000e+04
2.521700000000000000e+04
2.729500000000000000e+04
2.572300000000000000e+04
2.622900000000000000e+04
2.664700000000000000e+04
3.145600000000000000e+04
2.754500000000000000e+04
3.384700000000000000e+04
2.908000000000000000e+04
2.990600000000000000e+04
3.259900000000000000e+04
2.967500000000000000e+04
3.337900000000000000e+04
3.273700000000000000e+04
3.304600000000000000e+04
3.583100000000000000e+04
3.567800000000000000e+04
3.566900000000000000e+04
3.068100000000000000e+04
3.291600000000000000e+04
3.638400000000000000e+04
3.324500000000000000e+04
3.893600000000000000e+04
3.983400000000000000e+04
3.669000000000000000e+04
3.216600000000000000e+04
4.098300000000000000e+04
4.514600000000000000e+04
3.629600000000000000e+04
3.344800000000000000e+04
3.979800000000000000e+04
3.417800000000000000e+04
3.703000000000000000e+04
3.933600000000000000e+04
3.344600000000000000e+04
2.746600000000000000e+04
4.570000000000000000e+04
3.988700000000000000e+04
4.763600000000000000e+04
4.267100000000000000e+04
3.111800000000000000e+04
3.132200000000000000e+04
3.072500000000000000e+04
3.182400000000000000e+04
3.103200000000000000e+04
3.002900000000000000e+04
2.977900000000000000e+04
3.017700000000000000e+04
3.041300000000000000e+04
2.970800000000000000e+04
2.984000000000000000e+04
2.904500000000000000e+04
2.973400000000000000e+04
2.734400000000000000e+04
2.897000000000000000e+04
2.812600000000000000e+04
2.859300000000000000e+04
2.798100000000000000e+04
2.737000000000000000e+04
2.746900000000000000e+04
2.746000000000000000e+04
2.466500000000000000e+04
2.655700000000000000e+04
2.864800000000000000e+04
2.664000000000000000e+04
2.703400000000000000e+04
2.984500000000000000e+04
2.939400000000000000e+04
2.810700000000000000e+04
3.366500000000000000e+04
2.932100000000000000e+04
3.155200000000000000e+04
3.047600000000000000e+04
3.153700000000000000e+04
2.929000000000000000e+04
3.335500000000000000e+04
3.403000000000000000e+04
3.436800000000000000e+04
3.497600000000000000e+04
3.226800000000000000e+04
3.372700000000000000e+04
3.468500000000000000e+04
2.613100000000000000e+04
3.976600000000000000e+04
3.684700000000000000e+04
4.243300000000000000e+04
3.186100000000000000e+04
4.309200000000000000e+04
3.686800000000000000e+04
4.038200000000000000e+04
3.186600000000000000e+04
3.580100000000000000e+04
4.479300000000000000e+04
3.606300000000000000e+04
2.527700000000000000e+04
2.360800000000000000e+04
3.994700000000000000e+04
3.459500000000000000e+04
4.534900000000000000e+04
4.421500000000000000e+04
2.949200000000000000e+04
2.562500000000000000e+04
3.072100000000000000e+04
3.176500000000000000e+04
3.090000000000000000e+04
2.999000000000000000e+04
2.957600000000000000e+04
2.974700000000000000e+04
2.933100000000000000e+04
2.855200000000000000e+04
3.020900000000000000e+04
3.075300000000000000e+04
2.947700000000000000e+04
2.946400000000000000e+04
2.894700000000000000e+04
2.937800000000000000e+04
2.866500000000000000e+04
2.672900000000000000e+04
2.735700000000000000e+04
2.766400000000000000e+04
2.541100000000000000e+04
2.473200000000000000e+04
2.636200000000000000e+04
2.635800000000000000e+04
2.832700000000000000e+04
2.945700000000000000e+04
3.025900000000000000e+04
3.079200000000000000e+04
2.677700000000000000e+04
2.773600000000000000e+04
2.781000000000000000e+04
2.979200000000000000e+04
3.001600000000000000e+04
3.230300000000000000e+04
2.890800000000000000e+04
3.256600000000000000e+04
3.304100000000000000e+04
3.119200000000000000e+04
3.397200000000000000e+04
3.192200000000000000e+04
3.296700000000000000e+04
3.725900000000000000e+04
3.857900000000000000e+04
2.772500000000000000e+04
3.354900000000000000e+04
3.462300000000000000e+04
4.178300000000000000e+04
3.626100000000000000e+04
3.931600000000000000e+04
3.105200000000000000e+04
2.489900000000000000e+04
3.918100000000000000e+04
3.362100000000000000e+04
4.111100000000000000e+04
2.602000000000000000e+04
4.105800000000000000e+04
4.029500000000000000e+04
3.122300000000000000e+04
3.441000000000000000e+04
4.444200000000000000e+04
3.305800000000000000e+04
3.712000000000000000e+04
2.240300000000000000e+04
3.078500000000000000e+04
2.995000000000000000e+04
2.943400000000000000e+04
2.961000000000000000e+04
2.995000000000000000e+04
2.993800000000000000e+04
2.923000000000000000e+04
2.938200000000000000e+04
2.846200000000000000e+04
2.936700000000000000e+04
2.743600000000000000e+04
2.867000000000000000e+04
2.773000000000000000e+04
2.843000000000000000e+04
2.787600000000000000e+04
2.734700000000000000e+04
2.758900000000000000e+04
2.763500000000000000e+04
2.484600000000000000e+04
2.918900000000000000e+04
2.789300000000000000e+04
2.828800000000000000e+04
2.929700000000000000e+04
2.995900000000000000e+04
2.722700000000000000e+04
2.693600000000000000e+04
2.867500000000000000e+04
2.841800000000000000e+04
3.152600000000000000e+04
3.012800000000000000e+04
3.094100000000000000e+04
3.012800000000000000e+04
3.398500000000000000e+04
3.601400000000000000e+04
3.362100000000000000e+04
3.562900000000000000e+04
3.651300000000000000e+04
3.664800000000000000e+04
3.801500000000000000e+04
3.040800000000000000e+04
3.928700000000000000e+04
3.389600000000000000e+04
3.450600000000000000e+04
4.064600000000000000e+04
2.934500000000000000e+04
3.328800000000000000e+04
3.847800000000000000e+04
3.423500000000000000e+04
3.556300000000000000e+04
4.047200000000000000e+04
3.549500000000000000e+04
4.398500000000000000e+04
2.953000000000000000e+04
3.347900000000000000e+04
4.237800000000000000e+04
3.696100000000000000e+04
3.808700000000000000e+04
4.246400000000000000e+04
4.587000000000000000e+04
3.654200000000000000e+04
2.933300000000000000e+04
2.950500000000000000e+04
2.989500000000000000e+04
2.908000000000000000e+04
2.822000000000000000e+04
2.992200000000000000e+04
3.047400000000000000e+04
2.917500000000000000e+04
2.923200000000000000e+04
2.862900000000000000e+04
2.912900000000000000e+04
2.865700000000000000e+04
2.692400000000000000e+04
2.662400000000000000e+04
2.699700000000000000e+04
2.548700000000000000e+04
2.487400000000000000e+04
2.657000000000000000e+04
2.602200000000000000e+04
2.536900000000000000e+04
2.879600000000000000e+04
2.695300000000000000e+04
2.833400000000000000e+04
3.262300000000000000e+04
3.297500000000000000e+04
2.793900000000000000e+04
2.938800000000000000e+04
3.164900000000000000e+04
3.190500000000000000e+04
3.388100000000000000e+04
3.987000000000000000e+04
3.832300000000000000e+04
3.318400000000000000e+04
3.162800000000000000e+04
3.546900000000000000e+04
3.472200000000000000e+04
3.118000000000000000e+04
3.771100000000000000e+04
2.631800000000000000e+04
3.614300000000000000e+04
3.561800000000000000e+04
2.896200000000000000e+04
3.906500000000000000e+04
4.021000000000000000e+04
3.981600000000000000e+04
3.453200000000000000e+04
3.464600000000000000e+04
4.570900000000000000e+04
3.938700000000000000e+04
4.021500000000000000e+04
3.729900000000000000e+04
3.705100000000000000e+04
4.068100000000000000e+04
3.328900000000000000e+04
4.141300000000000000e+04
4.370200000000000000e+04
2.601700000000000000e+04
3.795000000000000000e+04
3.488900000000000000e+04
2.988800000000000000e+04
2.904000000000000000e+04
2.971700000000000000e+04
2.904500000000000000e+04
2.915400000000000000e+04
2.823000000000000000e+04
2.933400000000000000e+04
2.778000000000000000e+04
2.864100000000000000e+04
2.763400000000000000e+04
2.848800000000000000e+04
2.817500000000000000e+04
2.751500000000000000e+04
2.773100000000000000e+04
2.784400000000000000e+04
2.507100000000000000e+04
2.929500000000000000e+04
2.741100000000000000e+04
2.612800000000000000e+04
2.719300000000000000e+04
2.827900000000000000e+04
3.039900000000000000e+04
2.956400000000000000e+04
2.851000000000000000e+04
3.190500000000000000e+04
2.965700000000000000e+04
3.199200000000000000e+04
3.062200000000000000e+04
3.188000000000000000e+04
2.871700000000000000e+04
3.352100000000000000e+04
3.414800000000000000e+04
3.439400000000000000e+04
3.518900000000000000e+04
3.456800000000000000e+04
3.456000000000000000e+04
3.407300000000000000e+04
2.596800000000000000e+04
3.993200000000000000e+04
3.706500000000000000e+04
4.192100000000000000e+04
3.168700000000000000e+04
4.295000000000000000e+04
3.639200000000000000e+04
4.050800000000000000e+04
3.243200000000000000e+04
3.718400000000000000e+04
4.473600000000000000e+04
3.546900000000000000e+04
2.574600000000000000e+04
2.257400000000000000e+04
4.109000000000000000e+04
3.505400000000000000e+04
4.484300000000000000e+04
4.375200000000000000e+04
2.901600000000000000e+04
2.563600000000000000e+04
3.621400000000000000e+04
2.964900000000000000e+04
2.805300000000000000e+04
2.986700000000000000e+04
3.038500000000000000e+04
2.910600000000000000e+04
2.922900000000000000e+04
2.857900000000000000e+04
2.870100000000000000e+04
2.881000000000000000e+04
2.717900000000000000e+04
2.616900000000000000e+04
2.659600000000000000e+04
2.560400000000000000e+04
2.504500000000000000e+04
2.679600000000000000e+04
2.625700000000000000e+04
2.716400000000000000e+04
2.840400000000000000e+04
2.984300000000000000e+04
2.984800000000000000e+04
3.110900000000000000e+04
2.707900000000000000e+04
2.805500000000000000e+04
2.891100000000000000e+04
3.003400000000000000e+04
3.045700000000000000e+04
3.252400000000000000e+04
2.820500000000000000e+04
3.217400000000000000e+04
3.328800000000000000e+04
3.087700000000000000e+04
3.361700000000000000e+04
3.131500000000000000e+04
3.306500000000000000e+04
3.736200000000000000e+04
3.867200000000000000e+04
2.875500000000000000e+04
3.329100000000000000e+04
3.419300000000000000e+04
4.168200000000000000e+04
3.709700000000000000e+04
3.948100000000000000e+04
3.098400000000000000e+04
2.488100000000000000e+04
3.886300000000000000e+04
3.379900000000000000e+04
4.069700000000000000e+04
2.660800000000000000e+04
4.063000000000000000e+04
4.128300000000000000e+04
3.054900000000000000e+04
3.442100000000000000e+04
4.399500000000000000e+04
3.355600000000000000e+04
3.741100000000000000e+04
2.282600000000000000e+04
4.672400000000000000e+04
2.905400000000000000e+04
2.904400000000000000e+04
2.814900000000000000e+04
2.944000000000000000e+04
2.823200000000000000e+04
2.881500000000000000e+04
2.766900000000000000e+04
2.861000000000000000e+04
2.849600000000000000e+04
2.789000000000000000e+04
2.794000000000000000e+04
2.803300000000000000e+04
2.531400000000000000e+04
2.940600000000000000e+04
2.777700000000000000e+04
2.822100000000000000e+04
2.861900000000000000e+04
2.955300000000000000e+04
3.010900000000000000e+04
2.762300000000000000e+04
2.712900000000000000e+04
2.894500000000000000e+04
2.853900000000000000e+04
3.174800000000000000e+04
2.965100000000000000e+04
3.129100000000000000e+04
3.133100000000000000e+04
3.367500000000000000e+04
3.572500000000000000e+04
3.310200000000000000e+04
3.558700000000000000e+04
3.655900000000000000e+04
3.676300000000000000e+04
3.831600000000000000e+04
3.468900000000000000e+04
3.932400000000000000e+04
3.688100000000000000e+04
3.475600000000000000e+04
4.070800000000000000e+04
2.838700000000000000e+04
3.289300000000000000e+04
3.798900000000000000e+04
3.413500000000000000e+04
3.545800000000000000e+04
4.084300000000000000e+04
3.502100000000000000e+04
4.387200000000000000e+04
2.888700000000000000e+04
3.390400000000000000e+04
4.239300000000000000e+04
3.633500000000000000e+04
3.794100000000000000e+04
4.181600000000000000e+04
4.638500000000000000e+04
3.709400000000000000e+04
2.289100000000000000e+04
2.820900000000000000e+04
2.935700000000000000e+04
2.846100000000000000e+04
2.905300000000000000e+04
2.781300000000000000e+04
2.878700000000000000e+04
2.881300000000000000e+04
2.824900000000000000e+04
2.812600000000000000e+04
2.823200000000000000e+04
2.554300000000000000e+04
2.949600000000000000e+04
2.814200000000000000e+04
2.835100000000000000e+04
2.665700000000000000e+04
2.760900000000000000e+04
2.942600000000000000e+04
3.044600000000000000e+04
2.937600000000000000e+04
2.877000000000000000e+04
3.024100000000000000e+04
2.979200000000000000e+04
3.222400000000000000e+04
3.066400000000000000e+04
3.203500000000000000e+04
2.766100000000000000e+04
3.330100000000000000e+04
3.409200000000000000e+04
3.455800000000000000e+04
3.524000000000000000e+04
3.478200000000000000e+04
3.508400000000000000e+04
3.343300000000000000e+04
2.592500000000000000e+04
3.997000000000000000e+04
3.695000000000000000e+04
4.139200000000000000e+04
3.206500000000000000e+04
4.269600000000000000e+04
3.588400000000000000e+04
4.052400000000000000e+04
3.295300000000000000e+04
3.837000000000000000e+04
4.456000000000000000e+04
3.487700000000000000e+04
2.615900000000000000e+04
2.066800000000000000e+04
4.144000000000000000e+04
3.541600000000000000e+04
4.434000000000000000e+04
4.327600000000000000e+04
2.852600000000000000e+04
2.597100000000000000e+04
3.679700000000000000e+04
3.083800000000000000e+04
2.858000000000000000e+04
2.937300000000000000e+04
2.798000000000000000e+04
2.897700000000000000e+04
2.916800000000000000e+04
2.857900000000000000e+04
2.831100000000000000e+04
2.839900000000000000e+04
2.577700000000000000e+04
2.957400000000000000e+04
2.851700000000000000e+04
2.846500000000000000e+04
2.689500000000000000e+04
2.868700000000000000e+04
2.967800000000000000e+04
3.024300000000000000e+04
2.784500000000000000e+04
2.720700000000000000e+04
2.905400000000000000e+04
2.855100000000000000e+04
3.179700000000000000e+04
3.050900000000000000e+04
3.146100000000000000e+04
3.162800000000000000e+04
3.327100000000000000e+04
3.538600000000000000e+04
3.257400000000000000e+04
3.541200000000000000e+04
3.648300000000000000e+04
3.672300000000000000e+04
3.819800000000000000e+04
3.543200000000000000e+04
3.919100000000000000e+04
3.688400000000000000e+04
3.487200000000000000e+04
4.060900000000000000e+04
2.854000000000000000e+04
3.247800000000000000e+04
3.748200000000000000e+04
3.401700000000000000e+04
3.531500000000000000e+04
4.097000000000000000e+04
3.452500000000000000e+04
4.374800000000000000e+04
2.822100000000000000e+04
3.420300000000000000e+04
4.234300000000000000e+04
3.572400000000000000e+04
3.771700000000000000e+04
4.119800000000000000e+04
4.673700000000000000e+04
3.751400000000000000e+04
2.224900000000000000e+04
2.962300000000000000e+04
2.818900000000000000e+04
2.916700000000000000e+04
2.949300000000000000e+04
2.890000000000000000e+04
2.851000000000000000e+04
2.858600000000000000e+04
2.599800000000000000e+04
2.966600000000000000e+04
2.884000000000000000e+04
2.855100000000000000e+04
2.708400000000000000e+04
2.863900000000000000e+04
2.793200000000000000e+04
2.990800000000000000e+04
3.036100000000000000e+04
2.977700000000000000e+04
2.888200000000000000e+04
3.010700000000000000e+04
2.981400000000000000e+04
3.228600000000000000e+04
3.060200000000000000e+04
3.202400000000000000e+04
2.723300000000000000e+04
3.289800000000000000e+04
3.388400000000000000e+04
3.478000000000000000e+04
3.512700000000000000e+04
3.484400000000000000e+04
3.519100000000000000e+04
3.206000000000000000e+04
2.572400000000000000e+04
3.989600000000000000e+04
3.674500000000000000e+04
4.082000000000000000e+04
3.222100000000000000e+04
4.238300000000000000e+04
3.534500000000000000e+04
4.044600000000000000e+04
3.335700000000000000e+04
3.961100000000000000e+04
4.429300000000000000e+04
3.429400000000000000e+04
2.712000000000000000e+04
2.073400000000000000e+04
4.166200000000000000e+04
3.561000000000000000e+04
4.386400000000000000e+04
4.281300000000000000e+04
2.800000000000000000e+04
2.637300000000000000e+04
3.728400000000000000e+04
3.030300000000000000e+04
1.870600000000000000e+04
2.956000000000000000e+04
2.921500000000000000e+04
2.868900000000000000e+04
2.874300000000000000e+04
2.622700000000000000e+04
2.973800000000000000e+04
2.916000000000000000e+04
2.861100000000000000e+04
2.727300000000000000e+04
2.857800000000000000e+04
2.806300000000000000e+04
2.969900000000000000e+04
3.025100000000000000e+04
2.801000000000000000e+04
2.723900000000000000e+04
2.905800000000000000e+04
2.846100000000000000e+04
3.168500000000000000e+04
3.074300000000000000e+04
3.150600000000000000e+04
3.179200000000000000e+04
3.282200000000000000e+04
3.499800000000000000e+04
3.197300000000000000e+04
3.510400000000000000e+04
3.633500000000000000e+04
3.656300000000000000e+04
3.791800000000000000e+04
3.561100000000000000e+04
3.895400000000000000e+04
3.672200000000000000e+04
3.487200000000000000e+04
4.029200000000000000e+04
2.859700000000000000e+04
3.199900000000000000e+04
3.693600000000000000e+04
3.471700000000000000e+04
3.514100000000000000e+04
4.091800000000000000e+04
3.401600000000000000e+04
4.356200000000000000e+04
2.754900000000000000e+04
3.436000000000000000e+04
4.223600000000000000e+04
3.510000000000000000e+04
3.748000000000000000e+04
4.058600000000000000e+04
4.694900000000000000e+04
3.792800000000000000e+04
2.012000000000000000e+04
2.908100000000000000e+04
3.975300000000000000e+04
2.887100000000000000e+04
2.890000000000000000e+04
2.646400000000000000e+04
2.981900000000000000e+04
2.949500000000000000e+04
2.868800000000000000e+04
2.743200000000000000e+04
2.852100000000000000e+04
2.816100000000000000e+04
2.967000000000000000e+04
3.004500000000000000e+04
3.023700000000000000e+04
3.204400000000000000e+04
2.886600000000000000e+04
3.065900000000000000e+04
2.971300000000000000e+04
3.222500000000000000e+04
3.047900000000000000e+04
3.192000000000000000e+04
2.912400000000000000e+04
3.248600000000000000e+04
3.357000000000000000e+04
3.456200000000000000e+04
3.491000000000000000e+04
3.480400000000000000e+04
3.518000000000000000e+04
3.067100000000000000e+04
2.518200000000000000e+04
3.970000000000000000e+04
3.643500000000000000e+04
4.021900000000000000e+04
3.224900000000000000e+04
4.201400000000000000e+04
3.418600000000000000e+04
4.028300000000000000e+04
3.364200000000000000e+04
3.952600000000000000e+04
4.384500000000000000e+04
3.370400000000000000e+04
2.805300000000000000e+04
2.078900000000000000e+04
4.162700000000000000e+04
3.563000000000000000e+04
4.337400000000000000e+04
4.232700000000000000e+04
2.758600000000000000e+04
2.668800000000000000e+04
3.766900000000000000e+04
2.976300000000000000e+04
1.833800000000000000e+04
4.524100000000000000e+04
2.672100000000000000e+04
2.991000000000000000e+04
2.979900000000000000e+04
2.876400000000000000e+04
2.759900000000000000e+04
2.846000000000000000e+04
2.829600000000000000e+04
2.961400000000000000e+04
3.012400000000000000e+04
3.018200000000000000e+04
2.807100000000000000e+04
2.723900000000000000e+04
2.881700000000000000e+04
2.835100000000000000e+04
3.147100000000000000e+04
3.065500000000000000e+04
3.147200000000000000e+04
3.184300000000000000e+04
3.232000000000000000e+04
3.454300000000000000e+04
3.134900000000000000e+04
3.467800000000000000e+04
3.609200000000000000e+04
3.631200000000000000e+04
3.748800000000000000e+04
3.565000000000000000e+04
3.859900000000000000e+04
3.655100000000000000e+04
3.477600000000000000e+04
3.987400000000000000e+04
2.840200000000000000e+04
3.149700000000000000e+04
3.634400000000000000e+04
3.539800000000000000e+04
3.491000000000000000e+04
4.072400000000000000e+04
3.345900000000000000e+04
4.333500000000000000e+04
2.683800000000000000e+04
3.441000000000000000e+04
4.207700000000000000e+04
3.447800000000000000e+04
3.720700000000000000e+04
3.999200000000000000e+04
4.700300000000000000e+04
3.833400000000000000e+04
1.853800000000000000e+04
2.856200000000000000e+04
3.979000000000000000e+04
3.398200000000000000e+04
3.011800000000000000e+04
2.881400000000000000e+04
2.775500000000000000e+04
2.841500000000000000e+04
2.839600000000000000e+04
2.956800000000000000e+04
3.018300000000000000e+04
3.014300000000000000e+04
3.011000000000000000e+04
3.265600000000000000e+04
2.875700000000000000e+04
3.016300000000000000e+04
2.952400000000000000e+04
3.204300000000000000e+04
3.025600000000000000e+04
3.174400000000000000e+04
2.896300000000000000e+04
3.207800000000000000e+04
3.315000000000000000e+04
3.405700000000000000e+04
3.447900000000000000e+04
3.466200000000000000e+04
3.504300000000000000e+04
3.017600000000000000e+04
2.540200000000000000e+04
3.941600000000000000e+04
3.605300000000000000e+04
3.958400000000000000e+04
3.226000000000000000e+04
4.160600000000000000e+04
3.220100000000000000e+04
4.003300000000000000e+04
3.386300000000000000e+04
3.936800000000000000e+04
4.322900000000000000e+04
3.310200000000000000e+04
2.893300000000000000e+04
2.080700000000000000e+04
4.142700000000000000e+04
3.554200000000000000e+04
4.291300000000000000e+04
4.184100000000000000e+04
2.729000000000000000e+04
2.690700000000000000e+04
3.795300000000000000e+04
2.923200000000000000e+04
1.806900000000000000e+04
4.489500000000000000e+04
4.920100000000000000e+04
2.787800000000000000e+04
2.837600000000000000e+04
2.876600000000000000e+04
2.824500000000000000e+04
3.024200000000000000e+04
3.007600000000000000e+04
3.003400000000000000e+04
2.808700000000000000e+04
2.698600000000000000e+04
2.847400000000000000e+04
2.816700000000000000e+04
3.115200000000000000e+04
3.044700000000000000e+04
3.139500000000000000e+04
3.179300000000000000e+04
3.148500000000000000e+04
3.418800000000000000e+04
3.070700000000000000e+04
3.416600000000000000e+04
3.579200000000000000e+04
3.594200000000000000e+04
3.690100000000000000e+04
3.559000000000000000e+04
3.816300000000000000e+04
3.628200000000000000e+04
3.460200000000000000e+04
3.941000000000000000e+04
2.811300000000000000e+04
3.095300000000000000e+04
3.574800000000000000e+04
3.608100000000000000e+04
3.464800000000000000e+04
4.042800000000000000e+04
3.035100000000000000e+04
4.303900000000000000e+04
2.612900000000000000e+04
3.440200000000000000e+04
4.188200000000000000e+04
3.384200000000000000e+04
3.691200000000000000e+04
3.940000000000000000e+04
4.689800000000000000e+04
3.868600000000000000e+04
1.825100000000000000e+04
2.802800000000000000e+04
3.979500000000000000e+04
3.394000000000000000e+04
3.037000000000000000e+04
2.908400000000000000e+04
2.760300000000000000e+04
3.032600000000000000e+04
3.000800000000000000e+04
2.994000000000000000e+04
2.815500000000000000e+04
3.259100000000000000e+04
2.856800000000000000e+04
2.953200000000000000e+04
2.928500000000000000e+04
3.178400000000000000e+04
2.990700000000000000e+04
3.146700000000000000e+04
2.871800000000000000e+04
3.163200000000000000e+04
3.263200000000000000e+04
3.343500000000000000e+04
3.395000000000000000e+04
3.444700000000000000e+04
3.480700000000000000e+04
2.964100000000000000e+04
2.854700000000000000e+04
3.906500000000000000e+04
3.560600000000000000e+04
3.890500000000000000e+04
3.216300000000000000e+04
4.113400000000000000e+04
3.182400000000000000e+04
3.972900000000000000e+04
3.420500000000000000e+04
3.921300000000000000e+04
4.260500000000000000e+04
3.248700000000000000e+04
2.975600000000000000e+04
2.072200000000000000e+04
4.117600000000000000e+04
3.533200000000000000e+04
4.246000000000000000e+04
4.140800000000000000e+04
2.693800000000000000e+04
2.705800000000000000e+04
3.816000000000000000e+04
2.867400000000000000e+04
1.779300000000000000e+04
4.462600000000000000e+04
4.965300000000000000e+04
5.235100000000000000e+04
3.030700000000000000e+04
2.994400000000000000e+04
2.985900000000000000e+04
2.843300000000000000e+04
3.242300000000000000e+04
2.708000000000000000e+04
2.811800000000000000e+04
2.793800000000000000e+04
3.074600000000000000e+04
3.016100000000000000e+04
3.147200000000000000e+04
3.164700000000000000e+04
3.040300000000000000e+04
3.382900000000000000e+04
3.000700000000000000e+04
3.360000000000000000e+04
3.540900000000000000e+04
3.551400000000000000e+04
3.625900000000000000e+04
3.544700000000000000e+04
3.769100000000000000e+04
3.591900000000000000e+04
3.434500000000000000e+04
1.328828000000000000e+06
2.778900000000000000e+04
3.037900000000000000e+04
3.508200000000000000e+04
3.685100000000000000e+04
3.434900000000000000e+04
4.006700000000000000e+04
3.087000000000000000e+04
4.271000000000000000e+04
2.535900000000000000e+04
3.434200000000000000e+04
4.164200000000000000e+04
3.319100000000000000e+04
3.658700000000000000e+04
3.880400000000000000e+04
4.674900000000000000e+04
3.896300000000000000e+04
1.795000000000000000e+04
2.747700000000000000e+04
3.974000000000000000e+04
3.386100000000000000e+04
2.989000000000000000e+04
3.885200000000000000e+04
2.976400000000000000e+04
2.863500000000000000e+04
3.225200000000000000e+04
2.721900000000000000e+04
2.836300000000000000e+04
2.881300000000000000e+04
2.898500000000000000e+04
3.146200000000000000e+04
2.955600000000000000e+04
3.112400000000000000e+04
2.839900000000000000e+04
3.106200000000000000e+04
3.205800000000000000e+04
3.271000000000000000e+04
3.338600000000000000e+04
3.415400000000000000e+04
3.429900000000000000e+04
2.906000000000000000e+04
3.023200000000000000e+04
3.864800000000000000e+04
3.509800000000000000e+04
3.821400000000000000e+04
3.188100000000000000e+04
4.060700000000000000e+04
3.141300000000000000e+04
3.933400000000000000e+04
3.441700000000000000e+04
3.899100000000000000e+04
4.193800000000000000e+04
3.186000000000000000e+04
3.057600000000000000e+04
2.055500000000000000e+04
4.086700000000000000e+04
3.506000000000000000e+04
4.197500000000000000e+04
4.098300000000000000e+04
2.654700000000000000e+04
2.713500000000000000e+04
3.828500000000000000e+04
2.813500000000000000e+04
1.749300000000000000e+04
4.432400000000000000e+04
5.000700000000000000e+04
5.195600000000000000e+04
3.324800000000000000e+04
3.205200000000000000e+04
2.731500000000000000e+04
2.825000000000000000e+04
2.785800000000000000e+04
2.767200000000000000e+04
3.029800000000000000e+04
2.979400000000000000e+04
3.273500000000000000e+04
3.142800000000000000e+04
2.918300000000000000e+04
3.324600000000000000e+04
2.930600000000000000e+04
3.296400000000000000e+04
3.498700000000000000e+04
3.504900000000000000e+04
3.554800000000000000e+04
3.525000000000000000e+04
3.709400000000000000e+04
3.550200000000000000e+04
3.404900000000000000e+04
3.841200000000000000e+04
2.745100000000000000e+04
2.978200000000000000e+04
3.437700000000000000e+04
3.711900000000000000e+04
3.450100000000000000e+04
3.962500000000000000e+04
3.112800000000000000e+04
4.232200000000000000e+04
2.484100000000000000e+04
3.403600000000000000e+04
4.138300000000000000e+04
3.252600000000000000e+04
3.623300000000000000e+04
3.820300000000000000e+04
4.651000000000000000e+04
3.916500000000000000e+04
1.763500000000000000e+04
2.692900000000000000e+04
3.948400000000000000e+04
3.374900000000000000e+04
2.937100000000000000e+04
3.912100000000000000e+04
3.101700000000000000e+04
2.813100000000000000e+04
2.794900000000000000e+04
2.845200000000000000e+04
2.865300000000000000e+04
3.108600000000000000e+04
2.915400000000000000e+04
3.072200000000000000e+04
2.802000000000000000e+04
3.046900000000000000e+04
3.143700000000000000e+04
3.170100000000000000e+04
3.281100000000000000e+04
3.380000000000000000e+04
3.376300000000000000e+04
2.844600000000000000e+04
3.048600000000000000e+04
3.802500000000000000e+04
3.455100000000000000e+04
3.750600000000000000e+04
3.187900000000000000e+04
4.006900000000000000e+04
3.096700000000000000e+04
3.892900000000000000e+04
3.453300000000000000e+04
3.873500000000000000e+04
4.123800000000000000e+04
3.120700000000000000e+04
3.138900000000000000e+04
2.038900000000000000e+04
4.052600000000000000e+04
3.471100000000000000e+04
4.149500000000000000e+04
4.046000000000000000e+04
2.612300000000000000e+04
2.713200000000000000e+04
3.835400000000000000e+04
2.758000000000000000e+04
1.724400000000000000e+04
4.398200000000000000e+04
5.025400000000000000e+04
5.152800000000000000e+04
3.315000000000000000e+04
2.024800000000000000e+04
2.828900000000000000e+04
2.738000000000000000e+04
2.988200000000000000e+04
2.937500000000000000e+04
3.267200000000000000e+04
3.102700000000000000e+04
2.879600000000000000e+04
3.262100000000000000e+04
2.818600000000000000e+04
3.228300000000000000e+04
3.451600000000000000e+04
3.454300000000000000e+04
3.479000000000000000e+04
3.496900000000000000e+04
3.648800000000000000e+04
3.503600000000000000e+04
3.369700000000000000e+04
3.786500000000000000e+04
2.707300000000000000e+04
2.915200000000000000e+04
3.194200000000000000e+04
3.674900000000000000e+04
3.461800000000000000e+04
3.913700000000000000e+04
3.115000000000000000e+04
4.189900000000000000e+04
2.133200000000000000e+04
3.369800000000000000e+04
4.109100000000000000e+04
3.183600000000000000e+04
3.584500000000000000e+04
3.759100000000000000e+04
4.623800000000000000e+04
3.928800000000000000e+04
1.731300000000000000e+04
2.636600000000000000e+04
3.910200000000000000e+04
3.359300000000000000e+04
2.884500000000000000e+04
3.930000000000000000e+04
3.110100000000000000e+04
3.593600000000000000e+04
2.830000000000000000e+04
3.064300000000000000e+04
2.872200000000000000e+04
3.017400000000000000e+04
2.758200000000000000e+04
2.988400000000000000e+04
3.077300000000000000e+04
3.096600000000000000e+04
3.220600000000000000e+04
3.340400000000000000e+04
3.322000000000000000e+04
2.783900000000000000e+04
3.058600000000000000e+04
3.730300000000000000e+04
3.590600000000000000e+04
3.675400000000000000e+04
3.415900000000000000e+04
3.957500000000000000e+04
3.049700000000000000e+04
3.850900000000000000e+04
3.455900000000000000e+04
3.842300000000000000e+04
4.052200000000000000e+04
3.053500000000000000e+04
3.222200000000000000e+04
2.049900000000000000e+04
4.015300000000000000e+04
3.432000000000000000e+04
4.101600000000000000e+04
3.991000000000000000e+04
2.564600000000000000e+04
2.707700000000000000e+04
3.832300000000000000e+04
2.700800000000000000e+04
1.718700000000000000e+04
4.359800000000000000e+04
5.041800000000000000e+04
5.106300000000000000e+04
3.299900000000000000e+04
2.012800000000000000e+04
4.043600000000000000e+04
2.826400000000000000e+04
2.959300000000000000e+04
2.712600000000000000e+04
2.928300000000000000e+04
3.005700000000000000e+04
3.036600000000000000e+04
3.159100000000000000e+04
3.300100000000000000e+04
3.263800000000000000e+04
2.730400000000000000e+04
3.059400000000000000e+04
3.653800000000000000e+04
3.654200000000000000e+04
3.599300000000000000e+04
3.357800000000000000e+04
3.901000000000000000e+04
2.998100000000000000e+04
3.803500000000000000e+04
3.444000000000000000e+04
3.806400000000000000e+04
3.978500000000000000e+04
2.984200000000000000e+04
3.306700000000000000e+04
2.064900000000000000e+04
3.973000000000000000e+04
3.388500000000000000e+04
4.051800000000000000e+04
3.934900000000000000e+04
2.514500000000000000e+04
2.694400000000000000e+04
3.823900000000000000e+04
2.642400000000000000e+04
1.712600000000000000e+04
4.318800000000000000e+04
5.054500000000000000e+04
5.057900000000000000e+04
3.280600000000000000e+04
2.003400000000000000e+04
4.050900000000000000e+04
3.713700000000000000e+04
2.672500000000000000e+04
2.869400000000000000e+04
2.931900000000000000e+04
2.974500000000000000e+04
3.095200000000000000e+04
3.255800000000000000e+04
3.204900000000000000e+04
2.707800000000000000e+04
3.031000000000000000e+04
3.573500000000000000e+04
3.683600000000000000e+04
3.520200000000000000e+04
3.294100000000000000e+04
3.842900000000000000e+04
2.944400000000000000e+04
3.752400000000000000e+04
3.395600000000000000e+04
3.766800000000000000e+04
3.901200000000000000e+04
2.914900000000000000e+04
3.315200000000000000e+04
2.078100000000000000e+04
3.928800000000000000e+04
2.999400000000000000e+04
3.998900000000000000e+04
3.877500000000000000e+04
2.378600000000000000e+04
2.674400000000000000e+04
3.810500000000000000e+04
2.583900000000000000e+04
1.704500000000000000e+04
4.274800000000000000e+04
5.059300000000000000e+04
5.006000000000000000e+04
3.257100000000000000e+04
1.991000000000000000e+04
4.054300000000000000e+04
3.685200000000000000e+04
4.861200000000000000e+04
2.856800000000000000e+04
2.913300000000000000e+04
3.030600000000000000e+04
3.183800000000000000e+04
3.144500000000000000e+04
2.706300000000000000e+04
3.001300000000000000e+04
3.498500000000000000e+04
3.700800000000000000e+04
3.440100000000000000e+04
3.226800000000000000e+04
3.779700000000000000e+04
2.888300000000000000e+04
3.696500000000000000e+04
3.339000000000000000e+04
3.722600000000000000e+04
3.822600000000000000e+04
2.841500000000000000e+04
3.310600000000000000e+04
2.088500000000000000e+04
3.880500000000000000e+04
2.963000000000000000e+04
3.945300000000000000e+04
3.817800000000000000e+04
2.051000000000000000e+04
2.646900000000000000e+04
3.794500000000000000e+04
2.523600000000000000e+04
1.694800000000000000e+04
4.228900000000000000e+04
5.060100000000000000e+04
4.951400000000000000e+04
3.228800000000000000e+04
1.976300000000000000e+04
4.054700000000000000e+04
3.655600000000000000e+04
4.859600000000000000e+04
2.887300000000000000e+04
2.966200000000000000e+04
3.103800000000000000e+04
3.083300000000000000e+04
2.673300000000000000e+04
2.967900000000000000e+04
3.425800000000000000e+04
3.699000000000000000e+04
3.359200000000000000e+04
3.156000000000000000e+04
3.714300000000000000e+04
2.828600000000000000e+04
3.637200000000000000e+04
3.278700000000000000e+04
3.674400000000000000e+04
3.741600000000000000e+04
2.765800000000000000e+04
3.294700000000000000e+04
2.093300000000000000e+04
3.830500000000000000e+04
2.913300000000000000e+04
3.888000000000000000e+04
3.757300000000000000e+04
2.019600000000000000e+04
2.611100000000000000e+04
3.788100000000000000e+04
2.462100000000000000e+04
1.682300000000000000e+04
4.179500000000000000e+04
5.054100000000000000e+04
4.894700000000000000e+04
3.201900000000000000e+04
1.959000000000000000e+04
4.051300000000000000e+04
3.624300000000000000e+04
4.845800000000000000e+04
2.872700000000000000e+04
2.245800000000000000e+04
3.021400000000000000e+04
2.624900000000000000e+04
2.934000000000000000e+04
3.349300000000000000e+04
3.651500000000000000e+04
3.274700000000000000e+04
3.082200000000000000e+04
3.636900000000000000e+04
2.768600000000000000e+04
3.579100000000000000e+04
3.212900000000000000e+04
3.623000000000000000e+04
3.659300000000000000e+04
2.717100000000000000e+04
3.270200000000000000e+04
2.093900000000000000e+04
3.776800000000000000e+04
2.871700000000000000e+04
3.829100000000000000e+04
3.696500000000000000e+04
1.989100000000000000e+04
2.564800000000000000e+04
3.778000000000000000e+04
2.399100000000000000e+04
1.668600000000000000e+04
4.129000000000000000e+04
5.046100000000000000e+04
4.835200000000000000e+04
3.171300000000000000e+04
1.939500000000000000e+04
4.046100000000000000e+04
3.590900000000000000e+04
4.816500000000000000e+04
2.857400000000000000e+04
2.239300000000000000e+04
2.652700000000000000e+04
2.888700000000000000e+04
3.271300000000000000e+04
3.601100000000000000e+04
3.190300000000000000e+04
3.005700000000000000e+04
3.552100000000000000e+04
2.703300000000000000e+04
3.525800000000000000e+04
3.143300000000000000e+04
3.569300000000000000e+04
3.574400000000000000e+04
2.665800000000000000e+04
3.237700000000000000e+04
2.093400000000000000e+04
3.722400000000000000e+04
3.018300000000000000e+04
3.768300000000000000e+04
3.633700000000000000e+04
1.973000000000000000e+04
2.501800000000000000e+04
3.763100000000000000e+04
2.334800000000000000e+04
1.653500000000000000e+04
4.075700000000000000e+04
5.033600000000000000e+04
4.773300000000000000e+04
3.137300000000000000e+04
1.917500000000000000e+04
4.036900000000000000e+04
3.557700000000000000e+04
4.776800000000000000e+04
2.844300000000000000e+04
2.228700000000000000e+04
2.631900000000000000e+04
4.788100000000000000e+04
3.499700000000000000e+04
3.105000000000000000e+04
2.925800000000000000e+04
3.462400000000000000e+04
2.638300000000000000e+04
3.468200000000000000e+04
3.067400000000000000e+04
3.511600000000000000e+04
3.487200000000000000e+04
2.612300000000000000e+04
3.197800000000000000e+04
2.088400000000000000e+04
3.664800000000000000e+04
3.012500000000000000e+04
3.704600000000000000e+04
3.569900000000000000e+04
1.952800000000000000e+04
2.404500000000000000e+04
3.747800000000000000e+04
2.269600000000000000e+04
1.636300000000000000e+04
4.019300000000000000e+04
5.016700000000000000e+04
4.709400000000000000e+04
3.099800000000000000e+04
1.893900000000000000e+04
4.026500000000000000e+04
3.522400000000000000e+04
4.731200000000000000e+04
2.831300000000000000e+04
2.215700000000000000e+04
2.617000000000000000e+04
4.761000000000000000e+04
3.387700000000000000e+04
2.844100000000000000e+04
3.370600000000000000e+04
2.570900000000000000e+04
3.409000000000000000e+04
2.990300000000000000e+04
3.450300000000000000e+04
3.399400000000000000e+04
2.568200000000000000e+04
3.152400000000000000e+04
2.080000000000000000e+04
3.605500000000000000e+04
2.991600000000000000e+04
3.637500000000000000e+04
3.505100000000000000e+04
1.932500000000000000e+04
2.348700000000000000e+04
3.729400000000000000e+04
2.349400000000000000e+04
1.618200000000000000e+04
3.962600000000000000e+04
4.964600000000000000e+04
4.642100000000000000e+04
3.059400000000000000e+04
1.867100000000000000e+04
4.014500000000000000e+04
3.485500000000000000e+04
4.677400000000000000e+04
2.820100000000000000e+04
2.198300000000000000e+04
2.602200000000000000e+04
4.732500000000000000e+04
3.331200000000000000e+04
3.206600000000000000e+04
2.502500000000000000e+04
3.346900000000000000e+04
2.907200000000000000e+04
3.376700000000000000e+04
3.310900000000000000e+04
2.527100000000000000e+04
3.103700000000000000e+04
2.070100000000000000e+04
3.545800000000000000e+04
2.962500000000000000e+04
3.555200000000000000e+04
3.440200000000000000e+04
1.908700000000000000e+04
2.318500000000000000e+04
3.708300000000000000e+04
2.326000000000000000e+04
1.597600000000000000e+04
3.902600000000000000e+04
4.910000000000000000e+04
4.574000000000000000e+04
3.014800000000000000e+04
1.837800000000000000e+04
4.000200000000000000e+04
3.446700000000000000e+04
4.619900000000000000e+04
2.809400000000000000e+04
2.178600000000000000e+04
2.588300000000000000e+04
4.701300000000000000e+04
3.273300000000000000e+04
3.156200000000000000e+04
4.044300000000000000e+04
2.822400000000000000e+04
3.295800000000000000e+04
3.219400000000000000e+04
2.489600000000000000e+04
3.048600000000000000e+04
2.057100000000000000e+04
3.732700000000000000e+04
2.927900000000000000e+04
3.463700000000000000e+04
3.373600000000000000e+04
1.883700000000000000e+04
2.288100000000000000e+04
3.688600000000000000e+04
2.283000000000000000e+04
1.576100000000000000e+04
3.841600000000000000e+04
4.851100000000000000e+04
4.488900000000000000e+04
2.968600000000000000e+04
1.816700000000000000e+04
3.985200000000000000e+04
3.407700000000000000e+04
4.557200000000000000e+04
2.799100000000000000e+04
2.154500000000000000e+04
2.762300000000000000e+04
4.651100000000000000e+04
3.214700000000000000e+04
3.103700000000000000e+04
4.007200000000000000e+04
4.749600000000000000e+04
3.127400000000000000e+04
2.452800000000000000e+04
2.990500000000000000e+04
2.042000000000000000e+04
3.797700000000000000e+04
2.885400000000000000e+04
3.371100000000000000e+04
3.306100000000000000e+04
1.855800000000000000e+04
2.260800000000000000e+04
3.667900000000000000e+04
2.246100000000000000e+04
1.553400000000000000e+04
3.778900000000000000e+04
4.791700000000000000e+04
4.399000000000000000e+04
2.919000000000000000e+04
1.792800000000000000e+04
3.970500000000000000e+04
3.366000000000000000e+04
4.490800000000000000e+04
2.794400000000000000e+04
2.126500000000000000e+04
2.804200000000000000e+04
4.572600000000000000e+04
3.155300000000000000e+04
3.056700000000000000e+04
3.968800000000000000e+04
4.700100000000000000e+04
4.404800000000000000e+04
2.920800000000000000e+04
2.025300000000000000e+04
3.766300000000000000e+04
2.840800000000000000e+04
3.276500000000000000e+04
3.237200000000000000e+04
1.827700000000000000e+04
2.229400000000000000e+04
3.629800000000000000e+04
2.215100000000000000e+04
1.528300000000000000e+04
3.715300000000000000e+04
4.709600000000000000e+04
4.309400000000000000e+04
2.866200000000000000e+04
1.767200000000000000e+04
3.955100000000000000e+04
3.324400000000000000e+04
4.421100000000000000e+04
2.795600000000000000e+04
2.094100000000000000e+04
2.825900000000000000e+04
4.489700000000000000e+04
3.094200000000000000e+04
3.008800000000000000e+04
3.928600000000000000e+04
4.648500000000000000e+04
4.403500000000000000e+04
3.065300000000000000e+04
3.712800000000000000e+04
2.795000000000000000e+04
3.180900000000000000e+04
3.167800000000000000e+04
1.797400000000000000e+04
2.181700000000000000e+04
3.592600000000000000e+04
2.106000000000000000e+04
1.502400000000000000e+04
3.650000000000000000e+04
4.623900000000000000e+04
4.216300000000000000e+04
2.811900000000000000e+04
1.740700000000000000e+04
3.939700000000000000e+04
3.264000000000000000e+04
4.348100000000000000e+04
2.793800000000000000e+04
2.055800000000000000e+04
2.838300000000000000e+04
4.405700000000000000e+04
3.032900000000000000e+04
2.957900000000000000e+04
3.885800000000000000e+04
4.573800000000000000e+04
4.403600000000000000e+04
3.051500000000000000e+04
3.376100000000000000e+04
3.083500000000000000e+04
3.098500000000000000e+04
1.764400000000000000e+04
2.135100000000000000e+04
3.557200000000000000e+04
1.746200000000000000e+04
1.475100000000000000e+04
3.582700000000000000e+04
4.538900000000000000e+04
4.129300000000000000e+04
2.754100000000000000e+04
1.712600000000000000e+04
3.923200000000000000e+04
3.196900000000000000e+04
4.272100000000000000e+04
2.788400000000000000e+04
2.011300000000000000e+04
2.845700000000000000e+04
4.320300000000000000e+04
2.970300000000000000e+04
2.912500000000000000e+04
3.842200000000000000e+04
4.494100000000000000e+04
4.400500000000000000e+04
3.034700000000000000e+04
3.385400000000000000e+04
2.816500000000000000e+04
1.731200000000000000e+04
2.092000000000000000e+04
3.518600000000000000e+04
1.721300000000000000e+04
1.453700000000000000e+04
3.514300000000000000e+04
4.432800000000000000e+04
4.033500000000000000e+04
2.694200000000000000e+04
1.686100000000000000e+04
3.888900000000000000e+04
3.128600000000000000e+04
4.194100000000000000e+04
2.779000000000000000e+04
1.958500000000000000e+04
2.849200000000000000e+04
4.234400000000000000e+04
2.905700000000000000e+04
2.882800000000000000e+04
3.795700000000000000e+04
4.412900000000000000e+04
4.392800000000000000e+04
3.016600000000000000e+04
3.390800000000000000e+04
2.780900000000000000e+04
1.772000000000000000e+04
3.474600000000000000e+04
1.693900000000000000e+04
1.441900000000000000e+04
3.445000000000000000e+04
4.322400000000000000e+04
3.924900000000000000e+04
2.632200000000000000e+04
1.668600000000000000e+04
3.854700000000000000e+04
3.059900000000000000e+04
4.112400000000000000e+04
2.765000000000000000e+04
1.894800000000000000e+04
2.854300000000000000e+04
4.147500000000000000e+04
2.841000000000000000e+04
2.851600000000000000e+04
3.748300000000000000e+04
4.330100000000000000e+04
4.379300000000000000e+04
2.994800000000000000e+04
3.393600000000000000e+04
2.736100000000000000e+04
1.762700000000000000e+04
3.368900000000000000e+04
1.428000000000000000e+04
3.374500000000000000e+04
4.212200000000000000e+04
3.814500000000000000e+04
2.575000000000000000e+04
1.648500000000000000e+04
3.816000000000000000e+04
2.989400000000000000e+04
4.029000000000000000e+04
2.747900000000000000e+04
1.813200000000000000e+04
2.858900000000000000e+04
4.059700000000000000e+04
2.776000000000000000e+04
2.818500000000000000e+04
3.698200000000000000e+04
4.247100000000000000e+04
4.361800000000000000e+04
2.971800000000000000e+04
3.393100000000000000e+04
2.690800000000000000e+04
1.752200000000000000e+04
3.388100000000000000e+04
2.600300000000000000e+04
4.100300000000000000e+04
3.703500000000000000e+04
2.535300000000000000e+04
1.627700000000000000e+04
3.772900000000000000e+04
2.918200000000000000e+04
3.943800000000000000e+04
2.726400000000000000e+04
1.692000000000000000e+04
2.867800000000000000e+04
3.971300000000000000e+04
2.708800000000000000e+04
2.784000000000000000e+04
3.636700000000000000e+04
4.161400000000000000e+04
4.340300000000000000e+04
2.947800000000000000e+04
3.388600000000000000e+04
2.644200000000000000e+04
1.741000000000000000e+04
3.404000000000000000e+04
2.569400000000000000e+04
3.457000000000000000e+04
2.493400000000000000e+04
1.604800000000000000e+04
3.723600000000000000e+04
2.846100000000000000e+04
3.856500000000000000e+04
2.702200000000000000e+04
1.569700000000000000e+04
2.876700000000000000e+04
3.881600000000000000e+04
2.641500000000000000e+04
2.747400000000000000e+04
3.572600000000000000e+04
4.075800000000000000e+04
4.314600000000000000e+04
2.920600000000000000e+04
3.382400000000000000e+04
2.596300000000000000e+04
1.729400000000000000e+04
3.417500000000000000e+04
2.537300000000000000e+04
3.390200000000000000e+04
1.448800000000000000e+04
3.669400000000000000e+04
2.853100000000000000e+04
3.767600000000000000e+04
2.676000000000000000e+04
1.553900000000000000e+04
2.883600000000000000e+04
3.792600000000000000e+04
2.573000000000000000e+04
2.710600000000000000e+04
3.508100000000000000e+04
3.988700000000000000e+04
4.274500000000000000e+04
2.892400000000000000e+04
3.373700000000000000e+04
2.548200000000000000e+04
1.716200000000000000e+04
3.428100000000000000e+04
2.505900000000000000e+04
3.321900000000000000e+04
1.437300000000000000e+04
3.270300000000000000e+04
3.676000000000000000e+04
2.646200000000000000e+04
1.537400000000000000e+04
2.884900000000000000e+04
3.700500000000000000e+04
2.503500000000000000e+04
2.672500000000000000e+04
3.442300000000000000e+04
3.900700000000000000e+04
4.221900000000000000e+04
2.862800000000000000e+04
3.363300000000000000e+04
2.499200000000000000e+04
1.702200000000000000e+04
3.437300000000000000e+04
2.472800000000000000e+04
3.253500000000000000e+04
1.425600000000000000e+04
3.291500000000000000e+04
2.914200000000000000e+04
1.519200000000000000e+04
2.878000000000000000e+04
3.621600000000000000e+04
2.432700000000000000e+04
2.631400000000000000e+04
3.375800000000000000e+04
3.812200000000000000e+04
4.167300000000000000e+04
2.832300000000000000e+04
3.350200000000000000e+04
2.449500000000000000e+04
1.687900000000000000e+04
3.444200000000000000e+04
2.439300000000000000e+04
3.183400000000000000e+04
1.677300000000000000e+04
3.284500000000000000e+04
2.878100000000000000e+04
2.972800000000000000e+04
3.545200000000000000e+04
2.362000000000000000e+04
2.590500000000000000e+04
3.308300000000000000e+04
3.722100000000000000e+04
4.109200000000000000e+04
2.814500000000000000e+04
3.334900000000000000e+04
2.399100000000000000e+04
1.673200000000000000e+04
3.449200000000000000e+04
2.405400000000000000e+04
3.113200000000000000e+04
1.705400000000000000e+04
3.268800000000000000e+04
2.843700000000000000e+04
2.883500000000000000e+04
2.602000000000000000e+04
2.548500000000000000e+04
3.239200000000000000e+04
3.630700000000000000e+04
4.028800000000000000e+04
2.794500000000000000e+04
3.318600000000000000e+04
2.347000000000000000e+04
1.657100000000000000e+04
3.450900000000000000e+04
2.371100000000000000e+04
3.041900000000000000e+04
1.717500000000000000e+04
3.245500000000000000e+04
2.808400000000000000e+04
2.784700000000000000e+04
2.565200000000000000e+04
2.870200000000000000e+04
3.539500000000000000e+04
3.941400000000000000e+04
2.774400000000000000e+04
3.301000000000000000e+04
2.295800000000000000e+04
1.640400000000000000e+04
3.452600000000000000e+04
2.335500000000000000e+04
2.970400000000000000e+04
1.719900000000000000e+04
3.216700000000000000e+04
2.784000000000000000e+04
2.668900000000000000e+04
2.528700000000000000e+04
2.837400000000000000e+04
4.447100000000000000e+04
2.750300000000000000e+04
3.275600000000000000e+04
2.242700000000000000e+04
1.622500000000000000e+04
3.452900000000000000e+04
2.299800000000000000e+04
2.897300000000000000e+04
1.716100000000000000e+04
3.162900000000000000e+04
2.765300000000000000e+04
2.592400000000000000e+04
2.490900000000000000e+04
2.803400000000000000e+04
4.438500000000000000e+04
1.675100000000000000e+04
2.188900000000000000e+04
1.605800000000000000e+04
3.450100000000000000e+04
2.263300000000000000e+04
2.823500000000000000e+04
1.708600000000000000e+04
3.106300000000000000e+04
2.749700000000000000e+04
2.557300000000000000e+04
2.453800000000000000e+04
2.767800000000000000e+04
4.417000000000000000e+04
1.628800000000000000e+04
1.842400000000000000e+04
3.445500000000000000e+04
2.226600000000000000e+04
2.749100000000000000e+04
1.696600000000000000e+04
3.046800000000000000e+04
2.739600000000000000e+04
2.519600000000000000e+04
2.414000000000000000e+04
2.731600000000000000e+04
4.371000000000000000e+04
1.582800000000000000e+04
1.824700000000000000e+04
1.867600000000000000e+04
2.673800000000000000e+04
1.683100000000000000e+04
2.986500000000000000e+04
2.736400000000000000e+04
2.483100000000000000e+04
2.374900000000000000e+04
2.697400000000000000e+04
4.318200000000000000e+04
1.534600000000000000e+04
1.805000000000000000e+04
1.854000000000000000e+04
2.218100000000000000e+04
2.922100000000000000e+04
2.739200000000000000e+04
2.444800000000000000e+04
2.336000000000000000e+04
2.668600000000000000e+04
4.259800000000000000e+04
1.496900000000000000e+04
1.783200000000000000e+04
1.839100000000000000e+04
2.132000000000000000e+04
1.441900000000000000e+04
2.407000000000000000e+04
2.295900000000000000e+04
2.638900000000000000e+04
4.195500000000000000e+04
1.474300000000000000e+04
1.761000000000000000e+04
1.823000000000000000e+04
2.040700000000000000e+04
1.426400000000000000e+04
1.646900000000000000e+04
2.613600000000000000e+04
4.127300000000000000e+04
1.450500000000000000e+04
1.737800000000000000e+04
1.804900000000000000e+04
1.943300000000000000e+04
1.410000000000000000e+04
1.657900000000000000e+04
2.955100000000000000e+04
1.426300000000000000e+04
1.714700000000000000e+04
1.785900000000000000e+04
1.837300000000000000e+04
1.392300000000000000e+04
1.667400000000000000e+04
2.934700000000000000e+04
2.538500000000000000e+04
1.765200000000000000e+04
1.821200000000000000e+04
1.372400000000000000e+04
1.675700000000000000e+04
2.912200000000000000e+04
2.491100000000000000e+04
4.485100000000000000e+04
1.352300000000000000e+04
1.785700000000000000e+04
2.885900000000000000e+04
2.443900000000000000e+04
4.455000000000000000e+04
2.477100000000000000e+04
2.857000000000000000e+04
2.395900000000000000e+04
4.423800000000000000e+04
2.462500000000000000e+04
2.426900000000000000e+04
4.392900000000000000e+04
2.425800000000000000e+04
2.354900000000000000e+04
3.225100000000000000e+04
2.275800000000000000e+04
3.219800000000000000e+04
3.887600000000000000e+04
3.816100000000000000e+04
3.321600000000000000e+04
1.485700000000000000e+04
