4.769700000000000000e+04
4.235700000000000000e+04
3.955900000000000000e+04
3.771500000000000000e+04
3.644000000000000000e+04
3.542800000000000000e+04
3.373600000000000000e+04
3.337600000000000000e+04
3.248000000000000000e+04
3.328900000000000000e+04
3.184400000000000000e+04
3.204100000000000000e+04
3.239700000000000000e+04
3.190000000000000000e+04
3.067000000000000000e+04
3.175100000000000000e+04
3.188500000000000000e+04
3.162000000000000000e+04
3.319400000000000000e+04
3.241600000000000000e+04
3.371600000000000000e+04
3.339700000000000000e+04
3.241000000000000000e+04
3.529100000000000000e+04
3.438000000000000000e+04
3.405700000000000000e+04
3.293300000000000000e+04
3.187700000000000000e+04
3.157500000000000000e+04
2.706000000000000000e+04
2.823900000000000000e+04
2.546300000000000000e+04
2.796300000000000000e+04
2.481600000000000000e+04
2.538700000000000000e+04
2.539700000000000000e+04
2.596500000000000000e+04
3.180200000000000000e+04
2.773700000000000000e+04
2.855000000000000000e+04
3.102000000000000000e+04
3.117500000000000000e+04
3.183100000000000000e+04
3.359600000000000000e+04
3.400800000000000000e+04
3.249300000000000000e+04
3.441800000000000000e+04
3.706500000000000000e+04
3.336000000000000000e+04
3.189900000000000000e+04
3.561000000000000000e+04
3.412600000000000000e+04
3.842300000000000000e+04
3.581600000000000000e+04
3.369800000000000000e+04
3.296400000000000000e+04
4.094900000000000000e+04
4.155200000000000000e+04
3.298000000000000000e+04
4.535400000000000000e+04
3.918800000000000000e+04
3.931400000000000000e+04
3.768600000000000000e+04
4.774500000000000000e+04
3.005200000000000000e+04
3.664400000000000000e+04
3.876600000000000000e+04
3.030600000000000000e+04
3.703000000000000000e+04
4.429800000000000000e+04
3.292000000000000000e+04
4.091700000000000000e+04
3.858400000000000000e+04
3.698900000000000000e+04
3.595800000000000000e+04
3.412800000000000000e+04
3.369700000000000000e+04
3.276400000000000000e+04
3.348400000000000000e+04
3.220800000000000000e+04
3.275000000000000000e+04
3.186300000000000000e+04
3.078400000000000000e+04
3.116200000000000000e+04
3.082100000000000000e+04
3.074700000000000000e+04
3.133100000000000000e+04
3.089700000000000000e+04
3.196400000000000000e+04
3.159800000000000000e+04
3.175000000000000000e+04
3.222200000000000000e+04
3.257900000000000000e+04
3.205200000000000000e+04
3.207800000000000000e+04
3.271900000000000000e+04
2.942400000000000000e+04
3.023500000000000000e+04
2.898000000000000000e+04
2.594900000000000000e+04
2.524200000000000000e+04
2.441600000000000000e+04
2.418300000000000000e+04
2.910800000000000000e+04
2.620100000000000000e+04
2.629900000000000000e+04
2.700800000000000000e+04
2.707500000000000000e+04
2.807500000000000000e+04
3.467300000000000000e+04
2.819500000000000000e+04
2.959200000000000000e+04
3.239400000000000000e+04
3.387300000000000000e+04
3.327900000000000000e+04
3.347500000000000000e+04
3.668500000000000000e+04
3.396600000000000000e+04
3.565600000000000000e+04
3.441800000000000000e+04
3.728300000000000000e+04
3.762300000000000000e+04
2.614100000000000000e+04
3.499200000000000000e+04
3.991600000000000000e+04
3.465300000000000000e+04
3.516300000000000000e+04
4.056500000000000000e+04
4.411600000000000000e+04
3.392000000000000000e+04
4.322200000000000000e+04
3.786400000000000000e+04
3.788400000000000000e+04
4.089900000000000000e+04
3.529100000000000000e+04
3.215300000000000000e+04
4.653200000000000000e+04
4.033300000000000000e+04
3.034100000000000000e+04
3.329200000000000000e+04
4.384000000000000000e+04
3.780200000000000000e+04
3.658700000000000000e+04
3.460200000000000000e+04
3.403900000000000000e+04
3.305400000000000000e+04
3.366800000000000000e+04
3.238600000000000000e+04
3.255500000000000000e+04
3.205700000000000000e+04
3.080600000000000000e+04
3.207000000000000000e+04
3.055100000000000000e+04
3.067100000000000000e+04
3.029200000000000000e+04
3.039600000000000000e+04
3.064600000000000000e+04
3.190100000000000000e+04
3.048400000000000000e+04
3.248300000000000000e+04
3.186800000000000000e+04
3.188800000000000000e+04
3.192300000000000000e+04
3.233800000000000000e+04
2.872400000000000000e+04
3.016100000000000000e+04
2.904000000000000000e+04
2.890900000000000000e+04
2.819100000000000000e+04
2.734800000000000000e+04
2.476800000000000000e+04
2.554300000000000000e+04
2.517100000000000000e+04
2.565400000000000000e+04
2.591900000000000000e+04
2.801200000000000000e+04
2.749700000000000000e+04
2.765600000000000000e+04
2.879500000000000000e+04
3.501900000000000000e+04
3.015600000000000000e+04
3.217600000000000000e+04
3.276400000000000000e+04
3.207500000000000000e+04
3.409100000000000000e+04
3.502000000000000000e+04
3.359900000000000000e+04
3.575800000000000000e+04
3.087600000000000000e+04
3.670500000000000000e+04
3.893400000000000000e+04
3.669300000000000000e+04
3.264300000000000000e+04
2.518400000000000000e+04
3.090400000000000000e+04
3.328400000000000000e+04
2.511500000000000000e+04
3.476000000000000000e+04
3.347900000000000000e+04
3.776300000000000000e+04
3.401800000000000000e+04
2.831300000000000000e+04
3.796800000000000000e+04
2.872900000000000000e+04
3.918000000000000000e+04
3.867300000000000000e+04
3.161900000000000000e+04
4.340300000000000000e+04
4.703600000000000000e+04
2.393200000000000000e+04
3.514200000000000000e+04
3.440600000000000000e+04
3.338500000000000000e+04
3.387300000000000000e+04
3.256200000000000000e+04
3.273400000000000000e+04
3.230300000000000000e+04
3.082800000000000000e+04
3.144600000000000000e+04
3.092500000000000000e+04
3.128300000000000000e+04
3.061700000000000000e+04
3.059300000000000000e+04
3.043600000000000000e+04
3.125600000000000000e+04
3.152900000000000000e+04
3.036000000000000000e+04
3.183200000000000000e+04
3.190900000000000000e+04
3.149500000000000000e+04
3.126900000000000000e+04
3.044500000000000000e+04
2.962400000000000000e+04
2.966000000000000000e+04
2.854000000000000000e+04
2.798000000000000000e+04
2.812500000000000000e+04
2.595500000000000000e+04
2.483900000000000000e+04
2.863600000000000000e+04
2.787800000000000000e+04
2.532700000000000000e+04
3.029200000000000000e+04
2.674700000000000000e+04
2.700900000000000000e+04
2.831500000000000000e+04
2.972600000000000000e+04
3.054600000000000000e+04
3.028900000000000000e+04
3.182500000000000000e+04
3.200400000000000000e+04
3.529200000000000000e+04
3.295300000000000000e+04
3.780200000000000000e+04
2.892100000000000000e+04
3.594700000000000000e+04
3.646200000000000000e+04
2.995500000000000000e+04
3.882900000000000000e+04
4.007900000000000000e+04
3.155600000000000000e+04
3.575500000000000000e+04
3.028800000000000000e+04
3.198600000000000000e+04
4.449700000000000000e+04
3.137800000000000000e+04
3.999300000000000000e+04
3.838300000000000000e+04
3.367800000000000000e+04
2.476200000000000000e+04
3.408800000000000000e+04
3.917000000000000000e+04
4.077400000000000000e+04
2.253200000000000000e+04
2.071200000000000000e+04
4.267200000000000000e+04
3.069300000000000000e+04
5.058800000000000000e+04
3.379100000000000000e+04
3.415500000000000000e+04
3.279900000000000000e+04
3.287800000000000000e+04
3.240600000000000000e+04
3.265900000000000000e+04
3.187300000000000000e+04
3.176800000000000000e+04
3.183700000000000000e+04
3.080200000000000000e+04
3.055100000000000000e+04
3.040500000000000000e+04
3.180200000000000000e+04
3.162400000000000000e+04
3.002100000000000000e+04
3.168100000000000000e+04
3.083100000000000000e+04
3.120200000000000000e+04
3.049700000000000000e+04
3.079000000000000000e+04
2.859200000000000000e+04
2.790900000000000000e+04
2.732600000000000000e+04
2.822300000000000000e+04
2.889700000000000000e+04
2.857600000000000000e+04
2.757600000000000000e+04
2.490700000000000000e+04
2.701600000000000000e+04
2.814900000000000000e+04
2.626400000000000000e+04
2.630900000000000000e+04
3.100300000000000000e+04
2.879100000000000000e+04
3.182700000000000000e+04
3.163700000000000000e+04
3.476300000000000000e+04
3.009800000000000000e+04
3.155500000000000000e+04
3.134100000000000000e+04
3.197800000000000000e+04
3.075200000000000000e+04
3.523800000000000000e+04
3.137000000000000000e+04
3.085200000000000000e+04
3.163200000000000000e+04
3.273600000000000000e+04
3.829200000000000000e+04
3.515500000000000000e+04
3.864700000000000000e+04
3.655500000000000000e+04
3.064400000000000000e+04
4.434100000000000000e+04
3.632600000000000000e+04
3.274000000000000000e+04
3.518900000000000000e+04
3.318900000000000000e+04
3.213900000000000000e+04
3.551200000000000000e+04
2.535400000000000000e+04
4.252500000000000000e+04
4.077100000000000000e+04
3.195600000000000000e+04
3.393100000000000000e+04
3.385800000000000000e+04
2.736000000000000000e+04
2.899400000000000000e+04
3.297200000000000000e+04
3.306100000000000000e+04
3.251300000000000000e+04
3.273100000000000000e+04
3.235200000000000000e+04
3.271100000000000000e+04
3.195900000000000000e+04
3.043100000000000000e+04
3.144600000000000000e+04
3.037400000000000000e+04
3.132700000000000000e+04
3.097600000000000000e+04
3.191800000000000000e+04
3.100900000000000000e+04
3.180500000000000000e+04
3.029400000000000000e+04
2.821400000000000000e+04
3.086500000000000000e+04
2.957500000000000000e+04
2.988300000000000000e+04
2.946600000000000000e+04
2.907000000000000000e+04
2.955800000000000000e+04
2.553500000000000000e+04
2.737900000000000000e+04
2.781800000000000000e+04
2.481100000000000000e+04
2.924800000000000000e+04
2.504700000000000000e+04
2.595200000000000000e+04
2.584700000000000000e+04
2.672600000000000000e+04
3.213000000000000000e+04
3.289300000000000000e+04
2.885700000000000000e+04
2.938700000000000000e+04
3.600200000000000000e+04
3.047300000000000000e+04
2.768700000000000000e+04
3.685100000000000000e+04
3.278500000000000000e+04
3.156200000000000000e+04
3.092000000000000000e+04
3.532200000000000000e+04
3.631100000000000000e+04
3.603200000000000000e+04
3.731100000000000000e+04
3.145900000000000000e+04
3.615600000000000000e+04
3.913100000000000000e+04
3.307400000000000000e+04
3.930800000000000000e+04
3.587200000000000000e+04
3.526900000000000000e+04
3.263500000000000000e+04
3.650200000000000000e+04
4.305300000000000000e+04
2.956300000000000000e+04
3.669500000000000000e+04
3.515100000000000000e+04
3.776300000000000000e+04
4.169300000000000000e+04
2.825700000000000000e+04
4.986900000000000000e+04
4.338500000000000000e+04
3.534200000000000000e+04
3.261600000000000000e+04
3.279700000000000000e+04
3.241200000000000000e+04
3.232400000000000000e+04
3.071100000000000000e+04
3.095800000000000000e+04
3.061400000000000000e+04
3.030200000000000000e+04
3.144100000000000000e+04
3.085200000000000000e+04
3.017300000000000000e+04
3.088800000000000000e+04
3.037700000000000000e+04
2.985600000000000000e+04
2.976700000000000000e+04
2.962400000000000000e+04
2.888900000000000000e+04
2.901500000000000000e+04
3.030800000000000000e+04
2.711200000000000000e+04
2.837200000000000000e+04
2.775300000000000000e+04
2.572200000000000000e+04
2.487700000000000000e+04
2.583800000000000000e+04
2.442200000000000000e+04
2.845500000000000000e+04
2.584100000000000000e+04
2.551400000000000000e+04
3.110700000000000000e+04
2.788300000000000000e+04
3.260600000000000000e+04
3.367400000000000000e+04
3.033000000000000000e+04
3.197800000000000000e+04
3.226300000000000000e+04
2.901500000000000000e+04
3.278800000000000000e+04
3.255600000000000000e+04
3.297500000000000000e+04
3.371700000000000000e+04
3.178100000000000000e+04
3.544100000000000000e+04
3.387500000000000000e+04
3.849100000000000000e+04
3.021400000000000000e+04
3.935000000000000000e+04
3.688000000000000000e+04
3.972500000000000000e+04
2.721800000000000000e+04
2.517500000000000000e+04
3.558900000000000000e+04
4.269000000000000000e+04
3.353300000000000000e+04
3.574600000000000000e+04
4.198700000000000000e+04
2.786600000000000000e+04
2.822800000000000000e+04
3.567400000000000000e+04
3.686100000000000000e+04
3.579000000000000000e+04
2.513700000000000000e+04
3.395000000000000000e+04
3.640000000000000000e+04
3.906500000000000000e+04
3.248800000000000000e+04
3.237600000000000000e+04
3.096300000000000000e+04
3.184600000000000000e+04
3.054700000000000000e+04
3.050200000000000000e+04
2.986700000000000000e+04
2.988300000000000000e+04
2.967800000000000000e+04
2.996800000000000000e+04
3.102000000000000000e+04
2.922400000000000000e+04
3.098400000000000000e+04
3.012900000000000000e+04
2.983400000000000000e+04
2.981300000000000000e+04
3.049200000000000000e+04
2.664800000000000000e+04
2.871500000000000000e+04
2.790400000000000000e+04
2.828300000000000000e+04
2.801000000000000000e+04
2.717300000000000000e+04
2.588100000000000000e+04
2.515700000000000000e+04
2.459300000000000000e+04
2.939500000000000000e+04
2.969200000000000000e+04
2.606900000000000000e+04
3.073700000000000000e+04
2.930600000000000000e+04
2.866000000000000000e+04
3.375500000000000000e+04
2.960500000000000000e+04
3.005600000000000000e+04
3.379200000000000000e+04
3.244500000000000000e+04
3.241600000000000000e+04
3.158800000000000000e+04
3.394100000000000000e+04
3.231700000000000000e+04
3.469600000000000000e+04
3.556500000000000000e+04
3.835000000000000000e+04
3.102200000000000000e+04
3.266500000000000000e+04
3.496300000000000000e+04
4.041200000000000000e+04
3.817500000000000000e+04
4.153700000000000000e+04
3.971300000000000000e+04
4.209700000000000000e+04
2.994800000000000000e+04
3.613100000000000000e+04
4.134500000000000000e+04
4.087500000000000000e+04
4.467300000000000000e+04
2.429900000000000000e+04
3.879000000000000000e+04
3.530600000000000000e+04
3.805800000000000000e+04
3.532900000000000000e+04
4.159200000000000000e+04
3.925300000000000000e+04
3.099800000000000000e+04
3.148300000000000000e+04
3.089800000000000000e+04
3.105600000000000000e+04
3.044400000000000000e+04
3.011100000000000000e+04
3.074800000000000000e+04
2.999000000000000000e+04
3.067800000000000000e+04
3.071900000000000000e+04
2.924900000000000000e+04
3.049700000000000000e+04
3.031300000000000000e+04
2.986400000000000000e+04
2.952500000000000000e+04
2.904300000000000000e+04
2.825600000000000000e+04
2.875100000000000000e+04
2.807400000000000000e+04
2.749600000000000000e+04
2.790300000000000000e+04
2.722200000000000000e+04
2.727800000000000000e+04
2.863900000000000000e+04
2.803600000000000000e+04
2.894600000000000000e+04
3.039600000000000000e+04
3.021200000000000000e+04
2.759800000000000000e+04
2.825600000000000000e+04
2.863400000000000000e+04
2.976300000000000000e+04
3.087500000000000000e+04
3.062300000000000000e+04
3.516900000000000000e+04
3.209300000000000000e+04
3.687700000000000000e+04
3.563500000000000000e+04
3.060700000000000000e+04
3.046000000000000000e+04
3.541000000000000000e+04
3.776400000000000000e+04
3.557100000000000000e+04
3.688200000000000000e+04
3.817900000000000000e+04
3.333400000000000000e+04
3.625600000000000000e+04
3.205100000000000000e+04
4.112700000000000000e+04
3.400600000000000000e+04
2.231400000000000000e+04
3.670000000000000000e+04
3.786300000000000000e+04
3.624400000000000000e+04
3.963100000000000000e+04
3.226000000000000000e+04
3.652500000000000000e+04
4.063800000000000000e+04
4.575100000000000000e+04
2.409200000000000000e+04
3.232500000000000000e+04
2.407700000000000000e+04
3.090900000000000000e+04
3.164300000000000000e+04
3.161400000000000000e+04
3.046800000000000000e+04
3.015100000000000000e+04
2.987400000000000000e+04
3.118900000000000000e+04
3.133000000000000000e+04
3.087900000000000000e+04
2.932600000000000000e+04
3.073300000000000000e+04
2.972600000000000000e+04
3.011900000000000000e+04
2.913000000000000000e+04
2.944800000000000000e+04
2.831700000000000000e+04
2.697100000000000000e+04
2.672400000000000000e+04
2.778200000000000000e+04
2.855800000000000000e+04
2.869400000000000000e+04
2.765800000000000000e+04
2.900000000000000000e+04
2.746700000000000000e+04
2.529100000000000000e+04
2.866700000000000000e+04
2.954600000000000000e+04
2.737900000000000000e+04
2.652200000000000000e+04
2.806600000000000000e+04
2.814300000000000000e+04
3.056800000000000000e+04
2.996000000000000000e+04
3.414700000000000000e+04
3.523200000000000000e+04
3.459800000000000000e+04
3.345700000000000000e+04
3.729300000000000000e+04
3.430100000000000000e+04
3.148500000000000000e+04
3.596900000000000000e+04
3.182000000000000000e+04
3.325100000000000000e+04
3.888700000000000000e+04
3.178800000000000000e+04
3.595700000000000000e+04
2.872800000000000000e+04
3.848100000000000000e+04
2.686600000000000000e+04
3.316200000000000000e+04
3.194400000000000000e+04
3.935800000000000000e+04
3.747700000000000000e+04
2.742000000000000000e+04
3.213900000000000000e+04
4.499500000000000000e+04
4.881100000000000000e+04
3.526700000000000000e+04
3.977400000000000000e+04
2.647000000000000000e+04
2.826800000000000000e+04
4.454400000000000000e+04
4.599900000000000000e+04
3.035800000000000000e+04
3.000200000000000000e+04
2.968100000000000000e+04
3.095300000000000000e+04
3.113500000000000000e+04
3.079200000000000000e+04
3.011000000000000000e+04
3.060800000000000000e+04
2.881100000000000000e+04
2.819300000000000000e+04
2.918700000000000000e+04
2.893400000000000000e+04
2.908800000000000000e+04
2.809100000000000000e+04
2.867100000000000000e+04
2.770900000000000000e+04
2.827100000000000000e+04
2.821100000000000000e+04
2.819100000000000000e+04
2.889700000000000000e+04
2.733400000000000000e+04
2.798600000000000000e+04
2.689000000000000000e+04
2.576500000000000000e+04
2.607800000000000000e+04
2.706200000000000000e+04
3.118200000000000000e+04
2.901200000000000000e+04
2.971400000000000000e+04
2.876000000000000000e+04
3.812800000000000000e+04
3.068300000000000000e+04
3.390500000000000000e+04
3.322100000000000000e+04
3.461300000000000000e+04
3.689900000000000000e+04
3.475100000000000000e+04
3.677800000000000000e+04
3.654200000000000000e+04
3.089900000000000000e+04
3.318900000000000000e+04
3.920500000000000000e+04
3.730700000000000000e+04
3.932000000000000000e+04
2.520300000000000000e+04
3.578900000000000000e+04
3.272300000000000000e+04
3.876600000000000000e+04
4.109200000000000000e+04
3.616600000000000000e+04
4.295200000000000000e+04
3.048300000000000000e+04
4.591800000000000000e+04
3.194800000000000000e+04
2.986500000000000000e+04
4.159900000000000000e+04
3.643100000000000000e+04
3.124600000000000000e+04
3.616200000000000000e+04
3.245700000000000000e+04
4.931400000000000000e+04
2.957000000000000000e+04
3.074300000000000000e+04
3.101800000000000000e+04
3.061200000000000000e+04
3.044600000000000000e+04
2.899700000000000000e+04
3.026300000000000000e+04
2.929600000000000000e+04
2.984100000000000000e+04
2.863400000000000000e+04
2.901300000000000000e+04
2.859400000000000000e+04
2.662500000000000000e+04
2.661000000000000000e+04
2.773700000000000000e+04
2.851800000000000000e+04
2.892500000000000000e+04
2.783200000000000000e+04
2.931700000000000000e+04
2.573500000000000000e+04
2.797700000000000000e+04
2.879200000000000000e+04
2.756400000000000000e+04
2.690000000000000000e+04
3.149800000000000000e+04
2.904100000000000000e+04
3.346500000000000000e+04
3.414500000000000000e+04
3.459500000000000000e+04
3.061500000000000000e+04
3.159900000000000000e+04
3.159200000000000000e+04
3.227100000000000000e+04
3.040200000000000000e+04
3.536000000000000000e+04
3.076700000000000000e+04
3.026000000000000000e+04
3.049100000000000000e+04
3.236300000000000000e+04
3.846500000000000000e+04
3.465700000000000000e+04
3.835800000000000000e+04
3.574500000000000000e+04
3.010600000000000000e+04
4.435100000000000000e+04
3.587800000000000000e+04
3.267200000000000000e+04
3.520700000000000000e+04
3.282900000000000000e+04
3.346200000000000000e+04
3.597900000000000000e+04
2.620600000000000000e+04
4.271800000000000000e+04
4.028000000000000000e+04
3.229400000000000000e+04
3.378800000000000000e+04
3.405900000000000000e+04
2.849400000000000000e+04
2.840200000000000000e+04
3.247100000000000000e+04
3.093200000000000000e+04
3.048100000000000000e+04
3.027400000000000000e+04
2.975600000000000000e+04
3.028000000000000000e+04
2.863900000000000000e+04
2.780800000000000000e+04
2.894600000000000000e+04
2.864100000000000000e+04
2.893100000000000000e+04
2.787800000000000000e+04
2.866800000000000000e+04
2.764100000000000000e+04
2.852400000000000000e+04
2.835800000000000000e+04
2.832100000000000000e+04
2.901200000000000000e+04
2.749500000000000000e+04
2.914800000000000000e+04
2.854900000000000000e+04
2.730100000000000000e+04
3.062200000000000000e+04
2.777600000000000000e+04
2.724900000000000000e+04
2.807800000000000000e+04
3.007700000000000000e+04
2.987700000000000000e+04
3.396500000000000000e+04
3.076100000000000000e+04
3.152200000000000000e+04
3.051500000000000000e+04
3.270500000000000000e+04
3.578600000000000000e+04
3.526400000000000000e+04
3.204400000000000000e+04
3.559500000000000000e+04
3.742100000000000000e+04
3.094300000000000000e+04
3.870700000000000000e+04
3.519600000000000000e+04
3.883300000000000000e+04
4.079600000000000000e+04
3.833100000000000000e+04
3.509000000000000000e+04
3.409200000000000000e+04
3.574000000000000000e+04
4.087100000000000000e+04
2.266000000000000000e+04
3.323800000000000000e+04
3.429200000000000000e+04
3.937800000000000000e+04
3.539500000000000000e+04
3.473400000000000000e+04
3.695000000000000000e+04
3.064200000000000000e+04
3.049200000000000000e+04
4.724800000000000000e+04
3.469500000000000000e+04
3.860600000000000000e+04
3.018600000000000000e+04
2.966700000000000000e+04
2.886400000000000000e+04
3.001800000000000000e+04
2.915400000000000000e+04
2.988000000000000000e+04
2.848000000000000000e+04
2.890400000000000000e+04
2.886400000000000000e+04
2.657100000000000000e+04
2.673100000000000000e+04
2.779700000000000000e+04
2.860300000000000000e+04
2.920200000000000000e+04
2.702000000000000000e+04
2.964400000000000000e+04
2.612100000000000000e+04
2.783100000000000000e+04
2.874200000000000000e+04
2.913800000000000000e+04
2.990900000000000000e+04
2.786100000000000000e+04
2.681400000000000000e+04
2.841400000000000000e+04
2.845600000000000000e+04
3.065900000000000000e+04
3.164200000000000000e+04
3.343200000000000000e+04
3.419500000000000000e+04
3.495000000000000000e+04
3.375000000000000000e+04
3.704400000000000000e+04
3.393900000000000000e+04
3.516300000000000000e+04
3.620000000000000000e+04
3.557100000000000000e+04
3.329100000000000000e+04
3.898200000000000000e+04
3.212200000000000000e+04
3.553800000000000000e+04
2.971300000000000000e+04
3.848200000000000000e+04
2.593300000000000000e+04
3.343100000000000000e+04
3.133800000000000000e+04
3.885600000000000000e+04
3.684800000000000000e+04
2.700500000000000000e+04
3.196500000000000000e+04
4.449700000000000000e+04
4.861400000000000000e+04
3.460300000000000000e+04
3.976500000000000000e+04
2.789000000000000000e+04
2.932100000000000000e+04
4.455700000000000000e+04
4.603300000000000000e+04
3.702800000000000000e+04
2.876400000000000000e+04
3.013600000000000000e+04
2.864900000000000000e+04
2.770400000000000000e+04
2.897700000000000000e+04
2.854400000000000000e+04
2.900900000000000000e+04
2.785100000000000000e+04
2.881300000000000000e+04
2.770400000000000000e+04
2.880200000000000000e+04
2.853100000000000000e+04
2.845100000000000000e+04
2.909400000000000000e+04
2.765300000000000000e+04
2.955500000000000000e+04
2.841100000000000000e+04
2.835400000000000000e+04
2.625400000000000000e+04
2.645600000000000000e+04
2.740600000000000000e+04
2.945900000000000000e+04
2.939000000000000000e+04
3.004700000000000000e+04
2.953100000000000000e+04
3.796700000000000000e+04
3.048500000000000000e+04
3.309100000000000000e+04
3.333700000000000000e+04
3.329300000000000000e+04
3.728100000000000000e+04
3.477900000000000000e+04
3.678500000000000000e+04
3.615800000000000000e+04
3.115200000000000000e+04
3.273800000000000000e+04
3.922000000000000000e+04
3.696300000000000000e+04
3.959200000000000000e+04
2.468900000000000000e+04
3.532500000000000000e+04
3.336500000000000000e+04
3.829400000000000000e+04
4.060500000000000000e+04
3.770800000000000000e+04
4.298800000000000000e+04
3.174000000000000000e+04
4.550500000000000000e+04
3.202600000000000000e+04
2.929700000000000000e+04
4.167400000000000000e+04
3.718600000000000000e+04
3.166700000000000000e+04
3.607500000000000000e+04
3.242700000000000000e+04
4.915400000000000000e+04
2.635800000000000000e+04
2.993600000000000000e+04
2.919600000000000000e+04
3.006100000000000000e+04
2.845100000000000000e+04
2.897600000000000000e+04
2.890600000000000000e+04
2.662000000000000000e+04
2.695200000000000000e+04
2.796600000000000000e+04
2.872800000000000000e+04
2.952300000000000000e+04
2.582300000000000000e+04
2.993800000000000000e+04
2.648900000000000000e+04
2.795500000000000000e+04
2.854400000000000000e+04
2.919600000000000000e+04
2.865700000000000000e+04
2.735200000000000000e+04
3.179600000000000000e+04
2.938200000000000000e+04
3.390500000000000000e+04
3.480400000000000000e+04
3.410800000000000000e+04
3.092300000000000000e+04
3.141600000000000000e+04
3.169200000000000000e+04
3.234000000000000000e+04
3.079800000000000000e+04
3.537500000000000000e+04
3.054500000000000000e+04
2.955500000000000000e+04
3.032200000000000000e+04
3.197900000000000000e+04
3.844700000000000000e+04
3.418600000000000000e+04
3.784300000000000000e+04
3.492600000000000000e+04
2.957400000000000000e+04
4.418300000000000000e+04
3.539100000000000000e+04
3.258300000000000000e+04
3.532200000000000000e+04
3.290600000000000000e+04
3.478700000000000000e+04
3.630200000000000000e+04
2.694500000000000000e+04
4.278000000000000000e+04
3.978900000000000000e+04
3.263800000000000000e+04
3.358800000000000000e+04
3.421000000000000000e+04
3.001600000000000000e+04
2.784700000000000000e+04
3.217200000000000000e+04
5.231400000000000000e+04
3.026300000000000000e+04
2.850900000000000000e+04
2.920100000000000000e+04
2.905900000000000000e+04
2.676600000000000000e+04
2.725100000000000000e+04
2.815100000000000000e+04
2.887400000000000000e+04
2.984900000000000000e+04
2.606800000000000000e+04
3.022900000000000000e+04
2.666600000000000000e+04
2.811400000000000000e+04
2.870300000000000000e+04
2.899100000000000000e+04
2.943100000000000000e+04
3.006300000000000000e+04
2.818800000000000000e+04
2.696300000000000000e+04
2.859600000000000000e+04
2.863500000000000000e+04
3.063100000000000000e+04
3.351900000000000000e+04
3.272600000000000000e+04
3.338700000000000000e+04
3.507400000000000000e+04
3.385800000000000000e+04
3.664600000000000000e+04
3.352100000000000000e+04
3.532800000000000000e+04
3.623500000000000000e+04
3.561700000000000000e+04
3.333200000000000000e+04
3.888700000000000000e+04
3.175200000000000000e+04
3.507100000000000000e+04
3.171500000000000000e+04
3.834000000000000000e+04
2.419800000000000000e+04
3.335500000000000000e+04
3.076900000000000000e+04
3.834500000000000000e+04
3.625600000000000000e+04
2.746400000000000000e+04
3.249300000000000000e+04
4.424600000000000000e+04
4.836300000000000000e+04
3.397500000000000000e+04
3.968300000000000000e+04
2.921400000000000000e+04
3.021800000000000000e+04
4.457700000000000000e+04
4.592400000000000000e+04
3.655700000000000000e+04
4.384900000000000000e+04
2.945600000000000000e+04
2.921100000000000000e+04
2.696900000000000000e+04
2.759100000000000000e+04
2.830500000000000000e+04
2.905300000000000000e+04
3.016200000000000000e+04
2.630000000000000000e+04
3.049800000000000000e+04
2.684200000000000000e+04
2.821000000000000000e+04
2.882700000000000000e+04
2.909900000000000000e+04
2.944300000000000000e+04
2.935900000000000000e+04
2.764400000000000000e+04
3.183600000000000000e+04
2.956800000000000000e+04
3.385900000000000000e+04
3.484500000000000000e+04
3.298700000000000000e+04
3.107900000000000000e+04
3.117200000000000000e+04
3.165900000000000000e+04
3.226800000000000000e+04
3.436600000000000000e+04
3.532100000000000000e+04
3.352100000000000000e+04
2.946500000000000000e+04
3.010300000000000000e+04
3.128800000000000000e+04
3.818000000000000000e+04
3.371700000000000000e+04
3.736700000000000000e+04
3.410400000000000000e+04
2.902900000000000000e+04
4.388100000000000000e+04
3.363700000000000000e+04
3.239800000000000000e+04
3.552300000000000000e+04
3.318100000000000000e+04
3.583000000000000000e+04
3.638300000000000000e+04
2.765300000000000000e+04
4.272600000000000000e+04
3.906800000000000000e+04
3.296200000000000000e+04
3.383900000000000000e+04
3.431900000000000000e+04
3.141000000000000000e+04
2.730600000000000000e+04
3.185700000000000000e+04
5.207300000000000000e+04
4.626100000000000000e+04
2.722900000000000000e+04
2.794400000000000000e+04
2.850900000000000000e+04
2.924300000000000000e+04
3.048200000000000000e+04
2.659500000000000000e+04
3.080400000000000000e+04
2.701200000000000000e+04
2.832800000000000000e+04
2.887100000000000000e+04
2.916300000000000000e+04
2.951900000000000000e+04
2.956500000000000000e+04
3.002600000000000000e+04
2.837300000000000000e+04
2.698400000000000000e+04
2.868600000000000000e+04
2.868500000000000000e+04
3.057000000000000000e+04
3.395300000000000000e+04
3.206800000000000000e+04
3.265700000000000000e+04
3.502400000000000000e+04
3.381600000000000000e+04
3.617300000000000000e+04
3.308500000000000000e+04
3.538900000000000000e+04
3.605200000000000000e+04
3.550900000000000000e+04
3.337500000000000000e+04
3.867700000000000000e+04
3.055300000000000000e+04
3.457900000000000000e+04
3.300000000000000000e+04
3.811200000000000000e+04
2.387200000000000000e+04
3.328600000000000000e+04
3.021800000000000000e+04
3.778200000000000000e+04
3.570500000000000000e+04
2.793600000000000000e+04
3.301900000000000000e+04
4.397300000000000000e+04
4.809800000000000000e+04
3.336100000000000000e+04
3.953900000000000000e+04
3.046000000000000000e+04
3.100300000000000000e+04
4.451700000000000000e+04
4.571700000000000000e+04
3.612700000000000000e+04
4.464900000000000000e+04
5.260500000000000000e+04
2.874600000000000000e+04
2.944600000000000000e+04
3.080800000000000000e+04
2.680000000000000000e+04
3.109000000000000000e+04
2.718200000000000000e+04
2.840300000000000000e+04
2.890400000000000000e+04
2.923000000000000000e+04
2.956000000000000000e+04
2.959200000000000000e+04
2.960000000000000000e+04
2.780700000000000000e+04
3.178800000000000000e+04
2.962200000000000000e+04
3.365500000000000000e+04
3.455200000000000000e+04
3.140800000000000000e+04
3.110700000000000000e+04
3.093100000000000000e+04
3.148800000000000000e+04
3.206000000000000000e+04
3.464300000000000000e+04
3.520800000000000000e+04
3.362600000000000000e+04
2.925100000000000000e+04
2.982200000000000000e+04
2.999400000000000000e+04
3.765500000000000000e+04
3.326200000000000000e+04
3.693800000000000000e+04
3.329000000000000000e+04
2.850400000000000000e+04
4.346400000000000000e+04
3.278600000000000000e+04
3.216700000000000000e+04
3.576300000000000000e+04
3.345700000000000000e+04
3.580000000000000000e+04
3.631300000000000000e+04
2.835500000000000000e+04
4.259300000000000000e+04
3.660400000000000000e+04
3.320500000000000000e+04
3.407100000000000000e+04
3.438300000000000000e+04
3.264900000000000000e+04
2.676200000000000000e+04
3.154100000000000000e+04
5.179000000000000000e+04
4.659200000000000000e+04
3.097200000000000000e+04
3.115200000000000000e+04
2.702000000000000000e+04
3.139400000000000000e+04
2.732300000000000000e+04
2.849100000000000000e+04
2.895000000000000000e+04
2.927500000000000000e+04
2.959400000000000000e+04
2.960500000000000000e+04
2.972100000000000000e+04
2.698700000000000000e+04
2.846800000000000000e+04
2.696500000000000000e+04
2.867800000000000000e+04
2.862300000000000000e+04
3.043500000000000000e+04
3.395100000000000000e+04
3.146100000000000000e+04
3.202700000000000000e+04
3.483300000000000000e+04
3.366800000000000000e+04
3.564000000000000000e+04
3.260800000000000000e+04
3.536800000000000000e+04
3.559200000000000000e+04
3.528700000000000000e+04
3.343600000000000000e+04
3.834900000000000000e+04
3.055300000000000000e+04
3.404100000000000000e+04
3.294000000000000000e+04
3.933000000000000000e+04
2.350500000000000000e+04
3.392900000000000000e+04
2.967900000000000000e+04
3.721700000000000000e+04
3.514000000000000000e+04
2.835800000000000000e+04
3.345800000000000000e+04
4.372200000000000000e+04
4.751900000000000000e+04
3.274100000000000000e+04
3.934800000000000000e+04
3.166200000000000000e+04
3.172700000000000000e+04
4.438900000000000000e+04
4.545000000000000000e+04
3.570100000000000000e+04
4.489800000000000000e+04
5.227400000000000000e+04
2.987400000000000000e+04
3.171600000000000000e+04
2.749000000000000000e+04
2.856500000000000000e+04
2.900500000000000000e+04
2.932800000000000000e+04
2.960300000000000000e+04
2.958100000000000000e+04
2.978500000000000000e+04
2.670100000000000000e+04
2.791200000000000000e+04
3.161800000000000000e+04
2.954900000000000000e+04
3.336200000000000000e+04
3.523100000000000000e+04
3.040000000000000000e+04
3.104300000000000000e+04
3.069100000000000000e+04
3.121400000000000000e+04
3.174700000000000000e+04
3.428000000000000000e+04
3.500400000000000000e+04
3.365600000000000000e+04
3.031100000000000000e+04
3.284500000000000000e+04
2.948600000000000000e+04
3.709900000000000000e+04
3.282500000000000000e+04
3.652800000000000000e+04
3.249000000000000000e+04
2.940300000000000000e+04
4.296300000000000000e+04
3.246500000000000000e+04
3.191400000000000000e+04
3.606400000000000000e+04
3.368700000000000000e+04
3.572100000000000000e+04
3.645600000000000000e+04
2.827900000000000000e+04
4.237400000000000000e+04
3.633600000000000000e+04
3.340000000000000000e+04
3.417700000000000000e+04
3.440200000000000000e+04
3.371900000000000000e+04
2.622200000000000000e+04
3.129800000000000000e+04
5.145300000000000000e+04
4.677900000000000000e+04
3.080600000000000000e+04
4.191400000000000000e+04
2.865200000000000000e+04
2.908800000000000000e+04
2.937000000000000000e+04
2.960100000000000000e+04
2.956600000000000000e+04
2.987200000000000000e+04
2.672600000000000000e+04
2.794000000000000000e+04
2.850600000000000000e+04
2.693900000000000000e+04
2.858600000000000000e+04
2.849000000000000000e+04
3.025900000000000000e+04
3.364000000000000000e+04
3.102800000000000000e+04
3.171900000000000000e+04
3.452100000000000000e+04
3.341400000000000000e+04
3.506000000000000000e+04
3.212800000000000000e+04
3.526800000000000000e+04
3.510700000000000000e+04
3.496500000000000000e+04
3.359100000000000000e+04
3.793900000000000000e+04
3.036500000000000000e+04
3.304100000000000000e+04
3.279500000000000000e+04
3.947500000000000000e+04
2.310800000000000000e+04
3.479800000000000000e+04
2.915000000000000000e+04
3.661800000000000000e+04
3.458700000000000000e+04
2.879700000000000000e+04
3.383800000000000000e+04
4.344500000000000000e+04
4.691400000000000000e+04
3.212100000000000000e+04
3.910900000000000000e+04
3.285900000000000000e+04
3.238600000000000000e+04
4.420700000000000000e+04
4.512800000000000000e+04
3.507900000000000000e+04
4.511400000000000000e+04
5.191200000000000000e+04
2.931600000000000000e+04
2.402500000000000000e+04
2.945700000000000000e+04
2.959300000000000000e+04
2.951900000000000000e+04
2.994700000000000000e+04
2.673000000000000000e+04
2.796700000000000000e+04
2.849100000000000000e+04
3.138900000000000000e+04
2.944300000000000000e+04
3.295800000000000000e+04
3.530100000000000000e+04
2.957900000000000000e+04
3.084000000000000000e+04
3.046300000000000000e+04
3.087800000000000000e+04
3.133600000000000000e+04
3.364400000000000000e+04
3.474100000000000000e+04
3.361300000000000000e+04
3.184200000000000000e+04
3.265900000000000000e+04
2.924200000000000000e+04
3.652900000000000000e+04
3.173300000000000000e+04
3.612600000000000000e+04
3.168300000000000000e+04
3.069100000000000000e+04
4.238800000000000000e+04
3.209300000000000000e+04
3.158600000000000000e+04
3.638900000000000000e+04
3.385400000000000000e+04
3.559100000000000000e+04
3.652800000000000000e+04
2.786700000000000000e+04
4.210400000000000000e+04
3.603100000000000000e+04
3.344700000000000000e+04
3.419400000000000000e+04
3.415900000000000000e+04
3.459800000000000000e+04
2.567300000000000000e+04
3.102500000000000000e+04
5.108800000000000000e+04
4.687200000000000000e+04
3.064500000000000000e+04
4.175500000000000000e+04
4.603500000000000000e+04
2.946800000000000000e+04
3.003700000000000000e+04
2.673300000000000000e+04
2.798200000000000000e+04
2.848600000000000000e+04
3.126100000000000000e+04
2.689600000000000000e+04
2.845600000000000000e+04
2.831900000000000000e+04
3.002700000000000000e+04
3.325300000000000000e+04
3.085900000000000000e+04
3.129400000000000000e+04
3.413100000000000000e+04
3.307600000000000000e+04
3.444600000000000000e+04
3.159600000000000000e+04
3.512600000000000000e+04
3.460300000000000000e+04
3.456600000000000000e+04
3.380100000000000000e+04
3.744000000000000000e+04
2.999800000000000000e+04
3.106200000000000000e+04
3.258100000000000000e+04
3.934800000000000000e+04
2.266800000000000000e+04
3.543900000000000000e+04
2.861100000000000000e+04
3.598300000000000000e+04
3.404200000000000000e+04
2.929000000000000000e+04
3.421300000000000000e+04
4.315100000000000000e+04
4.628500000000000000e+04
3.149700000000000000e+04
3.883000000000000000e+04
3.404800000000000000e+04
3.257600000000000000e+04
4.394400000000000000e+04
4.475600000000000000e+04
3.306700000000000000e+04
4.523100000000000000e+04
5.158900000000000000e+04
2.875100000000000000e+04
2.219800000000000000e+04
1.950500000000000000e+04
2.675700000000000000e+04
2.800800000000000000e+04
2.845800000000000000e+04
3.113000000000000000e+04
2.684900000000000000e+04
2.924000000000000000e+04
3.249600000000000000e+04
3.458500000000000000e+04
2.906200000000000000e+04
3.045100000000000000e+04
3.013100000000000000e+04
3.046500000000000000e+04
3.086400000000000000e+04
3.297300000000000000e+04
3.442900000000000000e+04
3.349400000000000000e+04
3.159800000000000000e+04
3.238300000000000000e+04
2.894900000000000000e+04
3.591900000000000000e+04
3.005100000000000000e+04
3.574500000000000000e+04
3.088900000000000000e+04
3.097400000000000000e+04
4.174300000000000000e+04
3.169700000000000000e+04
3.125500000000000000e+04
3.669000000000000000e+04
3.393400000000000000e+04
3.541800000000000000e+04
3.650600000000000000e+04
2.738700000000000000e+04
4.175200000000000000e+04
3.569400000000000000e+04
3.314700000000000000e+04
3.414400000000000000e+04
3.384900000000000000e+04
3.519000000000000000e+04
2.512100000000000000e+04
3.072300000000000000e+04
5.068100000000000000e+04
4.685400000000000000e+04
3.050600000000000000e+04
4.150300000000000000e+04
4.591600000000000000e+04
3.559700000000000000e+04
2.844100000000000000e+04
3.098000000000000000e+04
2.682700000000000000e+04
2.915300000000000000e+04
2.828000000000000000e+04
2.807300000000000000e+04
2.977400000000000000e+04
3.276300000000000000e+04
3.058200000000000000e+04
3.079100000000000000e+04
3.366500000000000000e+04
3.251900000000000000e+04
3.376800000000000000e+04
3.106600000000000000e+04
3.491900000000000000e+04
3.405700000000000000e+04
3.408200000000000000e+04
3.414000000000000000e+04
3.688400000000000000e+04
2.959300000000000000e+04
3.050200000000000000e+04
3.469500000000000000e+04
3.908600000000000000e+04
2.216900000000000000e+04
3.575000000000000000e+04
2.806400000000000000e+04
3.532300000000000000e+04
3.348800000000000000e+04
2.954700000000000000e+04
3.461000000000000000e+04
4.282000000000000000e+04
4.562800000000000000e+04
3.085500000000000000e+04
3.850700000000000000e+04
3.460100000000000000e+04
3.246400000000000000e+04
4.365500000000000000e+04
4.414000000000000000e+04
3.184800000000000000e+04
4.525700000000000000e+04
5.122100000000000000e+04
2.816300000000000000e+04
2.192500000000000000e+04
1.960100000000000000e+04
4.126200000000000000e+04
2.678900000000000000e+04
2.905300000000000000e+04
2.868900000000000000e+04
3.198900000000000000e+04
3.366000000000000000e+04
2.860700000000000000e+04
3.003500000000000000e+04
2.952100000000000000e+04
2.999200000000000000e+04
3.031400000000000000e+04
3.211800000000000000e+04
3.407300000000000000e+04
3.332100000000000000e+04
3.128200000000000000e+04
3.205400000000000000e+04
2.864900000000000000e+04
3.529100000000000000e+04
2.975700000000000000e+04
3.535100000000000000e+04
3.010800000000000000e+04
3.043800000000000000e+04
4.104900000000000000e+04
3.125000000000000000e+04
3.078300000000000000e+04
3.688500000000000000e+04
3.398100000000000000e+04
3.520900000000000000e+04
3.638500000000000000e+04
2.701100000000000000e+04
4.135100000000000000e+04
3.533100000000000000e+04
3.033900000000000000e+04
3.403900000000000000e+04
3.351300000000000000e+04
3.558500000000000000e+04
2.457100000000000000e+04
3.037400000000000000e+04
5.024400000000000000e+04
4.677500000000000000e+04
3.035200000000000000e+04
4.121500000000000000e+04
4.573300000000000000e+04
3.533300000000000000e+04
3.985800000000000000e+04
2.954400000000000000e+04
3.173600000000000000e+04
2.781500000000000000e+04
2.952300000000000000e+04
3.221200000000000000e+04
3.026700000000000000e+04
3.028700000000000000e+04
3.314100000000000000e+04
3.192200000000000000e+04
3.310700000000000000e+04
3.049800000000000000e+04
3.468300000000000000e+04
3.347800000000000000e+04
3.353100000000000000e+04
3.422400000000000000e+04
3.627000000000000000e+04
2.915500000000000000e+04
3.005500000000000000e+04
3.503100000000000000e+04
3.872300000000000000e+04
2.169500000000000000e+04
3.580800000000000000e+04
2.749400000000000000e+04
3.464900000000000000e+04
3.291500000000000000e+04
2.914400000000000000e+04
3.462000000000000000e+04
4.244400000000000000e+04
4.495800000000000000e+04
3.021400000000000000e+04
3.814000000000000000e+04
3.510100000000000000e+04
3.229000000000000000e+04
4.333200000000000000e+04
4.352300000000000000e+04
3.211300000000000000e+04
4.521500000000000000e+04
5.060700000000000000e+04
2.755800000000000000e+04
2.164700000000000000e+04
1.968300000000000000e+04
4.086400000000000000e+04
4.909100000000000000e+04
2.769400000000000000e+04
3.261400000000000000e+04
2.812200000000000000e+04
2.956700000000000000e+04
2.914200000000000000e+04
2.948000000000000000e+04
2.974800000000000000e+04
3.128000000000000000e+04
3.366500000000000000e+04
3.308900000000000000e+04
3.092100000000000000e+04
3.166400000000000000e+04
2.830200000000000000e+04
3.463000000000000000e+04
2.945800000000000000e+04
3.494800000000000000e+04
2.931800000000000000e+04
2.983700000000000000e+04
4.030000000000000000e+04
3.077900000000000000e+04
3.013800000000000000e+04
3.693800000000000000e+04
3.398500000000000000e+04
3.495800000000000000e+04
3.601200000000000000e+04
2.658800000000000000e+04
4.093000000000000000e+04
3.493100000000000000e+04
3.036200000000000000e+04
3.387000000000000000e+04
3.316400000000000000e+04
3.586700000000000000e+04
2.400100000000000000e+04
2.998100000000000000e+04
4.978100000000000000e+04
4.661000000000000000e+04
3.022800000000000000e+04
4.086100000000000000e+04
4.549400000000000000e+04
3.505100000000000000e+04
3.943000000000000000e+04
3.674600000000000000e+04
2.926400000000000000e+04
3.163000000000000000e+04
2.992000000000000000e+04
2.977100000000000000e+04
3.257500000000000000e+04
3.127800000000000000e+04
3.241900000000000000e+04
2.996800000000000000e+04
3.442600000000000000e+04
3.288400000000000000e+04
3.292900000000000000e+04
3.412000000000000000e+04
3.560600000000000000e+04
2.868900000000000000e+04
2.958200000000000000e+04
3.490700000000000000e+04
3.827900000000000000e+04
2.112500000000000000e+04
3.575100000000000000e+04
2.691900000000000000e+04
3.267800000000000000e+04
3.233400000000000000e+04
2.872400000000000000e+04
3.416000000000000000e+04
4.204000000000000000e+04
4.425800000000000000e+04
2.955200000000000000e+04
3.774900000000000000e+04
3.552000000000000000e+04
3.206600000000000000e+04
4.296000000000000000e+04
4.286400000000000000e+04
3.230200000000000000e+04
4.502500000000000000e+04
4.996000000000000000e+04
2.706100000000000000e+04
2.135400000000000000e+04
1.961100000000000000e+04
4.045300000000000000e+04
4.878700000000000000e+04
3.125400000000000000e+04
2.956500000000000000e+04
2.928400000000000000e+04
3.196900000000000000e+04
3.062100000000000000e+04
3.169200000000000000e+04
2.943500000000000000e+04
3.416300000000000000e+04
3.227400000000000000e+04
3.229300000000000000e+04
3.387500000000000000e+04
3.490500000000000000e+04
2.818400000000000000e+04
2.908500000000000000e+04
3.467400000000000000e+04
3.776400000000000000e+04
2.072600000000000000e+04
3.563800000000000000e+04
2.631200000000000000e+04
3.063000000000000000e+04
3.172900000000000000e+04
2.836000000000000000e+04
3.368400000000000000e+04
4.159700000000000000e+04
4.353600000000000000e+04
2.887800000000000000e+04
3.731000000000000000e+04
3.585100000000000000e+04
3.178900000000000000e+04
4.255700000000000000e+04
4.219700000000000000e+04
3.240600000000000000e+04
4.465500000000000000e+04
4.930300000000000000e+04
2.669000000000000000e+04
2.105200000000000000e+04
1.948500000000000000e+04
4.001300000000000000e+04
4.846300000000000000e+04
3.033800000000000000e+04
3.074700000000000000e+04
3.136000000000000000e+04
2.992100000000000000e+04
3.099700000000000000e+04
2.888500000000000000e+04
3.350200000000000000e+04
3.167500000000000000e+04
3.164300000000000000e+04
3.353000000000000000e+04
3.415700000000000000e+04
2.765200000000000000e+04
2.854500000000000000e+04
3.437800000000000000e+04
3.719000000000000000e+04
2.042300000000000000e+04
3.546900000000000000e+04
2.570300000000000000e+04
3.010600000000000000e+04
3.112800000000000000e+04
2.803800000000000000e+04
3.316400000000000000e+04
4.112300000000000000e+04
4.277100000000000000e+04
2.818200000000000000e+04
3.684400000000000000e+04
3.593400000000000000e+04
3.146000000000000000e+04
4.213200000000000000e+04
4.151300000000000000e+04
3.241400000000000000e+04
4.422800000000000000e+04
4.861300000000000000e+04
2.629400000000000000e+04
2.071800000000000000e+04
1.932900000000000000e+04
3.957400000000000000e+04
4.812400000000000000e+04
2.922600000000000000e+04
3.077000000000000000e+04
1.901200000000000000e+04
3.028400000000000000e+04
2.815500000000000000e+04
3.253400000000000000e+04
3.109100000000000000e+04
3.105300000000000000e+04
3.311300000000000000e+04
3.337500000000000000e+04
2.710400000000000000e+04
2.798900000000000000e+04
3.399100000000000000e+04
3.656700000000000000e+04
2.017600000000000000e+04
3.533200000000000000e+04
2.506800000000000000e+04
2.955300000000000000e+04
3.049900000000000000e+04
2.770000000000000000e+04
3.261400000000000000e+04
4.062400000000000000e+04
4.200900000000000000e+04
2.746900000000000000e+04
3.633600000000000000e+04
3.592500000000000000e+04
3.110900000000000000e+04
4.167700000000000000e+04
4.081700000000000000e+04
3.238000000000000000e+04
4.378000000000000000e+04
4.790000000000000000e+04
2.588400000000000000e+04
2.038100000000000000e+04
1.916200000000000000e+04
3.910600000000000000e+04
4.776600000000000000e+04
2.805800000000000000e+04
3.079300000000000000e+04
1.894600000000000000e+04
3.776600000000000000e+04
3.166900000000000000e+04
3.050000000000000000e+04
3.043300000000000000e+04
3.249700000000000000e+04
3.257400000000000000e+04
2.708000000000000000e+04
2.739200000000000000e+04
3.355100000000000000e+04
3.588700000000000000e+04
1.999800000000000000e+04
3.522800000000000000e+04
2.443100000000000000e+04
2.896400000000000000e+04
2.985100000000000000e+04
2.733700000000000000e+04
3.203200000000000000e+04
4.007900000000000000e+04
4.120000000000000000e+04
2.673400000000000000e+04
3.581900000000000000e+04
3.583400000000000000e+04
3.069600000000000000e+04
4.118800000000000000e+04
4.012300000000000000e+04
3.228100000000000000e+04
4.329000000000000000e+04
4.717500000000000000e+04
2.545400000000000000e+04
2.001300000000000000e+04
1.895400000000000000e+04
3.862000000000000000e+04
4.739600000000000000e+04
2.674300000000000000e+04
3.084000000000000000e+04
1.978300000000000000e+04
3.756100000000000000e+04
4.884100000000000000e+04
2.983300000000000000e+04
3.179300000000000000e+04
3.174500000000000000e+04
2.676000000000000000e+04
2.679400000000000000e+04
3.306700000000000000e+04
3.518100000000000000e+04
1.982000000000000000e+04
3.513500000000000000e+04
2.389000000000000000e+04
2.834900000000000000e+04
2.917900000000000000e+04
2.695300000000000000e+04
3.193200000000000000e+04
3.952500000000000000e+04
4.036600000000000000e+04
2.598900000000000000e+04
3.533900000000000000e+04
3.566200000000000000e+04
3.025900000000000000e+04
4.067400000000000000e+04
3.939400000000000000e+04
3.210900000000000000e+04
4.275300000000000000e+04
4.642900000000000000e+04
2.499400000000000000e+04
1.965000000000000000e+04
1.874300000000000000e+04
3.811100000000000000e+04
4.700300000000000000e+04
2.488700000000000000e+04
3.086900000000000000e+04
2.032800000000000000e+04
3.732700000000000000e+04
4.815200000000000000e+04
3.594600000000000000e+04
3.089600000000000000e+04
2.628200000000000000e+04
2.616500000000000000e+04
3.255500000000000000e+04
3.445200000000000000e+04
1.960400000000000000e+04
3.498100000000000000e+04
2.350200000000000000e+04
2.770400000000000000e+04
2.849900000000000000e+04
2.654800000000000000e+04
3.333600000000000000e+04
3.893600000000000000e+04
3.952700000000000000e+04
2.522900000000000000e+04
3.481400000000000000e+04
3.543300000000000000e+04
2.978800000000000000e+04
4.014100000000000000e+04
3.864500000000000000e+04
3.192700000000000000e+04
4.220200000000000000e+04
4.566300000000000000e+04
2.410600000000000000e+04
1.927200000000000000e+04
1.849200000000000000e+04
3.758000000000000000e+04
4.660900000000000000e+04
2.410000000000000000e+04
3.089800000000000000e+04
2.070100000000000000e+04
3.706900000000000000e+04
4.743400000000000000e+04
3.596900000000000000e+04
2.186400000000000000e+04
2.550500000000000000e+04
3.199800000000000000e+04
3.366800000000000000e+04
1.937800000000000000e+04
3.466300000000000000e+04
2.309300000000000000e+04
2.705500000000000000e+04
2.780000000000000000e+04
2.613700000000000000e+04
3.301200000000000000e+04
3.831600000000000000e+04
3.875600000000000000e+04
2.444800000000000000e+04
3.428200000000000000e+04
3.516300000000000000e+04
2.928100000000000000e+04
4.081400000000000000e+04
3.789400000000000000e+04
3.167800000000000000e+04
4.162100000000000000e+04
4.488400000000000000e+04
2.266300000000000000e+04
1.887800000000000000e+04
1.837200000000000000e+04
3.695500000000000000e+04
4.617700000000000000e+04
2.378400000000000000e+04
3.092100000000000000e+04
2.106900000000000000e+04
3.677700000000000000e+04
4.669900000000000000e+04
3.594700000000000000e+04
2.171900000000000000e+04
3.092300000000000000e+04
3.287700000000000000e+04
1.914000000000000000e+04
3.421100000000000000e+04
2.220500000000000000e+04
2.638300000000000000e+04
2.708600000000000000e+04
2.847800000000000000e+04
3.252600000000000000e+04
3.768900000000000000e+04
3.790800000000000000e+04
2.327700000000000000e+04
3.373000000000000000e+04
3.483400000000000000e+04
2.874600000000000000e+04
4.093600000000000000e+04
3.712900000000000000e+04
3.132000000000000000e+04
4.100400000000000000e+04
4.408700000000000000e+04
2.073600000000000000e+04
1.846900000000000000e+04
1.833400000000000000e+04
3.557400000000000000e+04
4.567800000000000000e+04
2.345900000000000000e+04
3.093000000000000000e+04
2.145700000000000000e+04
3.647400000000000000e+04
4.593600000000000000e+04
3.588400000000000000e+04
2.156800000000000000e+04
3.064200000000000000e+04
3.259600000000000000e+04
3.364700000000000000e+04
2.110400000000000000e+04
2.568700000000000000e+04
2.635600000000000000e+04
2.917800000000000000e+04
3.198200000000000000e+04
3.702400000000000000e+04
3.695300000000000000e+04
1.988900000000000000e+04
3.315500000000000000e+04
3.448100000000000000e+04
2.818000000000000000e+04
4.067300000000000000e+04
3.634600000000000000e+04
3.078000000000000000e+04
4.037000000000000000e+04
4.326500000000000000e+04
1.897800000000000000e+04
1.804900000000000000e+04
1.827100000000000000e+04
3.398600000000000000e+04
4.508500000000000000e+04
2.311800000000000000e+04
3.094200000000000000e+04
2.177800000000000000e+04
3.613600000000000000e+04
4.515900000000000000e+04
3.566000000000000000e+04
2.143000000000000000e+04
3.029400000000000000e+04
3.255500000000000000e+04
2.239600000000000000e+04
2.498900000000000000e+04
2.562400000000000000e+04
2.951200000000000000e+04
3.134800000000000000e+04
3.636800000000000000e+04
3.598600000000000000e+04
1.875300000000000000e+04
3.255700000000000000e+04
3.408700000000000000e+04
2.759100000000000000e+04
4.027600000000000000e+04
3.558700000000000000e+04
3.021500000000000000e+04
3.970000000000000000e+04
4.243600000000000000e+04
1.864400000000000000e+04
1.759700000000000000e+04
1.818900000000000000e+04
3.207900000000000000e+04
4.446800000000000000e+04
2.276800000000000000e+04
3.095300000000000000e+04
2.204200000000000000e+04
3.577800000000000000e+04
4.437500000000000000e+04
3.528100000000000000e+04
2.145400000000000000e+04
2.988500000000000000e+04
3.248700000000000000e+04
2.209000000000000000e+04
2.036300000000000000e+04
2.916900000000000000e+04
3.067600000000000000e+04
3.567200000000000000e+04
3.499600000000000000e+04
1.810500000000000000e+04
3.197800000000000000e+04
3.366300000000000000e+04
2.697900000000000000e+04
3.979300000000000000e+04
3.477200000000000000e+04
2.962100000000000000e+04
3.901600000000000000e+04
4.158600000000000000e+04
1.829100000000000000e+04
1.715900000000000000e+04
1.811400000000000000e+04
2.959000000000000000e+04
4.384400000000000000e+04
2.240700000000000000e+04
3.095800000000000000e+04
2.226700000000000000e+04
3.538200000000000000e+04
4.356200000000000000e+04
3.488700000000000000e+04
2.146700000000000000e+04
2.938300000000000000e+04
3.238600000000000000e+04
2.176700000000000000e+04
2.042300000000000000e+04
2.052700000000000000e+04
3.498000000000000000e+04
3.399800000000000000e+04
1.745900000000000000e+04
3.139100000000000000e+04
3.315100000000000000e+04
2.634800000000000000e+04
3.925200000000000000e+04
3.398100000000000000e+04
2.909900000000000000e+04
3.831100000000000000e+04
4.072500000000000000e+04
1.791600000000000000e+04
1.670100000000000000e+04
1.801900000000000000e+04
2.902300000000000000e+04
4.319900000000000000e+04
2.204100000000000000e+04
3.093000000000000000e+04
2.245100000000000000e+04
3.497700000000000000e+04
4.274500000000000000e+04
3.446100000000000000e+04
2.132600000000000000e+04
2.881300000000000000e+04
3.226200000000000000e+04
2.142300000000000000e+04
2.046200000000000000e+04
1.977900000000000000e+04
3.582800000000000000e+04
1.704800000000000000e+04
3.080000000000000000e+04
3.229800000000000000e+04
2.569400000000000000e+04
3.866700000000000000e+04
3.317300000000000000e+04
2.860300000000000000e+04
3.759200000000000000e+04
3.985200000000000000e+04
1.751800000000000000e+04
1.621700000000000000e+04
1.791900000000000000e+04
2.852100000000000000e+04
4.514600000000000000e+04
2.166700000000000000e+04
3.088500000000000000e+04
2.259600000000000000e+04
3.454800000000000000e+04
4.189800000000000000e+04
3.399300000000000000e+04
2.110700000000000000e+04
2.812000000000000000e+04
3.210000000000000000e+04
2.107000000000000000e+04
2.049600000000000000e+04
1.896300000000000000e+04
3.582100000000000000e+04
2.823000000000000000e+04
3.221600000000000000e+04
2.502300000000000000e+04
3.804100000000000000e+04
3.234500000000000000e+04
2.807300000000000000e+04
3.684600000000000000e+04
3.897200000000000000e+04
1.712000000000000000e+04
1.573300000000000000e+04
1.997800000000000000e+04
2.801500000000000000e+04
4.488300000000000000e+04
2.127200000000000000e+04
3.080000000000000000e+04
2.271600000000000000e+04
3.408700000000000000e+04
4.107400000000000000e+04
3.352000000000000000e+04
2.087800000000000000e+04
2.723800000000000000e+04
3.191300000000000000e+04
2.069800000000000000e+04
2.057800000000000000e+04
1.809000000000000000e+04
3.578000000000000000e+04
2.744900000000000000e+04
4.076000000000000000e+04
3.739500000000000000e+04
3.153000000000000000e+04
2.752500000000000000e+04
3.608400000000000000e+04
3.808000000000000000e+04
1.683100000000000000e+04
1.522400000000000000e+04
2.079600000000000000e+04
2.750400000000000000e+04
4.444400000000000000e+04
2.088000000000000000e+04
3.065800000000000000e+04
2.280600000000000000e+04
3.349000000000000000e+04
4.029000000000000000e+04
3.301700000000000000e+04
2.063800000000000000e+04
2.655200000000000000e+04
3.170000000000000000e+04
2.030900000000000000e+04
2.064800000000000000e+04
1.713700000000000000e+04
3.572600000000000000e+04
2.664600000000000000e+04
4.046700000000000000e+04
4.551500000000000000e+04
2.696300000000000000e+04
3.530200000000000000e+04
3.717400000000000000e+04
1.652100000000000000e+04
1.471100000000000000e+04
2.092900000000000000e+04
2.697200000000000000e+04
4.391500000000000000e+04
2.047100000000000000e+04
3.047500000000000000e+04
2.271600000000000000e+04
3.280800000000000000e+04
3.948900000000000000e+04
3.248500000000000000e+04
2.045700000000000000e+04
2.633000000000000000e+04
3.145800000000000000e+04
1.989600000000000000e+04
2.070200000000000000e+04
1.622100000000000000e+04
3.564600000000000000e+04
2.598600000000000000e+04
4.017900000000000000e+04
4.507200000000000000e+04
3.388000000000000000e+04
3.626500000000000000e+04
1.622600000000000000e+04
1.444000000000000000e+04
2.094400000000000000e+04
2.763800000000000000e+04
4.332600000000000000e+04
2.006800000000000000e+04
3.024200000000000000e+04
2.256900000000000000e+04
3.210900000000000000e+04
3.868000000000000000e+04
3.193000000000000000e+04
2.026300000000000000e+04
2.608900000000000000e+04
3.119000000000000000e+04
1.947700000000000000e+04
2.072500000000000000e+04
1.524800000000000000e+04
3.553900000000000000e+04
2.540300000000000000e+04
3.985700000000000000e+04
4.460700000000000000e+04
3.345600000000000000e+04
3.498500000000000000e+04
1.416500000000000000e+04
2.090400000000000000e+04
2.818700000000000000e+04
4.268500000000000000e+04
1.965300000000000000e+04
2.995800000000000000e+04
2.240800000000000000e+04
3.145100000000000000e+04
3.787000000000000000e+04
3.135300000000000000e+04
2.005100000000000000e+04
2.583200000000000000e+04
3.081200000000000000e+04
1.904000000000000000e+04
2.074200000000000000e+04
1.443100000000000000e+04
3.542400000000000000e+04
2.489800000000000000e+04
3.951800000000000000e+04
4.411000000000000000e+04
3.301100000000000000e+04
3.492200000000000000e+04
2.962600000000000000e+04
2.789100000000000000e+04
4.200600000000000000e+04
1.923800000000000000e+04
2.963900000000000000e+04
2.223200000000000000e+04
3.081500000000000000e+04
3.703800000000000000e+04
3.076000000000000000e+04
1.983100000000000000e+04
2.554800000000000000e+04
3.026500000000000000e+04
1.859100000000000000e+04
2.074200000000000000e+04
1.418200000000000000e+04
3.779300000000000000e+04
2.440500000000000000e+04
3.915400000000000000e+04
4.357700000000000000e+04
3.255300000000000000e+04
3.481800000000000000e+04
2.946900000000000000e+04
5.216700000000000000e+04
1.883300000000000000e+04
2.928700000000000000e+04
2.203200000000000000e+04
3.014800000000000000e+04
3.619300000000000000e+04
3.014600000000000000e+04
1.960500000000000000e+04
2.532800000000000000e+04
2.970400000000000000e+04
1.812200000000000000e+04
2.072600000000000000e+04
1.391500000000000000e+04
3.772600000000000000e+04
2.389000000000000000e+04
3.877800000000000000e+04
4.303300000000000000e+04
3.207300000000000000e+04
3.470000000000000000e+04
2.929700000000000000e+04
5.178700000000000000e+04
2.618900000000000000e+04
2.181300000000000000e+04
2.947500000000000000e+04
3.535400000000000000e+04
2.950900000000000000e+04
1.936600000000000000e+04
2.511400000000000000e+04
2.914500000000000000e+04
1.763400000000000000e+04
2.071000000000000000e+04
1.363000000000000000e+04
3.744200000000000000e+04
2.336300000000000000e+04
3.838700000000000000e+04
4.245800000000000000e+04
3.151800000000000000e+04
3.458300000000000000e+04
2.910900000000000000e+04
5.127100000000000000e+04
2.605500000000000000e+04
2.577600000000000000e+04
3.450800000000000000e+04
2.885700000000000000e+04
1.911300000000000000e+04
2.488300000000000000e+04
3.040900000000000000e+04
1.712900000000000000e+04
2.065900000000000000e+04
1.334700000000000000e+04
3.704500000000000000e+04
2.283000000000000000e+04
3.797600000000000000e+04
4.186200000000000000e+04
3.082100000000000000e+04
3.440800000000000000e+04
2.890000000000000000e+04
5.054900000000000000e+04
2.586100000000000000e+04
2.544400000000000000e+04
2.103500000000000000e+04
1.884500000000000000e+04
2.443300000000000000e+04
3.121500000000000000e+04
1.660200000000000000e+04
2.061800000000000000e+04
1.305300000000000000e+04
3.659500000000000000e+04
2.226700000000000000e+04
3.755500000000000000e+04
4.124300000000000000e+04
3.140800000000000000e+04
3.417900000000000000e+04
2.869000000000000000e+04
4.978600000000000000e+04
2.564300000000000000e+04
2.511000000000000000e+04
2.015400000000000000e+04
3.130200000000000000e+04
3.087000000000000000e+04
1.606500000000000000e+04
2.055400000000000000e+04
1.286400000000000000e+04
3.609600000000000000e+04
2.171100000000000000e+04
3.711700000000000000e+04
4.060500000000000000e+04
3.112200000000000000e+04
3.391300000000000000e+04
2.845800000000000000e+04
4.900500000000000000e+04
2.538300000000000000e+04
2.477100000000000000e+04
1.946400000000000000e+04
3.119500000000000000e+04
2.651900000000000000e+04
2.047900000000000000e+04
1.270300000000000000e+04
3.556000000000000000e+04
2.113600000000000000e+04
3.666300000000000000e+04
3.995500000000000000e+04
3.063100000000000000e+04
3.360300000000000000e+04
2.822100000000000000e+04
4.819900000000000000e+04
2.509300000000000000e+04
2.442100000000000000e+04
1.876100000000000000e+04
3.105900000000000000e+04
2.628600000000000000e+04
1.678100000000000000e+04
3.499700000000000000e+04
2.054700000000000000e+04
3.619600000000000000e+04
3.922800000000000000e+04
3.006300000000000000e+04
3.325200000000000000e+04
2.795900000000000000e+04
4.738700000000000000e+04
2.478100000000000000e+04
2.406500000000000000e+04
1.800700000000000000e+04
3.088700000000000000e+04
2.604500000000000000e+04
1.689900000000000000e+04
3.673200000000000000e+04
3.572200000000000000e+04
3.834100000000000000e+04
2.952500000000000000e+04
3.286400000000000000e+04
2.769600000000000000e+04
4.655400000000000000e+04
2.443900000000000000e+04
2.370800000000000000e+04
1.714900000000000000e+04
3.067400000000000000e+04
2.580500000000000000e+04
1.701100000000000000e+04
3.663100000000000000e+04
4.237400000000000000e+04
2.901200000000000000e+04
3.246400000000000000e+04
2.742700000000000000e+04
4.571700000000000000e+04
2.407900000000000000e+04
2.334100000000000000e+04
1.611200000000000000e+04
3.041400000000000000e+04
2.555900000000000000e+04
1.710900000000000000e+04
3.652400000000000000e+04
4.179300000000000000e+04
2.933800000000000000e+04
2.714800000000000000e+04
4.486600000000000000e+04
2.370500000000000000e+04
2.297300000000000000e+04
1.409000000000000000e+04
3.012600000000000000e+04
2.531800000000000000e+04
1.719900000000000000e+04
3.639800000000000000e+04
4.118900000000000000e+04
2.850100000000000000e+04
2.321400000000000000e+04
2.329700000000000000e+04
2.259400000000000000e+04
1.394600000000000000e+04
2.980300000000000000e+04
2.507600000000000000e+04
1.728200000000000000e+04
3.625600000000000000e+04
4.057500000000000000e+04
2.764800000000000000e+04
2.279000000000000000e+04
4.122600000000000000e+04
1.378600000000000000e+04
2.945000000000000000e+04
2.483800000000000000e+04
1.734900000000000000e+04
3.601300000000000000e+04
3.994400000000000000e+04
2.678100000000000000e+04
2.235200000000000000e+04
4.129200000000000000e+04
4.757900000000000000e+04
2.460700000000000000e+04
1.740800000000000000e+04
3.562100000000000000e+04
3.910100000000000000e+04
2.589100000000000000e+04
2.190200000000000000e+04
4.136500000000000000e+04
4.653000000000000000e+04
2.834700000000000000e+04
3.522200000000000000e+04
3.826800000000000000e+04
2.518600000000000000e+04
2.142500000000000000e+04
4.367500000000000000e+04
4.546400000000000000e+04
2.788200000000000000e+04
2.233200000000000000e+04
2.448900000000000000e+04
2.094000000000000000e+04
4.480200000000000000e+04
4.450200000000000000e+04
2.742100000000000000e+04
2.196800000000000000e+04
1.501400000000000000e+04
4.490800000000000000e+04
4.358300000000000000e+04
2.693300000000000000e+04
2.159000000000000000e+04
1.490400000000000000e+04
3.926500000000000000e+04
2.646300000000000000e+04
2.120200000000000000e+04
1.478200000000000000e+04
3.876900000000000000e+04
1.399400000000000000e+04
1.462600000000000000e+04
3.823000000000000000e+04
1.348500000000000000e+04
2.095100000000000000e+04
1.296500000000000000e+04
2.002200000000000000e+04
2.593800000000000000e+04
2.578600000000000000e+04
2.909500000000000000e+04
3.108500000000000000e+04
