3.547630100000000000e+07
3.599324700000000000e+07
3.635373300000000000e+07
3.663536900000000000e+07
3.687125500000000000e+07
3.706811000000000000e+07
3.724038200000000000e+07
3.739676000000000000e+07
3.753097000000000000e+07
3.765517500000000000e+07
3.792732800000000000e+07
3.814798300000000000e+07
3.834360700000000000e+07
3.853252700000000000e+07
3.871515900000000000e+07
3.890536500000000000e+07
3.930124700000000000e+07
3.973577100000000000e+07
4.016486600000000000e+07
4.056742800000000000e+07
4.091956400000000000e+07
4.122142100000000000e+07
4.148522000000000000e+07
4.170248400000000000e+07
4.188862600000000000e+07
4.202368700000000000e+07
4.211437800000000000e+07
4.214930900000000000e+07
4.214140900000000000e+07
4.208588800000000000e+07
4.199140500000000000e+07
4.167514300000000000e+07
4.122542800000000000e+07
4.065820300000000000e+07
4.004354600000000000e+07
3.936256100000000000e+07
3.861162700000000000e+07
3.780900500000000000e+07
3.698924500000000000e+07
3.613709900000000000e+07
3.526439400000000000e+07
3.439263900000000000e+07
3.351035000000000000e+07
3.263362000000000000e+07
3.175362300000000000e+07
3.089720900000000000e+07
3.004461700000000000e+07
2.921160400000000000e+07
2.839536300000000000e+07
2.759357300000000000e+07
2.681635900000000000e+07
2.606703400000000000e+07
2.532860300000000000e+07
2.462396500000000000e+07
2.394490100000000000e+07
2.328160300000000000e+07
2.264602800000000000e+07
2.203616800000000000e+07
2.144970600000000000e+07
2.089089500000000000e+07
2.033894200000000000e+07
1.982320300000000000e+07
1.932543700000000000e+07
1.884604100000000000e+07
1.838807900000000000e+07
1.794274200000000000e+07
1.752967600000000000e+07
1.712148500000000000e+07
1.672311000000000000e+07
1.634187000000000000e+07
1.598578200000000000e+07
3.656112900000000000e+07
3.687411900000000000e+07
3.712454000000000000e+07
3.732806100000000000e+07
3.750294600000000000e+07
3.765943200000000000e+07
3.779289600000000000e+07
3.791593400000000000e+07
3.802420800000000000e+07
3.827351900000000000e+07
3.848407200000000000e+07
3.866538100000000000e+07
3.884363700000000000e+07
3.901644200000000000e+07
3.919488500000000000e+07
3.956414800000000000e+07
3.995532000000000000e+07
4.033955900000000000e+07
4.071676000000000000e+07
4.104608800000000000e+07
4.134645000000000000e+07
4.159504200000000000e+07
4.180989200000000000e+07
4.197735700000000000e+07
4.209632100000000000e+07
4.217142600000000000e+07
4.219860500000000000e+07
4.218031600000000000e+07
4.211021900000000000e+07
4.200446300000000000e+07
4.166537400000000000e+07
4.119927600000000000e+07
4.063076100000000000e+07
4.000968800000000000e+07
3.931637300000000000e+07
3.856100700000000000e+07
3.775844900000000000e+07
3.692398100000000000e+07
3.607503000000000000e+07
3.520964400000000000e+07
3.433164800000000000e+07
3.345830400000000000e+07
3.257348000000000000e+07
3.170921000000000000e+07
3.085393500000000000e+07
3.000380600000000000e+07
2.916857800000000000e+07
2.836072700000000000e+07
2.757061300000000000e+07
2.680050200000000000e+07
2.604713900000000000e+07
2.531748200000000000e+07
2.462063100000000000e+07
2.394008900000000000e+07
2.328708400000000000e+07
2.265673500000000000e+07
2.204838000000000000e+07
2.147608400000000000e+07
2.091288500000000000e+07
2.037557300000000000e+07
1.986291700000000000e+07
1.936527000000000000e+07
1.888992600000000000e+07
1.843403900000000000e+07
1.799611000000000000e+07
1.757382600000000000e+07
1.717181800000000000e+07
1.678265300000000000e+07
1.640965800000000000e+07
1.604870300000000000e+07
3.726114900000000000e+07
3.748392400000000000e+07
3.767009100000000000e+07
3.783323400000000000e+07
3.797046600000000000e+07
3.809547600000000000e+07
3.820488600000000000e+07
3.831577400000000000e+07
3.853876200000000000e+07
3.873028500000000000e+07
3.891098100000000000e+07
3.907859500000000000e+07
3.924629000000000000e+07
3.940559900000000000e+07
3.975737100000000000e+07
4.012424000000000000e+07
4.048638300000000000e+07
4.083660800000000000e+07
4.115654400000000000e+07
4.143675700000000000e+07
4.168062900000000000e+07
4.187607000000000000e+07
4.203324600000000000e+07
4.214199300000000000e+07
4.220356800000000000e+07
4.221881800000000000e+07
4.218282600000000000e+07
4.210877000000000000e+07
4.198884500000000000e+07
4.163630700000000000e+07
4.114966600000000000e+07
4.058221500000000000e+07
3.996548400000000000e+07
3.925920100000000000e+07
3.850194100000000000e+07
3.768556900000000000e+07
3.686323000000000000e+07
3.600801500000000000e+07
3.514632000000000000e+07
3.426961400000000000e+07
3.339096000000000000e+07
3.251496200000000000e+07
3.164686500000000000e+07
3.079693300000000000e+07
2.994992500000000000e+07
2.912104300000000000e+07
2.832115100000000000e+07
2.752733900000000000e+07
2.676320700000000000e+07
2.602207000000000000e+07
2.529674500000000000e+07
2.460598800000000000e+07
2.393079800000000000e+07
2.328324000000000000e+07
2.265770300000000000e+07
2.206160000000000000e+07
2.148425000000000000e+07
2.092167600000000000e+07
2.039268900000000000e+07
1.988085900000000000e+07
1.939127400000000000e+07
1.891636700000000000e+07
1.847440200000000000e+07
1.804300200000000000e+07
1.761284900000000000e+07
1.721258300000000000e+07
1.683397500000000000e+07
1.645793700000000000e+07
1.610135500000000000e+07
3.777680600000000000e+07
3.795225200000000000e+07
3.809756200000000000e+07
3.822776800000000000e+07
3.834030800000000000e+07
3.845311800000000000e+07
3.854824900000000000e+07
3.876016100000000000e+07
3.894694000000000000e+07
3.911642600000000000e+07
3.927377000000000000e+07
3.942945200000000000e+07
3.959111900000000000e+07
3.992052300000000000e+07
4.026442500000000000e+07
4.060940800000000000e+07
4.094037700000000000e+07
4.124465200000000000e+07
4.151201500000000000e+07
4.174451700000000000e+07
4.193011700000000000e+07
4.207336900000000000e+07
4.217011200000000000e+07
4.221706000000000000e+07
4.221760400000000000e+07
4.217823000000000000e+07
4.208072500000000000e+07
4.195326300000000000e+07
4.159151600000000000e+07
4.110094200000000000e+07
4.053583800000000000e+07
3.990022900000000000e+07
3.918401400000000000e+07
3.841649100000000000e+07
3.761937900000000000e+07
3.677732400000000000e+07
3.593228700000000000e+07
3.506464600000000000e+07
3.419359100000000000e+07
3.331851300000000000e+07
3.244925600000000000e+07
3.158941700000000000e+07
3.072929100000000000e+07
2.989243000000000000e+07
2.907011400000000000e+07
2.826752800000000000e+07
2.749088900000000000e+07
2.671787900000000000e+07
2.599344500000000000e+07
2.527615100000000000e+07
2.458205900000000000e+07
2.391154800000000000e+07
2.327252200000000000e+07
2.266137300000000000e+07
2.207049100000000000e+07
2.148843400000000000e+07
2.094260700000000000e+07
2.041690900000000000e+07
1.990652800000000000e+07
1.941677000000000000e+07
1.894625700000000000e+07
1.849158000000000000e+07
1.807157100000000000e+07
1.764861500000000000e+07
1.725214600000000000e+07
1.686787900000000000e+07
1.650210100000000000e+07
1.615014000000000000e+07
3.818661000000000000e+07
3.832517100000000000e+07
3.844313400000000000e+07
3.855964100000000000e+07
3.865709200000000000e+07
3.874670800000000000e+07
3.894265500000000000e+07
3.912252500000000000e+07
3.928089300000000000e+07
3.943636200000000000e+07
3.958486900000000000e+07
3.974047900000000000e+07
4.005721900000000000e+07
4.038143100000000000e+07
4.071232100000000000e+07
4.102891500000000000e+07
4.131889800000000000e+07
4.157581300000000000e+07
4.179071200000000000e+07
4.197193900000000000e+07
4.209558300000000000e+07
4.218060700000000000e+07
4.221933500000000000e+07
4.220713500000000000e+07
4.215004300000000000e+07
4.205080700000000000e+07
4.191282400000000000e+07
4.153730400000000000e+07
4.103074900000000000e+07
4.047645200000000000e+07
3.982373300000000000e+07
3.911374300000000000e+07
3.834774100000000000e+07
3.753682000000000000e+07
3.670775000000000000e+07
3.584862400000000000e+07
3.498099900000000000e+07
3.411158800000000000e+07
3.324029600000000000e+07
3.238129600000000000e+07
3.151844500000000000e+07
3.066286400000000000e+07
2.983247600000000000e+07
2.901778700000000000e+07
2.821976800000000000e+07
2.744316900000000000e+07
2.668505600000000000e+07
2.595779300000000000e+07
2.524437800000000000e+07
2.456152900000000000e+07
2.390631900000000000e+07
2.326154300000000000e+07
2.265719000000000000e+07
2.206218400000000000e+07
2.149579400000000000e+07
2.095225500000000000e+07
2.043006600000000000e+07
1.991667400000000000e+07
1.943732400000000000e+07
1.897334700000000000e+07
1.852238700000000000e+07
1.809769400000000000e+07
1.768157100000000000e+07
1.728418600000000000e+07
1.691086300000000000e+07
1.653995000000000000e+07
1.618347200000000000e+07
3.851950800000000000e+07
3.864146100000000000e+07
3.874320500000000000e+07
3.883514200000000000e+07
3.892210100000000000e+07
3.910902300000000000e+07
3.927909900000000000e+07
3.943104300000000000e+07
3.958159100000000000e+07
3.972569000000000000e+07
3.987399000000000000e+07
4.018039700000000000e+07
4.049005500000000000e+07
4.080412300000000000e+07
4.110271400000000000e+07
4.137852200000000000e+07
4.162707700000000000e+07
4.183004900000000000e+07
4.199703800000000000e+07
4.211427800000000000e+07
4.218804100000000000e+07
4.220793200000000000e+07
4.218778300000000000e+07
4.212175700000000000e+07
4.201904500000000000e+07
4.187209600000000000e+07
4.147813900000000000e+07
4.097449200000000000e+07
4.040577200000000000e+07
3.975346400000000000e+07
3.903668300000000000e+07
3.826423900000000000e+07
3.746053800000000000e+07
3.662109500000000000e+07
3.577504800000000000e+07
3.490767400000000000e+07
3.403416700000000000e+07
3.316236500000000000e+07
3.230346300000000000e+07
3.144959200000000000e+07
3.059685900000000000e+07
2.977117300000000000e+07
2.896063700000000000e+07
2.817161400000000000e+07
2.740608600000000000e+07
2.664960400000000000e+07
2.591991800000000000e+07
2.521594900000000000e+07
2.453891400000000000e+07
2.388649900000000000e+07
2.325351500000000000e+07
2.264204700000000000e+07
2.206128300000000000e+07
2.149201800000000000e+07
2.095709100000000000e+07
2.043946100000000000e+07
1.993821300000000000e+07
1.946222000000000000e+07
1.900395600000000000e+07
1.855136600000000000e+07
1.812849900000000000e+07
1.770990100000000000e+07
1.732014300000000000e+07
1.694279300000000000e+07
1.658841300000000000e+07
1.622802200000000000e+07
3.880950700000000000e+07
3.890526100000000000e+07
3.899464300000000000e+07
3.907796100000000000e+07
3.925380400000000000e+07
3.941641800000000000e+07
3.956321500000000000e+07
3.970907000000000000e+07
3.984455000000000000e+07
3.999312000000000000e+07
4.028533700000000000e+07
4.057897800000000000e+07
4.088363900000000000e+07
4.116524200000000000e+07
4.143568300000000000e+07
4.166477000000000000e+07
4.186227000000000000e+07
4.201322300000000000e+07
4.211916400000000000e+07
4.217986200000000000e+07
4.219618500000000000e+07
4.216784700000000000e+07
4.209070100000000000e+07
4.197849800000000000e+07
4.181630000000000000e+07
4.141606700000000000e+07
4.091818200000000000e+07
4.034400100000000000e+07
3.968450800000000000e+07
3.895207600000000000e+07
3.818305000000000000e+07
3.737149900000000000e+07
3.653996900000000000e+07
3.568949100000000000e+07
3.482635600000000000e+07
3.395975700000000000e+07
3.309112500000000000e+07
3.223713400000000000e+07
3.138006500000000000e+07
3.053901300000000000e+07
2.971651700000000000e+07
2.890810400000000000e+07
2.811965100000000000e+07
2.735257200000000000e+07
2.661093200000000000e+07
2.588956200000000000e+07
2.519555900000000000e+07
2.451665800000000000e+07
2.387190900000000000e+07
2.324496100000000000e+07
2.263812300000000000e+07
2.205809200000000000e+07
2.150624200000000000e+07
2.096909500000000000e+07
2.045219300000000000e+07
1.995741100000000000e+07
1.947767600000000000e+07
1.902407400000000000e+07
1.857886900000000000e+07
1.816319200000000000e+07
1.774529500000000000e+07
1.736570300000000000e+07
1.698456700000000000e+07
1.662023800000000000e+07
1.627825800000000000e+07
3.905217800000000000e+07
3.913791600000000000e+07
3.920855000000000000e+07
3.938295500000000000e+07
3.953721700000000000e+07
3.968261500000000000e+07
3.981319500000000000e+07
3.995441900000000000e+07
4.009302400000000000e+07
4.037671200000000000e+07
4.066407200000000000e+07
4.095158100000000000e+07
4.122788300000000000e+07
4.147808300000000000e+07
4.170171100000000000e+07
4.188034200000000000e+07
4.202405800000000000e+07
4.212037700000000000e+07
4.216998000000000000e+07
4.217740600000000000e+07
4.213417900000000000e+07
4.205518400000000000e+07
4.193104000000000000e+07
4.176577900000000000e+07
4.135409600000000000e+07
4.086569800000000000e+07
4.027031800000000000e+07
3.960810900000000000e+07
3.888230300000000000e+07
3.810050700000000000e+07
3.729173200000000000e+07
3.645955000000000000e+07
3.560382400000000000e+07
3.474207800000000000e+07
3.388808000000000000e+07
3.301968600000000000e+07
3.216195400000000000e+07
3.131091700000000000e+07
3.047226100000000000e+07
2.965018600000000000e+07
2.885637500000000000e+07
2.806999800000000000e+07
2.731225300000000000e+07
2.657900000000000000e+07
2.585730500000000000e+07
2.516395300000000000e+07
2.450399500000000000e+07
2.386099900000000000e+07
2.323336900000000000e+07
2.263542300000000000e+07
2.205996600000000000e+07
2.150530600000000000e+07
2.097108700000000000e+07
2.046518200000000000e+07
1.996766600000000000e+07
1.950368400000000000e+07
1.904420800000000000e+07
1.860503600000000000e+07
1.819299500000000000e+07
1.778250400000000000e+07
1.739370700000000000e+07
1.701509700000000000e+07
1.665343900000000000e+07
1.631019000000000000e+07
3.925831800000000000e+07
3.933793400000000000e+07
3.950407800000000000e+07
3.964854000000000000e+07
3.978358300000000000e+07
3.991994400000000000e+07
4.005369800000000000e+07
4.018492100000000000e+07
4.045711100000000000e+07
4.073735500000000000e+07
4.101335900000000000e+07
4.127828600000000000e+07
4.151711400000000000e+07
4.172927500000000000e+07
4.190033900000000000e+07
4.202906900000000000e+07
4.211522400000000000e+07
4.215501400000000000e+07
4.214785900000000000e+07
4.210340700000000000e+07
4.200353700000000000e+07
4.187557200000000000e+07
4.171821200000000000e+07
4.129579100000000000e+07
4.080398800000000000e+07
4.020651700000000000e+07
3.953317800000000000e+07
3.879295500000000000e+07
3.801332100000000000e+07
3.721271200000000000e+07
3.636804500000000000e+07
3.552549900000000000e+07
3.466958100000000000e+07
3.380070200000000000e+07
3.294886900000000000e+07
3.209139700000000000e+07
3.124867000000000000e+07
3.041114400000000000e+07
2.959679400000000000e+07
2.880649900000000000e+07
2.802979300000000000e+07
2.727475400000000000e+07
2.654540700000000000e+07
2.583003200000000000e+07
2.514587000000000000e+07
2.447798900000000000e+07
2.383954100000000000e+07
2.322789700000000000e+07
2.263135300000000000e+07
2.205641700000000000e+07
2.151058700000000000e+07
2.098045400000000000e+07
2.047612000000000000e+07
1.999601100000000000e+07
1.951504300000000000e+07
1.906465800000000000e+07
1.863156000000000000e+07
1.821849600000000000e+07
1.780827700000000000e+07
1.743367000000000000e+07
1.704855400000000000e+07
1.670059700000000000e+07
1.636027200000000000e+07
3.944582900000000000e+07
3.960183700000000000e+07
3.974520800000000000e+07
3.987563500000000000e+07
4.000659800000000000e+07
4.013433900000000000e+07
4.026568000000000000e+07
4.052615900000000000e+07
4.079945500000000000e+07
4.106589800000000000e+07
4.132052100000000000e+07
4.154978000000000000e+07
4.174628800000000000e+07
4.191250800000000000e+07
4.202463500000000000e+07
4.210170800000000000e+07
4.213409300000000000e+07
4.211658000000000000e+07
4.205745600000000000e+07
4.195863100000000000e+07
4.182452000000000000e+07
4.165750600000000000e+07
4.124644900000000000e+07
4.073249300000000000e+07
4.013219700000000000e+07
3.946141000000000000e+07
3.871734300000000000e+07
3.793791100000000000e+07
3.712288400000000000e+07
3.629072400000000000e+07
3.544836300000000000e+07
3.458485100000000000e+07
3.372297000000000000e+07
3.287558900000000000e+07
3.202096100000000000e+07
3.118528000000000000e+07
3.035452000000000000e+07
2.953960000000000000e+07
2.875485800000000000e+07
2.798495100000000000e+07
2.723199600000000000e+07
2.650807900000000000e+07
2.580918000000000000e+07
2.511946200000000000e+07
2.446922000000000000e+07
2.383182300000000000e+07
2.322095300000000000e+07
2.262852500000000000e+07
2.206375100000000000e+07
2.151451700000000000e+07
2.099436300000000000e+07
2.048761200000000000e+07
2.000189000000000000e+07
1.953263900000000000e+07
1.908756600000000000e+07
1.865705100000000000e+07
1.825227500000000000e+07
1.784854600000000000e+07
1.746086500000000000e+07
1.710173800000000000e+07
1.673084100000000000e+07
1.638948200000000000e+07
3.982079800000000000e+07
3.994802700000000000e+07
4.007227700000000000e+07
4.019114500000000000e+07
4.031264500000000000e+07
4.043172000000000000e+07
4.067920900000000000e+07
4.092617400000000000e+07
4.116859700000000000e+07
4.139686000000000000e+07
4.160357900000000000e+07
4.177508300000000000e+07
4.191207500000000000e+07
4.200448600000000000e+07
4.205311700000000000e+07
4.206511300000000000e+07
4.203044100000000000e+07
4.195694400000000000e+07
4.184652700000000000e+07
4.169719300000000000e+07
4.152576300000000000e+07
4.109633300000000000e+07
4.056273600000000000e+07
3.994598700000000000e+07
3.926053400000000000e+07
3.851349800000000000e+07
3.773802400000000000e+07
3.692875700000000000e+07
3.610112900000000000e+07
3.524554600000000000e+07
3.440594400000000000e+07
3.353805700000000000e+07
3.270520500000000000e+07
3.186084100000000000e+07
3.103319000000000000e+07
3.021995100000000000e+07
2.942062600000000000e+07
2.864395300000000000e+07
2.787604200000000000e+07
2.714479200000000000e+07
2.642985300000000000e+07
2.574344900000000000e+07
2.506955200000000000e+07
2.443463800000000000e+07
2.380328900000000000e+07
2.320683900000000000e+07
2.263280700000000000e+07
2.207443900000000000e+07
2.153363400000000000e+07
2.101867200000000000e+07
2.053062100000000000e+07
2.005955800000000000e+07
1.958855800000000000e+07
1.915397700000000000e+07
1.872583700000000000e+07
1.831604200000000000e+07
1.792484400000000000e+07
1.754645700000000000e+07
1.717746100000000000e+07
1.682913400000000000e+07
1.649731800000000000e+07
4.010589300000000000e+07
4.021886600000000000e+07
4.033269700000000000e+07
4.044283900000000000e+07
4.055188500000000000e+07
4.078376000000000000e+07
4.101268900000000000e+07
4.123735500000000000e+07
4.144381000000000000e+07
4.162410800000000000e+07
4.177780200000000000e+07
4.188348800000000000e+07
4.195836000000000000e+07
4.199494200000000000e+07
4.198206600000000000e+07
4.193100000000000000e+07
4.184248300000000000e+07
4.172126300000000000e+07
4.157031800000000000e+07
4.139660500000000000e+07
4.094098000000000000e+07
4.040278300000000000e+07
3.976276500000000000e+07
3.907334800000000000e+07
3.833246200000000000e+07
3.754504200000000000e+07
3.674149100000000000e+07
3.590518200000000000e+07
3.506250000000000000e+07
3.421987500000000000e+07
3.337597400000000000e+07
3.254613300000000000e+07
3.171375900000000000e+07
3.088687600000000000e+07
3.008980800000000000e+07
2.930687400000000000e+07
2.854071900000000000e+07
2.779568500000000000e+07
2.706978700000000000e+07
2.636920300000000000e+07
2.568899500000000000e+07
2.503359900000000000e+07
2.440838300000000000e+07
2.378918400000000000e+07
2.320982300000000000e+07
2.263755600000000000e+07
2.209218700000000000e+07
2.156782900000000000e+07
2.106368800000000000e+07
2.056698700000000000e+07
2.010255200000000000e+07
1.965190200000000000e+07
1.921238500000000000e+07
1.879993200000000000e+07
1.839222400000000000e+07
1.800222700000000000e+07
1.763637100000000000e+07
1.727142400000000000e+07
1.692026000000000000e+07
1.659309700000000000e+07
4.033084900000000000e+07
4.043437000000000000e+07
4.053634700000000000e+07
4.064698300000000000e+07
4.085969100000000000e+07
4.107110600000000000e+07
4.127454300000000000e+07
4.146493700000000000e+07
4.162424000000000000e+07
4.175429200000000000e+07
4.184696800000000000e+07
4.190002100000000000e+07
4.192094200000000000e+07
4.189496600000000000e+07
4.183297200000000000e+07
4.173724300000000000e+07
4.160766900000000000e+07
4.145371900000000000e+07
4.125897700000000000e+07
4.079467400000000000e+07
4.022808000000000000e+07
3.959385600000000000e+07
3.889280000000000000e+07
3.814652400000000000e+07
3.736630400000000000e+07
3.655524100000000000e+07
3.573499600000000000e+07
3.489462800000000000e+07
3.405417800000000000e+07
3.322011000000000000e+07
3.239458600000000000e+07
3.157047300000000000e+07
3.077311900000000000e+07
2.998098500000000000e+07
2.920597600000000000e+07
2.845474900000000000e+07
2.772608200000000000e+07
2.700822700000000000e+07
2.632608400000000000e+07
2.565493900000000000e+07
2.501254300000000000e+07
2.438652300000000000e+07
2.378680400000000000e+07
2.320796700000000000e+07
2.264868600000000000e+07
2.211576800000000000e+07
2.159468900000000000e+07
2.109968600000000000e+07
2.062718400000000000e+07
2.015579800000000000e+07
1.971339100000000000e+07
1.929518300000000000e+07
1.887400500000000000e+07
1.848348500000000000e+07
1.809160000000000000e+07
1.773020400000000000e+07
1.736716400000000000e+07
1.702952000000000000e+07
1.669015700000000000e+07
4.050425200000000000e+07
4.060799000000000000e+07
4.070535700000000000e+07
4.090648700000000000e+07
4.110597300000000000e+07
4.129325900000000000e+07
4.146053900000000000e+07
4.160730100000000000e+07
4.171510400000000000e+07
4.179529700000000000e+07
4.184067600000000000e+07
4.183829300000000000e+07
4.180099400000000000e+07
4.173076500000000000e+07
4.163001700000000000e+07
4.149223400000000000e+07
4.132854600000000000e+07
4.112956800000000000e+07
4.064375500000000000e+07
4.007273100000000000e+07
3.943299700000000000e+07
3.871879300000000000e+07
3.797021100000000000e+07
3.718476200000000000e+07
3.638334900000000000e+07
3.557057000000000000e+07
3.473712900000000000e+07
3.390423500000000000e+07
3.308741200000000000e+07
3.226377800000000000e+07
3.145958000000000000e+07
3.065975000000000000e+07
2.987518700000000000e+07
2.912240800000000000e+07
2.838191500000000000e+07
2.765837000000000000e+07
2.696305900000000000e+07
2.629175500000000000e+07
2.562747100000000000e+07
2.500175900000000000e+07
2.438779000000000000e+07
2.379847200000000000e+07
2.322520300000000000e+07
2.267916200000000000e+07
2.214716700000000000e+07
2.164199700000000000e+07
2.114907600000000000e+07
2.067595100000000000e+07
2.021712600000000000e+07
1.978098100000000000e+07
1.936018900000000000e+07
1.896268200000000000e+07
1.856545700000000000e+07
1.818251600000000000e+07
1.782855500000000000e+07
1.745990300000000000e+07
1.712120100000000000e+07
1.678874600000000000e+07
4.064763300000000000e+07
4.074419700000000000e+07
4.093301200000000000e+07
4.111648000000000000e+07
4.129211500000000000e+07
4.144443700000000000e+07
4.157546900000000000e+07
4.167436500000000000e+07
4.173658400000000000e+07
4.177114500000000000e+07
4.176075600000000000e+07
4.171914300000000000e+07
4.164129900000000000e+07
4.152428800000000000e+07
4.138226400000000000e+07
4.119844200000000000e+07
4.098914500000000000e+07
4.049179500000000000e+07
3.991183600000000000e+07
3.926206000000000000e+07
3.854930600000000000e+07
3.780778600000000000e+07
3.703220800000000000e+07
3.623706700000000000e+07
3.541086900000000000e+07
3.460093900000000000e+07
3.376534000000000000e+07
3.296509900000000000e+07
3.215122200000000000e+07
3.135375800000000000e+07
3.057136100000000000e+07
2.980226500000000000e+07
2.905569100000000000e+07
2.831598800000000000e+07
2.761195900000000000e+07
2.692365700000000000e+07
2.626035800000000000e+07
2.561268400000000000e+07
2.500032000000000000e+07
2.438986000000000000e+07
2.381183900000000000e+07
2.325598800000000000e+07
2.271400900000000000e+07
2.218716700000000000e+07
2.168636200000000000e+07
2.121000800000000000e+07
2.075032100000000000e+07
2.028706300000000000e+07
1.986150700000000000e+07
1.944070400000000000e+07
1.903597100000000000e+07
1.865027300000000000e+07
1.827482700000000000e+07
1.790916800000000000e+07
1.756374700000000000e+07
1.723376500000000000e+07
1.690584200000000000e+07
4.076155500000000000e+07
4.094336000000000000e+07
4.111540900000000000e+07
4.127370400000000000e+07
4.141953200000000000e+07
4.153311500000000000e+07
4.162311000000000000e+07
4.168254100000000000e+07
4.169840900000000000e+07
4.168114000000000000e+07
4.162842200000000000e+07
4.154146100000000000e+07
4.141715500000000000e+07
4.126703200000000000e+07
4.108093700000000000e+07
4.085476000000000000e+07
4.036001900000000000e+07
3.976042900000000000e+07
3.911149600000000000e+07
3.841003900000000000e+07
3.765757400000000000e+07
3.688910300000000000e+07
3.608539600000000000e+07
3.527472100000000000e+07
3.446498600000000000e+07
3.365223200000000000e+07
3.285135400000000000e+07
3.205186300000000000e+07
3.125430200000000000e+07
3.048807800000000000e+07
2.973392800000000000e+07
2.899530400000000000e+07
2.827753500000000000e+07
2.757833500000000000e+07
2.690172200000000000e+07
2.624448800000000000e+07
2.561081900000000000e+07
2.500562200000000000e+07
2.440591600000000000e+07
2.384385400000000000e+07
2.328652400000000000e+07
2.275542900000000000e+07
2.224138200000000000e+07
2.175119400000000000e+07
2.126506200000000000e+07
2.080963600000000000e+07
2.036652000000000000e+07
1.993282400000000000e+07
1.952705700000000000e+07
1.912356700000000000e+07
1.873670100000000000e+07
1.837329200000000000e+07
1.801123300000000000e+07
1.766089100000000000e+07
1.733456600000000000e+07
1.700916900000000000e+07
4.092580300000000000e+07
4.107962400000000000e+07
4.122577100000000000e+07
4.134845000000000000e+07
4.145133900000000000e+07
4.152684900000000000e+07
4.155919900000000000e+07
4.155880500000000000e+07
4.152377000000000000e+07
4.145464400000000000e+07
4.134779200000000000e+07
4.121508300000000000e+07
4.104561600000000000e+07
4.083486500000000000e+07
4.061693800000000000e+07
4.009968200000000000e+07
3.950894500000000000e+07
3.883914900000000000e+07
3.813297300000000000e+07
3.738695100000000000e+07
3.662312500000000000e+07
3.584553000000000000e+07
3.504586300000000000e+07
3.424493800000000000e+07
3.345966500000000000e+07
3.266629100000000000e+07
3.189200400000000000e+07
3.112003000000000000e+07
3.036242900000000000e+07
2.963614900000000000e+07
2.892067200000000000e+07
2.822072200000000000e+07
2.754806100000000000e+07
2.689718800000000000e+07
2.625175300000000000e+07
2.564408200000000000e+07
2.504624500000000000e+07
2.447216400000000000e+07
2.391152300000000000e+07
2.337800400000000000e+07
2.285637300000000000e+07
2.236086800000000000e+07
2.187534900000000000e+07
2.140912200000000000e+07
2.095612600000000000e+07
2.052388200000000000e+07
2.010790500000000000e+07
1.971396000000000000e+07
1.931892600000000000e+07
1.893718100000000000e+07
1.858364700000000000e+07
1.821424800000000000e+07
1.787552400000000000e+07
1.754190900000000000e+07
1.722781800000000000e+07
4.101988900000000000e+07
4.115121400000000000e+07
4.126741300000000000e+07
4.135971900000000000e+07
4.141134000000000000e+07
4.143160900000000000e+07
4.141769700000000000e+07
4.137010000000000000e+07
4.128430500000000000e+07
4.117283200000000000e+07
4.102355800000000000e+07
4.083248000000000000e+07
4.063289700000000000e+07
4.040469300000000000e+07
3.986539300000000000e+07
3.927012600000000000e+07
3.861828600000000000e+07
3.790986400000000000e+07
3.718294400000000000e+07
3.641670000000000000e+07
3.564178500000000000e+07
3.486654900000000000e+07
3.408485100000000000e+07
3.331331100000000000e+07
3.254437200000000000e+07
3.177332700000000000e+07
3.103342200000000000e+07
3.030381400000000000e+07
2.958776200000000000e+07
2.889161600000000000e+07
2.821283700000000000e+07
2.755463100000000000e+07
2.691411200000000000e+07
2.629603300000000000e+07
2.570519700000000000e+07
2.511813900000000000e+07
2.456772800000000000e+07
2.401947000000000000e+07
2.349723200000000000e+07
2.298956400000000000e+07
2.250693100000000000e+07
2.202579200000000000e+07
2.157481000000000000e+07
2.113518600000000000e+07
2.070309200000000000e+07
2.029979500000000000e+07
1.989681600000000000e+07
1.950956900000000000e+07
1.914577500000000000e+07
1.878277200000000000e+07
1.843128400000000000e+07
1.810300400000000000e+07
1.777470700000000000e+07
1.745918300000000000e+07
4.106885800000000000e+07
4.118049600000000000e+07
4.125473000000000000e+07
4.129871000000000000e+07
4.130960800000000000e+07
4.128739000000000000e+07
4.122701200000000000e+07
4.113976400000000000e+07
4.101404400000000000e+07
4.084460400000000000e+07
4.066592600000000000e+07
4.045752600000000000e+07
4.022138400000000000e+07
3.969365600000000000e+07
3.908066300000000000e+07
3.842600000000000000e+07
3.772538400000000000e+07
3.700452800000000000e+07
3.626454100000000000e+07
3.549989000000000000e+07
3.473226900000000000e+07
3.397738400000000000e+07
3.321260700000000000e+07
3.246512300000000000e+07
3.171745200000000000e+07
3.098284500000000000e+07
3.027923100000000000e+07
2.958347100000000000e+07
2.890191300000000000e+07
2.824540900000000000e+07
2.760936500000000000e+07
2.697829400000000000e+07
2.638272100000000000e+07
2.579537200000000000e+07
2.523110500000000000e+07
2.467791500000000000e+07
2.415226300000000000e+07
2.363610800000000000e+07
2.314513900000000000e+07
2.266297400000000000e+07
2.219960200000000000e+07
2.174825400000000000e+07
2.131750800000000000e+07
2.090157300000000000e+07
2.050767500000000000e+07
2.011177400000000000e+07
1.972778400000000000e+07
1.937295600000000000e+07
1.900024800000000000e+07
1.865920600000000000e+07
1.832186100000000000e+07
1.800389200000000000e+07
1.769008700000000000e+07
4.108751100000000000e+07
4.115856600000000000e+07
4.119844200000000000e+07
4.120460800000000000e+07
4.117261300000000000e+07
4.111257500000000000e+07
4.101324800000000000e+07
4.086838200000000000e+07
4.071305400000000000e+07
4.052689800000000000e+07
4.031156600000000000e+07
4.006350400000000000e+07
3.953483700000000000e+07
3.894223200000000000e+07
3.828552000000000000e+07
3.760468600000000000e+07
3.687989100000000000e+07
3.614257200000000000e+07
3.540103000000000000e+07
3.465141500000000000e+07
3.390795400000000000e+07
3.316632200000000000e+07
3.241855100000000000e+07
3.170196800000000000e+07
3.099238600000000000e+07
3.029456100000000000e+07
2.961489500000000000e+07
2.895149600000000000e+07
2.830697000000000000e+07
2.767810000000000000e+07
2.707043600000000000e+07
2.648884300000000000e+07
2.590994700000000000e+07
2.536612900000000000e+07
2.482295300000000000e+07
2.430478600000000000e+07
2.380061600000000000e+07
2.332024600000000000e+07
2.284114800000000000e+07
2.239134000000000000e+07
2.195116700000000000e+07
2.151774200000000000e+07
2.111375900000000000e+07
2.070849500000000000e+07
2.031839600000000000e+07
1.995177400000000000e+07
1.958556300000000000e+07
1.923055900000000000e+07
1.889803600000000000e+07
1.856640100000000000e+07
1.824558900000000000e+07
1.792310200000000000e+07
4.108042400000000000e+07
4.111814600000000000e+07
4.111775200000000000e+07
4.108799500000000000e+07
4.101780300000000000e+07
4.090059900000000000e+07
4.077141900000000000e+07
4.060969800000000000e+07
4.041709900000000000e+07
4.019024100000000000e+07
3.996723000000000000e+07
3.942218900000000000e+07
3.882681900000000000e+07
3.817789300000000000e+07
3.750440600000000000e+07
3.680402400000000000e+07
3.607484000000000000e+07
3.534048000000000000e+07
3.461532100000000000e+07
3.387650400000000000e+07
3.315306100000000000e+07
3.242693400000000000e+07
3.171173500000000000e+07
3.102592600000000000e+07
3.034578900000000000e+07
2.967838200000000000e+07
2.903375700000000000e+07
2.840827500000000000e+07
2.778642600000000000e+07
2.719883300000000000e+07
2.661779400000000000e+07
2.605906700000000000e+07
2.550936400000000000e+07
2.498745700000000000e+07
2.447323500000000000e+07
2.398353000000000000e+07
2.350142700000000000e+07
2.303770600000000000e+07
2.258539800000000000e+07
2.215281300000000000e+07
2.173446200000000000e+07
2.133831800000000000e+07
2.093902000000000000e+07
2.055041000000000000e+07
2.019281900000000000e+07
1.981487300000000000e+07
1.946990400000000000e+07
1.912667400000000000e+07
1.880360300000000000e+07
1.848438800000000000e+07
1.818383700000000000e+07
4.105869000000000000e+07
4.106257400000000000e+07
4.102417100000000000e+07
4.093733000000000000e+07
4.083682900000000000e+07
4.070214000000000000e+07
4.053442300000000000e+07
4.033061600000000000e+07
4.012916000000000000e+07
3.988111800000000000e+07
3.935762400000000000e+07
3.875975300000000000e+07
3.812967800000000000e+07
3.744952200000000000e+07
3.675170000000000000e+07
3.604327000000000000e+07
3.532554400000000000e+07
3.460888500000000000e+07
3.389175200000000000e+07
3.316497300000000000e+07
3.246780500000000000e+07
3.177456200000000000e+07
3.109149800000000000e+07
3.042485500000000000e+07
2.977290600000000000e+07
2.913784000000000000e+07
2.851690000000000000e+07
2.791598800000000000e+07
2.733917700000000000e+07
2.676497400000000000e+07
2.622432100000000000e+07
2.568276500000000000e+07
2.516587400000000000e+07
2.466170100000000000e+07
2.417974500000000000e+07
2.370031700000000000e+07
2.324887200000000000e+07
2.280629300000000000e+07
2.236927600000000000e+07
2.196242000000000000e+07
2.155283800000000000e+07
2.115813900000000000e+07
2.078660100000000000e+07
2.041561300000000000e+07
2.005549100000000000e+07
1.971758500000000000e+07
1.937967800000000000e+07
1.905314100000000000e+07
1.872415700000000000e+07
1.842290200000000000e+07
4.102835500000000000e+07
4.097481800000000000e+07
4.090559100000000000e+07
4.080038100000000000e+07
4.065999100000000000e+07
4.048123900000000000e+07
4.030285300000000000e+07
4.007637300000000000e+07
3.983735200000000000e+07
3.930965300000000000e+07
3.871860000000000000e+07
3.809518100000000000e+07
3.743783100000000000e+07
3.674492200000000000e+07
3.604442900000000000e+07
3.534724500000000000e+07
3.463256300000000000e+07
3.393157300000000000e+07
3.322411800000000000e+07
3.252546500000000000e+07
3.185441300000000000e+07
3.118639200000000000e+07
3.052990200000000000e+07
2.989361500000000000e+07
2.927500900000000000e+07
2.865906300000000000e+07
2.807648600000000000e+07
2.749858400000000000e+07
2.694205200000000000e+07
2.639288800000000000e+07
2.587106800000000000e+07
2.535626400000000000e+07
2.486511000000000000e+07
2.438084000000000000e+07
2.391399600000000000e+07
2.345859200000000000e+07
2.302270700000000000e+07
2.260025300000000000e+07
2.219928800000000000e+07
2.179526100000000000e+07
2.140104500000000000e+07
2.103781500000000000e+07
2.065377200000000000e+07
2.030331100000000000e+07
1.995348900000000000e+07
1.962392900000000000e+07
1.929825200000000000e+07
1.899119400000000000e+07
1.867857300000000000e+07
4.097368400000000000e+07
4.090039200000000000e+07
4.078958300000000000e+07
4.063804000000000000e+07
4.048511500000000000e+07
4.028165900000000000e+07
4.006376300000000000e+07
3.983775600000000000e+07
3.930591200000000000e+07
3.873205700000000000e+07
3.809967700000000000e+07
3.744318200000000000e+07
3.676947300000000000e+07
3.608336200000000000e+07
3.539208500000000000e+07
3.469768800000000000e+07
3.398991300000000000e+07
3.331006900000000000e+07
3.263024600000000000e+07
3.195912700000000000e+07
3.130235300000000000e+07
3.065869700000000000e+07
3.003021400000000000e+07
2.941428700000000000e+07
2.881669300000000000e+07
2.824285300000000000e+07
2.767023900000000000e+07
2.712982600000000000e+07
2.658759800000000000e+07
2.606960100000000000e+07
2.556336400000000000e+07
2.507775600000000000e+07
2.459549400000000000e+07
2.414026300000000000e+07
2.369359600000000000e+07
2.325142000000000000e+07
2.283997700000000000e+07
2.242421500000000000e+07
2.202333400000000000e+07
2.164589000000000000e+07
2.126845900000000000e+07
2.090194400000000000e+07
2.055755500000000000e+07
2.021256200000000000e+07
1.987917100000000000e+07
1.954265700000000000e+07
1.923442000000000000e+07
1.891936800000000000e+07
4.091921800000000000e+07
4.079742300000000000e+07
4.067168200000000000e+07
4.049317500000000000e+07
4.029808600000000000e+07
4.009368100000000000e+07
3.984785100000000000e+07
3.932173800000000000e+07
3.875297900000000000e+07
3.814199700000000000e+07
3.748801600000000000e+07
3.682086000000000000e+07
3.615177500000000000e+07
3.546044500000000000e+07
3.478005600000000000e+07
3.408923600000000000e+07
3.340530300000000000e+07
3.274613600000000000e+07
3.208777600000000000e+07
3.143953400000000000e+07
3.080943400000000000e+07
3.019447900000000000e+07
2.958249500000000000e+07
2.900169500000000000e+07
2.842533700000000000e+07
2.786811900000000000e+07
2.731723400000000000e+07
2.679364000000000000e+07
2.627628800000000000e+07
2.578227900000000000e+07
2.529346200000000000e+07
2.482210300000000000e+07
2.436182100000000000e+07
2.392065500000000000e+07
2.349211300000000000e+07
2.308558600000000000e+07
2.267552900000000000e+07
2.227393200000000000e+07
2.190480000000000000e+07
2.151339400000000000e+07
2.115609300000000000e+07
2.079849700000000000e+07
2.046179000000000000e+07
2.012857600000000000e+07
1.981481900000000000e+07
1.949405000000000000e+07
1.917835800000000000e+07
4.085902800000000000e+07
4.070748800000000000e+07
4.053681900000000000e+07
4.035602300000000000e+07
4.012950200000000000e+07
3.989873100000000000e+07
3.938774800000000000e+07
3.880763600000000000e+07
3.819502900000000000e+07
3.755787800000000000e+07
3.690262600000000000e+07
3.623750700000000000e+07
3.556440500000000000e+07
3.487495300000000000e+07
3.421099600000000000e+07
3.354254400000000000e+07
3.288150000000000000e+07
3.223254500000000000e+07
3.159450100000000000e+07
3.097072600000000000e+07
3.035761700000000000e+07
2.976165600000000000e+07
2.918808400000000000e+07
3.003647600000000000e+07
2.807301100000000000e+07
2.752776700000000000e+07
2.700704000000000000e+07
2.649665300000000000e+07
2.600636700000000000e+07
2.551977000000000000e+07
2.505699800000000000e+07
2.460675200000000000e+07
2.415816200000000000e+07
2.374025000000000000e+07
2.331776600000000000e+07
2.290981500000000000e+07
2.252528200000000000e+07
2.214043600000000000e+07
2.176668300000000000e+07
2.141471600000000000e+07
2.106223000000000000e+07
2.072107200000000000e+07
2.037597400000000000e+07
2.006066300000000000e+07
1.973734800000000000e+07
1.944092000000000000e+07
4.077653700000000000e+07
4.062023400000000000e+07
4.041545200000000000e+07
4.020473400000000000e+07
3.996306600000000000e+07
3.945521200000000000e+07
3.889489500000000000e+07
3.828230500000000000e+07
3.765002000000000000e+07
3.700941300000000000e+07
3.634156700000000000e+07
3.568092400000000000e+07
3.500603400000000000e+07
3.433483100000000000e+07
3.368655200000000000e+07
3.303615100000000000e+07
3.239391700000000000e+07
3.176807000000000000e+07
3.115519300000000000e+07
3.054490500000000000e+07
2.996444900000000000e+07
2.938706600000000000e+07
2.882842900000000000e+07
2.827417100000000000e+07
2.774726500000000000e+07
2.722560900000000000e+07
2.672694400000000000e+07
2.623269200000000000e+07
2.575506400000000000e+07
2.528845300000000000e+07
2.484146600000000000e+07
2.440580400000000000e+07
2.399285200000000000e+07
2.357532700000000000e+07
2.316573900000000000e+07
2.278969500000000000e+07
2.238989300000000000e+07
2.202496900000000000e+07
2.165891900000000000e+07
2.131446100000000000e+07
2.097301000000000000e+07
2.065157400000000000e+07
2.032247200000000000e+07
1.999842800000000000e+07
1.969179200000000000e+07
4.070228200000000000e+07
4.051343900000000000e+07
4.029075300000000000e+07
4.007369600000000000e+07
3.955173000000000000e+07
3.898717600000000000e+07
3.838936000000000000e+07
3.776680000000000000e+07
3.712825200000000000e+07
3.647615100000000000e+07
3.580458500000000000e+07
3.515583700000000000e+07
3.449760300000000000e+07
3.384526300000000000e+07
3.320245700000000000e+07
3.256908100000000000e+07
3.194830000000000000e+07
3.133623600000000000e+07
3.074003200000000000e+07
3.016540100000000000e+07
2.959002900000000000e+07
2.904525300000000000e+07
2.849637500000000000e+07
2.797169700000000000e+07
2.745556000000000000e+07
2.695981300000000000e+07
2.646712000000000000e+07
2.599795200000000000e+07
2.554101900000000000e+07
2.508543500000000000e+07
2.466015600000000000e+07
2.422948200000000000e+07
2.381338400000000000e+07
2.342125200000000000e+07
2.302827900000000000e+07
2.264650800000000000e+07
2.228640900000000000e+07
2.192595500000000000e+07
2.157615000000000000e+07
2.122233100000000000e+07
2.089886700000000000e+07
2.056723000000000000e+07
2.026235000000000000e+07
1.996331100000000000e+07
4.061959100000000000e+07
4.042128800000000000e+07
4.018076700000000000e+07
3.967643300000000000e+07
3.910970500000000000e+07
3.851519500000000000e+07
3.790399100000000000e+07
3.726090000000000000e+07
3.661998200000000000e+07
3.596058700000000000e+07
3.530174100000000000e+07
3.466327400000000000e+07
3.401956500000000000e+07
3.338261600000000000e+07
3.275959200000000000e+07
3.214827200000000000e+07
3.153789700000000000e+07
3.095646900000000000e+07
3.037677500000000000e+07
2.981407800000000000e+07
2.925667600000000000e+07
2.872484100000000000e+07
2.819802200000000000e+07
2.769403700000000000e+07
2.719331600000000000e+07
2.670817300000000000e+07
2.623516500000000000e+07
2.578068100000000000e+07
2.533739300000000000e+07
2.491663000000000000e+07
2.449133700000000000e+07
2.407274100000000000e+07
2.368943900000000000e+07
2.328073000000000000e+07
2.290778800000000000e+07
2.253262000000000000e+07
2.217928200000000000e+07
2.182982900000000000e+07
2.150006600000000000e+07
2.116211000000000000e+07
2.082918600000000000e+07
2.051446200000000000e+07
2.019898100000000000e+07
4.054586700000000000e+07
4.031256700000000000e+07
3.980182600000000000e+07
3.924706100000000000e+07
3.865965000000000000e+07
3.804960400000000000e+07
3.741929400000000000e+07
3.676551000000000000e+07
3.613252700000000000e+07
3.548403400000000000e+07
3.483980000000000000e+07
3.420269700000000000e+07
3.357289200000000000e+07
3.295402100000000000e+07
3.234219100000000000e+07
3.174477000000000000e+07
3.116795000000000000e+07
3.058955000000000000e+07
3.004077600000000000e+07
2.948698900000000000e+07
2.895665900000000000e+07
2.843474700000000000e+07
2.793262700000000000e+07
2.743294300000000000e+07
2.695636900000000000e+07
2.649194100000000000e+07
2.602886000000000000e+07
2.559532600000000000e+07
2.515586400000000000e+07
2.473164500000000000e+07
2.433069800000000000e+07
2.392938200000000000e+07
2.353891200000000000e+07
2.317052500000000000e+07
2.280090600000000000e+07
2.244281600000000000e+07
2.207959100000000000e+07
2.174790200000000000e+07
2.140738100000000000e+07
2.109438400000000000e+07
2.078598000000000000e+07
2.046026000000000000e+07
4.046918600000000000e+07
3.995357100000000000e+07
3.940133200000000000e+07
3.882203800000000000e+07
3.820514200000000000e+07
3.758494500000000000e+07
3.694193100000000000e+07
3.629496700000000000e+07
3.566629100000000000e+07
3.502921600000000000e+07
3.439674900000000000e+07
3.377560100000000000e+07
3.316537800000000000e+07
3.255417100000000000e+07
3.197080000000000000e+07
3.138819500000000000e+07
3.082105600000000000e+07
3.025910700000000000e+07
2.972174500000000000e+07
2.918875200000000000e+07
2.867874500000000000e+07
2.817056600000000000e+07
2.767775800000000000e+07
2.719666500000000000e+07
2.673479900000000000e+07
2.628334300000000000e+07
2.585436700000000000e+07
2.542063600000000000e+07
2.499288300000000000e+07
2.460114000000000000e+07
2.418352100000000000e+07
2.380229300000000000e+07
2.341709100000000000e+07
2.305519600000000000e+07
2.269704900000000000e+07
2.235857300000000000e+07
2.201155400000000000e+07
2.166878900000000000e+07
2.134630700000000000e+07
2.102160800000000000e+07
2.072933900000000000e+07
4.029380700000000000e+07
3.975062400000000000e+07
3.916300600000000000e+07
3.856536800000000000e+07
3.793987900000000000e+07
3.730633600000000000e+07
3.668728100000000000e+07
3.605697900000000000e+07
3.542848600000000000e+07
3.480993700000000000e+07
3.419999800000000000e+07
3.358725500000000000e+07
3.300188100000000000e+07
3.241611200000000000e+07
3.184409600000000000e+07
3.127652400000000000e+07
3.073326500000000000e+07
3.019355400000000000e+07
2.967728200000000000e+07
2.916091700000000000e+07
2.866004300000000000e+07
2.817103500000000000e+07
2.770078800000000000e+07
2.724119600000000000e+07
2.680320100000000000e+07
2.636084000000000000e+07
2.592298900000000000e+07
2.552315000000000000e+07
2.509559900000000000e+07
2.470560000000000000e+07
2.431071300000000000e+07
2.393984400000000000e+07
2.357303800000000000e+07
2.322561100000000000e+07
2.286870800000000000e+07
2.251701900000000000e+07
2.218575000000000000e+07
2.185207300000000000e+07
2.155118500000000000e+07
2.124045200000000000e+07
4.012407400000000000e+07
3.955208500000000000e+07
3.894580400000000000e+07
3.832707900000000000e+07
3.771872200000000000e+07
3.709536400000000000e+07
3.647244200000000000e+07
3.585524900000000000e+07
3.524652600000000000e+07
3.463247700000000000e+07
3.404472900000000000e+07
3.345579100000000000e+07
3.287900100000000000e+07
3.230573000000000000e+07
3.175604100000000000e+07
3.120952800000000000e+07
3.068569300000000000e+07
3.016166800000000000e+07
2.965215200000000000e+07
2.915492600000000000e+07
2.867634100000000000e+07
2.820741400000000000e+07
2.776096800000000000e+07
2.731014600000000000e+07
2.686188400000000000e+07
2.645321900000000000e+07
2.601673400000000000e+07
2.561692300000000000e+07
2.521179600000000000e+07
2.483227400000000000e+07
2.445638900000000000e+07
2.409972700000000000e+07
2.373303900000000000e+07
2.337142800000000000e+07
2.303187900000000000e+07
2.268890000000000000e+07
2.237940700000000000e+07
2.205934600000000000e+07
2.173685500000000000e+07
3.995243700000000000e+07
3.935036100000000000e+07
3.875436800000000000e+07
3.813902600000000000e+07
3.752216000000000000e+07
3.690782500000000000e+07
3.630030000000000000e+07
3.568532600000000000e+07
3.509566100000000000e+07
3.450252000000000000e+07
3.392193800000000000e+07
3.334188800000000000e+07
3.278648300000000000e+07
3.223307700000000000e+07
3.170264500000000000e+07
3.116993500000000000e+07
3.065152500000000000e+07
3.014608700000000000e+07
2.965833200000000000e+07
2.918097000000000000e+07
2.872611400000000000e+07
2.826477000000000000e+07
2.780765200000000000e+07
2.739018800000000000e+07
2.694441700000000000e+07
2.653466900000000000e+07
2.611963900000000000e+07
2.573064000000000000e+07
2.534577700000000000e+07
2.498011100000000000e+07
2.460323900000000000e+07
2.423181900000000000e+07
2.388462300000000000e+07
2.353169100000000000e+07
2.321213000000000000e+07
2.288365700000000000e+07
2.255193700000000000e+07
2.225028100000000000e+07
3.978823100000000000e+07
3.918306600000000000e+07
3.857358400000000000e+07
3.796283500000000000e+07
3.735713400000000000e+07
3.674204900000000000e+07
3.615052600000000000e+07
3.555422300000000000e+07
3.496966400000000000e+07
3.438331900000000000e+07
3.382224300000000000e+07
3.326199500000000000e+07
3.272513600000000000e+07
3.218333400000000000e+07
3.165617000000000000e+07
3.114307400000000000e+07
3.064638200000000000e+07
3.016006900000000000e+07
2.969645200000000000e+07
2.922504600000000000e+07
2.875865100000000000e+07
2.833257800000000000e+07
2.787666600000000000e+07
2.745795100000000000e+07
2.703239600000000000e+07
2.663437400000000000e+07
2.624053900000000000e+07
2.586570700000000000e+07
2.547803100000000000e+07
2.509693700000000000e+07
2.474238900000000000e+07
2.437899200000000000e+07
2.405024800000000000e+07
2.371284600000000000e+07
2.337167200000000000e+07
2.306193000000000000e+07
2.274158800000000000e+07
3.962127200000000000e+07
3.901574100000000000e+07
3.841338000000000000e+07
3.779820700000000000e+07
3.720647600000000000e+07
3.660746400000000000e+07
3.601991800000000000e+07
3.542749600000000000e+07
3.486059800000000000e+07
3.429387300000000000e+07
3.374957200000000000e+07
3.320033600000000000e+07
3.266486300000000000e+07
3.214363000000000000e+07
3.163823700000000000e+07
3.114361800000000000e+07
3.067083200000000000e+07
3.018953100000000000e+07
2.971347400000000000e+07
2.927920100000000000e+07
2.881272900000000000e+07
2.838538400000000000e+07
2.794936300000000000e+07
2.754184500000000000e+07
2.713924800000000000e+07
2.675538400000000000e+07
2.635763100000000000e+07
2.596647500000000000e+07
2.560303400000000000e+07
2.523058800000000000e+07
2.489254300000000000e+07
2.454597200000000000e+07
2.419561600000000000e+07
2.387727600000000000e+07
2.354835900000000000e+07
2.323203600000000000e+07
3.946565900000000000e+07
3.885199600000000000e+07
3.825929100000000000e+07
3.765969100000000000e+07
3.706904800000000000e+07
3.647176700000000000e+07
3.589981000000000000e+07
3.532626200000000000e+07
3.477523100000000000e+07
3.421904800000000000e+07
3.367519100000000000e+07
3.314666700000000000e+07
3.263224900000000000e+07
3.212878200000000000e+07
3.164772700000000000e+07
3.115565600000000000e+07
3.067134100000000000e+07
3.022934100000000000e+07
2.975230200000000000e+07
2.931574200000000000e+07
2.887023900000000000e+07
2.845300700000000000e+07
2.804121000000000000e+07
2.764762400000000000e+07
2.723981500000000000e+07
2.683885500000000000e+07
2.646682300000000000e+07
2.608509700000000000e+07
2.573778900000000000e+07
2.538249000000000000e+07
2.502261100000000000e+07
2.469640800000000000e+07
2.435932700000000000e+07
2.403347300000000000e+07
2.372188700000000000e+07
3.930739100000000000e+07
3.870781500000000000e+07
3.811485000000000000e+07
3.751394700000000000e+07
3.693741300000000000e+07
3.635821400000000000e+07
3.580074900000000000e+07
3.523777300000000000e+07
3.468602900000000000e+07
3.415006400000000000e+07
3.362726200000000000e+07
3.311564500000000000e+07
3.262608200000000000e+07
3.212352500000000000e+07
3.163114400000000000e+07
3.118004000000000000e+07
3.069374100000000000e+07
3.024831000000000000e+07
2.979325000000000000e+07
2.936563000000000000e+07
2.894538500000000000e+07
2.854216100000000000e+07
2.812504600000000000e+07
2.771371600000000000e+07
2.733333700000000000e+07
2.694332900000000000e+07
2.658633100000000000e+07
2.622168500000000000e+07
2.585307600000000000e+07
2.551853500000000000e+07
2.517187100000000000e+07
2.483777900000000000e+07
2.451804800000000000e+07
2.419588800000000000e+07
3.915579200000000000e+07
3.855174500000000000e+07
3.797116000000000000e+07
3.738723200000000000e+07
3.682409300000000000e+07
3.625518700000000000e+07
3.569572500000000000e+07
3.515226500000000000e+07
3.462205900000000000e+07
3.410260300000000000e+07
3.360447900000000000e+07
3.309186700000000000e+07
3.259114400000000000e+07
3.213161500000000000e+07
3.163614500000000000e+07
3.118317500000000000e+07
3.071728900000000000e+07
3.027853700000000000e+07
2.985130600000000000e+07
2.943866200000000000e+07
2.901189100000000000e+07
2.859065800000000000e+07
2.820168800000000000e+07
2.780303500000000000e+07
2.743690500000000000e+07
2.706374300000000000e+07
2.668543300000000000e+07
2.634274900000000000e+07
2.598817800000000000e+07
2.564465100000000000e+07
2.531644800000000000e+07
2.498634600000000000e+07
2.465548100000000000e+07
3.900006700000000000e+07
3.841243200000000000e+07
3.784414000000000000e+07
3.726905100000000000e+07
3.670315300000000000e+07
3.615264200000000000e+07
3.561541100000000000e+07
3.508800400000000000e+07
3.458264000000000000e+07
3.405961400000000000e+07
3.355106700000000000e+07
3.308350300000000000e+07
3.257855700000000000e+07
3.211694500000000000e+07
3.164154000000000000e+07
3.119337700000000000e+07
3.075818200000000000e+07
3.033622400000000000e+07
2.990031300000000000e+07
2.946927600000000000e+07
2.907162000000000000e+07
2.866459600000000000e+07
2.828905700000000000e+07
2.790760500000000000e+07
2.751994400000000000e+07
2.716900000000000000e+07
2.680613800000000000e+07
2.645369600000000000e+07
2.611672800000000000e+07
2.577898800000000000e+07
2.543952900000000000e+07
2.512321800000000000e+07
3.885880900000000000e+07
3.827869500000000000e+07
3.770660400000000000e+07
3.715020500000000000e+07
3.660635900000000000e+07
3.607132000000000000e+07
3.555871000000000000e+07
3.502551500000000000e+07
3.450972800000000000e+07
3.403470800000000000e+07
3.352072700000000000e+07
3.305057500000000000e+07
3.256624900000000000e+07
3.210811900000000000e+07
3.166462500000000000e+07
3.123472400000000000e+07
3.078893900000000000e+07
3.034825200000000000e+07
2.994247700000000000e+07
2.952714800000000000e+07
2.914299100000000000e+07
2.875213600000000000e+07
2.835622700000000000e+07
2.799715100000000000e+07
2.762547300000000000e+07
2.726095600000000000e+07
2.691958100000000000e+07
2.657342500000000000e+07
2.622539500000000000e+07
2.590194200000000000e+07
2.557634800000000000e+07
3.870509800000000000e+07
3.814348200000000000e+07
3.759310300000000000e+07
3.705135900000000000e+07
3.653212500000000000e+07
3.598804800000000000e+07
3.546533800000000000e+07
3.498361100000000000e+07
3.446167200000000000e+07
3.398288200000000000e+07
3.349015500000000000e+07
3.302274700000000000e+07
3.257143700000000000e+07
3.213229300000000000e+07
3.167789400000000000e+07
3.122783700000000000e+07
3.081400300000000000e+07
3.039011100000000000e+07
2.999702000000000000e+07
2.959814100000000000e+07
2.919208200000000000e+07
2.882591400000000000e+07
2.844641400000000000e+07
2.807309800000000000e+07
2.772301800000000000e+07
2.736957200000000000e+07
2.701325100000000000e+07
2.668144300000000000e+07
2.634848000000000000e+07
2.602637900000000000e+07
3.857482700000000000e+07
3.802707900000000000e+07
3.750243500000000000e+07
3.694972300000000000e+07
3.641870000000000000e+07
3.593068100000000000e+07
3.540044500000000000e+07
3.491269600000000000e+07
3.441282300000000000e+07
3.393676200000000000e+07
3.347687300000000000e+07
3.302957100000000000e+07
3.256615700000000000e+07
3.210714600000000000e+07
3.168536400000000000e+07
3.125392200000000000e+07
3.085164900000000000e+07
3.044406300000000000e+07
3.002900300000000000e+07
2.965584200000000000e+07
2.926839100000000000e+07
2.888630800000000000e+07
2.852758300000000000e+07
2.816651700000000000e+07
2.780166000000000000e+07
2.746233500000000000e+07
2.712203700000000000e+07
2.679198500000000000e+07
2.644282800000000000e+07
3.846634200000000000e+07
3.790725200000000000e+07
3.736859000000000000e+07
3.687414900000000000e+07
3.633627800000000000e+07
3.584046600000000000e+07
3.533349900000000000e+07
3.484865900000000000e+07
3.438103500000000000e+07
3.392596800000000000e+07
3.345329000000000000e+07
3.298568700000000000e+07
3.255645300000000000e+07
3.211614800000000000e+07
3.170574500000000000e+07
3.129042200000000000e+07
3.086645800000000000e+07
3.048614900000000000e+07
3.009063700000000000e+07
2.970013800000000000e+07
2.933302100000000000e+07
2.896429500000000000e+07
2.859155400000000000e+07
2.824488600000000000e+07
2.789607100000000000e+07
2.755906100000000000e+07
2.720177100000000000e+07
2.690649900000000000e+07
3.831412700000000000e+07
3.781353700000000000e+07
3.726876900000000000e+07
3.676544400000000000e+07
3.625227800000000000e+07
3.575716700000000000e+07
3.528316700000000000e+07
3.482000700000000000e+07
3.433916100000000000e+07
3.386315900000000000e+07
3.342614700000000000e+07
3.297758100000000000e+07
3.255960900000000000e+07
3.213629900000000000e+07
3.170325300000000000e+07
3.131595600000000000e+07
3.091288400000000000e+07
3.051422200000000000e+07
3.013854800000000000e+07
2.976212800000000000e+07
2.938176700000000000e+07
2.902791200000000000e+07
2.867116700000000000e+07
2.832714800000000000e+07
2.796153100000000000e+07
2.765946300000000000e+07
2.731547000000000000e+07
3.819642000000000000e+07
3.768619600000000000e+07
3.716638500000000000e+07
3.666229900000000000e+07
3.618257200000000000e+07
3.571189400000000000e+07
3.522262900000000000e+07
3.473889400000000000e+07
3.429447200000000000e+07
3.383798400000000000e+07
3.341209000000000000e+07
3.298118600000000000e+07
3.253998800000000000e+07
3.214561000000000000e+07
3.173537100000000000e+07
3.132782800000000000e+07
3.094451900000000000e+07
3.056033400000000000e+07
3.017310800000000000e+07
2.981090200000000000e+07
2.944715100000000000e+07
2.909560100000000000e+07
2.872294300000000000e+07
2.841371300000000000e+07
2.806167300000000000e+07
2.774507700000000000e+07
3.807585800000000000e+07
3.756533200000000000e+07
3.707927200000000000e+07
3.660105800000000000e+07
3.610342400000000000e+07
3.561251100000000000e+07
3.516093900000000000e+07
3.469701600000000000e+07
3.426291600000000000e+07
3.382469500000000000e+07
3.337507200000000000e+07
3.297402900000000000e+07
3.255670900000000000e+07
3.213998700000000000e+07
3.174953100000000000e+07
3.135800600000000000e+07
3.096346400000000000e+07
3.059421600000000000e+07
3.022235300000000000e+07
2.986468800000000000e+07
2.948378600000000000e+07
2.916815400000000000e+07
2.880958700000000000e+07
2.848568100000000000e+07
2.813746600000000000e+07
3.797199000000000000e+07
3.748631800000000000e+07
3.698158000000000000e+07
3.648305200000000000e+07
3.602467900000000000e+07
3.555354000000000000e+07
3.511238200000000000e+07
3.466670900000000000e+07
3.420873200000000000e+07
3.380140300000000000e+07
3.337745200000000000e+07
3.295208200000000000e+07
3.255435100000000000e+07
3.215556400000000000e+07
3.175415300000000000e+07
3.137762700000000000e+07
3.099827400000000000e+07
3.063353700000000000e+07
3.024540800000000000e+07
2.992288400000000000e+07
2.955727900000000000e+07
2.922665600000000000e+07
2.887168100000000000e+07
2.854226900000000000e+07
3.785601400000000000e+07
3.735015900000000000e+07
3.688616800000000000e+07
3.640756900000000000e+07
3.595867200000000000e+07
3.550643600000000000e+07
3.504089700000000000e+07
3.462747300000000000e+07
3.419710000000000000e+07
3.376299300000000000e+07
3.335769400000000000e+07
3.295214300000000000e+07
3.254375600000000000e+07
3.215990400000000000e+07
3.177384100000000000e+07
3.140279900000000000e+07
3.100642700000000000e+07
3.067779300000000000e+07
3.030501700000000000e+07
2.996752000000000000e+07
2.960598100000000000e+07
2.927128200000000000e+07
2.893540100000000000e+07
3.774378800000000000e+07
3.725860400000000000e+07
3.680246500000000000e+07
3.634385500000000000e+07
3.587062600000000000e+07
3.545118400000000000e+07
3.501557600000000000e+07
3.457218200000000000e+07
3.416030700000000000e+07
3.374785100000000000e+07
3.333267200000000000e+07
3.294131200000000000e+07
3.254801300000000000e+07
3.217081800000000000e+07
3.176753800000000000e+07
3.143214500000000000e+07
3.105360700000000000e+07
3.070893400000000000e+07
3.034047600000000000e+07
3.000121700000000000e+07
2.965653800000000000e+07
2.932242000000000000e+07
3.764299200000000000e+07
3.717862000000000000e+07
3.669770500000000000e+07
3.627232700000000000e+07
3.583050100000000000e+07
3.538016300000000000e+07
3.496069100000000000e+07
3.454200200000000000e+07
3.411995300000000000e+07
3.372213400000000000e+07
3.332049100000000000e+07
3.293801900000000000e+07
3.252787700000000000e+07
3.218617000000000000e+07
3.180064700000000000e+07
3.144964300000000000e+07
3.107452900000000000e+07
3.073046800000000000e+07
3.037714800000000000e+07
3.003776400000000000e+07
2.971403200000000000e+07
3.752217400000000000e+07
3.709105800000000000e+07
3.664276600000000000e+07
3.618541700000000000e+07
3.575924400000000000e+07
3.533403400000000000e+07
3.490592000000000000e+07
3.450115000000000000e+07
3.409221700000000000e+07
3.370410000000000000e+07
3.328793100000000000e+07
3.293937400000000000e+07
3.254725200000000000e+07
3.219003800000000000e+07
3.180819900000000000e+07
3.145822800000000000e+07
3.109743800000000000e+07
3.075176600000000000e+07
3.042138100000000000e+07
3.008239300000000000e+07
3.745248100000000000e+07
3.698791300000000000e+07
3.655560800000000000e+07
3.612430900000000000e+07
3.568988300000000000e+07
3.527817500000000000e+07
3.486294300000000000e+07
3.446867800000000000e+07
3.404587300000000000e+07
3.369169700000000000e+07
3.329334400000000000e+07
3.292972400000000000e+07
3.254205000000000000e+07
3.218580300000000000e+07
3.181785300000000000e+07
3.146577600000000000e+07
3.112897400000000000e+07
3.078457600000000000e+07
3.043742900000000000e+07
3.734903300000000000e+07
3.691220800000000000e+07
3.647170400000000000e+07
3.605337900000000000e+07
3.563174000000000000e+07
3.523184900000000000e+07
3.480276800000000000e+07
3.444260800000000000e+07
3.403800000000000000e+07
3.366824200000000000e+07
3.327456200000000000e+07
3.291275600000000000e+07
3.253753700000000000e+07
3.217948000000000000e+07
3.183658100000000000e+07
3.148625000000000000e+07
3.113365100000000000e+07
3.081572500000000000e+07
3.725110700000000000e+07
3.682612400000000000e+07
3.639830200000000000e+07
3.599312900000000000e+07
3.555772400000000000e+07
3.519218800000000000e+07
3.478118800000000000e+07
3.440568500000000000e+07
3.400620900000000000e+07
3.363838200000000000e+07
3.325706900000000000e+07
3.289241500000000000e+07
3.254310800000000000e+07
3.218709800000000000e+07
3.182978700000000000e+07
3.150636700000000000e+07
3.113771000000000000e+07
3.716228800000000000e+07
3.675259400000000000e+07
3.631079500000000000e+07
3.593976700000000000e+07
3.552283200000000000e+07
3.514158700000000000e+07
3.473664200000000000e+07
3.436311700000000000e+07
3.397470500000000000e+07
3.360417700000000000e+07
3.324936000000000000e+07
3.288764100000000000e+07
3.252581200000000000e+07
3.219637700000000000e+07
3.182121600000000000e+07
3.148578900000000000e+07
3.706188300000000000e+07
3.668477800000000000e+07
3.626277100000000000e+07
3.587590700000000000e+07
3.546551000000000000e+07
3.508640800000000000e+07
3.469123600000000000e+07
3.431511800000000000e+07
3.395464800000000000e+07
3.358777200000000000e+07
3.322312000000000000e+07
3.288557300000000000e+07
3.250467200000000000e+07
3.216332100000000000e+07
3.183403100000000000e+07
3.700082500000000000e+07
3.660832800000000000e+07
3.619246800000000000e+07
3.580817400000000000e+07
3.540642600000000000e+07
3.502499100000000000e+07
3.465863200000000000e+07
3.428678800000000000e+07
3.391696500000000000e+07
3.357396600000000000e+07
3.318714800000000000e+07
3.284012800000000000e+07
3.250670400000000000e+07
3.218808000000000000e+07
3.691741800000000000e+07
3.652799600000000000e+07
3.611975800000000000e+07
3.573338300000000000e+07
3.536122200000000000e+07
3.498450000000000000e+07
3.460921900000000000e+07
3.426147200000000000e+07
3.386887800000000000e+07
3.351655200000000000e+07
3.318032100000000000e+07
3.285450400000000000e+07
3.254465300000000000e+07
3.683125000000000000e+07
3.644005300000000000e+07
3.606221700000000000e+07
3.568067400000000000e+07
3.530020500000000000e+07
3.494795600000000000e+07
3.454934500000000000e+07
3.419192500000000000e+07
3.385244700000000000e+07
3.352040500000000000e+07
3.320552300000000000e+07
3.284755800000000000e+07
3.676129700000000000e+07
3.637517000000000000e+07
3.598978500000000000e+07
3.563304000000000000e+07
3.522855300000000000e+07
3.486581600000000000e+07
3.452321900000000000e+07
3.418548000000000000e+07
3.386491200000000000e+07
3.350229500000000000e+07
3.316854800000000000e+07
3.667773900000000000e+07
3.631659200000000000e+07
3.590641000000000000e+07
3.553832900000000000e+07
3.519318600000000000e+07
3.484930300000000000e+07
3.452287900000000000e+07
3.415636300000000000e+07
3.381761700000000000e+07
3.350873300000000000e+07
3.658461800000000000e+07
3.620931600000000000e+07
3.586300200000000000e+07
3.551207400000000000e+07
3.518010300000000000e+07
3.480954900000000000e+07
3.446602800000000000e+07
3.415395100000000000e+07
3.379810400000000000e+07
3.652928000000000000e+07
3.617416900000000000e+07
3.583630200000000000e+07
3.546143100000000000e+07
3.511313300000000000e+07
3.479652600000000000e+07
3.443567800000000000e+07
3.408536100000000000e+07
3.649087200000000000e+07
3.611212800000000000e+07
3.575906500000000000e+07
3.543814100000000000e+07
3.507219200000000000e+07
3.471762600000000000e+07
3.441238600000000000e+07
3.640362600000000000e+07
3.607824000000000000e+07
3.570749900000000000e+07
3.534888300000000000e+07
3.503836900000000000e+07
3.469787900000000000e+07
3.634149900000000000e+07
3.597886500000000000e+07
3.566330700000000000e+07
3.531937900000000000e+07
3.499654900000000000e+07
3.628701200000000000e+07
3.593970500000000000e+07
3.561288200000000000e+07
3.526344100000000000e+07
3.622798400000000000e+07
3.587404100000000000e+07
3.555096900000000000e+07
3.615644700000000000e+07
3.583219200000000000e+07
3.610815200000000000e+07
