3.547237000000000000e+07
3.599014600000000000e+07
3.635289900000000000e+07
3.663730800000000000e+07
3.687009000000000000e+07
3.706961700000000000e+07
3.724378100000000000e+07
3.739443100000000000e+07
3.753293400000000000e+07
3.765572300000000000e+07
3.791749800000000000e+07
3.814187800000000000e+07
3.834052800000000000e+07
3.852886500000000000e+07
3.871528000000000000e+07
3.889994700000000000e+07
3.930410500000000000e+07
3.973238100000000000e+07
4.016264400000000000e+07
4.056270800000000000e+07
4.091990100000000000e+07
4.122374800000000000e+07
4.148562200000000000e+07
4.170653500000000000e+07
4.188652200000000000e+07
4.202326800000000000e+07
4.211054500000000000e+07
4.215030700000000000e+07
4.214166800000000000e+07
4.208815500000000000e+07
4.198719600000000000e+07
4.167676400000000000e+07
4.122968800000000000e+07
4.066297500000000000e+07
4.004075800000000000e+07
3.936216900000000000e+07
3.861091200000000000e+07
3.781656500000000000e+07
3.697800300000000000e+07
3.613122500000000000e+07
3.526919900000000000e+07
3.439149500000000000e+07
3.351651200000000000e+07
3.263898900000000000e+07
3.176572400000000000e+07
3.089959500000000000e+07
3.004751500000000000e+07
2.921249400000000000e+07
2.838733900000000000e+07
2.759828000000000000e+07
2.681858600000000000e+07
2.605969200000000000e+07
2.533078900000000000e+07
2.462733600000000000e+07
2.394149700000000000e+07
2.328714700000000000e+07
2.264758900000000000e+07
2.203813200000000000e+07
2.145090100000000000e+07
2.088679000000000000e+07
2.035173200000000000e+07
1.982749100000000000e+07
1.932386000000000000e+07
1.884461100000000000e+07
1.838381400000000000e+07
1.794428100000000000e+07
1.751576100000000000e+07
1.710539500000000000e+07
1.672124300000000000e+07
1.635173400000000000e+07
1.598470800000000000e+07
3.656026100000000000e+07
3.687628200000000000e+07
3.712365300000000000e+07
3.732965200000000000e+07
3.750616800000000000e+07
3.765722200000000000e+07
3.779469800000000000e+07
3.791652100000000000e+07
3.803198800000000000e+07
3.826912200000000000e+07
3.847496700000000000e+07
3.866458700000000000e+07
3.884266400000000000e+07
3.902007100000000000e+07
3.919095400000000000e+07
3.955772500000000000e+07
3.995047400000000000e+07
4.034270100000000000e+07
4.071264000000000000e+07
4.105301400000000000e+07
4.134606800000000000e+07
4.159989900000000000e+07
4.180846200000000000e+07
4.197645500000000000e+07
4.209830100000000000e+07
4.217323000000000000e+07
4.219611200000000000e+07
4.217310600000000000e+07
4.210722600000000000e+07
4.199895300000000000e+07
4.166546600000000000e+07
4.119736100000000000e+07
4.062706100000000000e+07
4.001795200000000000e+07
3.932534100000000000e+07
3.856271200000000000e+07
3.776180400000000000e+07
3.693247300000000000e+07
3.607402400000000000e+07
3.520833700000000000e+07
3.433748200000000000e+07
3.345308200000000000e+07
3.258258200000000000e+07
3.170901300000000000e+07
3.085181000000000000e+07
3.000091000000000000e+07
2.917343500000000000e+07
2.835679300000000000e+07
2.756128100000000000e+07
2.679326200000000000e+07
2.604565100000000000e+07
2.532550200000000000e+07
2.462168700000000000e+07
2.393996400000000000e+07
2.329098700000000000e+07
2.265854000000000000e+07
2.205361200000000000e+07
2.147082900000000000e+07
2.090918200000000000e+07
2.037566400000000000e+07
1.985781700000000000e+07
1.936059300000000000e+07
1.888681100000000000e+07
1.842771000000000000e+07
1.798983200000000000e+07
1.756895000000000000e+07
1.716281100000000000e+07
1.678006900000000000e+07
1.640859000000000000e+07
1.604951500000000000e+07
3.726019500000000000e+07
3.748579900000000000e+07
3.767327900000000000e+07
3.783104900000000000e+07
3.797223400000000000e+07
3.809652000000000000e+07
3.821300100000000000e+07
3.830827900000000000e+07
3.853732600000000000e+07
3.873626900000000000e+07
3.891167500000000000e+07
3.907908600000000000e+07
3.924451900000000000e+07
3.941478200000000000e+07
3.975680200000000000e+07
4.012094400000000000e+07
4.048539700000000000e+07
4.083747000000000000e+07
4.115616900000000000e+07
4.143903300000000000e+07
4.168159700000000000e+07
4.188091400000000000e+07
4.203467400000000000e+07
4.214294300000000000e+07
4.220084600000000000e+07
4.221406400000000000e+07
4.218556900000000000e+07
4.210064400000000000e+07
4.198091900000000000e+07
4.163140400000000000e+07
4.115771300000000000e+07
4.057993400000000000e+07
3.995781200000000000e+07
3.925760600000000000e+07
3.848962400000000000e+07
3.769625400000000000e+07
3.685320900000000000e+07
3.599963600000000000e+07
3.513264900000000000e+07
3.426300600000000000e+07
3.338345100000000000e+07
3.251700600000000000e+07
3.165073300000000000e+07
3.079037600000000000e+07
2.995104400000000000e+07
2.912614400000000000e+07
2.831501100000000000e+07
2.752872100000000000e+07
2.675989500000000000e+07
2.601429900000000000e+07
2.529878100000000000e+07
2.460268800000000000e+07
2.392934200000000000e+07
2.328550100000000000e+07
2.266275300000000000e+07
2.205855600000000000e+07
2.147944900000000000e+07
2.093114900000000000e+07
2.040069400000000000e+07
1.988855600000000000e+07
1.939354200000000000e+07
1.892250000000000000e+07
1.845932800000000000e+07
1.802442200000000000e+07
1.761094600000000000e+07
1.720567600000000000e+07
1.682208200000000000e+07
1.645845900000000000e+07
1.609921100000000000e+07
3.777988500000000000e+07
3.795011600000000000e+07
3.809922200000000000e+07
3.822842200000000000e+07
3.834828300000000000e+07
3.844578500000000000e+07
3.854266900000000000e+07
3.875543700000000000e+07
3.893969500000000000e+07
3.910793700000000000e+07
3.926944300000000000e+07
3.943274100000000000e+07
3.958910300000000000e+07
3.992126400000000000e+07
4.026006700000000000e+07
4.060427300000000000e+07
4.093998900000000000e+07
4.124365500000000000e+07
4.151383800000000000e+07
4.174207500000000000e+07
4.193056600000000000e+07
4.207283000000000000e+07
4.216717200000000000e+07
4.221471700000000000e+07
4.221562900000000000e+07
4.217092500000000000e+07
4.208300800000000000e+07
4.195897000000000000e+07
4.158598500000000000e+07
4.109607300000000000e+07
4.052698800000000000e+07
3.989498600000000000e+07
3.918882400000000000e+07
3.842649800000000000e+07
3.761295400000000000e+07
3.678559900000000000e+07
3.592456100000000000e+07
3.506510700000000000e+07
3.418617500000000000e+07
3.331379800000000000e+07
3.244745700000000000e+07
3.157931300000000000e+07
3.073320600000000000e+07
2.989389400000000000e+07
2.907641000000000000e+07
2.827054300000000000e+07
2.748725400000000000e+07
2.672972800000000000e+07
2.598616200000000000e+07
2.527279900000000000e+07
2.458475300000000000e+07
2.392049500000000000e+07
2.328183500000000000e+07
2.265331100000000000e+07
2.206130300000000000e+07
2.148759300000000000e+07
2.093877900000000000e+07
2.040730800000000000e+07
1.990532300000000000e+07
1.941033800000000000e+07
1.894933800000000000e+07
1.849901700000000000e+07
1.806135000000000000e+07
1.764826800000000000e+07
1.725041100000000000e+07
1.687508800000000000e+07
1.649894000000000000e+07
1.614534600000000000e+07
3.818800300000000000e+07
3.832572600000000000e+07
3.845119700000000000e+07
3.855221100000000000e+07
3.865147600000000000e+07
3.874378900000000000e+07
3.894744600000000000e+07
3.911997700000000000e+07
3.928385500000000000e+07
3.943576400000000000e+07
3.958975100000000000e+07
3.974082800000000000e+07
4.005590500000000000e+07
4.038625600000000000e+07
4.071187700000000000e+07
4.102769400000000000e+07
4.131579700000000000e+07
4.157274800000000000e+07
4.179373900000000000e+07
4.196724300000000000e+07
4.210178500000000000e+07
4.218466400000000000e+07
4.221917700000000000e+07
4.220486600000000000e+07
4.215367500000000000e+07
4.205521600000000000e+07
4.191654700000000000e+07
4.153324900000000000e+07
4.104098600000000000e+07
4.047231800000000000e+07
3.983710800000000000e+07
3.911002700000000000e+07
3.833963800000000000e+07
3.753479100000000000e+07
3.669716600000000000e+07
3.584891900000000000e+07
3.498763900000000000e+07
3.411684100000000000e+07
3.324340200000000000e+07
3.237537800000000000e+07
3.151327200000000000e+07
3.067386700000000000e+07
2.983697000000000000e+07
2.902280500000000000e+07
2.822316400000000000e+07
2.744611900000000000e+07
2.669229000000000000e+07
2.595521900000000000e+07
2.524883400000000000e+07
2.456108200000000000e+07
2.389806700000000000e+07
2.326786700000000000e+07
2.265415800000000000e+07
2.206117800000000000e+07
2.149234100000000000e+07
2.094197200000000000e+07
2.041877500000000000e+07
1.992673000000000000e+07
1.943897600000000000e+07
1.896821500000000000e+07
1.852706300000000000e+07
1.809847000000000000e+07
1.768878000000000000e+07
1.729457800000000000e+07
1.690708400000000000e+07
1.655018200000000000e+07
1.618886000000000000e+07
3.852758700000000000e+07
3.863440300000000000e+07
3.873727200000000000e+07
3.883213000000000000e+07
3.891657400000000000e+07
3.910679200000000000e+07
3.927453700000000000e+07
3.943098800000000000e+07
3.957691500000000000e+07
3.972556300000000000e+07
3.987663200000000000e+07
4.017562600000000000e+07
4.048863300000000000e+07
4.079993200000000000e+07
4.110452000000000000e+07
4.138078800000000000e+07
4.162827100000000000e+07
4.183206800000000000e+07
4.199558500000000000e+07
4.211376900000000000e+07
4.218411600000000000e+07
4.220807200000000000e+07
4.218830000000000000e+07
4.212469100000000000e+07
4.201501000000000000e+07
4.186741300000000000e+07
4.147472600000000000e+07
4.097795900000000000e+07
4.041289200000000000e+07
3.975908500000000000e+07
3.903668200000000000e+07
3.826239900000000000e+07
3.745126200000000000e+07
3.661945800000000000e+07
3.576189500000000000e+07
3.490149400000000000e+07
3.404254700000000000e+07
3.316869800000000000e+07
3.230446000000000000e+07
3.144462000000000000e+07
3.060345900000000000e+07
2.977911400000000000e+07
2.896753200000000000e+07
2.816872900000000000e+07
2.739772500000000000e+07
2.664881400000000000e+07
2.592152300000000000e+07
2.521802000000000000e+07
2.454053400000000000e+07
2.388614500000000000e+07
2.325682900000000000e+07
2.264530100000000000e+07
2.205777700000000000e+07
2.150195700000000000e+07
2.095943700000000000e+07
2.043576500000000000e+07
1.993735300000000000e+07
1.945990600000000000e+07
1.899543100000000000e+07
1.855947500000000000e+07
1.812778900000000000e+07
1.772562100000000000e+07
1.732667700000000000e+07
1.694648100000000000e+07
1.657761400000000000e+07
1.622836900000000000e+07
3.880346800000000000e+07
3.890239100000000000e+07
3.898945800000000000e+07
3.906925200000000000e+07
3.925253600000000000e+07
3.941475500000000000e+07
3.956631400000000000e+07
3.970470100000000000e+07
3.984790600000000000e+07
3.998708200000000000e+07
4.028023600000000000e+07
4.058242700000000000e+07
4.088051200000000000e+07
4.117185700000000000e+07
4.143538600000000000e+07
4.166887000000000000e+07
4.186147100000000000e+07
4.201378300000000000e+07
4.212098400000000000e+07
4.218228600000000000e+07
4.219352300000000000e+07
4.216188600000000000e+07
4.208775800000000000e+07
4.197297700000000000e+07
4.182435400000000000e+07
4.141557700000000000e+07
4.091588500000000000e+07
4.034560300000000000e+07
3.967949900000000000e+07
3.896201200000000000e+07
3.818080200000000000e+07
3.737468100000000000e+07
3.654177300000000000e+07
3.568541500000000000e+07
3.483126000000000000e+07
3.395580200000000000e+07
3.309448100000000000e+07
3.222499800000000000e+07
3.137616300000000000e+07
3.054052500000000000e+07
2.971621700000000000e+07
2.891384800000000000e+07
2.812257400000000000e+07
2.735548200000000000e+07
2.660980700000000000e+07
2.589573500000000000e+07
2.519264600000000000e+07
2.451973800000000000e+07
2.386731700000000000e+07
2.323844900000000000e+07
2.264015000000000000e+07
2.206569700000000000e+07
2.149788400000000000e+07
2.096342900000000000e+07
2.044311300000000000e+07
1.995371400000000000e+07
1.948178200000000000e+07
1.902035900000000000e+07
1.858480700000000000e+07
1.815305800000000000e+07
1.775513800000000000e+07
1.735682000000000000e+07
1.697754200000000000e+07
1.661727200000000000e+07
1.626714200000000000e+07
3.904703800000000000e+07
3.912958100000000000e+07
3.921318400000000000e+07
3.938464500000000000e+07
3.953746400000000000e+07
3.968058600000000000e+07
3.982202400000000000e+07
3.995578700000000000e+07
4.009155000000000000e+07
4.037250200000000000e+07
4.066350600000000000e+07
4.095296000000000000e+07
4.122749900000000000e+07
4.148156400000000000e+07
4.170148100000000000e+07
4.188572000000000000e+07
4.202526700000000000e+07
4.212054200000000000e+07
4.216879900000000000e+07
4.217309300000000000e+07
4.213724100000000000e+07
4.204679700000000000e+07
4.192412800000000000e+07
4.176847000000000000e+07
4.136061400000000000e+07
4.085704000000000000e+07
4.027627500000000000e+07
3.960468800000000000e+07
3.887249900000000000e+07
3.810070700000000000e+07
3.729278600000000000e+07
3.645001700000000000e+07
3.560500700000000000e+07
3.474682900000000000e+07
3.387711100000000000e+07
3.301207400000000000e+07
3.216285100000000000e+07
3.131016200000000000e+07
3.048098800000000000e+07
2.965842700000000000e+07
2.886099500000000000e+07
2.807857400000000000e+07
2.731612100000000000e+07
2.657549900000000000e+07
2.586545300000000000e+07
2.517163400000000000e+07
2.449564000000000000e+07
2.385356100000000000e+07
2.323108000000000000e+07
2.263590700000000000e+07
2.205639700000000000e+07
2.150848100000000000e+07
2.098169100000000000e+07
2.045606200000000000e+07
1.997460000000000000e+07
1.949623500000000000e+07
1.904924100000000000e+07
1.860370300000000000e+07
1.818137700000000000e+07
1.778305400000000000e+07
1.739620200000000000e+07
1.702364400000000000e+07
1.666318100000000000e+07
1.631842500000000000e+07
3.926269600000000000e+07
3.933133700000000000e+07
3.949616600000000000e+07
3.964467000000000000e+07
3.978731900000000000e+07
3.991748300000000000e+07
4.004595300000000000e+07
4.018651800000000000e+07
4.045494000000000000e+07
4.073256400000000000e+07
4.101320200000000000e+07
4.127674100000000000e+07
4.151806700000000000e+07
4.172659800000000000e+07
4.189908700000000000e+07
4.203000700000000000e+07
4.211313800000000000e+07
4.215180000000000000e+07
4.214625700000000000e+07
4.209669700000000000e+07
4.200615400000000000e+07
4.188162600000000000e+07
4.171113800000000000e+07
4.129436500000000000e+07
4.079381200000000000e+07
4.019883000000000000e+07
3.952627600000000000e+07
3.880005500000000000e+07
3.802443600000000000e+07
3.720113000000000000e+07
3.638093500000000000e+07
3.551796700000000000e+07
3.466141700000000000e+07
3.380377600000000000e+07
3.293771900000000000e+07
3.209195900000000000e+07
3.124546300000000000e+07
3.041834700000000000e+07
2.960647000000000000e+07
2.880995700000000000e+07
2.802712400000000000e+07
2.727328200000000000e+07
2.653833700000000000e+07
2.582912200000000000e+07
2.514280200000000000e+07
2.448620900000000000e+07
2.384206100000000000e+07
2.322489800000000000e+07
2.262841400000000000e+07
2.207068600000000000e+07
2.151713100000000000e+07
2.098259100000000000e+07
2.046978800000000000e+07
1.998431300000000000e+07
1.951784700000000000e+07
1.907603500000000000e+07
1.862784200000000000e+07
1.821449300000000000e+07
1.781177800000000000e+07
1.742348500000000000e+07
1.705809400000000000e+07
1.669446300000000000e+07
1.635006400000000000e+07
3.944415000000000000e+07
3.960499000000000000e+07
3.974441800000000000e+07
3.987985700000000000e+07
4.000699300000000000e+07
4.013814700000000000e+07
4.026408400000000000e+07
4.053095500000000000e+07
4.079893400000000000e+07
4.106550400000000000e+07
4.131673200000000000e+07
4.154677800000000000e+07
4.174905100000000000e+07
4.190882900000000000e+07
4.203188700000000000e+07
4.210606400000000000e+07
4.213301600000000000e+07
4.211497700000000000e+07
4.206130200000000000e+07
4.196305600000000000e+07
4.182696600000000000e+07
4.165927900000000000e+07
4.123672500000000000e+07
4.072953500000000000e+07
4.012835100000000000e+07
3.944663500000000000e+07
3.871634300000000000e+07
3.793787800000000000e+07
3.712990300000000000e+07
3.629547500000000000e+07
3.544466500000000000e+07
3.458750200000000000e+07
3.373458800000000000e+07
3.286998200000000000e+07
3.202216300000000000e+07
3.118279700000000000e+07
3.035584100000000000e+07
2.954855500000000000e+07
2.875381900000000000e+07
2.798474600000000000e+07
2.723513400000000000e+07
2.650725000000000000e+07
2.580013200000000000e+07
2.512482300000000000e+07
2.446475400000000000e+07
2.383252700000000000e+07
2.321936900000000000e+07
2.262763900000000000e+07
2.206245800000000000e+07
2.151432900000000000e+07
2.099161500000000000e+07
2.048481400000000000e+07
2.000957900000000000e+07
1.954256000000000000e+07
1.909058800000000000e+07
1.865621400000000000e+07
1.823903900000000000e+07
1.784089400000000000e+07
1.746762400000000000e+07
1.708257600000000000e+07
1.673762400000000000e+07
1.639897700000000000e+07
3.982010100000000000e+07
3.995192400000000000e+07
4.007245000000000000e+07
4.019515600000000000e+07
4.031125500000000000e+07
4.043461200000000000e+07
4.067530700000000000e+07
4.092567300000000000e+07
4.116499600000000000e+07
4.139664800000000000e+07
4.160211000000000000e+07
4.177538800000000000e+07
4.190953100000000000e+07
4.200471500000000000e+07
4.205809500000000000e+07
4.206246400000000000e+07
4.202700600000000000e+07
4.196042800000000000e+07
4.184339300000000000e+07
4.170514500000000000e+07
4.151780600000000000e+07
4.109456700000000000e+07
4.057460200000000000e+07
3.994682200000000000e+07
3.926233700000000000e+07
3.852228100000000000e+07
3.773586200000000000e+07
3.692194000000000000e+07
3.608791500000000000e+07
3.525866000000000000e+07
3.439461600000000000e+07
3.355084800000000000e+07
3.269539400000000000e+07
3.186081100000000000e+07
3.103454700000000000e+07
3.021177300000000000e+07
2.941509100000000000e+07
2.864134700000000000e+07
2.788444100000000000e+07
2.714929700000000000e+07
2.643684900000000000e+07
2.574228300000000000e+07
2.507252500000000000e+07
2.442561100000000000e+07
2.380616600000000000e+07
2.320665400000000000e+07
2.262914400000000000e+07
2.207282300000000000e+07
2.154194600000000000e+07
2.102626800000000000e+07
2.052425000000000000e+07
2.004397100000000000e+07
1.959701500000000000e+07
1.915404600000000000e+07
1.873068400000000000e+07
1.831849700000000000e+07
1.792703600000000000e+07
1.754656500000000000e+07
1.717924800000000000e+07
1.682901100000000000e+07
1.649001800000000000e+07
4.010588700000000000e+07
4.022210000000000000e+07
4.033132600000000000e+07
4.044605000000000000e+07
4.055670700000000000e+07
4.078398400000000000e+07
4.101316200000000000e+07
4.123267200000000000e+07
4.144074300000000000e+07
4.162676700000000000e+07
4.177622400000000000e+07
4.189130200000000000e+07
4.196260500000000000e+07
4.199268700000000000e+07
4.198105100000000000e+07
4.193501900000000000e+07
4.184641700000000000e+07
4.172237400000000000e+07
4.157162500000000000e+07
4.139145400000000000e+07
4.095169100000000000e+07
4.039844900000000000e+07
3.977682400000000000e+07
3.907036800000000000e+07
3.832348900000000000e+07
3.754326200000000000e+07
3.672911100000000000e+07
3.590684000000000000e+07
3.507026100000000000e+07
3.422619800000000000e+07
3.338013400000000000e+07
3.253988000000000000e+07
3.170647400000000000e+07
3.089962000000000000e+07
3.009324100000000000e+07
2.931137800000000000e+07
2.854415000000000000e+07
2.779922800000000000e+07
2.707653500000000000e+07
2.637103600000000000e+07
2.569499000000000000e+07
2.503546800000000000e+07
2.439942400000000000e+07
2.379466300000000000e+07
2.320706700000000000e+07
2.263630600000000000e+07
2.208961500000000000e+07
2.155840700000000000e+07
2.105323800000000000e+07
2.057835800000000000e+07
2.010401400000000000e+07
1.964663800000000000e+07
1.921847700000000000e+07
1.879961000000000000e+07
1.839918600000000000e+07
1.801307500000000000e+07
1.763333500000000000e+07
1.728211000000000000e+07
1.692455100000000000e+07
1.658421700000000000e+07
4.032930300000000000e+07
4.043774400000000000e+07
4.054097600000000000e+07
4.064291200000000000e+07
4.085891100000000000e+07
4.106812700000000000e+07
4.127521200000000000e+07
4.146337200000000000e+07
4.162487400000000000e+07
4.175213600000000000e+07
4.184733000000000000e+07
4.190550800000000000e+07
4.191647200000000000e+07
4.189106600000000000e+07
4.183687700000000000e+07
4.173435400000000000e+07
4.161623200000000000e+07
4.144563200000000000e+07
4.126132400000000000e+07
4.079601800000000000e+07
4.023908800000000000e+07
3.958797400000000000e+07
3.889156600000000000e+07
3.814512700000000000e+07
3.735529300000000000e+07
3.655205400000000000e+07
3.572090700000000000e+07
3.489364000000000000e+07
3.406275500000000000e+07
3.322780800000000000e+07
3.239898500000000000e+07
3.157818600000000000e+07
3.076369100000000000e+07
2.997588000000000000e+07
2.921001000000000000e+07
2.844596700000000000e+07
2.772005300000000000e+07
2.700934900000000000e+07
2.632119200000000000e+07
2.565248600000000000e+07
2.500806000000000000e+07
2.438844800000000000e+07
2.378873900000000000e+07
2.320785500000000000e+07
2.265238000000000000e+07
2.211630800000000000e+07
2.160103400000000000e+07
2.110806900000000000e+07
2.061931800000000000e+07
2.016540500000000000e+07
1.971336400000000000e+07
1.928542900000000000e+07
1.887964600000000000e+07
1.847734600000000000e+07
1.809789600000000000e+07
1.772075900000000000e+07
1.737490900000000000e+07
1.702059900000000000e+07
1.669357100000000000e+07
4.050864600000000000e+07
4.060385300000000000e+07
4.070595800000000000e+07
4.090695800000000000e+07
4.110114900000000000e+07
4.129052900000000000e+07
4.146317400000000000e+07
4.160655900000000000e+07
4.172200100000000000e+07
4.179954300000000000e+07
4.183775500000000000e+07
4.183791700000000000e+07
4.180507800000000000e+07
4.173370600000000000e+07
4.163009200000000000e+07
4.149436200000000000e+07
4.132272400000000000e+07
4.111891700000000000e+07
4.063991900000000000e+07
4.006838800000000000e+07
3.941744800000000000e+07
3.871927700000000000e+07
3.797054300000000000e+07
3.719317900000000000e+07
3.638785000000000000e+07
3.556712100000000000e+07
3.473911800000000000e+07
3.391441900000000000e+07
3.308207800000000000e+07
3.226512400000000000e+07
3.145691300000000000e+07
3.066044300000000000e+07
2.988550700000000000e+07
2.911878500000000000e+07
2.838152400000000000e+07
2.766095600000000000e+07
2.696126600000000000e+07
2.628198200000000000e+07
2.563350900000000000e+07
2.499688200000000000e+07
2.438685600000000000e+07
2.379644300000000000e+07
2.322475400000000000e+07
2.267730400000000000e+07
2.214608700000000000e+07
2.163868900000000000e+07
2.114629400000000000e+07
2.068262400000000000e+07
2.022701400000000000e+07
1.978578100000000000e+07
1.935916000000000000e+07
1.894922400000000000e+07
1.855741100000000000e+07
1.819046400000000000e+07
1.780859300000000000e+07
1.746728900000000000e+07
1.713120800000000000e+07
1.679493300000000000e+07
4.064840600000000000e+07
4.074340200000000000e+07
4.093012800000000000e+07
4.111722300000000000e+07
4.129064400000000000e+07
4.144523400000000000e+07
4.157312600000000000e+07
4.167437400000000000e+07
4.174227000000000000e+07
4.176588000000000000e+07
4.175637700000000000e+07
4.172206200000000000e+07
4.163882600000000000e+07
4.153362000000000000e+07
4.137361100000000000e+07
4.120121400000000000e+07
4.098829200000000000e+07
4.050514500000000000e+07
3.991330500000000000e+07
3.926348400000000000e+07
3.855968400000000000e+07
3.780636100000000000e+07
3.702464300000000000e+07
3.622090100000000000e+07
3.542458900000000000e+07
3.459097300000000000e+07
3.377912300000000000e+07
3.295363700000000000e+07
3.215165500000000000e+07
3.135514500000000000e+07
3.056278200000000000e+07
2.979672300000000000e+07
2.905200800000000000e+07
2.832392700000000000e+07
2.761685000000000000e+07
2.693113700000000000e+07
2.626086300000000000e+07
2.561500300000000000e+07
2.499099000000000000e+07
2.439208100000000000e+07
2.381298600000000000e+07
2.325307800000000000e+07
2.271270000000000000e+07
2.219624200000000000e+07
2.169403900000000000e+07
2.120409200000000000e+07
2.073391100000000000e+07
2.029682600000000000e+07
1.986155800000000000e+07
1.944511800000000000e+07
1.903889200000000000e+07
1.865207600000000000e+07
1.827646900000000000e+07
1.791172600000000000e+07
1.756331100000000000e+07
1.722556400000000000e+07
1.689076500000000000e+07
4.076186400000000000e+07
4.093841200000000000e+07
4.111225200000000000e+07
4.127633900000000000e+07
4.141932100000000000e+07
4.153992400000000000e+07
4.162739900000000000e+07
4.167942900000000000e+07
4.169826700000000000e+07
4.168559900000000000e+07
4.163140700000000000e+07
4.154199100000000000e+07
4.141928900000000000e+07
4.126111400000000000e+07
4.107048600000000000e+07
4.086674200000000000e+07
4.035578000000000000e+07
3.977624200000000000e+07
3.910827500000000000e+07
3.839983800000000000e+07
3.765553300000000000e+07
3.687484500000000000e+07
3.608751600000000000e+07
3.528326500000000000e+07
3.447107100000000000e+07
3.365691000000000000e+07
3.284701600000000000e+07
3.204413100000000000e+07
3.126797400000000000e+07
3.049075200000000000e+07
2.973797100000000000e+07
2.899960900000000000e+07
2.828108100000000000e+07
2.758453300000000000e+07
2.690371700000000000e+07
2.625128000000000000e+07
2.561315900000000000e+07
2.499753800000000000e+07
2.441069600000000000e+07
2.384043600000000000e+07
2.328634000000000000e+07
2.275337700000000000e+07
2.223536900000000000e+07
2.174145300000000000e+07
2.127682300000000000e+07
2.081088600000000000e+07
2.036091500000000000e+07
1.993989500000000000e+07
1.952618700000000000e+07
1.913009100000000000e+07
1.874726600000000000e+07
1.837118900000000000e+07
1.802186300000000000e+07
1.766510200000000000e+07
1.732521300000000000e+07
1.700336100000000000e+07
4.092255000000000000e+07
4.108205300000000000e+07
4.122658200000000000e+07
4.135500900000000000e+07
4.145580000000000000e+07
4.152363000000000000e+07
4.155910700000000000e+07
4.156359500000000000e+07
4.152699500000000000e+07
4.145523300000000000e+07
4.134990400000000000e+07
4.120887400000000000e+07
4.103454900000000000e+07
4.084768700000000000e+07
4.061184500000000000e+07
4.009411900000000000e+07
3.949248100000000000e+07
3.884125800000000000e+07
3.813439300000000000e+07
3.739592400000000000e+07
3.662801900000000000e+07
3.584159600000000000e+07
3.504749100000000000e+07
3.425456900000000000e+07
3.345394800000000000e+07
3.266774800000000000e+07
3.188888100000000000e+07
3.112129000000000000e+07
3.037328900000000000e+07
2.963201700000000000e+07
2.892012800000000000e+07
2.822338100000000000e+07
2.754539600000000000e+07
2.688736800000000000e+07
2.625860400000000000e+07
2.563866200000000000e+07
2.504522200000000000e+07
2.446930700000000000e+07
2.391120300000000000e+07
2.337520000000000000e+07
2.285500300000000000e+07
2.235672100000000000e+07
2.187293900000000000e+07
2.141639200000000000e+07
2.096617900000000000e+07
2.053027100000000000e+07
2.010666100000000000e+07
1.969943000000000000e+07
1.931004100000000000e+07
1.894517600000000000e+07
1.856382300000000000e+07
1.822283400000000000e+07
1.788569300000000000e+07
1.754841100000000000e+07
1.722416400000000000e+07
4.102069100000000000e+07
4.115811700000000000e+07
4.127205500000000000e+07
4.135664200000000000e+07
4.141122500000000000e+07
4.143704400000000000e+07
4.142115900000000000e+07
4.137098000000000000e+07
4.128634500000000000e+07
4.116637400000000000e+07
4.101262100000000000e+07
4.084540800000000000e+07
4.062780100000000000e+07
4.040024700000000000e+07
3.988088600000000000e+07
3.926723000000000000e+07
3.860724500000000000e+07
3.790789100000000000e+07
3.716796800000000000e+07
3.641925300000000000e+07
3.565031100000000000e+07
3.487158100000000000e+07
3.408996000000000000e+07
3.330972400000000000e+07
3.253555600000000000e+07
3.178614800000000000e+07
3.103574500000000000e+07
3.030666900000000000e+07
2.959246400000000000e+07
2.889535600000000000e+07
2.821861100000000000e+07
2.755694300000000000e+07
2.692138600000000000e+07
2.629882400000000000e+07
2.569713600000000000e+07
2.512195900000000000e+07
2.456359000000000000e+07
2.401988200000000000e+07
2.349537900000000000e+07
2.298491000000000000e+07
2.249750200000000000e+07
2.203804700000000000e+07
2.157605800000000000e+07
2.112875800000000000e+07
2.071065400000000000e+07
2.029861100000000000e+07
1.990322500000000000e+07
1.952066000000000000e+07
1.914397600000000000e+07
1.879409500000000000e+07
1.843485400000000000e+07
1.809245100000000000e+07
1.776853600000000000e+07
1.745134000000000000e+07
4.107324900000000000e+07
4.117756900000000000e+07
4.125460800000000000e+07
4.130571300000000000e+07
4.131294400000000000e+07
4.128836300000000000e+07
4.122917000000000000e+07
4.113333700000000000e+07
4.100249500000000000e+07
4.085771300000000000e+07
4.066077100000000000e+07
4.045282800000000000e+07
4.021473100000000000e+07
3.967775000000000000e+07
3.908365400000000000e+07
3.842756600000000000e+07
3.773501400000000000e+07
3.700865300000000000e+07
3.626073600000000000e+07
3.550064600000000000e+07
3.474137600000000000e+07
3.397156500000000000e+07
3.321344800000000000e+07
3.246187700000000000e+07
3.171956500000000000e+07
3.099511500000000000e+07
3.027421900000000000e+07
2.958235400000000000e+07
2.890441000000000000e+07
2.824250900000000000e+07
2.760036200000000000e+07
2.698507300000000000e+07
2.637740600000000000e+07
2.579481600000000000e+07
2.522782800000000000e+07
2.467800600000000000e+07
2.414827000000000000e+07
2.363435400000000000e+07
2.314052300000000000e+07
2.266104000000000000e+07
2.220738500000000000e+07
2.175919800000000000e+07
2.132414900000000000e+07
2.090017300000000000e+07
2.049280000000000000e+07
2.010244400000000000e+07
1.973709900000000000e+07
1.935268700000000000e+07
1.900983200000000000e+07
1.866921200000000000e+07
1.832841900000000000e+07
1.800094400000000000e+07
1.769100800000000000e+07
4.108740000000000000e+07
4.116621500000000000e+07
4.120211400000000000e+07
4.120584800000000000e+07
4.117497000000000000e+07
4.110626500000000000e+07
4.100146200000000000e+07
4.088174500000000000e+07
4.070826800000000000e+07
4.052223800000000000e+07
4.030447100000000000e+07
4.007890800000000000e+07
3.953205400000000000e+07
3.893045200000000000e+07
3.828333400000000000e+07
3.758951000000000000e+07
3.688254200000000000e+07
3.615128800000000000e+07
3.540657900000000000e+07
3.465691900000000000e+07
3.390502400000000000e+07
3.315681400000000000e+07
3.243077800000000000e+07
3.170320200000000000e+07
3.099313800000000000e+07
3.029911100000000000e+07
2.961900500000000000e+07
2.895721800000000000e+07
2.830933000000000000e+07
2.768611200000000000e+07
2.707384400000000000e+07
2.648114500000000000e+07
2.591146300000000000e+07
2.536184800000000000e+07
2.482345300000000000e+07
2.430338500000000000e+07
2.379642800000000000e+07
2.331143900000000000e+07
2.285342100000000000e+07
2.239126200000000000e+07
2.194438700000000000e+07
2.152583600000000000e+07
2.111206000000000000e+07
2.071511200000000000e+07
2.033019700000000000e+07
1.995021600000000000e+07
1.959754500000000000e+07
1.923381800000000000e+07
1.888738800000000000e+07
1.855930600000000000e+07
1.823734400000000000e+07
1.793989200000000000e+07
4.108455900000000000e+07
4.111958800000000000e+07
4.112024500000000000e+07
4.108177900000000000e+07
4.100597900000000000e+07
4.091431100000000000e+07
4.076635600000000000e+07
4.060479900000000000e+07
4.040969300000000000e+07
4.020552500000000000e+07
3.995136300000000000e+07
3.942566500000000000e+07
3.882894000000000000e+07
3.818805300000000000e+07
3.750721500000000000e+07
3.680030200000000000e+07
3.607542800000000000e+07
3.534959200000000000e+07
3.460898500000000000e+07
3.387725900000000000e+07
3.315018500000000000e+07
3.242941900000000000e+07
3.172457600000000000e+07
3.102043200000000000e+07
3.034463000000000000e+07
2.968078200000000000e+07
2.903071200000000000e+07
2.839913400000000000e+07
2.779295900000000000e+07
2.719341200000000000e+07
2.661748700000000000e+07
2.605503500000000000e+07
2.550976100000000000e+07
2.498323500000000000e+07
2.447105800000000000e+07
2.397849200000000000e+07
2.349967600000000000e+07
2.304584300000000000e+07
2.259644600000000000e+07
2.216009600000000000e+07
2.173306400000000000e+07
2.132266600000000000e+07
2.092934600000000000e+07
2.056156800000000000e+07
2.017164600000000000e+07
1.982544200000000000e+07
1.947939600000000000e+07
1.913338400000000000e+07
1.880098000000000000e+07
1.848489400000000000e+07
1.816576300000000000e+07
4.106128700000000000e+07
4.105607200000000000e+07
4.101234300000000000e+07
4.095151400000000000e+07
4.083193800000000000e+07
4.069720800000000000e+07
4.052686000000000000e+07
4.034611300000000000e+07
4.011344500000000000e+07
3.987884500000000000e+07
3.934494000000000000e+07
3.875698100000000000e+07
3.811442100000000000e+07
3.745206900000000000e+07
3.676021100000000000e+07
3.604972600000000000e+07
3.533119500000000000e+07
3.460625400000000000e+07
3.388194800000000000e+07
3.317673200000000000e+07
3.246878200000000000e+07
3.177552900000000000e+07
3.109653200000000000e+07
3.042712100000000000e+07
2.977809100000000000e+07
2.914021900000000000e+07
2.852538300000000000e+07
2.791927500000000000e+07
2.733256400000000000e+07
2.676653700000000000e+07
2.621961700000000000e+07
2.568345000000000000e+07
2.516441600000000000e+07
2.465830300000000000e+07
2.417251600000000000e+07
2.371335000000000000e+07
2.324940700000000000e+07
2.279908500000000000e+07
2.237786200000000000e+07
2.196022600000000000e+07
2.155973700000000000e+07
2.117047900000000000e+07
2.078564500000000000e+07
2.042834400000000000e+07
2.005854700000000000e+07
1.970615700000000000e+07
1.937279700000000000e+07
1.904493400000000000e+07
1.874110300000000000e+07
1.843053100000000000e+07
4.101640900000000000e+07
4.098934300000000000e+07
4.090081800000000000e+07
4.079525600000000000e+07
4.065188600000000000e+07
4.049667500000000000e+07
4.028755200000000000e+07
4.007419600000000000e+07
3.984102900000000000e+07
3.931199200000000000e+07
3.872907400000000000e+07
3.809799600000000000e+07
3.743442800000000000e+07
3.674573700000000000e+07
3.605315800000000000e+07
3.534159600000000000e+07
3.463349500000000000e+07
3.392899600000000000e+07
3.322706700000000000e+07
3.253904700000000000e+07
3.184831200000000000e+07
3.118511200000000000e+07
3.053160400000000000e+07
2.989012400000000000e+07
2.926606100000000000e+07
2.866556200000000000e+07
2.807031000000000000e+07
2.749774300000000000e+07
2.693613800000000000e+07
2.639320800000000000e+07
2.586715100000000000e+07
2.535401300000000000e+07
2.486027200000000000e+07
2.437937700000000000e+07
2.392327200000000000e+07
2.347052200000000000e+07
2.303024800000000000e+07
2.259838300000000000e+07
2.218359400000000000e+07
2.178524700000000000e+07
2.141294200000000000e+07
2.101685000000000000e+07
2.066531600000000000e+07
2.031268800000000000e+07
1.996011500000000000e+07
1.962140000000000000e+07
1.929803300000000000e+07
1.897235700000000000e+07
1.867861000000000000e+07
4.096871900000000000e+07
4.089434300000000000e+07
4.078088100000000000e+07
4.065368300000000000e+07
4.046962500000000000e+07
4.027955900000000000e+07
4.006757300000000000e+07
3.982354500000000000e+07
3.930307200000000000e+07
3.871678000000000000e+07
3.810228400000000000e+07
3.745154400000000000e+07
3.677647600000000000e+07
3.608836200000000000e+07
3.538990700000000000e+07
3.468755800000000000e+07
3.400133800000000000e+07
3.331049500000000000e+07
3.263133900000000000e+07
3.196312200000000000e+07
3.130455100000000000e+07
3.066365600000000000e+07
3.003271100000000000e+07
2.942287400000000000e+07
2.882096000000000000e+07
2.823614900000000000e+07
2.767163300000000000e+07
2.712497600000000000e+07
2.658820900000000000e+07
2.606803900000000000e+07
2.555975600000000000e+07
2.507123600000000000e+07
2.460885700000000000e+07
2.414117900000000000e+07
2.368569200000000000e+07
2.325971400000000000e+07
2.283688500000000000e+07
2.243166500000000000e+07
2.203631700000000000e+07
2.164474800000000000e+07
2.128210000000000000e+07
2.090488900000000000e+07
2.054548300000000000e+07
2.020549500000000000e+07
1.987068400000000000e+07
1.956006200000000000e+07
1.924262700000000000e+07
1.893365200000000000e+07
4.091011500000000000e+07
4.081298900000000000e+07
4.065629500000000000e+07
4.049130600000000000e+07
4.030214200000000000e+07
4.007857100000000000e+07
3.985047300000000000e+07
3.933248800000000000e+07
3.875605800000000000e+07
3.813899700000000000e+07
3.748821000000000000e+07
3.682950100000000000e+07
3.614605000000000000e+07
3.546124000000000000e+07
3.477740100000000000e+07
3.409217900000000000e+07
3.341893600000000000e+07
3.273964100000000000e+07
3.208653000000000000e+07
3.144130700000000000e+07
3.080535500000000000e+07
3.018612500000000000e+07
2.958830500000000000e+07
2.899532100000000000e+07
2.842375300000000000e+07
2.785998100000000000e+07
2.731762800000000000e+07
2.678992300000000000e+07
2.627389200000000000e+07
2.577667800000000000e+07
2.529246000000000000e+07
2.483183200000000000e+07
2.437390600000000000e+07
2.392854100000000000e+07
2.349030800000000000e+07
2.306969300000000000e+07
2.266474200000000000e+07
2.228709200000000000e+07
2.188334400000000000e+07
2.152547700000000000e+07
2.116521500000000000e+07
2.080558900000000000e+07
2.045922400000000000e+07
2.012838300000000000e+07
1.979483300000000000e+07
1.949477200000000000e+07
1.919466300000000000e+07
4.084348700000000000e+07
4.070553300000000000e+07
4.054120300000000000e+07
4.033942900000000000e+07
4.013251700000000000e+07
3.989539400000000000e+07
3.937237700000000000e+07
3.880876500000000000e+07
3.820363600000000000e+07
3.756488500000000000e+07
3.690841400000000000e+07
3.623534300000000000e+07
3.555477400000000000e+07
3.488617400000000000e+07
3.421036600000000000e+07
3.354373100000000000e+07
3.288496800000000000e+07
3.223448000000000000e+07
3.159970300000000000e+07
3.097314900000000000e+07
3.036622400000000000e+07
2.976568400000000000e+07
2.918121200000000000e+07
2.861663100000000000e+07
2.806782600000000000e+07
2.752875800000000000e+07
2.700536100000000000e+07
2.649336600000000000e+07
2.600047400000000000e+07
2.553323100000000000e+07
2.506031200000000000e+07
2.459849000000000000e+07
2.416641800000000000e+07
2.373723600000000000e+07
2.332606000000000000e+07
2.292324600000000000e+07
2.252401100000000000e+07
2.215479400000000000e+07
2.176939800000000000e+07
2.140241000000000000e+07
2.105464000000000000e+07
2.071224300000000000e+07
2.039435600000000000e+07
2.006875100000000000e+07
1.975203000000000000e+07
1.944282400000000000e+07
4.078111800000000000e+07
4.060286700000000000e+07
4.041856000000000000e+07
4.020146700000000000e+07
3.997397800000000000e+07
3.945819800000000000e+07
3.889241600000000000e+07
3.828209000000000000e+07
3.765881500000000000e+07
3.700407400000000000e+07
3.634183400000000000e+07
3.567810700000000000e+07
3.500862000000000000e+07
3.434914700000000000e+07
3.367966900000000000e+07
3.303463400000000000e+07
3.239532500000000000e+07
3.176395300000000000e+07
3.114747800000000000e+07
3.055092600000000000e+07
2.995801500000000000e+07
2.938561900000000000e+07
2.881933100000000000e+07
2.827447600000000000e+07
2.774343100000000000e+07
2.722309500000000000e+07
2.672138900000000000e+07
2.623136600000000000e+07
2.576565600000000000e+07
2.530180000000000000e+07
2.484963500000000000e+07
2.440394600000000000e+07
2.397649700000000000e+07
2.356432300000000000e+07
2.317964100000000000e+07
2.276742800000000000e+07
2.240288600000000000e+07
2.203401300000000000e+07
2.166646000000000000e+07
2.131195200000000000e+07
2.097274300000000000e+07
2.063123600000000000e+07
2.032325200000000000e+07
2.001546200000000000e+07
1.969935200000000000e+07
4.070575200000000000e+07
4.051003100000000000e+07
4.030181900000000000e+07
4.005847500000000000e+07
3.955254800000000000e+07
3.899626600000000000e+07
3.839639700000000000e+07
3.777240600000000000e+07
3.712561300000000000e+07
3.646755800000000000e+07
3.581540900000000000e+07
3.515463400000000000e+07
3.449897600000000000e+07
3.384858300000000000e+07
3.320472600000000000e+07
3.257433500000000000e+07
3.195057100000000000e+07
3.134515300000000000e+07
3.074451200000000000e+07
3.015914300000000000e+07
2.959219000000000000e+07
2.904038100000000000e+07
2.849727600000000000e+07
2.796956400000000000e+07
2.745265200000000000e+07
2.695411000000000000e+07
2.648073800000000000e+07
2.600149600000000000e+07
2.553215100000000000e+07
2.509297500000000000e+07
2.465647900000000000e+07
2.423838200000000000e+07
2.382749700000000000e+07
2.341990400000000000e+07
2.304322600000000000e+07
2.264889500000000000e+07
2.227401900000000000e+07
2.191748100000000000e+07
2.156742800000000000e+07
2.124093100000000000e+07
2.090691700000000000e+07
2.058205200000000000e+07
2.026513400000000000e+07
1.995091700000000000e+07
4.063070300000000000e+07
4.040666100000000000e+07
4.018373700000000000e+07
3.967436300000000000e+07
3.910901400000000000e+07
3.852335100000000000e+07
3.789936900000000000e+07
3.726033500000000000e+07
3.661710000000000000e+07
3.596292300000000000e+07
3.531666100000000000e+07
3.465614300000000000e+07
3.401839700000000000e+07
3.338358100000000000e+07
3.275578800000000000e+07
3.214063600000000000e+07
3.154377700000000000e+07
3.095003500000000000e+07
3.037510700000000000e+07
2.980577900000000000e+07
2.925696600000000000e+07
2.872133800000000000e+07
2.819564000000000000e+07
2.768835800000000000e+07
2.719167900000000000e+07
2.671975000000000000e+07
2.624824400000000000e+07
2.578929600000000000e+07
2.533480200000000000e+07
2.490007600000000000e+07
2.447969000000000000e+07
2.408808000000000000e+07
2.366642600000000000e+07
2.329449000000000000e+07
2.291612800000000000e+07
2.254004700000000000e+07
2.217749800000000000e+07
2.182905100000000000e+07
2.147900300000000000e+07
2.116305600000000000e+07
2.084681800000000000e+07
2.052213400000000000e+07
2.022637300000000000e+07
4.054899300000000000e+07
4.031347000000000000e+07
3.981143900000000000e+07
3.925451900000000000e+07
3.866542900000000000e+07
3.804697000000000000e+07
3.741203700000000000e+07
3.677722000000000000e+07
3.613023900000000000e+07
3.548565100000000000e+07
3.484328800000000000e+07
3.420500000000000000e+07
3.357777700000000000e+07
3.295597900000000000e+07
3.235089300000000000e+07
3.174956000000000000e+07
3.116206700000000000e+07
3.059180500000000000e+07
3.003627100000000000e+07
2.948775500000000000e+07
2.895485700000000000e+07
2.843202500000000000e+07
2.792665400000000000e+07
2.744662800000000000e+07
2.696028000000000000e+07
2.648328100000000000e+07
2.603559900000000000e+07
2.559128700000000000e+07
2.516545000000000000e+07
2.474592700000000000e+07
2.432955800000000000e+07
2.394461700000000000e+07
2.354066700000000000e+07
2.315737500000000000e+07
2.279224800000000000e+07
2.243345400000000000e+07
2.209891300000000000e+07
2.175547200000000000e+07
2.142224900000000000e+07
2.109612200000000000e+07
2.077379000000000000e+07
2.048404100000000000e+07
4.046708200000000000e+07
3.995257900000000000e+07
3.940855100000000000e+07
3.881817000000000000e+07
3.820332600000000000e+07
3.758202500000000000e+07
3.694288700000000000e+07
3.631080500000000000e+07
3.565915100000000000e+07
3.502781200000000000e+07
3.439707200000000000e+07
3.377219200000000000e+07
3.315771400000000000e+07
3.255979600000000000e+07
3.196425300000000000e+07
3.138541400000000000e+07
3.081295100000000000e+07
3.025910800000000000e+07
2.971847800000000000e+07
2.918635800000000000e+07
2.867260800000000000e+07
2.816892100000000000e+07
2.768974600000000000e+07
2.721088900000000000e+07
2.674454800000000000e+07
2.628033500000000000e+07
2.583765600000000000e+07
2.540843300000000000e+07
2.500879700000000000e+07
2.457765400000000000e+07
2.419819800000000000e+07
2.380940700000000000e+07
2.342471400000000000e+07
2.305306900000000000e+07
2.269546200000000000e+07
2.233680800000000000e+07
2.201213800000000000e+07
2.168767700000000000e+07
2.135365600000000000e+07
2.104953800000000000e+07
2.072633000000000000e+07
4.030050500000000000e+07
3.974718000000000000e+07
3.915893300000000000e+07
3.856238800000000000e+07
3.793995800000000000e+07
3.732230800000000000e+07
3.668013100000000000e+07
3.605550900000000000e+07
3.542902900000000000e+07
3.480641700000000000e+07
3.419199700000000000e+07
3.359310800000000000e+07
3.299513900000000000e+07
3.241175600000000000e+07
3.183577500000000000e+07
3.127704400000000000e+07
3.073011600000000000e+07
3.019147900000000000e+07
2.967047500000000000e+07
2.915944900000000000e+07
2.867288300000000000e+07
2.818539900000000000e+07
2.771065400000000000e+07
2.723726200000000000e+07
2.678601700000000000e+07
2.634760500000000000e+07
2.594022000000000000e+07
2.549866300000000000e+07
2.511100000000000000e+07
2.471234600000000000e+07
2.431867100000000000e+07
2.393792400000000000e+07
2.357055900000000000e+07
2.320312300000000000e+07
2.286980000000000000e+07
2.253598300000000000e+07
2.219324100000000000e+07
2.187970100000000000e+07
2.154761800000000000e+07
2.124029100000000000e+07
4.011909400000000000e+07
3.954821500000000000e+07
3.894617600000000000e+07
3.834310400000000000e+07
3.771208100000000000e+07
3.709443500000000000e+07
3.647215500000000000e+07
3.585253500000000000e+07
3.523852200000000000e+07
3.463841700000000000e+07
3.403815600000000000e+07
3.344888900000000000e+07
3.287007700000000000e+07
3.230584300000000000e+07
3.175283300000000000e+07
3.120722300000000000e+07
3.067936600000000000e+07
3.016032800000000000e+07
2.966612400000000000e+07
2.916989400000000000e+07
2.868611900000000000e+07
2.820362600000000000e+07
2.774367600000000000e+07
2.729567800000000000e+07
2.687968900000000000e+07
2.642851700000000000e+07
2.603166400000000000e+07
2.562356300000000000e+07
2.522021400000000000e+07
2.482967000000000000e+07
2.445337000000000000e+07
2.407665000000000000e+07
2.373435800000000000e+07
2.339162100000000000e+07
2.303935000000000000e+07
2.271709700000000000e+07
2.237555800000000000e+07
2.205908400000000000e+07
2.174933500000000000e+07
3.995258800000000000e+07
3.936611700000000000e+07
3.874670100000000000e+07
3.813860500000000000e+07
3.752208400000000000e+07
3.690545100000000000e+07
3.629173200000000000e+07
3.569124000000000000e+07
3.508872300000000000e+07
3.449590600000000000e+07
3.391218700000000000e+07
3.334301100000000000e+07
3.278362900000000000e+07
3.223100200000000000e+07
3.169533700000000000e+07
3.116861100000000000e+07
3.066653800000000000e+07
3.016161100000000000e+07
2.966914100000000000e+07
2.917694000000000000e+07
2.870832900000000000e+07
2.825055700000000000e+07
2.782612700000000000e+07
2.736470700000000000e+07
2.695878700000000000e+07
2.654098500000000000e+07
2.612783800000000000e+07
2.572801800000000000e+07
2.534198700000000000e+07
2.495623700000000000e+07
2.460441800000000000e+07
2.425280000000000000e+07
2.389090500000000000e+07
2.355945900000000000e+07
2.320933500000000000e+07
2.288351000000000000e+07
2.256522200000000000e+07
2.224771400000000000e+07
3.978018400000000000e+07
3.918278200000000000e+07
3.857307600000000000e+07
3.796063500000000000e+07
3.734829400000000000e+07
3.674794200000000000e+07
3.614357300000000000e+07
3.554721600000000000e+07
3.495965200000000000e+07
3.438556200000000000e+07
3.381986500000000000e+07
3.326021100000000000e+07
3.271708600000000000e+07
3.218241900000000000e+07
3.167280400000000000e+07
3.115889400000000000e+07
3.065721500000000000e+07
3.015586600000000000e+07
2.967855500000000000e+07
2.921066500000000000e+07
2.877771700000000000e+07
2.830609100000000000e+07
2.789133000000000000e+07
2.746340100000000000e+07
2.704085700000000000e+07
2.663128000000000000e+07
2.623545100000000000e+07
2.584069100000000000e+07
2.548013600000000000e+07
2.511906200000000000e+07
2.474789000000000000e+07
2.440690400000000000e+07
2.404789900000000000e+07
2.371197300000000000e+07
2.338556200000000000e+07
2.305867800000000000e+07
2.273704200000000000e+07
3.962102300000000000e+07
3.901400900000000000e+07
3.840431700000000000e+07
3.780494900000000000e+07
3.719925800000000000e+07
3.660011300000000000e+07
3.600895200000000000e+07
3.543028500000000000e+07
3.485881200000000000e+07
3.429287300000000000e+07
3.374202200000000000e+07
3.319967600000000000e+07
3.268343500000000000e+07
3.216002700000000000e+07
3.164914900000000000e+07
3.113811700000000000e+07
3.065192300000000000e+07
3.017493700000000000e+07
2.973377300000000000e+07
2.925157400000000000e+07
2.882773400000000000e+07
2.838993200000000000e+07
2.795807100000000000e+07
2.753890100000000000e+07
2.713337300000000000e+07
2.672920000000000000e+07
2.635923400000000000e+07
2.598928700000000000e+07
2.560865500000000000e+07
2.525796500000000000e+07
2.489092700000000000e+07
2.454479000000000000e+07
2.421004100000000000e+07
2.387419900000000000e+07
2.354400800000000000e+07
2.323297700000000000e+07
3.945601500000000000e+07
3.885890500000000000e+07
3.825341800000000000e+07
3.765193800000000000e+07
3.705808600000000000e+07
3.647509900000000000e+07
3.589832900000000000e+07
3.532647600000000000e+07
3.476813400000000000e+07
3.421857800000000000e+07
3.369570800000000000e+07
3.316278400000000000e+07
3.264351100000000000e+07
3.212353600000000000e+07
3.162813400000000000e+07
3.114216700000000000e+07
3.069224400000000000e+07
3.019951200000000000e+07
2.976728300000000000e+07
2.931964500000000000e+07
2.887808900000000000e+07
2.844944000000000000e+07
2.803434600000000000e+07
2.762078600000000000e+07
2.724230700000000000e+07
2.686306500000000000e+07
2.647313200000000000e+07
2.611285800000000000e+07
2.573725300000000000e+07
2.538129600000000000e+07
2.503816900000000000e+07
2.469306800000000000e+07
2.435405400000000000e+07
2.403426400000000000e+07
2.371290400000000000e+07
3.930264600000000000e+07
3.870062000000000000e+07
3.810428500000000000e+07
3.751808700000000000e+07
3.693691900000000000e+07
3.635929000000000000e+07
3.579388700000000000e+07
3.523751700000000000e+07
3.470829800000000000e+07
3.416578700000000000e+07
3.363883300000000000e+07
3.310971300000000000e+07
3.260600200000000000e+07
3.211060000000000000e+07
3.165243500000000000e+07
3.114928800000000000e+07
3.070780900000000000e+07
3.025162800000000000e+07
2.980065400000000000e+07
2.936215500000000000e+07
2.893787900000000000e+07
2.851522300000000000e+07
2.812705700000000000e+07
2.773912200000000000e+07
2.734010700000000000e+07
2.696988000000000000e+07
2.658584300000000000e+07
2.622086800000000000e+07
2.586868000000000000e+07
2.551374700000000000e+07
2.516777200000000000e+07
2.483900700000000000e+07
2.450869700000000000e+07
2.418755500000000000e+07
3.914548000000000000e+07
3.855716700000000000e+07
3.797230500000000000e+07
3.738954800000000000e+07
3.681766700000000000e+07
3.625489500000000000e+07
3.571957900000000000e+07
3.516799000000000000e+07
3.463363500000000000e+07
3.409588800000000000e+07
3.358466800000000000e+07
3.307959200000000000e+07
3.261346600000000000e+07
3.210072700000000000e+07
3.164881000000000000e+07
3.118470200000000000e+07
3.072421400000000000e+07
3.027716700000000000e+07
2.984320300000000000e+07
2.941198000000000000e+07
2.901344300000000000e+07
2.861788900000000000e+07
2.820889400000000000e+07
2.782980500000000000e+07
2.743666200000000000e+07
2.706217500000000000e+07
2.670266100000000000e+07
2.633747600000000000e+07
2.598348900000000000e+07
2.564604600000000000e+07
2.530739700000000000e+07
2.497781800000000000e+07
2.466456300000000000e+07
3.900124600000000000e+07
3.841487300000000000e+07
3.783775300000000000e+07
3.726940900000000000e+07
3.672848100000000000e+07
3.616851800000000000e+07
3.562696700000000000e+07
3.508099500000000000e+07
3.456125400000000000e+07
3.404843900000000000e+07
3.357418100000000000e+07
3.305143300000000000e+07
3.259057000000000000e+07
3.211820000000000000e+07
3.164858200000000000e+07
3.119227900000000000e+07
3.074914500000000000e+07
3.030937100000000000e+07
2.990138900000000000e+07
2.949740200000000000e+07
2.907956500000000000e+07
2.869156100000000000e+07
2.828917400000000000e+07
2.790562500000000000e+07
2.753778700000000000e+07
2.716296900000000000e+07
2.680161400000000000e+07
2.645494500000000000e+07
2.610832700000000000e+07
2.577083500000000000e+07
2.544920100000000000e+07
2.512206000000000000e+07
3.885284300000000000e+07
3.827950300000000000e+07
3.773383200000000000e+07
3.716551100000000000e+07
3.661715100000000000e+07
3.606389300000000000e+07
3.553634100000000000e+07
3.501557400000000000e+07
3.453321800000000000e+07
3.400168900000000000e+07
3.353202000000000000e+07
3.305131300000000000e+07
3.257280200000000000e+07
3.210814500000000000e+07
3.165572100000000000e+07
3.120689700000000000e+07
3.079027300000000000e+07
3.037847100000000000e+07
2.995169600000000000e+07
2.955397200000000000e+07
2.914282100000000000e+07
2.875079500000000000e+07
2.837444900000000000e+07
2.799041300000000000e+07
2.762260400000000000e+07
2.726569400000000000e+07
2.691131000000000000e+07
2.656556200000000000e+07
2.623575600000000000e+07
2.589965600000000000e+07
2.557708500000000000e+07
3.873386300000000000e+07
3.815741500000000000e+07
3.760433300000000000e+07
3.704368700000000000e+07
3.650897100000000000e+07
3.598019200000000000e+07
3.549038500000000000e+07
3.495061300000000000e+07
3.447167500000000000e+07
3.398275900000000000e+07
3.349624000000000000e+07
3.302301600000000000e+07
3.256183200000000000e+07
3.210463900000000000e+07
3.167914500000000000e+07
3.125963800000000000e+07
3.082408500000000000e+07
3.041775700000000000e+07
2.999733900000000000e+07
2.959635700000000000e+07
2.921255400000000000e+07
2.881893700000000000e+07
2.844333200000000000e+07
2.807808500000000000e+07
2.771607000000000000e+07
2.736154100000000000e+07
2.702367700000000000e+07
2.667964400000000000e+07
2.634957300000000000e+07
2.601210200000000000e+07
3.858647700000000000e+07
3.801897800000000000e+07
3.747708100000000000e+07
3.694143400000000000e+07
3.644477000000000000e+07
3.589667400000000000e+07
3.540953000000000000e+07
3.491272500000000000e+07
3.441821600000000000e+07
3.393674600000000000e+07
3.346726800000000000e+07
3.300164900000000000e+07
3.256763500000000000e+07
3.214024800000000000e+07
3.169564600000000000e+07
3.128106300000000000e+07
3.085184600000000000e+07
3.044269300000000000e+07
3.005103100000000000e+07
2.964807100000000000e+07
2.926456800000000000e+07
2.889107800000000000e+07
2.852144400000000000e+07
2.815928200000000000e+07
2.781331200000000000e+07
2.746113600000000000e+07
2.712301200000000000e+07
2.677787500000000000e+07
2.647853700000000000e+07
3.844132100000000000e+07
3.789879500000000000e+07
3.739502000000000000e+07
3.684005800000000000e+07
3.634442900000000000e+07
3.584035000000000000e+07
3.533827300000000000e+07
3.484889000000000000e+07
3.437111000000000000e+07
3.389696000000000000e+07
3.345511600000000000e+07
3.302034300000000000e+07
3.256656400000000000e+07
3.214261600000000000e+07
3.170670100000000000e+07
3.128863900000000000e+07
3.088968500000000000e+07
3.047747300000000000e+07
3.008598900000000000e+07
2.970485400000000000e+07
2.932727000000000000e+07
2.895778800000000000e+07
2.860325100000000000e+07
2.824295200000000000e+07
2.789752600000000000e+07
2.754492500000000000e+07
2.723822000000000000e+07
2.687316200000000000e+07
3.834130200000000000e+07
3.777915700000000000e+07
3.727563000000000000e+07
3.676471300000000000e+07
3.625545300000000000e+07
3.576009800000000000e+07
3.527299500000000000e+07
3.479064300000000000e+07
3.434100600000000000e+07
3.389894200000000000e+07
3.343701500000000000e+07
3.300339900000000000e+07
3.256072100000000000e+07
3.213429600000000000e+07
3.172816100000000000e+07
3.130693700000000000e+07
3.090806800000000000e+07
3.051792400000000000e+07
3.013386600000000000e+07
2.975613400000000000e+07
2.939441600000000000e+07
2.902539800000000000e+07
2.867275000000000000e+07
2.831249600000000000e+07
2.799935600000000000e+07
2.762571500000000000e+07
2.731559700000000000e+07
3.820147300000000000e+07
3.768579400000000000e+07
3.716841900000000000e+07
3.666753700000000000e+07
3.617114200000000000e+07
3.568237900000000000e+07
3.522480200000000000e+07
3.477527600000000000e+07
3.430558700000000000e+07
3.386305900000000000e+07
3.341359400000000000e+07
3.297914400000000000e+07
3.256526500000000000e+07
3.213567000000000000e+07
3.172948700000000000e+07
3.133095700000000000e+07
3.094013800000000000e+07
3.055669600000000000e+07
3.018503100000000000e+07
2.980888400000000000e+07
2.944803500000000000e+07
2.908110100000000000e+07
2.875996400000000000e+07
2.837885800000000000e+07
2.806242700000000000e+07
2.772236900000000000e+07
3.807794300000000000e+07
3.757164900000000000e+07
3.706760900000000000e+07
3.657095300000000000e+07
3.610653200000000000e+07
3.564879500000000000e+07
3.517199900000000000e+07
3.472077100000000000e+07
3.426543500000000000e+07
3.382305600000000000e+07
3.340165100000000000e+07
3.296365000000000000e+07
3.255021200000000000e+07
3.214415500000000000e+07
3.174639900000000000e+07
3.135596700000000000e+07
3.097628600000000000e+07
3.059243900000000000e+07
3.022478500000000000e+07
2.985021900000000000e+07
2.952215300000000000e+07
2.913321300000000000e+07
2.880911500000000000e+07
2.846224500000000000e+07
2.814362300000000000e+07
3.796024800000000000e+07
3.745614200000000000e+07
3.698475900000000000e+07
3.652006300000000000e+07
3.603633300000000000e+07
3.557665000000000000e+07
3.511451500000000000e+07
3.466467700000000000e+07
3.423631200000000000e+07
3.379064400000000000e+07
3.337021400000000000e+07
3.295596600000000000e+07
3.255191200000000000e+07
3.215253500000000000e+07
3.176667400000000000e+07
3.137504000000000000e+07
3.100044800000000000e+07
3.061961800000000000e+07
3.028378600000000000e+07
2.988769100000000000e+07
2.955652700000000000e+07
2.920305400000000000e+07
2.887726000000000000e+07
2.854116500000000000e+07
3.785982400000000000e+07
3.738836200000000000e+07
3.689688700000000000e+07
3.643040900000000000e+07
3.596179300000000000e+07
3.550436900000000000e+07
3.506847700000000000e+07
3.461554500000000000e+07
3.418845700000000000e+07
3.376676000000000000e+07
3.335653800000000000e+07
3.294920500000000000e+07
3.255682300000000000e+07
3.215775700000000000e+07
3.177610100000000000e+07
3.138972000000000000e+07
3.104589500000000000e+07
3.064209700000000000e+07
3.030400200000000000e+07
2.994381600000000000e+07
2.961119600000000000e+07
2.926847200000000000e+07
2.893466500000000000e+07
3.775316900000000000e+07
3.728043500000000000e+07
3.680620800000000000e+07
3.634143900000000000e+07
3.589902500000000000e+07
3.543879900000000000e+07
3.500497200000000000e+07
3.457614200000000000e+07
3.415934600000000000e+07
3.374454800000000000e+07
3.334541200000000000e+07
3.293930300000000000e+07
3.255083900000000000e+07
3.215870500000000000e+07
3.180700000000000000e+07
3.139641400000000000e+07
3.105088500000000000e+07
3.068434200000000000e+07
3.034465900000000000e+07
2.999565400000000000e+07
2.965598400000000000e+07
2.933021300000000000e+07
3.764742800000000000e+07
3.717569800000000000e+07
3.672677900000000000e+07
3.625962900000000000e+07
3.581943100000000000e+07
3.538334800000000000e+07
3.496071800000000000e+07
3.453834600000000000e+07
3.413287400000000000e+07
3.371951900000000000e+07
3.332509700000000000e+07
3.292632500000000000e+07
3.256616800000000000e+07
3.215015200000000000e+07
3.179830200000000000e+07
3.142500500000000000e+07
3.107911300000000000e+07
3.072303800000000000e+07
3.037743500000000000e+07
3.004414900000000000e+07
2.971090800000000000e+07
3.755122800000000000e+07
3.707772400000000000e+07
3.663156800000000000e+07
3.618834900000000000e+07
3.576016500000000000e+07
3.533059000000000000e+07
3.491867300000000000e+07
3.449882700000000000e+07
3.409831100000000000e+07
3.369271700000000000e+07
3.332479200000000000e+07
3.290330600000000000e+07
3.254450900000000000e+07
3.216500300000000000e+07
3.181244800000000000e+07
3.145016500000000000e+07
3.109933300000000000e+07
3.075887300000000000e+07
3.041981100000000000e+07
3.007946800000000000e+07
3.744090100000000000e+07
3.699135100000000000e+07
3.655674400000000000e+07
3.612080900000000000e+07
3.570233000000000000e+07
3.527624700000000000e+07
3.486943300000000000e+07
3.445791700000000000e+07
3.408239200000000000e+07
3.365529200000000000e+07
3.328983300000000000e+07
3.290425300000000000e+07
3.254477800000000000e+07
3.217696900000000000e+07
3.182064600000000000e+07
3.147291400000000000e+07
3.112750200000000000e+07
3.078177000000000000e+07
3.045687700000000000e+07
3.735080700000000000e+07
3.690824600000000000e+07
3.648381600000000000e+07
3.605164100000000000e+07
3.563872500000000000e+07
3.522100700000000000e+07
3.483874500000000000e+07
3.440564100000000000e+07
3.403409900000000000e+07
3.364207000000000000e+07
3.327581400000000000e+07
3.290262200000000000e+07
3.254077900000000000e+07
3.218663600000000000e+07
3.183529100000000000e+07
3.148462100000000000e+07
3.115358200000000000e+07
3.080495600000000000e+07
3.726241600000000000e+07
3.682469000000000000e+07
3.640614000000000000e+07
3.598221500000000000e+07
3.559335200000000000e+07
3.515464500000000000e+07
3.477740800000000000e+07
3.437845000000000000e+07
3.400571100000000000e+07
3.362761200000000000e+07
3.326046700000000000e+07
3.289954100000000000e+07
3.254227400000000000e+07
3.218726300000000000e+07
3.184948700000000000e+07
3.149417200000000000e+07
3.118120400000000000e+07
3.717144100000000000e+07
3.674146200000000000e+07
3.634577800000000000e+07
3.590108400000000000e+07
3.551844500000000000e+07
3.511348900000000000e+07
3.473469400000000000e+07
3.435146200000000000e+07
3.397908400000000000e+07
3.361183500000000000e+07
3.324865800000000000e+07
3.288859200000000000e+07
3.254483700000000000e+07
3.218334400000000000e+07
3.186545100000000000e+07
3.153695400000000000e+07
3.709617400000000000e+07
3.664579300000000000e+07
3.625773100000000000e+07
3.584675600000000000e+07
3.546191300000000000e+07
3.507404300000000000e+07
3.469680400000000000e+07
3.432333600000000000e+07
3.395405300000000000e+07
3.358917100000000000e+07
3.323976100000000000e+07
3.287238900000000000e+07
3.254836400000000000e+07
3.221563000000000000e+07
3.187043500000000000e+07
3.699497300000000000e+07
3.657802700000000000e+07
3.618740200000000000e+07
3.579465500000000000e+07
3.541289800000000000e+07
3.503411200000000000e+07
3.465810700000000000e+07
3.428849900000000000e+07
3.393407200000000000e+07
3.356074200000000000e+07
3.323096400000000000e+07
3.289347500000000000e+07
3.254245700000000000e+07
3.220277100000000000e+07
3.691113000000000000e+07
3.651350300000000000e+07
3.612739600000000000e+07
3.574294900000000000e+07
3.536100000000000000e+07
3.498662400000000000e+07
3.462749500000000000e+07
3.424739000000000000e+07
3.391253700000000000e+07
3.357080800000000000e+07
3.321358400000000000e+07
3.286904800000000000e+07
3.249035000000000000e+07
3.684023300000000000e+07
3.644928100000000000e+07
3.606235900000000000e+07
3.568334100000000000e+07
3.532022400000000000e+07
3.493273800000000000e+07
3.459312100000000000e+07
3.424743400000000000e+07
3.388387900000000000e+07
3.353483000000000000e+07
3.314979500000000000e+07
3.285392600000000000e+07
3.676189700000000000e+07
3.637850500000000000e+07
3.601000600000000000e+07
3.561679800000000000e+07
3.527253700000000000e+07
3.492289400000000000e+07
3.455322000000000000e+07
3.419964300000000000e+07
3.380859000000000000e+07
3.350835800000000000e+07
3.318539400000000000e+07
3.669810300000000000e+07
3.629935900000000000e+07
3.595054100000000000e+07
3.559689000000000000e+07
3.522139300000000000e+07
3.486318200000000000e+07
3.446650100000000000e+07
3.416165200000000000e+07
3.383461700000000000e+07
3.346117400000000000e+07
3.662698900000000000e+07
3.626947400000000000e+07
3.588807800000000000e+07
3.552530800000000000e+07
3.512330100000000000e+07
3.481413500000000000e+07
3.448274700000000000e+07
3.410359700000000000e+07
3.379024800000000000e+07
3.655328900000000000e+07
3.618606000000000000e+07
3.577905000000000000e+07
3.546539700000000000e+07
3.512988200000000000e+07
3.474520700000000000e+07
3.442779700000000000e+07
3.411110800000000000e+07
3.643334600000000000e+07
3.611516800000000000e+07
3.577552500000000000e+07
3.538593000000000000e+07
3.506438100000000000e+07
3.474352800000000000e+07
3.439875900000000000e+07
3.641767100000000000e+07
3.602537700000000000e+07
3.569993200000000000e+07
3.537487500000000000e+07
3.502562500000000000e+07
3.469358300000000000e+07
3.633417200000000000e+07
3.600508800000000000e+07
3.565143500000000000e+07
3.531461500000000000e+07
3.496301700000000000e+07
3.627598100000000000e+07
3.593446600000000000e+07
3.557818400000000000e+07
3.529084200000000000e+07
3.619194900000000000e+07
3.590301700000000000e+07
3.555330500000000000e+07
3.615893800000000000e+07
3.583118800000000000e+07
3.607739800000000000e+07
