3.104681300000000000e+07
3.041456800000000000e+07
2.991734300000000000e+07
2.949411200000000000e+07
2.911974400000000000e+07
2.878312300000000000e+07
2.847532600000000000e+07
2.819089600000000000e+07
2.792866800000000000e+07
2.768419500000000000e+07
2.713915900000000000e+07
2.667772800000000000e+07
2.628566700000000000e+07
2.595114800000000000e+07
2.566825900000000000e+07
2.542929100000000000e+07
2.506607700000000000e+07
2.481427600000000000e+07
2.464519400000000000e+07
2.452308200000000000e+07
2.441940900000000000e+07
2.430804900000000000e+07
2.416572500000000000e+07
2.398241500000000000e+07
2.374260200000000000e+07
2.345098300000000000e+07
2.309988300000000000e+07
2.269925800000000000e+07
2.224470400000000000e+07
2.173855200000000000e+07
2.119066600000000000e+07
2.000421600000000000e+07
1.875942300000000000e+07
1.750971200000000000e+07
1.626360600000000000e+07
1.502803000000000000e+07
1.379669600000000000e+07
1.258040400000000000e+07
1.136495900000000000e+07
1.018338300000000000e+07
9.115639000000000000e+06
8.158222000000000000e+06
7.277870000000000000e+06
6.495974000000000000e+06
5.788161000000000000e+06
5.103839000000000000e+06
4.427815000000000000e+06
3.780498000000000000e+06
3.146731000000000000e+06
2.526562000000000000e+06
1.940878000000000000e+06
1.430999000000000000e+06
1.003202000000000000e+06
6.455490000000000000e+05
3.852550000000000000e+05
2.004400000000000000e+05
8.573800000000000000e+04
5.312100000000000000e+04
4.781500000000000000e+04
4.741400000000000000e+04
4.132700000000000000e+04
4.956300000000000000e+04
4.781100000000000000e+04
3.709500000000000000e+04
4.702800000000000000e+04
4.999900000000000000e+04
4.398800000000000000e+04
3.614600000000000000e+04
3.485400000000000000e+04
4.159200000000000000e+04
3.517400000000000000e+04
3.008992500000000000e+07
2.962423100000000000e+07
2.922358400000000000e+07
2.886899200000000000e+07
2.854777700000000000e+07
2.825294200000000000e+07
2.798211800000000000e+07
2.773037600000000000e+07
2.749561700000000000e+07
2.697345800000000000e+07
2.652861400000000000e+07
2.614696300000000000e+07
2.582421100000000000e+07
2.554856600000000000e+07
2.531616100000000000e+07
2.495337000000000000e+07
2.469808500000000000e+07
2.451509200000000000e+07
2.437220500000000000e+07
2.424375700000000000e+07
2.410474300000000000e+07
2.393569000000000000e+07
2.372867600000000000e+07
2.347180000000000000e+07
2.316565200000000000e+07
2.280322900000000000e+07
2.239313800000000000e+07
2.193785400000000000e+07
2.143394400000000000e+07
2.089538100000000000e+07
1.973671300000000000e+07
1.852387200000000000e+07
1.729683200000000000e+07
1.606864900000000000e+07
1.484018100000000000e+07
1.361453300000000000e+07
1.240158400000000000e+07
1.119658800000000000e+07
1.002210800000000000e+07
8.951601000000000000e+06
7.986088000000000000e+06
7.120424000000000000e+06
6.343571000000000000e+06
5.641592000000000000e+06
4.961034000000000000e+06
4.300588000000000000e+06
3.654085000000000000e+06
3.022907000000000000e+06
2.413197000000000000e+06
1.833856000000000000e+06
1.344044000000000000e+06
9.210390000000000000e+05
5.894740000000000000e+05
3.364710000000000000e+05
1.785070000000000000e+05
7.673400000000000000e+04
4.515400000000000000e+04
3.761300000000000000e+04
3.905000000000000000e+04
4.296100000000000000e+04
5.059500000000000000e+04
4.069200000000000000e+04
3.750200000000000000e+04
4.268700000000000000e+04
3.819600000000000000e+04
4.069500000000000000e+04
3.712100000000000000e+04
3.464600000000000000e+04
3.534500000000000000e+04
4.272500000000000000e+04
2.936972900000000000e+07
2.898758700000000000e+07
2.864674900000000000e+07
2.833686000000000000e+07
2.805401300000000000e+07
2.779221900000000000e+07
2.754886500000000000e+07
2.732167800000000000e+07
2.681539200000000000e+07
2.638395600000000000e+07
2.601545200000000000e+07
2.569990300000000000e+07
2.543078600000000000e+07
2.520135900000000000e+07
2.484184400000000000e+07
2.458398600000000000e+07
2.438781900000000000e+07
2.423020700000000000e+07
2.408290200000000000e+07
2.392200500000000000e+07
2.373407900000000000e+07
2.350937100000000000e+07
2.323599100000000000e+07
2.291303100000000000e+07
2.254491300000000000e+07
2.212710700000000000e+07
2.166776900000000000e+07
2.116709600000000000e+07
2.063518600000000000e+07
1.949666800000000000e+07
1.830441100000000000e+07
1.709245600000000000e+07
1.587428100000000000e+07
1.465432800000000000e+07
1.344157200000000000e+07
1.223521200000000000e+07
1.103141000000000000e+07
9.847133000000000000e+06
8.789874000000000000e+06
7.825508000000000000e+06
6.967449000000000000e+06
6.190973000000000000e+06
5.497857000000000000e+06
4.826325000000000000e+06
4.171554000000000000e+06
3.532325000000000000e+06
2.905474000000000000e+06
2.305006000000000000e+06
1.741125000000000000e+06
1.258348000000000000e+06
8.633840000000000000e+05
5.350140000000000000e+05
3.060460000000000000e+05
1.508020000000000000e+05
5.343700000000000000e+04
3.941100000000000000e+04
4.418400000000000000e+04
3.868500000000000000e+04
4.556500000000000000e+04
5.285100000000000000e+04
4.488400000000000000e+04
5.150100000000000000e+04
4.532400000000000000e+04
4.255600000000000000e+04
4.259800000000000000e+04
4.162800000000000000e+04
4.347300000000000000e+04
3.611900000000000000e+04
3.458700000000000000e+04
2.877045900000000000e+07
2.844055100000000000e+07
2.814217700000000000e+07
2.786799500000000000e+07
2.761389000000000000e+07
2.737765500000000000e+07
2.715701300000000000e+07
2.666384700000000000e+07
2.624455500000000000e+07
2.588489000000000000e+07
2.557628300000000000e+07
2.531302700000000000e+07
2.508797000000000000e+07
2.473004000000000000e+07
2.446753300000000000e+07
2.426415800000000000e+07
2.409195500000000000e+07
2.392779500000000000e+07
2.375005600000000000e+07
2.354522400000000000e+07
2.330447100000000000e+07
2.301766800000000000e+07
2.268663000000000000e+07
2.231075300000000000e+07
2.188837900000000000e+07
2.142422100000000000e+07
2.092691000000000000e+07
2.039495900000000000e+07
1.927252000000000000e+07
1.809509000000000000e+07
1.689651700000000000e+07
1.568861700000000000e+07
1.447921500000000000e+07
1.327044100000000000e+07
1.206797000000000000e+07
1.087278500000000000e+07
9.700756000000000000e+06
8.631241000000000000e+06
7.673105000000000000e+06
6.814999000000000000e+06
6.046828000000000000e+06
5.361295000000000000e+06
4.692814000000000000e+06
4.047722000000000000e+06
3.408393000000000000e+06
2.799938000000000000e+06
2.200521000000000000e+06
1.647655000000000000e+06
1.173886000000000000e+06
7.923380000000000000e+05
4.871920000000000000e+05
2.664430000000000000e+05
1.285400000000000000e+05
5.187900000000000000e+04
4.498000000000000000e+04
4.279800000000000000e+04
4.606300000000000000e+04
3.961400000000000000e+04
4.503500000000000000e+04
4.002100000000000000e+04
4.707900000000000000e+04
4.171700000000000000e+04
3.968200000000000000e+04
4.312600000000000000e+04
3.614000000000000000e+04
4.790600000000000000e+04
4.563700000000000000e+04
3.660200000000000000e+04
2.824690000000000000e+07
2.795707700000000000e+07
2.769023500000000000e+07
2.744309400000000000e+07
2.721299700000000000e+07
2.699825500000000000e+07
2.651892800000000000e+07
2.610807600000000000e+07
2.575758700000000000e+07
2.545369700000000000e+07
2.519636100000000000e+07
2.497205200000000000e+07
2.461685400000000000e+07
2.435134400000000000e+07
2.414005100000000000e+07
2.395524800000000000e+07
2.377690600000000000e+07
2.358500700000000000e+07
2.336726400000000000e+07
2.311017400000000000e+07
2.281206300000000000e+07
2.247144900000000000e+07
2.208684200000000000e+07
2.166173300000000000e+07
2.119943500000000000e+07
2.070025600000000000e+07
2.017388100000000000e+07
1.905926700000000000e+07
1.789726100000000000e+07
1.670917200000000000e+07
1.550854200000000000e+07
1.430616300000000000e+07
1.310414200000000000e+07
1.190449700000000000e+07
1.072235800000000000e+07
9.546833000000000000e+06
8.480313000000000000e+06
7.515809000000000000e+06
6.665296000000000000e+06
5.902996000000000000e+06
5.222461000000000000e+06
4.570169000000000000e+06
3.924662000000000000e+06
3.296147000000000000e+06
2.687341000000000000e+06
2.098451000000000000e+06
1.557935000000000000e+06
1.105893000000000000e+06
7.328210000000000000e+05
4.493150000000000000e+05
2.312440000000000000e+05
1.037410000000000000e+05
4.885800000000000000e+04
3.939100000000000000e+04
4.141100000000000000e+04
4.198200000000000000e+04
3.964800000000000000e+04
4.744300000000000000e+04
4.701400000000000000e+04
4.293200000000000000e+04
3.652000000000000000e+04
4.041000000000000000e+04
4.565700000000000000e+04
3.696100000000000000e+04
4.200600000000000000e+04
3.964300000000000000e+04
4.482700000000000000e+04
2.777829400000000000e+07
2.751838600000000000e+07
2.727739800000000000e+07
2.705312500000000000e+07
2.684241400000000000e+07
2.637501200000000000e+07
2.597367600000000000e+07
2.562850200000000000e+07
2.533121500000000000e+07
2.507779200000000000e+07
2.485795600000000000e+07
2.450251600000000000e+07
2.423276400000000000e+07
2.401426000000000000e+07
2.382078500000000000e+07
2.363010500000000000e+07
2.342288900000000000e+07
2.319433700000000000e+07
2.292497000000000000e+07
2.261958900000000000e+07
2.226812900000000000e+07
2.187982000000000000e+07
2.144998200000000000e+07
2.098172900000000000e+07
2.048367200000000000e+07
1.996220500000000000e+07
1.885830000000000000e+07
1.770539900000000000e+07
1.652599800000000000e+07
1.533515200000000000e+07
1.413650700000000000e+07
1.294379500000000000e+07
1.175348400000000000e+07
1.057173300000000000e+07
9.398681000000000000e+06
8.329368000000000000e+06
7.375263000000000000e+06
6.518331000000000000e+06
5.767973000000000000e+06
5.098006000000000000e+06
4.439791000000000000e+06
3.807204000000000000e+06
3.184941000000000000e+06
2.590230000000000000e+06
2.001853000000000000e+06
1.477828000000000000e+06
1.039014000000000000e+06
6.801050000000000000e+05
3.969320000000000000e+05
2.112460000000000000e+05
8.105000000000000000e+04
5.096600000000000000e+04
4.165100000000000000e+04
4.398300000000000000e+04
4.401400000000000000e+04
4.065800000000000000e+04
5.126300000000000000e+04
4.310900000000000000e+04
4.174700000000000000e+04
4.507700000000000000e+04
4.065400000000000000e+04
3.634900000000000000e+04
4.169700000000000000e+04
3.602600000000000000e+04
4.740500000000000000e+04
3.773100000000000000e+04
2.735050500000000000e+07
2.711608800000000000e+07
2.689510100000000000e+07
2.669189600000000000e+07
2.623179200000000000e+07
2.583978900000000000e+07
2.550142400000000000e+07
2.521053500000000000e+07
2.495828200000000000e+07
2.473995800000000000e+07
2.438659100000000000e+07
2.411302800000000000e+07
2.388755900000000000e+07
2.368570200000000000e+07
2.348460600000000000e+07
2.326649800000000000e+07
2.302492500000000000e+07
2.274727300000000000e+07
2.243271800000000000e+07
2.207367700000000000e+07
2.167824100000000000e+07
2.124805500000000000e+07
2.077912200000000000e+07
2.028252100000000000e+07
1.976224400000000000e+07
1.866513800000000000e+07
1.752036500000000000e+07
1.634989900000000000e+07
1.516230500000000000e+07
1.397527500000000000e+07
1.278382100000000000e+07
1.160067500000000000e+07
1.042553200000000000e+07
9.262831000000000000e+06
8.182232000000000000e+06
7.230925000000000000e+06
6.383931000000000000e+06
5.636978000000000000e+06
4.967405000000000000e+06
4.322515000000000000e+06
3.689973000000000000e+06
3.077833000000000000e+06
2.483912000000000000e+06
1.910520000000000000e+06
1.397884000000000000e+06
9.706360000000000000e+05
6.226710000000000000e+05
3.585520000000000000e+05
1.850830000000000000e+05
7.335000000000000000e+04
4.253100000000000000e+04
4.969600000000000000e+04
3.951600000000000000e+04
4.180200000000000000e+04
3.976000000000000000e+04
4.697000000000000000e+04
4.605700000000000000e+04
4.809100000000000000e+04
4.411700000000000000e+04
4.014700000000000000e+04
3.999300000000000000e+04
4.222500000000000000e+04
3.748900000000000000e+04
4.159800000000000000e+04
3.803900000000000000e+04
2.695527400000000000e+07
2.674193100000000000e+07
2.654024900000000000e+07
2.609161600000000000e+07
2.570739300000000000e+07
2.537378800000000000e+07
2.508651900000000000e+07
2.483930300000000000e+07
2.462199400000000000e+07
2.427139700000000000e+07
2.399238300000000000e+07
2.376202600000000000e+07
2.355267600000000000e+07
2.334053500000000000e+07
2.311347300000000000e+07
2.286309800000000000e+07
2.257416500000000000e+07
2.224856800000000000e+07
2.188811800000000000e+07
2.148562900000000000e+07
2.105133300000000000e+07
2.058283500000000000e+07
2.008868300000000000e+07
1.956962200000000000e+07
1.847944700000000000e+07
1.734250300000000000e+07
1.617857000000000000e+07
1.500065600000000000e+07
1.381655600000000000e+07
1.263144400000000000e+07
1.145055200000000000e+07
1.028022000000000000e+07
9.128310000000000000e+06
8.044994000000000000e+06
7.091936000000000000e+06
6.251464000000000000e+06
5.511638000000000000e+06
4.847281000000000000e+06
4.206763000000000000e+06
3.584361000000000000e+06
2.974947000000000000e+06
2.390808000000000000e+06
1.823381000000000000e+06
1.321924000000000000e+06
9.065140000000000000e+05
5.720040000000000000e+05
3.229050000000000000e+05
1.584510000000000000e+05
6.438200000000000000e+04
5.425500000000000000e+04
4.035000000000000000e+04
5.064500000000000000e+04
4.563100000000000000e+04
4.046900000000000000e+04
5.100800000000000000e+04
5.402700000000000000e+04
4.384000000000000000e+04
4.446100000000000000e+04
4.070000000000000000e+04
4.903200000000000000e+04
3.656500000000000000e+04
4.708900000000000000e+04
4.757000000000000000e+04
3.844400000000000000e+04
2.658712900000000000e+07
2.639064700000000000e+07
2.595052700000000000e+07
2.557179800000000000e+07
2.524571500000000000e+07
2.496326200000000000e+07
2.471696200000000000e+07
2.450368300000000000e+07
2.415306600000000000e+07
2.387358100000000000e+07
2.363637500000000000e+07
2.341832000000000000e+07
2.319803000000000000e+07
2.296211400000000000e+07
2.270183200000000000e+07
2.240528300000000000e+07
2.207510400000000000e+07
2.170920900000000000e+07
2.130400100000000000e+07
2.086493100000000000e+07
2.039748500000000000e+07
1.990170800000000000e+07
1.938386300000000000e+07
1.829919700000000000e+07
1.716981200000000000e+07
1.601224400000000000e+07
1.484153800000000000e+07
1.366296200000000000e+07
1.248445200000000000e+07
1.130594800000000000e+07
1.014734400000000000e+07
8.991190000000000000e+06
7.909948000000000000e+06
6.956128000000000000e+06
6.119857000000000000e+06
5.384483000000000000e+06
4.731602000000000000e+06
4.095547000000000000e+06
3.476027000000000000e+06
2.876019000000000000e+06
2.295144000000000000e+06
1.733718000000000000e+06
1.245582000000000000e+06
8.518430000000000000e+05
5.267970000000000000e+05
2.880430000000000000e+05
1.357690000000000000e+05
5.845100000000000000e+04
4.775400000000000000e+04
4.550900000000000000e+04
3.778600000000000000e+04
4.152400000000000000e+04
4.243800000000000000e+04
5.249500000000000000e+04
4.704600000000000000e+04
4.112100000000000000e+04
4.374400000000000000e+04
4.154100000000000000e+04
4.093500000000000000e+04
3.982900000000000000e+04
4.132900000000000000e+04
3.579700000000000000e+04
3.712400000000000000e+04
2.624148600000000000e+07
2.581100500000000000e+07
2.543737500000000000e+07
2.511812500000000000e+07
2.483734500000000000e+07
2.459737300000000000e+07
2.438375600000000000e+07
2.403491300000000000e+07
2.375299700000000000e+07
2.351008100000000000e+07
2.328476600000000000e+07
2.305714100000000000e+07
2.281476900000000000e+07
2.254307900000000000e+07
2.224105100000000000e+07
2.190348400000000000e+07
2.153083400000000000e+07
2.112355500000000000e+07
2.068579000000000000e+07
2.021638600000000000e+07
1.972185600000000000e+07
1.920470000000000000e+07
1.812549200000000000e+07
1.700245800000000000e+07
1.585213700000000000e+07
1.468544200000000000e+07
1.351179000000000000e+07
1.233507300000000000e+07
1.116750200000000000e+07
1.001301900000000000e+07
8.863566000000000000e+06
7.780245000000000000e+06
6.830255000000000000e+06
5.996837000000000000e+06
5.262071000000000000e+06
4.615143000000000000e+06
3.987652000000000000e+06
3.375497000000000000e+06
2.779414000000000000e+06
2.203610000000000000e+06
1.653499000000000000e+06
1.175792000000000000e+06
7.835810000000000000e+05
4.817450000000000000e+05
2.576910000000000000e+05
1.152360000000000000e+05
5.033000000000000000e+04
4.305100000000000000e+04
4.074700000000000000e+04
4.158900000000000000e+04
4.373000000000000000e+04
4.654100000000000000e+04
4.477500000000000000e+04
4.064000000000000000e+04
4.760500000000000000e+04
4.023300000000000000e+04
3.983000000000000000e+04
4.495800000000000000e+04
4.140600000000000000e+04
4.199100000000000000e+04
4.283200000000000000e+04
3.600100000000000000e+04
2.545644600000000000e+07
2.510227300000000000e+07
2.479103200000000000e+07
2.452431400000000000e+07
2.428681400000000000e+07
2.408018400000000000e+07
2.373161000000000000e+07
2.344595000000000000e+07
2.319386900000000000e+07
2.295448100000000000e+07
2.270974800000000000e+07
2.245030400000000000e+07
2.216360500000000000e+07
2.184634800000000000e+07
2.149900300000000000e+07
2.111413100000000000e+07
2.070208500000000000e+07
2.025906900000000000e+07
1.978720300000000000e+07
1.929573000000000000e+07
1.878388200000000000e+07
1.771640400000000000e+07
1.660607300000000000e+07
1.546829400000000000e+07
1.431583600000000000e+07
1.315612500000000000e+07
1.199422400000000000e+07
1.083824200000000000e+07
9.693997000000000000e+06
8.561860000000000000e+06
7.482427000000000000e+06
6.521711000000000000e+06
5.695624000000000000e+06
4.978718000000000000e+06
4.347655000000000000e+06
3.733549000000000000e+06
3.137209000000000000e+06
2.555829000000000000e+06
1.995769000000000000e+06
1.464239000000000000e+06
1.020671000000000000e+06
6.631050000000000000e+05
3.886640000000000000e+05
1.941990000000000000e+05
8.519900000000000000e+04
4.364300000000000000e+04
4.404500000000000000e+04
4.068300000000000000e+04
3.826500000000000000e+04
4.881400000000000000e+04
5.173500000000000000e+04
4.403900000000000000e+04
4.832100000000000000e+04
3.883300000000000000e+04
4.531900000000000000e+04
3.731200000000000000e+04
3.572400000000000000e+04
4.575500000000000000e+04
4.164600000000000000e+04
4.098900000000000000e+04
4.014700000000000000e+04
2.476037400000000000e+07
2.446432300000000000e+07
2.420216500000000000e+07
2.397368600000000000e+07
2.377221700000000000e+07
2.342756200000000000e+07
2.313721900000000000e+07
2.287786400000000000e+07
2.262772700000000000e+07
2.237276200000000000e+07
2.209721200000000000e+07
2.179896800000000000e+07
2.146956600000000000e+07
2.111231700000000000e+07
2.072364500000000000e+07
2.030765000000000000e+07
1.986239500000000000e+07
1.939297600000000000e+07
1.890099500000000000e+07
1.839350100000000000e+07
1.733676100000000000e+07
1.623793300000000000e+07
1.511105100000000000e+07
1.397129900000000000e+07
1.282332700000000000e+07
1.167357600000000000e+07
1.053938500000000000e+07
9.407394000000000000e+06
8.294757000000000000e+06
7.199897000000000000e+06
6.242764000000000000e+06
5.421868000000000000e+06
4.713748000000000000e+06
4.098027000000000000e+06
3.498318000000000000e+06
2.914501000000000000e+06
2.349595000000000000e+06
1.803807000000000000e+06
1.299052000000000000e+06
8.855880000000000000e+05
5.507990000000000000e+05
3.122040000000000000e+05
1.396650000000000000e+05
5.964300000000000000e+04
4.733600000000000000e+04
3.917100000000000000e+04
4.143500000000000000e+04
4.292300000000000000e+04
4.004000000000000000e+04
4.854500000000000000e+04
3.851300000000000000e+04
4.363700000000000000e+04
3.671900000000000000e+04
4.119400000000000000e+04
4.645900000000000000e+04
3.698300000000000000e+04
4.223500000000000000e+04
4.027000000000000000e+04
4.519500000000000000e+04
3.574300000000000000e+04
2.412996200000000000e+07
2.387896700000000000e+07
2.365794700000000000e+07
2.345823200000000000e+07
2.311922600000000000e+07
2.282926800000000000e+07
2.256482900000000000e+07
2.230602400000000000e+07
2.204171400000000000e+07
2.175778400000000000e+07
2.144951400000000000e+07
2.111647400000000000e+07
2.074944800000000000e+07
2.035737700000000000e+07
1.993686300000000000e+07
1.948950800000000000e+07
1.902219900000000000e+07
1.853412400000000000e+07
1.802999900000000000e+07
1.697955700000000000e+07
1.589428500000000000e+07
1.477990100000000000e+07
1.364641200000000000e+07
1.251613300000000000e+07
1.138296200000000000e+07
1.025328300000000000e+07
9.135950000000000000e+06
8.041964000000000000e+06
6.959541000000000000e+06
5.989912000000000000e+06
5.177769000000000000e+06
4.478469000000000000e+06
3.865073000000000000e+06
3.285254000000000000e+06
2.714456000000000000e+06
2.170052000000000000e+06
1.632321000000000000e+06
1.154851000000000000e+06
7.572870000000000000e+05
4.525490000000000000e+05
2.360020000000000000e+05
1.022760000000000000e+05
5.441100000000000000e+04
4.712000000000000000e+04
4.770200000000000000e+04
4.005600000000000000e+04
4.788000000000000000e+04
3.928500000000000000e+04
4.681500000000000000e+04
5.001400000000000000e+04
4.337400000000000000e+04
3.819800000000000000e+04
4.447200000000000000e+04
4.485000000000000000e+04
4.175900000000000000e+04
4.090500000000000000e+04
3.693300000000000000e+04
4.105700000000000000e+04
4.011800000000000000e+04
2.355513600000000000e+07
2.333789900000000000e+07
2.314698200000000000e+07
2.281156900000000000e+07
2.252280100000000000e+07
2.225562900000000000e+07
2.198549300000000000e+07
2.172016100000000000e+07
2.143035500000000000e+07
2.111376100000000000e+07
2.077418000000000000e+07
2.040565700000000000e+07
2.001175100000000000e+07
1.958991100000000000e+07
1.914327700000000000e+07
1.867576600000000000e+07
1.819104200000000000e+07
1.768932700000000000e+07
1.665029000000000000e+07
1.557154200000000000e+07
1.446995500000000000e+07
1.335319900000000000e+07
1.222566100000000000e+07
1.110766800000000000e+07
9.996825000000000000e+06
8.893070000000000000e+06
7.810179000000000000e+06
6.747209000000000000e+06
5.767572000000000000e+06
4.944763000000000000e+06
4.249562000000000000e+06
3.656748000000000000e+06
3.086621000000000000e+06
2.535697000000000000e+06
2.000880000000000000e+06
1.477480000000000000e+06
1.019348000000000000e+06
6.521830000000000000e+05
3.779440000000000000e+05
1.845170000000000000e+05
7.531100000000000000e+04
4.665500000000000000e+04
4.321800000000000000e+04
4.110000000000000000e+04
4.212300000000000000e+04
4.475400000000000000e+04
4.710400000000000000e+04
4.494400000000000000e+04
4.088400000000000000e+04
4.838100000000000000e+04
4.050700000000000000e+04
3.981900000000000000e+04
4.585100000000000000e+04
4.190300000000000000e+04
4.225900000000000000e+04
4.322000000000000000e+04
3.617300000000000000e+04
4.106600000000000000e+04
2.302216500000000000e+07
2.283434800000000000e+07
2.250758600000000000e+07
2.222098900000000000e+07
2.195201600000000000e+07
2.168697200000000000e+07
2.141004200000000000e+07
2.111397400000000000e+07
2.079861500000000000e+07
2.045164400000000000e+07
2.008127300000000000e+07
1.968357200000000000e+07
1.926070200000000000e+07
1.881697900000000000e+07
1.835233100000000000e+07
1.787053200000000000e+07
1.737331400000000000e+07
1.634126700000000000e+07
1.527357800000000000e+07
1.418164500000000000e+07
1.307575000000000000e+07
1.196390300000000000e+07
1.085788600000000000e+07
9.758452000000000000e+06
8.668681000000000000e+06
7.608410000000000000e+06
6.553173000000000000e+06
5.563982000000000000e+06
4.739572000000000000e+06
4.053776000000000000e+06
3.466945000000000000e+06
2.909748000000000000e+06
2.365903000000000000e+06
1.842683000000000000e+06
1.337101000000000000e+06
9.067950000000000000e+05
5.681430000000000000e+05
3.046850000000000000e+05
1.441520000000000000e+05
5.436000000000000000e+04
4.495900000000000000e+04
4.549500000000000000e+04
4.118300000000000000e+04
3.844400000000000000e+04
4.965300000000000000e+04
5.230200000000000000e+04
4.450100000000000000e+04
4.956000000000000000e+04
3.943400000000000000e+04
4.565300000000000000e+04
3.767300000000000000e+04
3.659800000000000000e+04
4.633800000000000000e+04
4.195000000000000000e+04
4.127500000000000000e+04
4.057900000000000000e+04
3.551800000000000000e+04
2.252648200000000000e+07
2.220691600000000000e+07
2.192446600000000000e+07
2.165851700000000000e+07
2.138982900000000000e+07
2.111139900000000000e+07
2.081087800000000000e+07
2.049142200000000000e+07
2.014495200000000000e+07
1.977460500000000000e+07
1.937720700000000000e+07
1.895325300000000000e+07
1.851094600000000000e+07
1.804911900000000000e+07
1.756917200000000000e+07
1.707782600000000000e+07
1.605486800000000000e+07
1.499539600000000000e+07
1.391559000000000000e+07
1.282173000000000000e+07
1.172198200000000000e+07
1.063176800000000000e+07
9.547047000000000000e+06
8.475405000000000000e+06
7.413358000000000000e+06
6.378087000000000000e+06
5.386259000000000000e+06
4.551045000000000000e+06
3.869801000000000000e+06
3.290306000000000000e+06
2.743538000000000000e+06
2.214789000000000000e+06
1.703235000000000000e+06
1.214751000000000000e+06
8.082030000000000000e+05
4.855710000000000000e+05
2.605950000000000000e+05
1.073820000000000000e+05
4.999300000000000000e+04
4.788600000000000000e+04
3.922600000000000000e+04
4.185500000000000000e+04
4.401700000000000000e+04
4.109300000000000000e+04
4.919100000000000000e+04
3.894100000000000000e+04
4.463700000000000000e+04
3.701400000000000000e+04
4.194600000000000000e+04
4.732400000000000000e+04
3.704100000000000000e+04
3.786200000000000000e+04
4.098400000000000000e+04
4.558600000000000000e+04
3.591700000000000000e+04
3.545900000000000000e+04
2.162605700000000000e+07
2.135621700000000000e+07
2.109376200000000000e+07
2.082884800000000000e+07
2.054672900000000000e+07
2.024952600000000000e+07
1.992711500000000000e+07
1.958215500000000000e+07
1.921089100000000000e+07
1.881239900000000000e+07
1.839509900000000000e+07
1.795694400000000000e+07
1.749973800000000000e+07
1.703005800000000000e+07
1.654340500000000000e+07
1.553738600000000000e+07
1.450070700000000000e+07
1.344186100000000000e+07
1.236694600000000000e+07
1.129724400000000000e+07
1.022973700000000000e+07
9.169727000000000000e+06
8.127270000000000000e+06
7.100873000000000000e+06
6.093478000000000000e+06
5.111463000000000000e+06
4.237471000000000000e+06
3.549765000000000000e+06
2.984389000000000000e+06
2.466856000000000000e+06
1.963585000000000000e+06
1.469236000000000000e+06
1.006149000000000000e+06
6.329070000000000000e+05
3.571060000000000000e+05
1.678910000000000000e+05
6.667200000000000000e+04
4.739800000000000000e+04
4.350300000000000000e+04
4.151700000000000000e+04
4.277300000000000000e+04
4.588000000000000000e+04
4.778500000000000000e+04
4.514900000000000000e+04
4.115900000000000000e+04
4.604800000000000000e+04
4.077500000000000000e+04
4.010100000000000000e+04
4.640100000000000000e+04
4.244000000000000000e+04
4.252400000000000000e+04
4.359100000000000000e+04
3.646400000000000000e+04
4.134700000000000000e+04
3.829800000000000000e+04
2.082420100000000000e+07
2.057372800000000000e+07
2.031151800000000000e+07
2.003845900000000000e+07
1.974202100000000000e+07
1.942443100000000000e+07
1.908076200000000000e+07
1.870983600000000000e+07
1.831905900000000000e+07
1.790617300000000000e+07
1.747297800000000000e+07
1.702609100000000000e+07
1.655897800000000000e+07
1.608365900000000000e+07
1.509555500000000000e+07
1.407897900000000000e+07
1.303947700000000000e+07
1.198991300000000000e+07
1.094806100000000000e+07
9.906699000000000000e+06
8.873284000000000000e+06
7.849328000000000000e+06
6.848968000000000000e+06
5.871419000000000000e+06
4.917112000000000000e+06
4.022450000000000000e+06
3.298541000000000000e+06
2.731806000000000000e+06
2.232384000000000000e+06
1.748323000000000000e+06
1.280270000000000000e+06
8.512400000000000000e+05
5.115790000000000000e+05
2.695530000000000000e+05
1.092330000000000000e+05
4.996100000000000000e+04
4.847800000000000000e+04
3.966500000000000000e+04
4.256300000000000000e+04
4.522900000000000000e+04
4.238800000000000000e+04
4.958800000000000000e+04
3.938000000000000000e+04
4.566100000000000000e+04
3.729900000000000000e+04
4.273100000000000000e+04
4.821100000000000000e+04
3.712500000000000000e+04
3.830600000000000000e+04
4.174500000000000000e+04
4.599000000000000000e+04
3.605400000000000000e+04
3.550900000000000000e+04
3.824200000000000000e+04
2.009782400000000000e+07
1.985029500000000000e+07
1.958174200000000000e+07
1.929339700000000000e+07
1.897972200000000000e+07
1.863800100000000000e+07
1.827543000000000000e+07
1.788959400000000000e+07
1.748196100000000000e+07
1.705735000000000000e+07
1.661458200000000000e+07
1.616034300000000000e+07
1.568985500000000000e+07
1.472286900000000000e+07
1.372531500000000000e+07
1.270525700000000000e+07
1.168388200000000000e+07
1.065946200000000000e+07
9.640416000000000000e+06
8.634421000000000000e+06
7.641432000000000000e+06
6.664883000000000000e+06
5.712189000000000000e+06
4.779109000000000000e+06
3.875622000000000000e+06
3.108536000000000000e+06
2.534850000000000000e+06
2.055745000000000000e+06
1.584880000000000000e+06
1.130606000000000000e+06
7.193230000000000000e+05
4.174230000000000000e+05
1.962180000000000000e+05
7.847000000000000000e+04
4.818100000000000000e+04
4.387100000000000000e+04
4.212000000000000000e+04
4.350300000000000000e+04
4.703300000000000000e+04
4.855200000000000000e+04
4.540800000000000000e+04
4.149300000000000000e+04
4.763300000000000000e+04
4.116100000000000000e+04
4.062700000000000000e+04
4.672200000000000000e+04
4.312900000000000000e+04
4.278300000000000000e+04
4.394800000000000000e+04
3.703400000000000000e+04
4.164200000000000000e+04
3.845500000000000000e+04
3.538600000000000000e+04
1.943895400000000000e+07
1.918406900000000000e+07
1.890027700000000000e+07
1.858983400000000000e+07
1.825588300000000000e+07
1.789875100000000000e+07
1.752032700000000000e+07
1.712130600000000000e+07
1.670251200000000000e+07
1.627062900000000000e+07
1.582087100000000000e+07
1.536064200000000000e+07
1.441200000000000000e+07
1.343113400000000000e+07
1.243413700000000000e+07
1.143799200000000000e+07
1.043835100000000000e+07
9.440377000000000000e+06
8.451424000000000000e+06
7.481875000000000000e+06
6.531489000000000000e+06
5.601772000000000000e+06
4.699631000000000000e+06
3.810729000000000000e+06
2.989585000000000000e+06
2.375701000000000000e+06
1.903803000000000000e+06
1.455904000000000000e+06
1.025469000000000000e+06
6.316370000000000000e+05
3.485450000000000000e+05
1.457740000000000000e+05
5.794600000000000000e+04
4.924700000000000000e+04
4.020000000000000000e+04
4.339300000000000000e+04
4.653800000000000000e+04
4.374600000000000000e+04
5.020400000000000000e+04
3.994000000000000000e+04
4.668100000000000000e+04
3.757600000000000000e+04
4.368700000000000000e+04
4.905000000000000000e+04
3.723000000000000000e+04
3.873300000000000000e+04
4.261600000000000000e+04
4.640200000000000000e+04
3.611400000000000000e+04
3.567800000000000000e+04
3.841300000000000000e+04
4.034300000000000000e+04
1.883627000000000000e+07
1.855915300000000000e+07
1.825763500000000000e+07
1.793129100000000000e+07
1.758226700000000000e+07
1.721052000000000000e+07
1.681716600000000000e+07
1.640893300000000000e+07
1.598111600000000000e+07
1.554122200000000000e+07
1.508741500000000000e+07
1.415843400000000000e+07
1.319741100000000000e+07
1.222318900000000000e+07
1.124188000000000000e+07
1.026139500000000000e+07
9.288872000000000000e+06
8.325994000000000000e+06
7.376503000000000000e+06
6.448315000000000000e+06
5.536367000000000000e+06
4.651577000000000000e+06
3.785419000000000000e+06
2.947138000000000000e+06
2.271969000000000000e+06
1.794526000000000000e+06
1.357139000000000000e+06
9.361740000000000000e+05
5.656660000000000000e+05
2.878760000000000000e+05
1.179220000000000000e+05
5.207500000000000000e+04
4.428700000000000000e+04
4.358200000000000000e+04
4.429000000000000000e+04
4.814700000000000000e+04
4.937900000000000000e+04
4.592800000000000000e+04
4.209800000000000000e+04
4.934500000000000000e+04
4.215000000000000000e+04
4.120900000000000000e+04
4.707000000000000000e+04
4.402100000000000000e+04
4.303700000000000000e+04
4.443800000000000000e+04
3.763000000000000000e+04
4.205000000000000000e+04
3.862700000000000000e+04
3.545500000000000000e+04
3.618300000000000000e+04
1.827306600000000000e+07
1.797954800000000000e+07
1.766198200000000000e+07
1.731928800000000000e+07
1.695321800000000000e+07
1.657011700000000000e+07
1.616549900000000000e+07
1.574703100000000000e+07
1.531274400000000000e+07
1.487220000000000000e+07
1.395394000000000000e+07
1.301144100000000000e+07
1.206137700000000000e+07
1.110252600000000000e+07
1.013868300000000000e+07
9.181406000000000000e+06
8.239395000000000000e+06
7.312171000000000000e+06
6.402849000000000000e+06
5.518219000000000000e+06
4.645141000000000000e+06
3.797071000000000000e+06
2.968596000000000000e+06
2.227869000000000000e+06
1.711865000000000000e+06
1.296170000000000000e+06
8.856540000000000000e+05
5.220430000000000000e+05
2.452350000000000000e+05
9.468500000000000000e+04
5.009000000000000000e+04
4.091700000000000000e+04
4.428600000000000000e+04
4.792600000000000000e+04
4.507500000000000000e+04
5.102500000000000000e+04
4.082600000000000000e+04
4.768300000000000000e+04
3.783800000000000000e+04
4.461600000000000000e+04
4.984200000000000000e+04
3.735000000000000000e+04
3.914600000000000000e+04
4.347600000000000000e+04
4.682100000000000000e+04
3.628600000000000000e+04
3.585400000000000000e+04
3.859500000000000000e+04
4.064200000000000000e+04
3.833600000000000000e+04
1.775392600000000000e+07
1.744246300000000000e+07
1.710535800000000000e+07
1.674903500000000000e+07
1.636913700000000000e+07
1.597340200000000000e+07
1.555729500000000000e+07
1.513821300000000000e+07
1.470220200000000000e+07
1.380200200000000000e+07
1.287800500000000000e+07
1.194019500000000000e+07
1.099712000000000000e+07
1.005614700000000000e+07
9.117143000000000000e+06
8.195821000000000000e+06
7.288219000000000000e+06
6.393749000000000000e+06
5.523754000000000000e+06
4.669809000000000000e+06
3.841413000000000000e+06
3.027172000000000000e+06
2.245398000000000000e+06
1.659011000000000000e+06
1.244475000000000000e+06
8.547920000000000000e+05
4.865880000000000000e+05
2.253090000000000000e+05
8.493300000000000000e+04
4.473400000000000000e+04
4.553600000000000000e+04
4.510600000000000000e+04
4.928200000000000000e+04
5.024100000000000000e+04
4.665900000000000000e+04
4.272100000000000000e+04
5.107700000000000000e+04
4.329000000000000000e+04
4.180200000000000000e+04
4.743900000000000000e+04
4.496500000000000000e+04
4.328000000000000000e+04
4.506400000000000000e+04
3.823800000000000000e+04
4.227300000000000000e+04
3.880900000000000000e+04
3.564800000000000000e+04
3.666800000000000000e+04
3.749900000000000000e+04
1.726859200000000000e+07
1.694087700000000000e+07
1.658727900000000000e+07
1.621443800000000000e+07
1.582149700000000000e+07
1.542247100000000000e+07
1.500470300000000000e+07
1.457216600000000000e+07
1.368728800000000000e+07
1.278460100000000000e+07
1.186648200000000000e+07
1.093630600000000000e+07
1.000894900000000000e+07
9.092013000000000000e+06
8.185221000000000000e+06
7.293125000000000000e+06
6.422896000000000000e+06
5.562424000000000000e+06
4.723962000000000000e+06
3.903675000000000000e+06
3.115510000000000000e+06
2.336573000000000000e+06
1.661337000000000000e+06
1.225649000000000000e+06
8.356800000000000000e+05
4.681450000000000000e+05
2.102340000000000000e+05
7.633400000000000000e+04
4.181100000000000000e+04
4.522400000000000000e+04
4.936900000000000000e+04
4.636100000000000000e+04
5.219200000000000000e+04
4.170200000000000000e+04
4.865500000000000000e+04
3.826200000000000000e+04
4.552400000000000000e+04
5.073900000000000000e+04
3.748100000000000000e+04
3.974100000000000000e+04
4.406300000000000000e+04
4.724100000000000000e+04
3.646300000000000000e+04
3.603600000000000000e+04
3.878700000000000000e+04
4.096400000000000000e+04
3.899600000000000000e+04
4.169700000000000000e+04
1.681543300000000000e+07
1.646776100000000000e+07
1.609870600000000000e+07
1.572086800000000000e+07
1.532237400000000000e+07
1.490713200000000000e+07
1.448745600000000000e+07
1.361730700000000000e+07
1.272454400000000000e+07
1.181881000000000000e+07
1.090868900000000000e+07
9.996352000000000000e+06
9.096795000000000000e+06
8.207341000000000000e+06
7.327855000000000000e+06
6.469687000000000000e+06
5.625119000000000000e+06
4.804825000000000000e+06
3.996224000000000000e+06
3.214477000000000000e+06
2.450227000000000000e+06
1.721467000000000000e+06
1.221935000000000000e+06
8.408360000000000000e+05
4.758560000000000000e+05
2.127830000000000000e+05
6.727500000000000000e+04
4.731600000000000000e+04
4.594400000000000000e+04
5.059600000000000000e+04
5.112800000000000000e+04
4.773300000000000000e+04
4.335600000000000000e+04
5.281800000000000000e+04
4.445700000000000000e+04
4.240000000000000000e+04
4.811100000000000000e+04
4.595400000000000000e+04
4.674100000000000000e+04
4.566600000000000000e+04
3.885200000000000000e+04
4.260200000000000000e+04
3.899900000000000000e+04
3.584600000000000000e+04
3.714800000000000000e+04
3.808100000000000000e+04
3.692200000000000000e+04
1.638475400000000000e+07
1.602951900000000000e+07
1.565147700000000000e+07
1.525453400000000000e+07
1.485150300000000000e+07
1.443212300000000000e+07
1.357988600000000000e+07
1.270372600000000000e+07
1.180794300000000000e+07
1.090912800000000000e+07
1.001656900000000000e+07
9.128359000000000000e+06
8.251538000000000000e+06
7.393533000000000000e+06
6.543237000000000000e+06
5.712089000000000000e+06
4.902533000000000000e+06
4.112576000000000000e+06
3.335735000000000000e+06
2.590713000000000000e+06
1.859267000000000000e+06
1.237595000000000000e+06
8.515270000000000000e+05
4.972540000000000000e+05
2.192630000000000000e+05
6.490200000000000000e+04
4.619200000000000000e+04
5.080800000000000000e+04
4.773300000000000000e+04
5.339300000000000000e+04
4.349600000000000000e+04
4.959200000000000000e+04
3.877600000000000000e+04
4.641000000000000000e+04
5.178300000000000000e+04
3.762000000000000000e+04
4.038300000000000000e+04
4.453500000000000000e+04
4.766300000000000000e+04
3.670200000000000000e+04
3.622400000000000000e+04
3.898400000000000000e+04
4.130100000000000000e+04
3.965600000000000000e+04
4.218900000000000000e+04
4.161000000000000000e+04
1.598834600000000000e+07
1.561087500000000000e+07
1.522557200000000000e+07
1.482218000000000000e+07
1.441435300000000000e+07
1.356929900000000000e+07
1.270272000000000000e+07
1.182744500000000000e+07
1.093788200000000000e+07
1.005915900000000000e+07
9.186364000000000000e+06
8.320065000000000000e+06
7.472139000000000000e+06
6.634942000000000000e+06
5.820935000000000000e+06
5.015628000000000000e+06
4.235193000000000000e+06
3.472118000000000000e+06
2.736219000000000000e+06
2.018075000000000000e+06
1.327067000000000000e+06
8.880640000000000000e+05
5.329220000000000000e+05
2.299450000000000000e+05
7.440800000000000000e+04
4.679000000000000000e+04
5.192300000000000000e+04
5.202600000000000000e+04
4.883100000000000000e+04
4.408800000000000000e+04
5.455600000000000000e+04
4.555700000000000000e+04
4.301000000000000000e+04
4.886200000000000000e+04
4.876300000000000000e+04
4.439800000000000000e+04
4.629100000000000000e+04
3.947200000000000000e+04
4.293400000000000000e+04
3.919500000000000000e+04
3.604700000000000000e+04
3.762500000000000000e+04
3.879500000000000000e+04
3.745200000000000000e+04
4.641500000000000000e+04
1.560639200000000000e+07
1.521995300000000000e+07
1.482764400000000000e+07
1.442301800000000000e+07
1.359176700000000000e+07
1.273220300000000000e+07
1.186239800000000000e+07
1.099533100000000000e+07
1.012368600000000000e+07
9.261050000000000000e+06
8.413708000000000000e+06
7.572363000000000000e+06
6.746932000000000000e+06
5.941430000000000000e+06
5.153037000000000000e+06
4.376638000000000000e+06
3.630578000000000000e+06
2.896826000000000000e+06
2.181059000000000000e+06
1.484379000000000000e+06
9.259420000000000000e+05
5.770440000000000000e+05
2.551790000000000000e+05
7.671500000000000000e+04
6.190100000000000000e+04
4.917800000000000000e+04
5.460300000000000000e+04
4.522000000000000000e+04
5.064800000000000000e+04
3.956700000000000000e+04
4.753900000000000000e+04
5.284800000000000000e+04
3.776400000000000000e+04
4.104000000000000000e+04
4.495400000000000000e+04
4.815100000000000000e+04
3.767200000000000000e+04
3.641400000000000000e+04
3.918600000000000000e+04
4.165400000000000000e+04
4.031400000000000000e+04
4.267700000000000000e+04
4.266300000000000000e+04
3.412200000000000000e+04
1.524725300000000000e+07
1.485577900000000000e+07
1.445337100000000000e+07
1.362874500000000000e+07
1.278656400000000000e+07
1.192401500000000000e+07
1.106622500000000000e+07
1.020971600000000000e+07
9.355791000000000000e+06
8.517118000000000000e+06
7.685879000000000000e+06
6.876888000000000000e+06
6.073790000000000000e+06
5.293355000000000000e+06
4.529775000000000000e+06
3.791605000000000000e+06
3.069136000000000000e+06
2.362058000000000000e+06
1.676964000000000000e+06
1.023959000000000000e+06
6.259130000000000000e+05
3.035720000000000000e+05
9.422200000000000000e+04
5.336700000000000000e+04
5.292500000000000000e+04
4.995000000000000000e+04
4.499300000000000000e+04
5.629400000000000000e+04
4.667400000000000000e+04
4.389900000000000000e+04
4.962100000000000000e+04
5.005100000000000000e+04
4.506400000000000000e+04
4.723000000000000000e+04
4.009400000000000000e+04
4.383200000000000000e+04
3.939400000000000000e+04
3.630700000000000000e+04
3.809800000000000000e+04
3.950800000000000000e+04
3.796600000000000000e+04
4.695000000000000000e+04
3.627400000000000000e+04
1.490396200000000000e+07
1.451103700000000000e+07
1.369088000000000000e+07
1.285199000000000000e+07
1.200988300000000000e+07
1.115649200000000000e+07
1.030802200000000000e+07
9.470984000000000000e+06
8.637692000000000000e+06
7.817104000000000000e+06
7.014647000000000000e+06
6.226789000000000000e+06
5.449663000000000000e+06
4.701416000000000000e+06
3.964270000000000000e+06
3.244106000000000000e+06
2.541777000000000000e+06
1.865026000000000000e+06
1.203638000000000000e+06
6.869720000000000000e+05
3.589270000000000000e+05
1.347090000000000000e+05
5.059100000000000000e+04
5.582400000000000000e+04
4.667600000000000000e+04
5.168100000000000000e+04
4.035800000000000000e+04
4.890000000000000000e+04
5.392700000000000000e+04
3.810600000000000000e+04
4.198200000000000000e+04
4.537900000000000000e+04
4.900400000000000000e+04
3.859600000000000000e+04
3.660700000000000000e+04
3.939000000000000000e+04
4.201800000000000000e+04
4.096900000000000000e+04
4.316300000000000000e+04
4.369000000000000000e+04
3.486500000000000000e+04
4.177900000000000000e+04
1.457954300000000000e+07
1.377344000000000000e+07
1.293997600000000000e+07
1.210410600000000000e+07
1.126450700000000000e+07
1.042291100000000000e+07
9.593400000000000000e+06
8.767831000000000000e+06
7.963111000000000000e+06
7.161286000000000000e+06
6.379877000000000000e+06
5.614765000000000000e+06
4.873557000000000000e+06
4.146048000000000000e+06
3.435814000000000000e+06
2.742973000000000000e+06
2.069315000000000000e+06
1.401509000000000000e+06
7.900700000000000000e+05
4.363300000000000000e+05
1.605830000000000000e+05
5.489300000000000000e+04
5.108200000000000000e+04
4.598900000000000000e+04
5.800400000000000000e+04
4.807600000000000000e+04
4.505500000000000000e+04
5.063100000000000000e+04
5.156800000000000000e+04
4.575400000000000000e+04
4.822700000000000000e+04
4.095600000000000000e+04
4.501000000000000000e+04
3.978700000000000000e+04
3.679300000000000000e+04
3.869100000000000000e+04
4.022000000000000000e+04
3.834700000000000000e+04
4.746900000000000000e+04
3.674400000000000000e+04
4.586900000000000000e+04
1.397279100000000000e+07
1.316102400000000000e+07
1.233973400000000000e+07
1.151131100000000000e+07
1.069130900000000000e+07
9.871908000000000000e+06
9.071091000000000000e+06
8.270387000000000000e+06
7.487634000000000000e+06
6.720760000000000000e+06
5.975709000000000000e+06
5.242652000000000000e+06
4.528151000000000000e+06
3.827694000000000000e+06
3.146486000000000000e+06
2.470661000000000000e+06
1.829915000000000000e+06
1.197090000000000000e+06
6.131510000000000000e+05
2.952320000000000000e+05
7.935700000000000000e+04
4.733400000000000000e+04
5.965100000000000000e+04
4.946800000000000000e+04
4.624200000000000000e+04
5.164000000000000000e+04
5.322800000000000000e+04
4.698600000000000000e+04
4.939100000000000000e+04
4.191700000000000000e+04
4.609600000000000000e+04
4.039700000000000000e+04
3.727400000000000000e+04
3.943300000000000000e+04
4.093200000000000000e+04
3.867800000000000000e+04
4.796800000000000000e+04
3.727200000000000000e+04
3.706100000000000000e+04
3.924000000000000000e+04
1.342602000000000000e+07
1.261233300000000000e+07
1.180288900000000000e+07
1.099034700000000000e+07
1.019359300000000000e+07
9.394518000000000000e+06
8.610510000000000000e+06
7.841534000000000000e+06
7.092519000000000000e+06
6.353966000000000000e+06
5.634653000000000000e+06
4.926559000000000000e+06
4.237542000000000000e+06
3.553737000000000000e+06
2.904792000000000000e+06
2.262238000000000000e+06
1.639999000000000000e+06
1.039145000000000000e+06
4.829860000000000000e+05
1.808710000000000000e+05
6.156400000000000000e+04
5.081400000000000000e+04
4.742400000000000000e+04
5.265100000000000000e+04
5.479600000000000000e+04
4.847800000000000000e+04
5.053100000000000000e+04
4.287500000000000000e+04
4.710700000000000000e+04
4.099900000000000000e+04
3.775400000000000000e+04
4.019300000000000000e+04
4.163600000000000000e+04
3.899800000000000000e+04
4.844700000000000000e+04
3.779500000000000000e+04
3.756400000000000000e+04
3.982700000000000000e+04
4.069000000000000000e+04
1.292102400000000000e+07
1.211660600000000000e+07
1.132458000000000000e+07
1.052789000000000000e+07
9.743345000000000000e+06
8.972516000000000000e+06
8.219631000000000000e+06
7.475756000000000000e+06
6.751330000000000000e+06
6.035771000000000000e+06
5.338933000000000000e+06
4.647149000000000000e+06
3.989888000000000000e+06
3.337385000000000000e+06
2.705229000000000000e+06
2.094743000000000000e+06
1.491824000000000000e+06
9.024720000000000000e+05
3.903970000000000000e+05
1.150290000000000000e+05
4.860500000000000000e+04
5.365600000000000000e+04
5.628600000000000000e+04
4.995500000000000000e+04
5.164800000000000000e+04
4.382600000000000000e+04
4.805000000000000000e+04
4.175400000000000000e+04
3.823200000000000000e+04
4.125900000000000000e+04
4.234200000000000000e+04
3.930400000000000000e+04
4.920300000000000000e+04
3.831500000000000000e+04
3.810500000000000000e+04
4.041400000000000000e+04
3.738500000000000000e+04
4.102000000000000000e+04
1.245892100000000000e+07
1.166560500000000000e+07
1.088138100000000000e+07
1.010927200000000000e+07
9.353036000000000000e+06
8.604251000000000000e+06
7.874729000000000000e+06
7.152078000000000000e+06
6.447515000000000000e+06
5.747980000000000000e+06
5.082426000000000000e+06
4.419941000000000000e+06
3.778022000000000000e+06
3.157703000000000000e+06
2.544551000000000000e+06
1.944982000000000000e+06
1.377703000000000000e+06
8.005770000000000000e+05
2.990640000000000000e+05
7.373800000000000000e+04
5.770600000000000000e+04
5.141700000000000000e+04
5.274100000000000000e+04
4.477200000000000000e+04
4.893700000000000000e+04
4.258800000000000000e+04
3.898100000000000000e+04
4.231400000000000000e+04
4.330900000000000000e+04
3.963500000000000000e+04
5.002200000000000000e+04
3.883000000000000000e+04
3.889200000000000000e+04
4.108300000000000000e+04
3.790900000000000000e+04
4.160400000000000000e+04
4.903700000000000000e+04
1.202060300000000000e+07
1.124771000000000000e+07
1.048920100000000000e+07
9.736071000000000000e+06
9.001499000000000000e+06
8.272493000000000000e+06
7.560581000000000000e+06
6.853504000000000000e+06
6.179849000000000000e+06
5.507777000000000000e+06
4.856067000000000000e+06
4.226005000000000000e+06
3.602688000000000000e+06
2.993765000000000000e+06
2.415847000000000000e+06
1.827844000000000000e+06
1.261127000000000000e+06
7.173200000000000000e+05
2.463180000000000000e+05
5.450700000000000000e+04
5.386600000000000000e+04
4.583100000000000000e+04
4.977200000000000000e+04
4.341100000000000000e+04
4.033600000000000000e+04
4.336000000000000000e+04
4.433400000000000000e+04
4.043800000000000000e+04
5.081500000000000000e+04
3.939500000000000000e+04
3.968100000000000000e+04
4.206900000000000000e+04
3.879900000000000000e+04
4.219800000000000000e+04
4.982100000000000000e+04
4.635600000000000000e+04
1.162480000000000000e+07
1.086824400000000000e+07
1.012930500000000000e+07
9.394510000000000000e+06
8.675680000000000000e+06
7.961363000000000000e+06
7.279919000000000000e+06
6.598888000000000000e+06
5.937315000000000000e+06
5.297824000000000000e+06
4.664744000000000000e+06
4.047928000000000000e+06
3.457882000000000000e+06
2.859071000000000000e+06
2.281668000000000000e+06
1.729436000000000000e+06
1.185086000000000000e+06
6.454210000000000000e+05
1.929710000000000000e+05
4.706200000000000000e+04
5.076800000000000000e+04
4.422300000000000000e+04
4.167800000000000000e+04
4.112500000000000000e+04
4.534800000000000000e+04
4.134400000000000000e+04
5.157600000000000000e+04
4.028300000000000000e+04
4.055300000000000000e+04
4.305400000000000000e+04
4.064700000000000000e+04
4.280300000000000000e+04
5.060000000000000000e+04
4.686100000000000000e+04
5.159300000000000000e+04
1.125497800000000000e+07
1.051570300000000000e+07
9.790530000000000000e+06
9.069538000000000000e+06
8.380624000000000000e+06
7.691224000000000000e+06
7.020097000000000000e+06
6.371474000000000000e+06
5.728852000000000000e+06
5.102706000000000000e+06
4.502409000000000000e+06
3.893180000000000000e+06
3.305134000000000000e+06
2.743081000000000000e+06
2.188367000000000000e+06
1.637918000000000000e+06
1.109432000000000000e+06
5.814810000000000000e+05
1.502600000000000000e+05
5.792200000000000000e+04
4.301200000000000000e+04
4.231800000000000000e+04
4.661900000000000000e+04
4.237400000000000000e+04
4.546800000000000000e+04
4.116400000000000000e+04
4.167500000000000000e+04
4.410300000000000000e+04
4.244700000000000000e+04
4.341900000000000000e+04
5.164400000000000000e+04
4.736600000000000000e+04
5.221400000000000000e+04
3.549900000000000000e+04
1.090314500000000000e+07
1.017609100000000000e+07
9.480209000000000000e+06
8.781502000000000000e+06
8.102785000000000000e+06
7.445393000000000000e+06
6.796431000000000000e+06
6.158415000000000000e+06
5.548032000000000000e+06
4.928779000000000000e+06
4.330448000000000000e+06
3.758564000000000000e+06
3.193574000000000000e+06
2.632669000000000000e+06
2.094834000000000000e+06
1.555342000000000000e+06
1.043302000000000000e+06
5.450710000000000000e+05
1.108960000000000000e+05
4.369200000000000000e+04
4.793500000000000000e+04
4.348300000000000000e+04
4.495300000000000000e+04
4.203600000000000000e+04
4.280000000000000000e+04
4.535300000000000000e+04
4.423800000000000000e+04
4.414500000000000000e+04
5.276800000000000000e+04
4.786400000000000000e+04
5.299300000000000000e+04
3.625300000000000000e+04
4.722900000000000000e+04
1.057680400000000000e+07
9.871223000000000000e+06
9.183867000000000000e+06
8.518088000000000000e+06
7.861672000000000000e+06
7.213640000000000000e+06
6.593563000000000000e+06
5.964791000000000000e+06
5.356360000000000000e+06
4.774817000000000000e+06
4.199748000000000000e+06
3.628792000000000000e+06
3.081252000000000000e+06
2.530897000000000000e+06
2.009543000000000000e+06
1.500847000000000000e+06
9.818620000000000000e+05
4.892240000000000000e+05
9.161000000000000000e+04
4.477000000000000000e+04
4.558900000000000000e+04
4.296800000000000000e+04
4.417300000000000000e+04
4.660800000000000000e+04
4.593900000000000000e+04
4.514500000000000000e+04
5.388100000000000000e+04
4.850700000000000000e+04
5.398100000000000000e+04
3.699400000000000000e+04
4.780200000000000000e+04
3.596300000000000000e+04
1.026190400000000000e+07
9.588264000000000000e+06
8.924572000000000000e+06
8.267328000000000000e+06
7.637965000000000000e+06
7.000013000000000000e+06
6.384468000000000000e+06
5.790963000000000000e+06
5.206056000000000000e+06
4.625319000000000000e+06
4.068152000000000000e+06
3.507412000000000000e+06
2.976928000000000000e+06
2.457689000000000000e+06
1.929250000000000000e+06
1.426665000000000000e+06
9.398860000000000000e+05
4.662590000000000000e+05
7.238800000000000000e+04
4.409700000000000000e+04
4.563200000000000000e+04
4.786300000000000000e+04
4.779200000000000000e+04
4.614700000000000000e+04
5.498600000000000000e+04
5.136400000000000000e+04
5.512700000000000000e+04
3.772300000000000000e+04
4.836300000000000000e+04
3.654300000000000000e+04
5.081500000000000000e+04
9.983635000000000000e+06
9.318323000000000000e+06
8.680116000000000000e+06
8.033523000000000000e+06
7.409861000000000000e+06
6.806040000000000000e+06
6.211586000000000000e+06
5.621425000000000000e+06
5.054833000000000000e+06
4.484043000000000000e+06
3.944588000000000000e+06
3.415181000000000000e+06
2.877340000000000000e+06
2.365176000000000000e+06
1.877139000000000000e+06
1.385335000000000000e+06
8.960250000000000000e+05
4.255210000000000000e+05
6.202700000000000000e+04
4.911200000000000000e+04
4.958200000000000000e+04
4.714300000000000000e+04
5.607800000000000000e+04
5.289000000000000000e+04
5.478200000000000000e+04
3.873400000000000000e+04
4.926400000000000000e+04
3.725500000000000000e+04
5.234500000000000000e+04
3.973500000000000000e+04
9.718958000000000000e+06
9.064203000000000000e+06
8.431982000000000000e+06
7.819156000000000000e+06
7.215461000000000000e+06
6.616284000000000000e+06
6.040508000000000000e+06
5.459991000000000000e+06
4.914162000000000000e+06
4.372570000000000000e+06
3.825534000000000000e+06
3.304022000000000000e+06
2.805778000000000000e+06
2.305047000000000000e+06
1.806234000000000000e+06
1.326793000000000000e+06
8.614600000000000000e+05
4.053890000000000000e+05
6.058800000000000000e+04
4.840700000000000000e+04
5.716300000000000000e+04
5.419600000000000000e+04
5.622800000000000000e+04
3.980000000000000000e+04
5.012800000000000000e+04
3.827200000000000000e+04
5.384900000000000000e+04
4.052700000000000000e+04
4.190800000000000000e+04
9.451002000000000000e+06
8.829475000000000000e+06
8.216623000000000000e+06
7.609107000000000000e+06
7.024514000000000000e+06
6.434491000000000000e+06
5.880440000000000000e+06
5.329128000000000000e+06
4.773174000000000000e+06
4.242448000000000000e+06
3.734215000000000000e+06
3.225030000000000000e+06
2.716844000000000000e+06
2.243697000000000000e+06
1.754729000000000000e+06
1.289382000000000000e+06
8.336580000000000000e+05
3.828710000000000000e+05
6.606600000000000000e+04
5.539000000000000000e+04
5.760500000000000000e+04
4.084900000000000000e+04
5.095400000000000000e+04
3.932400000000000000e+04
5.379300000000000000e+04
4.155900000000000000e+04
4.304500000000000000e+04
5.133700000000000000e+04
9.215408000000000000e+06
8.599142000000000000e+06
8.006075000000000000e+06
7.407085000000000000e+06
6.845013000000000000e+06
6.284198000000000000e+06
5.719669000000000000e+06
5.179865000000000000e+06
4.662196000000000000e+06
4.146659000000000000e+06
3.627222000000000000e+06
3.145686000000000000e+06
2.648167000000000000e+06
2.173704000000000000e+06
1.709661000000000000e+06
1.250391000000000000e+06
8.111320000000000000e+05
3.705740000000000000e+05
6.611500000000000000e+04
5.814400000000000000e+04
5.183000000000000000e+04
5.635000000000000000e+04
5.543500000000000000e+04
4.268700000000000000e+04
4.427100000000000000e+04
5.261200000000000000e+04
4.382700000000000000e+04
8.984498000000000000e+06
8.377012000000000000e+06
7.807109000000000000e+06
7.237219000000000000e+06
6.664482000000000000e+06
6.116062000000000000e+06
5.588885000000000000e+06
5.066130000000000000e+06
4.537032000000000000e+06
4.047018000000000000e+06
3.541118000000000000e+06
3.058007000000000000e+06
2.585693000000000000e+06
2.118098000000000000e+06
1.669781000000000000e+06
1.221234000000000000e+06
7.854780000000000000e+05
3.564590000000000000e+05
5.943800000000000000e+04
5.763600000000000000e+04
5.706200000000000000e+04
4.392100000000000000e+04
4.551700000000000000e+04
5.394700000000000000e+04
4.533300000000000000e+04
5.898800000000000000e+04
8.766188000000000000e+06
8.187501000000000000e+06
7.607024000000000000e+06
7.050279000000000000e+06
6.513764000000000000e+06
5.983426000000000000e+06
5.445617000000000000e+06
4.947394000000000000e+06
4.433354000000000000e+06
3.941707000000000000e+06
3.461143000000000000e+06
2.985542000000000000e+06
2.528423000000000000e+06
2.072044000000000000e+06
1.627157000000000000e+06
1.190033000000000000e+06
7.562270000000000000e+05
3.412830000000000000e+05
6.484600000000000000e+04
4.525000000000000000e+04
6.387600000000000000e+04
5.540400000000000000e+04
4.682300000000000000e+04
6.003600000000000000e+04
4.924700000000000000e+04
8.546694000000000000e+06
7.981632000000000000e+06
7.436643000000000000e+06
6.898613000000000000e+06
6.353847000000000000e+06
5.846243000000000000e+06
5.324294000000000000e+06
4.824357000000000000e+06
4.335749000000000000e+06
3.852165000000000000e+06
3.386606000000000000e+06
2.922576000000000000e+06
2.468882000000000000e+06
2.023609000000000000e+06
1.582879000000000000e+06
1.159792000000000000e+06
7.400640000000000000e+05
3.159880000000000000e+05
7.119500000000000000e+04
5.693500000000000000e+04
4.829300000000000000e+04
6.105900000000000000e+04
5.104400000000000000e+04
4.257400000000000000e+04
8.356884000000000000e+06
7.811293000000000000e+06
7.260049000000000000e+06
6.743085000000000000e+06
6.213533000000000000e+06
5.705503000000000000e+06
5.209106000000000000e+06
4.717794000000000000e+06
4.243854000000000000e+06
3.772537000000000000e+06
3.309942000000000000e+06
2.856925000000000000e+06
2.409219000000000000e+06
1.978198000000000000e+06
1.550712000000000000e+06
1.120331000000000000e+06
7.268030000000000000e+05
3.155770000000000000e+05
5.532300000000000000e+04
6.205700000000000000e+04
5.278600000000000000e+04
4.369800000000000000e+04
4.600400000000000000e+04
8.162729000000000000e+06
7.637520000000000000e+06
7.100634000000000000e+06
6.584760000000000000e+06
6.080803000000000000e+06
5.581780000000000000e+06
5.099830000000000000e+06
4.621486000000000000e+06
4.150315000000000000e+06
3.689540000000000000e+06
3.235092000000000000e+06
2.796254000000000000e+06
2.361183000000000000e+06
1.924530000000000000e+06
1.525041000000000000e+06
1.104181000000000000e+06
6.934790000000000000e+05
3.097560000000000000e+05
5.968700000000000000e+04
4.479600000000000000e+04
4.747700000000000000e+04
4.873600000000000000e+04
7.985100000000000000e+06
7.462481000000000000e+06
6.950436000000000000e+06
6.443780000000000000e+06
5.954204000000000000e+06
5.469026000000000000e+06
4.989524000000000000e+06
4.521267000000000000e+06
4.059959000000000000e+06
3.613669000000000000e+06
3.171184000000000000e+06
2.728105000000000000e+06
2.320637000000000000e+06
1.892722000000000000e+06
1.475573000000000000e+06
1.084387000000000000e+06
6.808440000000000000e+05
2.832010000000000000e+05
5.415000000000000000e+04
4.937200000000000000e+04
4.671800000000000000e+04
7.829195000000000000e+06
7.303523000000000000e+06
6.806605000000000000e+06
6.314777000000000000e+06
5.827137000000000000e+06
5.351696000000000000e+06
4.883860000000000000e+06
4.430129000000000000e+06
3.980347000000000000e+06
3.530927000000000000e+06
3.115565000000000000e+06
2.680884000000000000e+06
2.257272000000000000e+06
1.858923000000000000e+06
1.448790000000000000e+06
1.044496000000000000e+06
6.593480000000000000e+05
2.789490000000000000e+05
5.332700000000000000e+04
3.975800000000000000e+04
7.656707000000000000e+06
7.158355000000000000e+06
6.663058000000000000e+06
6.180418000000000000e+06
5.707970000000000000e+06
5.245276000000000000e+06
4.788435000000000000e+06
4.332820000000000000e+06
3.909673000000000000e+06
3.468382000000000000e+06
3.038461000000000000e+06
2.633076000000000000e+06
2.216356000000000000e+06
1.805440000000000000e+06
1.413512000000000000e+06
1.028756000000000000e+06
6.439480000000000000e+05
2.613780000000000000e+05
4.244000000000000000e+04
7.496678000000000000e+06
7.006921000000000000e+06
6.529912000000000000e+06
6.058798000000000000e+06
5.595096000000000000e+06
5.133458000000000000e+06
4.702704000000000000e+06
4.254998000000000000e+06
3.822851000000000000e+06
3.406621000000000000e+06
2.984731000000000000e+06
2.566058000000000000e+06
2.167444000000000000e+06
1.776200000000000000e+06
1.385290000000000000e+06
9.960080000000000000e+05
6.184670000000000000e+05
2.579310000000000000e+05
7.348584000000000000e+06
6.870294000000000000e+06
6.400011000000000000e+06
5.932430000000000000e+06
5.494295000000000000e+06
5.040408000000000000e+06
4.602035000000000000e+06
4.179278000000000000e+06
3.751502000000000000e+06
3.326011000000000000e+06
2.920895000000000000e+06
2.523142000000000000e+06
2.126279000000000000e+06
1.730532000000000000e+06
1.346742000000000000e+06
9.800880000000000000e+05
6.185790000000000000e+05
7.202917000000000000e+06
6.729584000000000000e+06
6.284288000000000000e+06
5.824320000000000000e+06
5.379914000000000000e+06
4.950777000000000000e+06
4.517037000000000000e+06
4.085103000000000000e+06
3.673441000000000000e+06
3.279669000000000000e+06
2.866756000000000000e+06
2.464814000000000000e+06
2.074816000000000000e+06
1.702135000000000000e+06
1.334388000000000000e+06
9.800670000000000000e+05
7.072356000000000000e+06
6.606417000000000000e+06
6.156213000000000000e+06
5.720799000000000000e+06
5.281280000000000000e+06
4.843039000000000000e+06
4.424986000000000000e+06
4.024832000000000000e+06
3.606446000000000000e+06
3.198612000000000000e+06
2.802313000000000000e+06
2.423788000000000000e+06
2.049934000000000000e+06
1.690417000000000000e+06
1.314542000000000000e+06
6.930651000000000000e+06
6.489043000000000000e+06
6.044019000000000000e+06
5.599611000000000000e+06
5.175370000000000000e+06
4.768897000000000000e+06
4.345248000000000000e+06
3.931570000000000000e+06
3.529000000000000000e+06
3.144894000000000000e+06
2.765052000000000000e+06
2.400363000000000000e+06
2.018227000000000000e+06
1.647287000000000000e+06
6.805028000000000000e+06
6.354607000000000000e+06
5.924101000000000000e+06
5.511639000000000000e+06
5.082692000000000000e+06
4.663460000000000000e+06
4.254664000000000000e+06
3.865131000000000000e+06
3.479392000000000000e+06
3.109722000000000000e+06
2.721407000000000000e+06
2.344907000000000000e+06
1.976272000000000000e+06
6.671130000000000000e+06
6.252850000000000000e+06
5.818676000000000000e+06
5.394200000000000000e+06
4.978207000000000000e+06
4.584436000000000000e+06
4.192824000000000000e+06
3.818338000000000000e+06
3.424008000000000000e+06
3.041937000000000000e+06
2.667962000000000000e+06
2.288150000000000000e+06
6.553042000000000000e+06
6.123531000000000000e+06
5.702337000000000000e+06
5.302518000000000000e+06
4.905298000000000000e+06
4.525889000000000000e+06
4.125900000000000000e+06
3.738302000000000000e+06
3.359054000000000000e+06
2.973847000000000000e+06
2.633296000000000000e+06
6.424998000000000000e+06
6.019353000000000000e+06
5.616488000000000000e+06
5.232088000000000000e+06
4.826812000000000000e+06
4.433752000000000000e+06
4.049295000000000000e+06
3.658941000000000000e+06
3.313361000000000000e+06
2.959154000000000000e+06
6.326326000000000000e+06
5.936968000000000000e+06
5.526405000000000000e+06
5.127950000000000000e+06
4.738569000000000000e+06
4.343287000000000000e+06
3.992774000000000000e+06
3.633201000000000000e+06
3.255642000000000000e+06
6.224620000000000000e+06
5.820833000000000000e+06
5.426890000000000000e+06
5.026683000000000000e+06
4.673653000000000000e+06
4.306399000000000000e+06
3.924500000000000000e+06
3.553178000000000000e+06
6.113895000000000000e+06
5.709877000000000000e+06
5.352246000000000000e+06
4.978759000000000000e+06
4.592435000000000000e+06
4.216269000000000000e+06
3.876607000000000000e+06
6.028561000000000000e+06
5.651008000000000000e+06
5.259270000000000000e+06
4.878429000000000000e+06
4.534171000000000000e+06
4.177338000000000000e+06
5.924933000000000000e+06
5.539432000000000000e+06
5.190745000000000000e+06
4.828710000000000000e+06
4.428151000000000000e+06
5.846129000000000000e+06
5.478942000000000000e+06
5.074272000000000000e+06
4.730077000000000000e+06
5.719146000000000000e+06
5.370910000000000000e+06
5.017692000000000000e+06
5.652818000000000000e+06
5.294117000000000000e+06
5.562605000000000000e+06
