nan
nan
nan
nan
nan
nan
nan
nan
nan
nan
nan
nan
nan
nan
nan
nan
nan
nan
nan
nan
nan
nan
nan
nan
9.100000000000000000e+01
8.160000000000000000e+02
1.112000000000000000e+03
1.273000000000000000e+03
1.498000000000000000e+03
1.676000000000000000e+03
1.860000000000000000e+03
2.249000000000000000e+03
2.618000000000000000e+03
2.976000000000000000e+03
3.329000000000000000e+03
3.714000000000000000e+03
4.089000000000000000e+03
4.439000000000000000e+03
4.773000000000000000e+03
5.106000000000000000e+03
5.444000000000000000e+03
5.838000000000000000e+03
6.208000000000000000e+03
6.564000000000000000e+03
6.921000000000000000e+03
7.268000000000000000e+03
7.624000000000000000e+03
7.973000000000000000e+03
8.336000000000000000e+03
8.694000000000000000e+03
9.071000000000000000e+03
9.451000000000000000e+03
9.827000000000000000e+03
1.021800000000000000e+04
1.060300000000000000e+04
1.099200000000000000e+04
1.138800000000000000e+04
1.178600000000000000e+04
1.219000000000000000e+04
1.258400000000000000e+04
1.298800000000000000e+04
1.339100000000000000e+04
1.380200000000000000e+04
1.422000000000000000e+04
1.466200000000000000e+04
1.508600000000000000e+04
1.551400000000000000e+04
1.594200000000000000e+04
1.637200000000000000e+04
1.680600000000000000e+04
1.724100000000000000e+04
nan
nan
nan
nan
nan
nan
nan
nan
nan
nan
nan
nan
nan
nan
nan
nan
nan
nan
nan
nan
nan
nan
nan
2.890000000000000000e+02
8.200000000000000000e+02
1.115000000000000000e+03
1.270000000000000000e+03
1.489000000000000000e+03
1.662000000000000000e+03
1.861000000000000000e+03
2.249000000000000000e+03
2.618000000000000000e+03
2.977000000000000000e+03
3.329000000000000000e+03
3.727000000000000000e+03
4.091000000000000000e+03
4.434000000000000000e+03
4.764000000000000000e+03
5.098000000000000000e+03
5.471000000000000000e+03
5.842000000000000000e+03
6.211000000000000000e+03
6.566000000000000000e+03
6.917000000000000000e+03
7.267000000000000000e+03
7.610000000000000000e+03
7.972000000000000000e+03
8.326000000000000000e+03
8.693000000000000000e+03
9.069000000000000000e+03
9.449000000000000000e+03
9.834000000000000000e+03
1.021300000000000000e+04
1.060200000000000000e+04
1.099600000000000000e+04
1.139100000000000000e+04
1.179200000000000000e+04
1.219400000000000000e+04
1.259000000000000000e+04
1.297600000000000000e+04
1.338500000000000000e+04
1.381200000000000000e+04
1.423500000000000000e+04
1.467000000000000000e+04
1.509400000000000000e+04
1.552100000000000000e+04
1.594900000000000000e+04
1.637900000000000000e+04
1.681300000000000000e+04
1.724900000000000000e+04
nan
nan
nan
nan
nan
nan
nan
nan
nan
nan
nan
nan
nan
nan
nan
nan
nan
nan
nan
nan
nan
nan
3.670000000000000000e+02
8.200000000000000000e+02
1.091000000000000000e+03
1.271000000000000000e+03
1.477000000000000000e+03
1.654000000000000000e+03
1.861000000000000000e+03
2.249000000000000000e+03
2.618000000000000000e+03
2.977000000000000000e+03
3.338000000000000000e+03
3.731000000000000000e+03
4.093000000000000000e+03
4.433000000000000000e+03
4.762000000000000000e+03
5.091000000000000000e+03
5.480000000000000000e+03
5.853000000000000000e+03
6.213000000000000000e+03
6.566000000000000000e+03
6.912000000000000000e+03
7.267000000000000000e+03
7.612000000000000000e+03
7.972000000000000000e+03
8.325000000000000000e+03
8.698000000000000000e+03
9.075000000000000000e+03
9.456000000000000000e+03
9.829000000000000000e+03
1.022300000000000000e+04
1.060700000000000000e+04
1.099900000000000000e+04
1.139600000000000000e+04
1.179600000000000000e+04
1.219300000000000000e+04
1.258400000000000000e+04
1.298500000000000000e+04
1.340500000000000000e+04
1.382100000000000000e+04
1.424800000000000000e+04
1.467800000000000000e+04
1.510000000000000000e+04
1.552700000000000000e+04
1.595500000000000000e+04
1.638600000000000000e+04
1.681900000000000000e+04
1.725500000000000000e+04
nan
nan
nan
nan
nan
nan
nan
nan
nan
nan
nan
nan
nan
nan
nan
nan
nan
nan
nan
nan
nan
3.860000000000000000e+02
8.220000000000000000e+02
1.019000000000000000e+03
1.267000000000000000e+03
1.463000000000000000e+03
1.655000000000000000e+03
1.861000000000000000e+03
2.249000000000000000e+03
2.618000000000000000e+03
2.977000000000000000e+03
3.348000000000000000e+03
3.736000000000000000e+03
4.094000000000000000e+03
4.433000000000000000e+03
4.761000000000000000e+03
5.090000000000000000e+03
5.486000000000000000e+03
5.857000000000000000e+03
6.212000000000000000e+03
6.566000000000000000e+03
6.911000000000000000e+03
7.267000000000000000e+03
7.611000000000000000e+03
7.972000000000000000e+03
8.325000000000000000e+03
8.702000000000000000e+03
9.080000000000000000e+03
9.451000000000000000e+03
9.838000000000000000e+03
1.021900000000000000e+04
1.060900000000000000e+04
1.100400000000000000e+04
1.140100000000000000e+04
1.180100000000000000e+04
1.219800000000000000e+04
1.259200000000000000e+04
1.299600000000000000e+04
1.339700000000000000e+04
1.383600000000000000e+04
1.425900000000000000e+04
1.468500000000000000e+04
1.510800000000000000e+04
1.553200000000000000e+04
1.596100000000000000e+04
1.639300000000000000e+04
1.682500000000000000e+04
1.726100000000000000e+04
nan
nan
nan
nan
nan
nan
nan
nan
nan
nan
nan
nan
nan
nan
nan
nan
nan
nan
nan
nan
3.950000000000000000e+02
8.280000000000000000e+02
1.008000000000000000e+03
1.257000000000000000e+03
1.450000000000000000e+03
1.655000000000000000e+03
1.861000000000000000e+03
2.249000000000000000e+03
2.619000000000000000e+03
2.978000000000000000e+03
3.355000000000000000e+03
3.744000000000000000e+03
4.095000000000000000e+03
4.432000000000000000e+03
4.760000000000000000e+03
5.108000000000000000e+03
5.492000000000000000e+03
5.860000000000000000e+03
6.214000000000000000e+03
6.566000000000000000e+03
6.910000000000000000e+03
7.257000000000000000e+03
7.610000000000000000e+03
7.967000000000000000e+03
8.328000000000000000e+03
8.701000000000000000e+03
9.077000000000000000e+03
9.459000000000000000e+03
9.847000000000000000e+03
1.022700000000000000e+04
1.061500000000000000e+04
1.100800000000000000e+04
1.140500000000000000e+04
1.179800000000000000e+04
1.219100000000000000e+04
1.258000000000000000e+04
1.299800000000000000e+04
1.341000000000000000e+04
1.384800000000000000e+04
1.426800000000000000e+04
1.469000000000000000e+04
1.511400000000000000e+04
1.553900000000000000e+04
1.596800000000000000e+04
1.639900000000000000e+04
1.683000000000000000e+04
1.726500000000000000e+04
nan
nan
nan
nan
nan
nan
nan
nan
nan
nan
nan
nan
nan
nan
nan
nan
nan
nan
nan
3.960000000000000000e+02
8.090000000000000000e+02
1.009000000000000000e+03
1.245000000000000000e+03
1.435000000000000000e+03
1.655000000000000000e+03
1.861000000000000000e+03
2.250000000000000000e+03
2.619000000000000000e+03
2.978000000000000000e+03
3.377000000000000000e+03
3.747000000000000000e+03
4.094000000000000000e+03
4.425000000000000000e+03
4.756000000000000000e+03
5.129000000000000000e+03
5.502000000000000000e+03
5.863000000000000000e+03
6.214000000000000000e+03
6.559000000000000000e+03
6.910000000000000000e+03
7.252000000000000000e+03
7.611000000000000000e+03
7.958000000000000000e+03
8.332000000000000000e+03
8.707000000000000000e+03
9.083000000000000000e+03
9.466000000000000000e+03
9.841000000000000000e+03
1.022600000000000000e+04
1.061700000000000000e+04
1.101100000000000000e+04
1.140900000000000000e+04
1.180100000000000000e+04
1.218800000000000000e+04
1.260300000000000000e+04
1.300300000000000000e+04
1.342800000000000000e+04
1.385700000000000000e+04
1.427500000000000000e+04
1.469600000000000000e+04
1.511900000000000000e+04
1.554400000000000000e+04
1.597400000000000000e+04
1.640500000000000000e+04
1.683800000000000000e+04
1.727500000000000000e+04
nan
nan
nan
nan
nan
nan
nan
nan
nan
nan
nan
nan
nan
nan
nan
nan
nan
nan
3.950000000000000000e+02
7.330000000000000000e+02
1.006000000000000000e+03
1.227000000000000000e+03
1.435000000000000000e+03
1.654000000000000000e+03
1.861000000000000000e+03
2.250000000000000000e+03
2.620000000000000000e+03
2.978000000000000000e+03
3.384000000000000000e+03
3.749000000000000000e+03
4.090000000000000000e+03
4.419000000000000000e+03
4.746000000000000000e+03
5.135000000000000000e+03
5.507000000000000000e+03
5.865000000000000000e+03
6.214000000000000000e+03
6.556000000000000000e+03
6.909000000000000000e+03
7.251000000000000000e+03
7.609000000000000000e+03
7.962000000000000000e+03
8.331000000000000000e+03
8.710000000000000000e+03
9.079000000000000000e+03
9.461000000000000000e+03
9.851000000000000000e+03
1.023200000000000000e+04
1.062200000000000000e+04
1.101600000000000000e+04
1.141200000000000000e+04
1.180500000000000000e+04
1.220100000000000000e+04
1.259900000000000000e+04
1.301700000000000000e+04
1.344100000000000000e+04
1.386400000000000000e+04
1.428100000000000000e+04
1.470000000000000000e+04
1.512500000000000000e+04
1.555000000000000000e+04
1.598000000000000000e+04
1.641200000000000000e+04
1.684500000000000000e+04
1.728300000000000000e+04
nan
nan
nan
nan
nan
nan
nan
nan
nan
nan
nan
nan
nan
nan
nan
nan
nan
4.090000000000000000e+02
6.820000000000000000e+02
9.980000000000000000e+02
1.209000000000000000e+03
1.435000000000000000e+03
1.655000000000000000e+03
1.861000000000000000e+03
2.249000000000000000e+03
2.620000000000000000e+03
2.990000000000000000e+03
3.388000000000000000e+03
3.751000000000000000e+03
4.090000000000000000e+03
4.418000000000000000e+03
4.743000000000000000e+03
5.140000000000000000e+03
5.510000000000000000e+03
5.863000000000000000e+03
6.215000000000000000e+03
6.556000000000000000e+03
6.904000000000000000e+03
7.251000000000000000e+03
7.606000000000000000e+03
7.964000000000000000e+03
8.336000000000000000e+03
8.709000000000000000e+03
9.086000000000000000e+03
9.470000000000000000e+03
9.845000000000000000e+03
1.023300000000000000e+04
1.062500000000000000e+04
1.102000000000000000e+04
1.141600000000000000e+04
1.180900000000000000e+04
1.220700000000000000e+04
1.260600000000000000e+04
1.303300000000000000e+04
1.345200000000000000e+04
1.386800000000000000e+04
1.428600000000000000e+04
1.470500000000000000e+04
1.513000000000000000e+04
1.555600000000000000e+04
1.598600000000000000e+04
1.641700000000000000e+04
1.685300000000000000e+04
1.727800000000000000e+04
nan
nan
nan
nan
nan
nan
nan
nan
nan
nan
nan
nan
nan
nan
nan
nan
3.950000000000000000e+02
6.840000000000000000e+02
9.850000000000000000e+02
1.199000000000000000e+03
1.435000000000000000e+03
1.655000000000000000e+03
1.861000000000000000e+03
2.250000000000000000e+03
2.620000000000000000e+03
2.999000000000000000e+03
3.393000000000000000e+03
3.752000000000000000e+03
4.089000000000000000e+03
4.417000000000000000e+03
4.764000000000000000e+03
5.146000000000000000e+03
5.513000000000000000e+03
5.863000000000000000e+03
6.212000000000000000e+03
6.556000000000000000e+03
6.895000000000000000e+03
7.250000000000000000e+03
7.601000000000000000e+03
7.964000000000000000e+03
8.340000000000000000e+03
8.714000000000000000e+03
9.093000000000000000e+03
9.464000000000000000e+03
9.855000000000000000e+03
1.023700000000000000e+04
1.062900000000000000e+04
1.102500000000000000e+04
1.141900000000000000e+04
1.179300000000000000e+04
1.221000000000000000e+04
1.261700000000000000e+04
1.302400000000000000e+04
1.345900000000000000e+04
1.387200000000000000e+04
1.429000000000000000e+04
1.471200000000000000e+04
1.513600000000000000e+04
1.556300000000000000e+04
1.599200000000000000e+04
1.642100000000000000e+04
1.684800000000000000e+04
1.729000000000000000e+04
nan
nan
nan
nan
nan
nan
nan
nan
nan
nan
nan
nan
nan
nan
nan
3.040000000000000000e+02
6.840000000000000000e+02
9.670000000000000000e+02
1.194000000000000000e+03
1.435000000000000000e+03
1.655000000000000000e+03
1.861000000000000000e+03
2.251000000000000000e+03
2.621000000000000000e+03
3.009000000000000000e+03
3.401000000000000000e+03
3.752000000000000000e+03
4.087000000000000000e+03
4.415000000000000000e+03
4.783000000000000000e+03
5.157000000000000000e+03
5.515000000000000000e+03
5.864000000000000000e+03
6.205000000000000000e+03
6.555000000000000000e+03
6.894000000000000000e+03
7.250000000000000000e+03
7.597000000000000000e+03
7.968000000000000000e+03
8.338000000000000000e+03
8.710000000000000000e+03
9.089000000000000000e+03
9.473000000000000000e+03
9.851000000000000000e+03
1.024000000000000000e+04
1.063400000000000000e+04
1.102700000000000000e+04
1.141100000000000000e+04
1.181300000000000000e+04
1.219800000000000000e+04
1.262900000000000000e+04
1.304000000000000000e+04
1.345800000000000000e+04
1.387900000000000000e+04
1.429700000000000000e+04
1.471900000000000000e+04
1.514100000000000000e+04
1.556800000000000000e+04
1.599700000000000000e+04
1.642800000000000000e+04
1.685900000000000000e+04
1.728100000000000000e+04
nan
nan
nan
nan
nan
nan
nan
nan
nan
nan
nan
nan
nan
nan
nan
6.450000000000000000e+02
9.190000000000000000e+02
1.195000000000000000e+03
1.435000000000000000e+03
1.655000000000000000e+03
1.862000000000000000e+03
2.251000000000000000e+03
2.623000000000000000e+03
3.037000000000000000e+03
3.405000000000000000e+03
3.746000000000000000e+03
4.074000000000000000e+03
4.402000000000000000e+03
4.796000000000000000e+03
5.165000000000000000e+03
5.515000000000000000e+03
5.865000000000000000e+03
6.203000000000000000e+03
6.540000000000000000e+03
6.893000000000000000e+03
7.242000000000000000e+03
7.603000000000000000e+03
7.974000000000000000e+03
8.346000000000000000e+03
8.721000000000000000e+03
9.101000000000000000e+03
9.473000000000000000e+03
9.865000000000000000e+03
1.025000000000000000e+04
1.064300000000000000e+04
1.103100000000000000e+04
1.142400000000000000e+04
1.182300000000000000e+04
1.222500000000000000e+04
1.264600000000000000e+04
1.306400000000000000e+04
1.347700000000000000e+04
1.389100000000000000e+04
1.431100000000000000e+04
1.473300000000000000e+04
1.515500000000000000e+04
1.558400000000000000e+04
1.601200000000000000e+04
1.643000000000000000e+04
1.686100000000000000e+04
1.729400000000000000e+04
nan
nan
nan
nan
nan
nan
nan
nan
nan
nan
nan
nan
nan
nan
5.840000000000000000e+02
9.160000000000000000e+02
1.195000000000000000e+03
1.435000000000000000e+03
1.656000000000000000e+03
1.862000000000000000e+03
2.251000000000000000e+03
2.653000000000000000e+03
3.053000000000000000e+03
3.408000000000000000e+03
3.743000000000000000e+03
4.069000000000000000e+03
4.442000000000000000e+03
4.814000000000000000e+03
5.170000000000000000e+03
5.516000000000000000e+03
5.853000000000000000e+03
6.198000000000000000e+03
6.537000000000000000e+03
6.888000000000000000e+03
7.240000000000000000e+03
7.609000000000000000e+03
7.976000000000000000e+03
8.346000000000000000e+03
8.720000000000000000e+03
9.101000000000000000e+03
9.488000000000000000e+03
9.869000000000000000e+03
1.025800000000000000e+04
1.063900000000000000e+04
1.103300000000000000e+04
1.143000000000000000e+04
1.183500000000000000e+04
1.224600000000000000e+04
1.266100000000000000e+04
1.307600000000000000e+04
1.348900000000000000e+04
1.390600000000000000e+04
1.432200000000000000e+04
1.474600000000000000e+04
1.516900000000000000e+04
1.560000000000000000e+04
1.601600000000000000e+04
1.645600000000000000e+04
1.687400000000000000e+04
1.731400000000000000e+04
nan
nan
nan
nan
nan
nan
nan
nan
nan
nan
nan
nan
nan
5.440000000000000000e+02
9.170000000000000000e+02
1.195000000000000000e+03
1.435000000000000000e+03
1.656000000000000000e+03
1.863000000000000000e+03
2.251000000000000000e+03
2.681000000000000000e+03
3.057000000000000000e+03
3.400000000000000000e+03
3.729000000000000000e+03
4.071000000000000000e+03
4.454000000000000000e+03
4.821000000000000000e+03
5.169000000000000000e+03
5.508000000000000000e+03
5.852000000000000000e+03
6.186000000000000000e+03
6.536000000000000000e+03
6.879000000000000000e+03
7.245000000000000000e+03
7.610000000000000000e+03
7.984000000000000000e+03
8.356000000000000000e+03
8.731000000000000000e+03
9.104000000000000000e+03
9.491000000000000000e+03
9.878000000000000000e+03
1.026400000000000000e+04
1.065100000000000000e+04
1.104700000000000000e+04
1.144500000000000000e+04
1.185600000000000000e+04
1.226900000000000000e+04
1.267600000000000000e+04
1.308700000000000000e+04
1.349900000000000000e+04
1.391700000000000000e+04
1.433800000000000000e+04
1.475800000000000000e+04
1.518300000000000000e+04
1.560000000000000000e+04
1.603400000000000000e+04
1.645600000000000000e+04
1.689000000000000000e+04
1.732800000000000000e+04
nan
nan
nan
nan
nan
nan
nan
nan
nan
nan
nan
nan
5.440000000000000000e+02
9.160000000000000000e+02
1.194000000000000000e+03
1.435000000000000000e+03
1.656000000000000000e+03
1.863000000000000000e+03
2.276000000000000000e+03
2.696000000000000000e+03
3.059000000000000000e+03
3.398000000000000000e+03
3.725000000000000000e+03
4.099000000000000000e+03
4.471000000000000000e+03
4.825000000000000000e+03
5.168000000000000000e+03
5.504000000000000000e+03
5.837000000000000000e+03
6.182000000000000000e+03
6.520000000000000000e+03
6.884000000000000000e+03
7.247000000000000000e+03
7.617000000000000000e+03
7.983000000000000000e+03
8.353000000000000000e+03
8.731000000000000000e+03
9.114000000000000000e+03
9.499000000000000000e+03
9.884000000000000000e+03
1.025300000000000000e+04
1.064800000000000000e+04
1.105000000000000000e+04
1.146100000000000000e+04
1.187200000000000000e+04
1.227800000000000000e+04
1.268800000000000000e+04
1.309900000000000000e+04
1.351400000000000000e+04
1.393100000000000000e+04
1.435200000000000000e+04
1.477100000000000000e+04
1.519700000000000000e+04
1.562100000000000000e+04
1.603400000000000000e+04
1.647100000000000000e+04
1.690800000000000000e+04
1.734700000000000000e+04
nan
nan
nan
nan
nan
nan
nan
nan
nan
nan
nan
5.440000000000000000e+02
9.160000000000000000e+02
1.195000000000000000e+03
1.436000000000000000e+03
1.656000000000000000e+03
1.863000000000000000e+03
2.313000000000000000e+03
2.702000000000000000e+03
3.051000000000000000e+03
3.381000000000000000e+03
3.731000000000000000e+03
4.117000000000000000e+03
4.477000000000000000e+03
4.823000000000000000e+03
5.159000000000000000e+03
5.500000000000000000e+03
5.833000000000000000e+03
6.180000000000000000e+03
6.524000000000000000e+03
6.887000000000000000e+03
7.252000000000000000e+03
7.623000000000000000e+03
7.992000000000000000e+03
8.365000000000000000e+03
8.743000000000000000e+03
9.121000000000000000e+03
9.504000000000000000e+03
9.888000000000000000e+03
1.027500000000000000e+04
1.067500000000000000e+04
1.107600000000000000e+04
1.147900000000000000e+04
1.188500000000000000e+04
1.228900000000000000e+04
1.269800000000000000e+04
1.311000000000000000e+04
1.352600000000000000e+04
1.394300000000000000e+04
1.436400000000000000e+04
1.478300000000000000e+04
1.519000000000000000e+04
1.561700000000000000e+04
1.604800000000000000e+04
1.648700000000000000e+04
1.692400000000000000e+04
1.735300000000000000e+04
nan
nan
nan
nan
nan
nan
nan
nan
nan
nan
5.440000000000000000e+02
9.160000000000000000e+02
1.195000000000000000e+03
1.436000000000000000e+03
1.656000000000000000e+03
1.880000000000000000e+03
2.323000000000000000e+03
2.704000000000000000e+03
3.050000000000000000e+03
3.378000000000000000e+03
3.753000000000000000e+03
4.127000000000000000e+03
4.479000000000000000e+03
4.822000000000000000e+03
5.155000000000000000e+03
5.484000000000000000e+03
5.829000000000000000e+03
6.167000000000000000e+03
6.528000000000000000e+03
6.891000000000000000e+03
7.258000000000000000e+03
7.622000000000000000e+03
7.991000000000000000e+03
8.365000000000000000e+03
8.745000000000000000e+03
9.128000000000000000e+03
9.509000000000000000e+03
9.882000000000000000e+03
1.027300000000000000e+04
1.068500000000000000e+04
1.109100000000000000e+04
1.149200000000000000e+04
1.189500000000000000e+04
1.230100000000000000e+04
1.271000000000000000e+04
1.312400000000000000e+04
1.353800000000000000e+04
1.395200000000000000e+04
1.437600000000000000e+04
1.478300000000000000e+04
1.520900000000000000e+04
1.563200000000000000e+04
1.606500000000000000e+04
1.650000000000000000e+04
1.693600000000000000e+04
1.736500000000000000e+04
nan
nan
nan
nan
nan
nan
nan
nan
nan
5.430000000000000000e+02
9.160000000000000000e+02
1.194000000000000000e+03
1.446000000000000000e+03
1.704000000000000000e+03
1.936000000000000000e+03
2.340000000000000000e+03
2.695000000000000000e+03
3.028000000000000000e+03
3.404000000000000000e+03
3.781000000000000000e+03
4.133000000000000000e+03
4.477000000000000000e+03
4.807000000000000000e+03
5.134000000000000000e+03
5.477000000000000000e+03
5.814000000000000000e+03
6.172000000000000000e+03
6.537000000000000000e+03
6.894000000000000000e+03
7.264000000000000000e+03
7.627000000000000000e+03
8.000000000000000000e+03
8.378000000000000000e+03
8.756000000000000000e+03
9.137000000000000000e+03
9.516000000000000000e+03
9.915000000000000000e+03
1.031200000000000000e+04
1.071100000000000000e+04
1.110900000000000000e+04
1.151100000000000000e+04
1.191500000000000000e+04
1.232200000000000000e+04
1.273300000000000000e+04
1.314600000000000000e+04
1.355100000000000000e+04
1.396600000000000000e+04
1.437900000000000000e+04
1.480200000000000000e+04
1.523300000000000000e+04
1.566300000000000000e+04
1.609000000000000000e+04
1.652000000000000000e+04
1.695500000000000000e+04
1.736500000000000000e+04
nan
nan
nan
nan
nan
nan
nan
nan
5.420000000000000000e+02
9.150000000000000000e+02
1.217000000000000000e+03
1.510000000000000000e+03
1.747000000000000000e+03
1.958000000000000000e+03
2.340000000000000000e+03
2.676000000000000000e+03
3.049000000000000000e+03
3.434000000000000000e+03
3.790000000000000000e+03
4.132000000000000000e+03
4.461000000000000000e+03
4.786000000000000000e+03
5.127000000000000000e+03
5.463000000000000000e+03
5.821000000000000000e+03
6.180000000000000000e+03
6.541000000000000000e+03
6.906000000000000000e+03
7.268000000000000000e+03
7.641000000000000000e+03
8.013000000000000000e+03
8.385000000000000000e+03
8.766000000000000000e+03
9.154000000000000000e+03
9.547000000000000000e+03
9.937000000000000000e+03
1.033200000000000000e+04
1.072800000000000000e+04
1.112800000000000000e+04
1.152900000000000000e+04
1.193600000000000000e+04
1.234400000000000000e+04
1.275500000000000000e+04
1.315300000000000000e+04
1.355900000000000000e+04
1.398300000000000000e+04
1.440600000000000000e+04
1.483200000000000000e+04
1.525200000000000000e+04
1.568500000000000000e+04
1.607900000000000000e+04
1.653000000000000000e+04
1.698100000000000000e+04
1.743100000000000000e+04
nan
nan
nan
nan
nan
nan
nan
5.420000000000000000e+02
9.880000000000000000e+02
1.289000000000000000e+03
1.544000000000000000e+03
1.760000000000000000e+03
1.961000000000000000e+03
2.325000000000000000e+03
2.685000000000000000e+03
3.081000000000000000e+03
3.443000000000000000e+03
3.786000000000000000e+03
4.115000000000000000e+03
4.444000000000000000e+03
4.778000000000000000e+03
5.112000000000000000e+03
5.468000000000000000e+03
5.823000000000000000e+03
6.187000000000000000e+03
6.543000000000000000e+03
6.910000000000000000e+03
7.275000000000000000e+03
7.647000000000000000e+03
8.025000000000000000e+03
8.395000000000000000e+03
8.782000000000000000e+03
9.175000000000000000e+03
9.563000000000000000e+03
9.953000000000000000e+03
1.034900000000000000e+04
1.074500000000000000e+04
1.114700000000000000e+04
1.155000000000000000e+04
1.195200000000000000e+04
1.235900000000000000e+04
1.276100000000000000e+04
1.317000000000000000e+04
1.358500000000000000e+04
1.400500000000000000e+04
1.443200000000000000e+04
1.485200000000000000e+04
1.525600000000000000e+04
1.569700000000000000e+04
1.614300000000000000e+04
1.655600000000000000e+04
1.699600000000000000e+04
1.747500000000000000e+04
nan
nan
nan
nan
nan
nan
6.850000000000000000e+02
1.045000000000000000e+03
1.320000000000000000e+03
1.550000000000000000e+03
1.762000000000000000e+03
1.947000000000000000e+03
2.304000000000000000e+03
2.721000000000000000e+03
3.091000000000000000e+03
3.439000000000000000e+03
3.769000000000000000e+03
4.103000000000000000e+03
4.430000000000000000e+03
4.761000000000000000e+03
5.116000000000000000e+03
5.473000000000000000e+03
5.830000000000000000e+03
6.189000000000000000e+03
6.554000000000000000e+03
6.914000000000000000e+03
7.289000000000000000e+03
7.657000000000000000e+03
8.028000000000000000e+03
8.411000000000000000e+03
8.803000000000000000e+03
9.188000000000000000e+03
9.577000000000000000e+03
9.969000000000000000e+03
1.036500000000000000e+04
1.076300000000000000e+04
1.116300000000000000e+04
1.156300000000000000e+04
1.196000000000000000e+04
1.237300000000000000e+04
1.277300000000000000e+04
1.319000000000000000e+04
1.360500000000000000e+04
1.403000000000000000e+04
1.443700000000000000e+04
1.486500000000000000e+04
1.530800000000000000e+04
1.573500000000000000e+04
1.615300000000000000e+04
1.660400000000000000e+04
1.705100000000000000e+04
1.750200000000000000e+04
nan
nan
nan
nan
nan
7.490000000000000000e+02
1.069000000000000000e+03
1.325000000000000000e+03
1.551000000000000000e+03
1.744000000000000000e+03
1.936000000000000000e+03
2.345000000000000000e+03
2.733000000000000000e+03
3.090000000000000000e+03
3.423000000000000000e+03
3.759000000000000000e+03
4.083000000000000000e+03
4.411000000000000000e+03
4.764000000000000000e+03
5.120000000000000000e+03
5.474000000000000000e+03
5.837000000000000000e+03
6.195000000000000000e+03
6.559000000000000000e+03
6.925000000000000000e+03
7.291000000000000000e+03
7.671000000000000000e+03
8.044000000000000000e+03
8.431000000000000000e+03
8.816000000000000000e+03
9.202000000000000000e+03
9.592000000000000000e+03
9.986000000000000000e+03
1.038000000000000000e+04
1.078100000000000000e+04
1.117800000000000000e+04
1.157100000000000000e+04
1.197000000000000000e+04
1.237900000000000000e+04
1.279900000000000000e+04
1.321000000000000000e+04
1.362600000000000000e+04
1.404300000000000000e+04
1.447500000000000000e+04
1.487400000000000000e+04
1.531900000000000000e+04
1.576400000000000000e+04
1.620300000000000000e+04
1.664300000000000000e+04
1.710900000000000000e+04
1.755900000000000000e+04
nan
nan
nan
2.420000000000000000e+02
7.660000000000000000e+02
1.074000000000000000e+03
1.324000000000000000e+03
1.531000000000000000e+03
1.732000000000000000e+03
1.947000000000000000e+03
2.366000000000000000e+03
2.738000000000000000e+03
3.085000000000000000e+03
3.414000000000000000e+03
3.736000000000000000e+03
4.067000000000000000e+03
4.414000000000000000e+03
4.769000000000000000e+03
5.125000000000000000e+03
5.480000000000000000e+03
5.838000000000000000e+03
6.202000000000000000e+03
6.565000000000000000e+03
6.937000000000000000e+03
7.304000000000000000e+03
7.683000000000000000e+03
8.063000000000000000e+03
8.444000000000000000e+03
8.828000000000000000e+03
9.215000000000000000e+03
9.605000000000000000e+03
1.000000000000000000e+04
1.039700000000000000e+04
1.078300000000000000e+04
1.117800000000000000e+04
1.158500000000000000e+04
1.198900000000000000e+04
1.240100000000000000e+04
1.281300000000000000e+04
1.322800000000000000e+04
1.364800000000000000e+04
1.406100000000000000e+04
1.448800000000000000e+04
1.494000000000000000e+04
1.537500000000000000e+04
1.579600000000000000e+04
1.624300000000000000e+04
1.667900000000000000e+04
1.713500000000000000e+04
1.758300000000000000e+04
nan
nan
2.740000000000000000e+02
7.740000000000000000e+02
1.072000000000000000e+03
1.309000000000000000e+03
1.519000000000000000e+03
1.763000000000000000e+03
1.979000000000000000e+03
2.373000000000000000e+03
2.732000000000000000e+03
3.065000000000000000e+03
3.389000000000000000e+03
3.727000000000000000e+03
4.063000000000000000e+03
4.417000000000000000e+03
4.772000000000000000e+03
5.125000000000000000e+03
5.487000000000000000e+03
5.845000000000000000e+03
6.208000000000000000e+03
6.573000000000000000e+03
6.940000000000000000e+03
7.316000000000000000e+03
7.695000000000000000e+03
8.073000000000000000e+03
8.456000000000000000e+03
8.841000000000000000e+03
9.229000000000000000e+03
9.621000000000000000e+03
1.001400000000000000e+04
1.040800000000000000e+04
1.079600000000000000e+04
1.120000000000000000e+04
1.160000000000000000e+04
1.200300000000000000e+04
1.242600000000000000e+04
1.282600000000000000e+04
1.325000000000000000e+04
1.366300000000000000e+04
1.409800000000000000e+04
1.451600000000000000e+04
1.495800000000000000e+04
1.538500000000000000e+04
1.583700000000000000e+04
1.627600000000000000e+04
1.673100000000000000e+04
1.717600000000000000e+04
1.762300000000000000e+04
nan
2.980000000000000000e+02
7.680000000000000000e+02
1.063000000000000000e+03
1.313000000000000000e+03
1.560000000000000000e+03
1.782000000000000000e+03
1.990000000000000000e+03
2.369000000000000000e+03
2.718000000000000000e+03
3.054000000000000000e+03
3.379000000000000000e+03
3.712000000000000000e+03
4.066000000000000000e+03
4.420000000000000000e+03
4.776000000000000000e+03
5.131000000000000000e+03
5.492000000000000000e+03
5.853000000000000000e+03
6.218000000000000000e+03
6.583000000000000000e+03
6.951000000000000000e+03
7.327000000000000000e+03
7.704000000000000000e+03
8.085000000000000000e+03
8.466000000000000000e+03
8.853000000000000000e+03
9.242000000000000000e+03
9.631000000000000000e+03
1.002200000000000000e+04
1.040100000000000000e+04
1.080300000000000000e+04
1.121500000000000000e+04
1.161200000000000000e+04
1.201500000000000000e+04
1.243800000000000000e+04
1.283900000000000000e+04
1.327100000000000000e+04
1.370100000000000000e+04
1.412700000000000000e+04
1.456900000000000000e+04
1.500200000000000000e+04
1.542700000000000000e+04
1.587000000000000000e+04
1.630600000000000000e+04
1.675600000000000000e+04
1.720200000000000000e+04
1.765100000000000000e+04
4.120000000000000000e+02
7.810000000000000000e+02
1.078000000000000000e+03
1.340000000000000000e+03
1.577000000000000000e+03
1.793000000000000000e+03
1.995000000000000000e+03
2.364000000000000000e+03
2.703000000000000000e+03
3.029000000000000000e+03
3.363000000000000000e+03
3.714000000000000000e+03
4.068000000000000000e+03
4.423000000000000000e+03
4.779000000000000000e+03
5.137000000000000000e+03
5.495000000000000000e+03
5.857000000000000000e+03
6.220000000000000000e+03
6.591000000000000000e+03
6.963000000000000000e+03
7.337000000000000000e+03
7.714000000000000000e+03
8.095000000000000000e+03
8.479000000000000000e+03
8.865000000000000000e+03
9.253000000000000000e+03
9.642000000000000000e+03
1.002800000000000000e+04
1.041700000000000000e+04
1.083000000000000000e+04
1.122800000000000000e+04
1.162400000000000000e+04
1.205000000000000000e+04
1.246100000000000000e+04
1.288700000000000000e+04
1.330100000000000000e+04
1.373100000000000000e+04
1.415000000000000000e+04
1.458800000000000000e+04
1.501700000000000000e+04
1.546000000000000000e+04
1.589900000000000000e+04
1.634400000000000000e+04
1.678600000000000000e+04
1.723300000000000000e+04
1.768000000000000000e+04
8.290000000000000000e+02
1.106000000000000000e+03
1.357000000000000000e+03
1.585000000000000000e+03
1.795000000000000000e+03
1.988000000000000000e+03
2.348000000000000000e+03
2.689000000000000000e+03
3.019000000000000000e+03
3.359000000000000000e+03
3.715000000000000000e+03
4.071000000000000000e+03
4.426000000000000000e+03
4.782000000000000000e+03
5.141000000000000000e+03
5.502000000000000000e+03
5.865000000000000000e+03
6.229000000000000000e+03
6.599000000000000000e+03
6.970000000000000000e+03
7.346000000000000000e+03
7.724000000000000000e+03
8.105000000000000000e+03
8.490000000000000000e+03
8.872000000000000000e+03
9.255000000000000000e+03
9.644000000000000000e+03
1.003100000000000000e+04
1.043200000000000000e+04
1.084200000000000000e+04
1.123900000000000000e+04
1.163400000000000000e+04
1.206300000000000000e+04
1.247800000000000000e+04
1.289700000000000000e+04
1.333100000000000000e+04
1.375600000000000000e+04
1.419100000000000000e+04
1.462100000000000000e+04
1.505000000000000000e+04
1.548900000000000000e+04
1.592400000000000000e+04
1.637000000000000000e+04
1.681500000000000000e+04
1.725900000000000000e+04
1.771100000000000000e+04
1.119000000000000000e+03
1.364000000000000000e+03
1.587000000000000000e+03
1.790000000000000000e+03
1.983000000000000000e+03
2.332000000000000000e+03
2.665000000000000000e+03
3.002000000000000000e+03
3.362000000000000000e+03
3.717000000000000000e+03
4.073000000000000000e+03
4.429000000000000000e+03
4.786000000000000000e+03
5.145000000000000000e+03
5.505000000000000000e+03
5.867000000000000000e+03
6.237000000000000000e+03
6.606000000000000000e+03
6.979000000000000000e+03
7.356000000000000000e+03
7.733000000000000000e+03
8.116000000000000000e+03
8.496000000000000000e+03
8.880000000000000000e+03
9.264000000000000000e+03
9.651000000000000000e+03
1.004200000000000000e+04
1.045800000000000000e+04
1.085400000000000000e+04
1.125000000000000000e+04
1.167400000000000000e+04
1.209400000000000000e+04
1.251500000000000000e+04
1.293000000000000000e+04
1.335600000000000000e+04
1.377700000000000000e+04
1.421000000000000000e+04
1.463800000000000000e+04
1.507700000000000000e+04
1.551300000000000000e+04
1.595100000000000000e+04
1.639300000000000000e+04
1.683600000000000000e+04
1.728800000000000000e+04
1.773900000000000000e+04
1.365000000000000000e+03
1.585000000000000000e+03
1.785000000000000000e+03
1.975000000000000000e+03
2.322000000000000000e+03
2.655000000000000000e+03
3.003000000000000000e+03
3.363000000000000000e+03
3.720000000000000000e+03
4.076000000000000000e+03
4.432000000000000000e+03
4.791000000000000000e+03
5.151000000000000000e+03
5.512000000000000000e+03
5.875000000000000000e+03
6.243000000000000000e+03
6.614000000000000000e+03
6.987000000000000000e+03
7.363000000000000000e+03
7.743000000000000000e+03
8.123000000000000000e+03
8.500000000000000000e+03
8.883000000000000000e+03
9.272000000000000000e+03
9.662000000000000000e+03
1.005900000000000000e+04
1.046900000000000000e+04
1.086600000000000000e+04
1.126600000000000000e+04
1.168400000000000000e+04
1.210900000000000000e+04
1.252700000000000000e+04
1.295500000000000000e+04
1.337700000000000000e+04
1.380600000000000000e+04
1.423500000000000000e+04
1.466500000000000000e+04
1.510000000000000000e+04
1.553700000000000000e+04
1.597700000000000000e+04
1.642000000000000000e+04
1.686700000000000000e+04
1.731500000000000000e+04
1.776700000000000000e+04
1.588000000000000000e+03
1.783000000000000000e+03
1.969000000000000000e+03
2.310000000000000000e+03
2.642000000000000000e+03
3.004000000000000000e+03
3.364000000000000000e+03
3.722000000000000000e+03
4.077000000000000000e+03
4.435000000000000000e+03
4.792000000000000000e+03
5.153000000000000000e+03
5.515000000000000000e+03
5.882000000000000000e+03
6.250000000000000000e+03
6.621000000000000000e+03
6.995000000000000000e+03
7.373000000000000000e+03
7.752000000000000000e+03
8.125000000000000000e+03
8.506000000000000000e+03
8.893000000000000000e+03
9.282000000000000000e+03
9.673000000000000000e+03
1.008400000000000000e+04
1.048000000000000000e+04
1.087500000000000000e+04
1.129600000000000000e+04
1.172100000000000000e+04
1.213800000000000000e+04
1.255300000000000000e+04
1.297500000000000000e+04
1.339700000000000000e+04
1.382600000000000000e+04
1.425400000000000000e+04
1.468800000000000000e+04
1.512300000000000000e+04
1.556000000000000000e+04
1.600300000000000000e+04
1.644500000000000000e+04
1.689300000000000000e+04
1.734000000000000000e+04
1.779500000000000000e+04
1.798000000000000000e+03
1.971000000000000000e+03
2.300000000000000000e+03
2.639000000000000000e+03
3.005000000000000000e+03
3.366000000000000000e+03
3.724000000000000000e+03
4.081000000000000000e+03
4.439000000000000000e+03
4.798000000000000000e+03
5.158000000000000000e+03
5.521000000000000000e+03
5.888000000000000000e+03
6.256000000000000000e+03
6.629000000000000000e+03
7.003000000000000000e+03
7.380000000000000000e+03
7.754000000000000000e+03
8.131000000000000000e+03
8.516000000000000000e+03
8.903000000000000000e+03
9.293000000000000000e+03
9.690000000000000000e+03
1.009500000000000000e+04
1.050000000000000000e+04
1.090000000000000000e+04
1.131200000000000000e+04
1.173500000000000000e+04
1.215000000000000000e+04
1.257300000000000000e+04
1.299400000000000000e+04
1.341800000000000000e+04
1.384400000000000000e+04
1.427600000000000000e+04
1.470900000000000000e+04
1.514600000000000000e+04
1.558100000000000000e+04
1.602300000000000000e+04
1.647100000000000000e+04
1.691500000000000000e+04
1.736500000000000000e+04
1.782200000000000000e+04
1.999000000000000000e+03
2.301000000000000000e+03
2.640000000000000000e+03
3.006000000000000000e+03
3.368000000000000000e+03
3.725000000000000000e+03
4.083000000000000000e+03
4.442000000000000000e+03
4.801000000000000000e+03
5.163000000000000000e+03
5.526000000000000000e+03
5.894000000000000000e+03
6.263000000000000000e+03
6.635000000000000000e+03
7.010000000000000000e+03
7.387000000000000000e+03
7.756000000000000000e+03
8.140000000000000000e+03
8.525000000000000000e+03
8.913000000000000000e+03
9.304000000000000000e+03
9.710000000000000000e+03
1.010400000000000000e+04
1.050500000000000000e+04
1.092200000000000000e+04
1.134300000000000000e+04
1.175700000000000000e+04
1.217200000000000000e+04
1.259100000000000000e+04
1.301300000000000000e+04
1.343800000000000000e+04
1.386600000000000000e+04
1.429500000000000000e+04
1.472900000000000000e+04
1.516800000000000000e+04
1.560700000000000000e+04
1.605000000000000000e+04
1.649200000000000000e+04
1.693800000000000000e+04
1.739200000000000000e+04
1.783200000000000000e+04
2.384000000000000000e+03
2.642000000000000000e+03
3.009000000000000000e+03
3.370000000000000000e+03
3.731000000000000000e+03
4.089000000000000000e+03
4.448000000000000000e+03
4.809000000000000000e+03
5.171000000000000000e+03
5.537000000000000000e+03
5.905000000000000000e+03
6.276000000000000000e+03
6.647000000000000000e+03
7.021000000000000000e+03
7.393000000000000000e+03
7.774000000000000000e+03
8.158000000000000000e+03
8.546000000000000000e+03
8.939000000000000000e+03
9.340000000000000000e+03
9.734000000000000000e+03
1.014800000000000000e+04
1.054800000000000000e+04
1.096200000000000000e+04
1.137300000000000000e+04
1.178800000000000000e+04
1.220400000000000000e+04
1.262500000000000000e+04
1.304700000000000000e+04
1.347500000000000000e+04
1.390100000000000000e+04
1.433400000000000000e+04
1.477300000000000000e+04
1.520900000000000000e+04
1.565200000000000000e+04
1.608900000000000000e+04
1.653300000000000000e+04
1.698700000000000000e+04
1.742300000000000000e+04
1.787700000000000000e+04
2.755000000000000000e+03
3.013000000000000000e+03
3.375000000000000000e+03
3.733000000000000000e+03
4.094000000000000000e+03
4.454000000000000000e+03
4.816000000000000000e+03
5.181000000000000000e+03
5.547000000000000000e+03
5.916000000000000000e+03
6.288000000000000000e+03
6.657000000000000000e+03
7.029000000000000000e+03
7.407000000000000000e+03
7.789000000000000000e+03
8.182000000000000000e+03
8.573000000000000000e+03
8.970000000000000000e+03
9.363000000000000000e+03
9.771000000000000000e+03
1.017100000000000000e+04
1.058000000000000000e+04
1.098800000000000000e+04
1.140200000000000000e+04
1.181500000000000000e+04
1.223600000000000000e+04
1.265500000000000000e+04
1.308100000000000000e+04
1.351000000000000000e+04
1.394100000000000000e+04
1.437500000000000000e+04
1.480900000000000000e+04
1.525100000000000000e+04
1.568500000000000000e+04
1.612600000000000000e+04
1.658000000000000000e+04
1.702000000000000000e+04
1.747600000000000000e+04
1.793200000000000000e+04
3.121000000000000000e+03
3.379000000000000000e+03
3.738000000000000000e+03
4.098000000000000000e+03
4.461000000000000000e+03
4.824000000000000000e+03
5.190000000000000000e+03
5.557000000000000000e+03
5.926000000000000000e+03
6.294000000000000000e+03
6.668000000000000000e+03
7.042000000000000000e+03
7.422000000000000000e+03
7.815000000000000000e+03
8.203000000000000000e+03
8.598000000000000000e+03
8.990000000000000000e+03
9.393000000000000000e+03
9.792000000000000000e+03
1.019600000000000000e+04
1.060400000000000000e+04
1.101400000000000000e+04
1.142900000000000000e+04
1.184400000000000000e+04
1.226600000000000000e+04
1.268700000000000000e+04
1.311600000000000000e+04
1.354600000000000000e+04
1.397500000000000000e+04
1.440700000000000000e+04
1.484900000000000000e+04
1.527900000000000000e+04
1.571800000000000000e+04
1.617200000000000000e+04
1.661400000000000000e+04
1.706700000000000000e+04
1.751700000000000000e+04
1.798000000000000000e+04
3.484000000000000000e+03
3.743000000000000000e+03
4.105000000000000000e+03
4.467000000000000000e+03
4.832000000000000000e+03
5.198000000000000000e+03
5.566000000000000000e+03
5.932000000000000000e+03
6.304000000000000000e+03
6.677000000000000000e+03
7.058000000000000000e+03
7.447000000000000000e+03
7.834000000000000000e+03
8.225000000000000000e+03
8.616000000000000000e+03
9.014000000000000000e+03
9.412000000000000000e+03
9.815000000000000000e+03
1.022100000000000000e+04
1.062900000000000000e+04
1.104100000000000000e+04
1.145500000000000000e+04
1.187500000000000000e+04
1.229600000000000000e+04
1.272100000000000000e+04
1.314800000000000000e+04
1.357400000000000000e+04
1.400500000000000000e+04
1.444600000000000000e+04
1.487200000000000000e+04
1.531100000000000000e+04
1.576200000000000000e+04
1.620100000000000000e+04
1.665300000000000000e+04
1.709800000000000000e+04
1.756400000000000000e+04
1.800200000000000000e+04
3.847000000000000000e+03
4.111000000000000000e+03
4.475000000000000000e+03
4.838000000000000000e+03
5.204000000000000000e+03
5.569000000000000000e+03
5.941000000000000000e+03
6.315000000000000000e+03
6.694000000000000000e+03
7.080000000000000000e+03
7.463000000000000000e+03
7.852000000000000000e+03
8.241000000000000000e+03
8.635000000000000000e+03
9.033000000000000000e+03
9.433000000000000000e+03
9.836000000000000000e+03
1.024300000000000000e+04
1.065300000000000000e+04
1.106600000000000000e+04
1.148300000000000000e+04
1.190300000000000000e+04
1.232500000000000000e+04
1.275100000000000000e+04
1.317400000000000000e+04
1.360200000000000000e+04
1.404100000000000000e+04
1.446500000000000000e+04
1.490400000000000000e+04
1.535300000000000000e+04
1.578600000000000000e+04
1.623600000000000000e+04
1.668600000000000000e+04
1.714800000000000000e+04
1.758800000000000000e+04
1.803900000000000000e+04
4.212000000000000000e+03
4.483000000000000000e+03
4.845000000000000000e+03
5.210000000000000000e+03
5.579000000000000000e+03
5.952000000000000000e+03
6.330000000000000000e+03
6.712000000000000000e+03
7.093000000000000000e+03
7.478000000000000000e+03
7.866000000000000000e+03
8.258000000000000000e+03
8.653000000000000000e+03
9.051000000000000000e+03
9.452000000000000000e+03
9.856000000000000000e+03
1.026500000000000000e+04
1.067500000000000000e+04
1.109100000000000000e+04
1.150900000000000000e+04
1.192800000000000000e+04
1.235300000000000000e+04
1.277300000000000000e+04
1.319800000000000000e+04
1.363600000000000000e+04
1.406000000000000000e+04
1.449400000000000000e+04
1.494400000000000000e+04
1.536900000000000000e+04
1.582300000000000000e+04
1.627500000000000000e+04
1.673100000000000000e+04
1.717500000000000000e+04
1.762500000000000000e+04
1.809100000000000000e+04
4.579000000000000000e+03
4.856000000000000000e+03
5.222000000000000000e+03
5.592000000000000000e+03
5.966000000000000000e+03
6.344000000000000000e+03
6.723000000000000000e+03
7.106000000000000000e+03
7.492000000000000000e+03
7.881000000000000000e+03
8.273000000000000000e+03
8.669000000000000000e+03
9.068000000000000000e+03
9.471000000000000000e+03
9.876000000000000000e+03
1.028600000000000000e+04
1.069800000000000000e+04
1.111400000000000000e+04
1.153100000000000000e+04
1.195400000000000000e+04
1.237100000000000000e+04
1.279600000000000000e+04
1.323100000000000000e+04
1.365300000000000000e+04
1.408700000000000000e+04
1.453300000000000000e+04
1.496200000000000000e+04
1.541600000000000000e+04
1.586300000000000000e+04
1.631700000000000000e+04
1.676000000000000000e+04
1.721500000000000000e+04
1.768100000000000000e+04
1.815200000000000000e+04
4.950000000000000000e+03
5.231000000000000000e+03
5.602000000000000000e+03
5.977000000000000000e+03
6.354000000000000000e+03
6.734000000000000000e+03
7.118000000000000000e+03
7.504000000000000000e+03
7.895000000000000000e+03
8.289000000000000000e+03
8.684000000000000000e+03
9.086000000000000000e+03
9.489000000000000000e+03
9.896000000000000000e+03
1.030500000000000000e+04
1.072000000000000000e+04
1.113500000000000000e+04
1.155500000000000000e+04
1.197100000000000000e+04
1.239200000000000000e+04
1.282700000000000000e+04
1.324500000000000000e+04
1.368100000000000000e+04
1.412100000000000000e+04
1.455600000000000000e+04
1.500500000000000000e+04
1.545100000000000000e+04
1.591000000000000000e+04
1.634600000000000000e+04
1.680600000000000000e+04
1.727100000000000000e+04
1.774100000000000000e+04
1.818600000000000000e+04
5.324000000000000000e+03
5.611000000000000000e+03
5.986000000000000000e+03
6.364000000000000000e+03
6.745000000000000000e+03
7.129000000000000000e+03
7.517000000000000000e+03
7.908000000000000000e+03
8.303000000000000000e+03
8.700000000000000000e+03
9.101000000000000000e+03
9.506000000000000000e+03
9.913000000000000000e+03
1.032600000000000000e+04
1.073900000000000000e+04
1.115800000000000000e+04
1.157000000000000000e+04
1.199000000000000000e+04
1.242200000000000000e+04
1.284000000000000000e+04
1.327400000000000000e+04
1.371100000000000000e+04
1.415000000000000000e+04
1.459900000000000000e+04
1.503800000000000000e+04
1.550000000000000000e+04
1.593000000000000000e+04
1.639500000000000000e+04
1.685900000000000000e+04
1.732600000000000000e+04
1.777300000000000000e+04
1.826100000000000000e+04
5.702000000000000000e+03
5.995000000000000000e+03
6.373000000000000000e+03
6.755000000000000000e+03
7.141000000000000000e+03
7.529000000000000000e+03
7.921000000000000000e+03
8.316000000000000000e+03
8.715000000000000000e+03
9.118000000000000000e+03
9.523000000000000000e+03
9.933000000000000000e+03
1.034300000000000000e+04
1.076000000000000000e+04
1.117000000000000000e+04
1.158900000000000000e+04
1.201800000000000000e+04
1.243500000000000000e+04
1.286800000000000000e+04
1.330300000000000000e+04
1.374100000000000000e+04
1.419100000000000000e+04
1.462400000000000000e+04
1.508900000000000000e+04
1.551400000000000000e+04
1.598200000000000000e+04
1.644400000000000000e+04
1.690900000000000000e+04
1.735700000000000000e+04
1.784100000000000000e+04
1.830800000000000000e+04
6.085000000000000000e+03
6.383000000000000000e+03
6.765000000000000000e+03
7.151000000000000000e+03
7.541000000000000000e+03
7.933000000000000000e+03
8.330000000000000000e+03
8.730000000000000000e+03
9.132000000000000000e+03
9.541000000000000000e+03
9.948000000000000000e+03
1.036300000000000000e+04
1.077200000000000000e+04
1.118800000000000000e+04
1.161500000000000000e+04
1.203000000000000000e+04
1.246000000000000000e+04
1.289400000000000000e+04
1.333000000000000000e+04
1.378300000000000000e+04
1.421000000000000000e+04
1.467700000000000000e+04
1.510100000000000000e+04
1.556900000000000000e+04
1.602800000000000000e+04
1.649000000000000000e+04
1.693900000000000000e+04
1.741900000000000000e+04
1.788500000000000000e+04
1.837500000000000000e+04
6.472000000000000000e+03
6.775000000000000000e+03
7.162000000000000000e+03
7.552000000000000000e+03
7.946000000000000000e+03
8.343000000000000000e+03
8.744000000000000000e+03
9.149000000000000000e+03
9.554000000000000000e+03
9.966000000000000000e+03
1.037400000000000000e+04
1.078900000000000000e+04
1.121300000000000000e+04
1.162800000000000000e+04
1.205400000000000000e+04
1.249600000000000000e+04
1.292000000000000000e+04
1.337400000000000000e+04
1.379600000000000000e+04
1.426200000000000000e+04
1.468900000000000000e+04
1.515500000000000000e+04
1.561000000000000000e+04
1.607100000000000000e+04
1.651900000000000000e+04
1.699500000000000000e+04
1.746000000000000000e+04
1.794600000000000000e+04
1.839400000000000000e+04
6.864000000000000000e+03
7.172000000000000000e+03
7.563000000000000000e+03
7.958000000000000000e+03
8.355000000000000000e+03
8.758000000000000000e+03
9.162000000000000000e+03
9.571000000000000000e+03
9.978000000000000000e+03
1.039000000000000000e+04
1.081100000000000000e+04
1.123500000000000000e+04
1.164900000000000000e+04
1.209300000000000000e+04
1.250900000000000000e+04
1.296300000000000000e+04
1.338300000000000000e+04
1.384700000000000000e+04
1.427600000000000000e+04
1.474100000000000000e+04
1.519100000000000000e+04
1.564900000000000000e+04
1.609700000000000000e+04
1.657000000000000000e+04
1.703400000000000000e+04
1.751600000000000000e+04
1.796600000000000000e+04
1.845500000000000000e+04
7.262000000000000000e+03
7.574000000000000000e+03
7.970000000000000000e+03
8.369000000000000000e+03
8.770000000000000000e+03
9.177000000000000000e+03
9.582000000000000000e+03
9.992000000000000000e+03
1.041100000000000000e+04
1.083400000000000000e+04
1.124600000000000000e+04
1.168700000000000000e+04
1.210400000000000000e+04
1.255200000000000000e+04
1.297400000000000000e+04
1.343300000000000000e+04
1.386200000000000000e+04
1.432600000000000000e+04
1.477000000000000000e+04
1.522700000000000000e+04
1.567500000000000000e+04
1.614400000000000000e+04
1.660700000000000000e+04
1.708400000000000000e+04
1.753600000000000000e+04
1.802300000000000000e+04
1.850000000000000000e+04
7.664000000000000000e+03
7.983000000000000000e+03
8.381000000000000000e+03
8.783000000000000000e+03
9.188000000000000000e+03
9.599000000000000000e+03
1.001100000000000000e+04
1.043300000000000000e+04
1.084600000000000000e+04
1.128100000000000000e+04
1.169800000000000000e+04
1.214200000000000000e+04
1.256500000000000000e+04
1.301800000000000000e+04
1.344800000000000000e+04
1.390900000000000000e+04
1.435000000000000000e+04
1.480400000000000000e+04
1.525200000000000000e+04
1.571800000000000000e+04
1.617800000000000000e+04
1.665200000000000000e+04
1.710600000000000000e+04
1.758900000000000000e+04
1.806300000000000000e+04
1.854300000000000000e+04
8.071000000000000000e+03
8.397000000000000000e+03
8.798000000000000000e+03
9.206000000000000000e+03
9.614000000000000000e+03
1.003400000000000000e+04
1.044700000000000000e+04
1.087600000000000000e+04
1.129400000000000000e+04
1.173100000000000000e+04
1.215500000000000000e+04
1.260200000000000000e+04
1.303300000000000000e+04
1.348900000000000000e+04
1.393000000000000000e+04
1.438100000000000000e+04
1.482800000000000000e+04
1.529100000000000000e+04
1.575000000000000000e+04
1.622000000000000000e+04
1.667400000000000000e+04
1.715500000000000000e+04
1.762700000000000000e+04
1.810300000000000000e+04
1.858300000000000000e+04
8.483000000000000000e+03
8.815000000000000000e+03
9.222000000000000000e+03
9.634000000000000000e+03
1.004800000000000000e+04
1.047200000000000000e+04
1.089000000000000000e+04
1.132300000000000000e+04
1.174800000000000000e+04
1.218700000000000000e+04
1.261900000000000000e+04
1.306800000000000000e+04
1.350900000000000000e+04
1.395800000000000000e+04
1.440400000000000000e+04
1.486400000000000000e+04
1.532100000000000000e+04
1.578700000000000000e+04
1.624200000000000000e+04
1.671800000000000000e+04
1.718900000000000000e+04
1.766300000000000000e+04
1.814100000000000000e+04
1.861900000000000000e+04
8.902000000000000000e+03
9.238000000000000000e+03
9.650000000000000000e+03
1.006800000000000000e+04
1.048600000000000000e+04
1.091400000000000000e+04
1.134200000000000000e+04
1.177300000000000000e+04
1.220400000000000000e+04
1.264900000000000000e+04
1.308900000000000000e+04
1.353500000000000000e+04
1.398000000000000000e+04
1.443700000000000000e+04
1.489200000000000000e+04
1.535500000000000000e+04
1.581000000000000000e+04
1.628200000000000000e+04
1.675100000000000000e+04
1.722300000000000000e+04
1.769800000000000000e+04
1.817600000000000000e+04
1.865700000000000000e+04
9.325000000000000000e+03
9.667000000000000000e+03
1.008300000000000000e+04
1.050600000000000000e+04
1.093200000000000000e+04
1.136100000000000000e+04
1.179000000000000000e+04
1.223000000000000000e+04
1.266900000000000000e+04
1.311200000000000000e+04
1.355600000000000000e+04
1.401000000000000000e+04
1.446300000000000000e+04
1.492200000000000000e+04
1.537700000000000000e+04
1.584500000000000000e+04
1.631300000000000000e+04
1.678300000000000000e+04
1.725600000000000000e+04
1.773200000000000000e+04
1.821000000000000000e+04
1.869100000000000000e+04
9.753000000000000000e+03
1.010000000000000000e+04
1.052200000000000000e+04
1.094800000000000000e+04
1.137700000000000000e+04
1.181200000000000000e+04
1.224900000000000000e+04
1.269100000000000000e+04
1.313300000000000000e+04
1.358300000000000000e+04
1.403400000000000000e+04
1.449000000000000000e+04
1.494500000000000000e+04
1.540900000000000000e+04
1.587500000000000000e+04
1.634300000000000000e+04
1.681400000000000000e+04
1.728800000000000000e+04
1.776500000000000000e+04
1.824300000000000000e+04
1.872900000000000000e+04
1.018700000000000000e+04
1.053900000000000000e+04
1.096500000000000000e+04
1.139600000000000000e+04
1.183100000000000000e+04
1.227000000000000000e+04
1.271000000000000000e+04
1.315700000000000000e+04
1.360600000000000000e+04
1.405900000000000000e+04
1.451300000000000000e+04
1.497300000000000000e+04
1.543700000000000000e+04
1.590300000000000000e+04
1.637100000000000000e+04
1.684500000000000000e+04
1.731900000000000000e+04
1.779500000000000000e+04
1.827900000000000000e+04
1.876700000000000000e+04
1.062500000000000000e+04
1.098300000000000000e+04
1.141400000000000000e+04
1.184900000000000000e+04
1.228900000000000000e+04
1.273200000000000000e+04
1.317900000000000000e+04
1.362800000000000000e+04
1.408100000000000000e+04
1.453800000000000000e+04
1.500100000000000000e+04
1.546300000000000000e+04
1.593000000000000000e+04
1.640200000000000000e+04
1.687300000000000000e+04
1.734700000000000000e+04
1.783000000000000000e+04
1.831500000000000000e+04
1.879900000000000000e+04
1.107000000000000000e+04
1.143200000000000000e+04
1.186800000000000000e+04
1.230800000000000000e+04
1.275200000000000000e+04
1.319900000000000000e+04
1.365000000000000000e+04
1.410400000000000000e+04
1.456400000000000000e+04
1.502400000000000000e+04
1.548900000000000000e+04
1.595900000000000000e+04
1.642800000000000000e+04
1.690100000000000000e+04
1.738200000000000000e+04
1.786400000000000000e+04
1.834600000000000000e+04
1.883100000000000000e+04
1.151900000000000000e+04
1.188600000000000000e+04
1.232700000000000000e+04
1.277100000000000000e+04
1.322000000000000000e+04
1.367100000000000000e+04
1.412800000000000000e+04
1.458600000000000000e+04
1.504900000000000000e+04
1.551500000000000000e+04
1.598300000000000000e+04
1.645500000000000000e+04
1.693300000000000000e+04
1.741300000000000000e+04
1.789400000000000000e+04
1.838000000000000000e+04
1.886600000000000000e+04
1.197400000000000000e+04
1.234800000000000000e+04
1.279100000000000000e+04
1.324000000000000000e+04
1.369300000000000000e+04
1.414900000000000000e+04
1.460900000000000000e+04
1.507400000000000000e+04
1.553800000000000000e+04
1.601000000000000000e+04
1.648400000000000000e+04
1.696200000000000000e+04
1.744200000000000000e+04
1.792500000000000000e+04
1.841000000000000000e+04
1.890300000000000000e+04
1.243200000000000000e+04
1.281200000000000000e+04
1.326000000000000000e+04
1.371400000000000000e+04
1.417000000000000000e+04
1.463200000000000000e+04
1.509600000000000000e+04
1.556400000000000000e+04
1.603600000000000000e+04
1.651100000000000000e+04
1.699000000000000000e+04
1.747000000000000000e+04
1.795400000000000000e+04
1.844400000000000000e+04
1.892900000000000000e+04
1.289800000000000000e+04
1.328000000000000000e+04
1.373300000000000000e+04
1.419300000000000000e+04
1.465400000000000000e+04
1.512100000000000000e+04
1.558900000000000000e+04
1.606200000000000000e+04
1.653800000000000000e+04
1.701600000000000000e+04
1.749800000000000000e+04
1.798600000000000000e+04
1.847000000000000000e+04
1.894000000000000000e+04
1.336800000000000000e+04
1.375500000000000000e+04
1.421400000000000000e+04
1.467700000000000000e+04
1.514200000000000000e+04
1.561300000000000000e+04
1.608700000000000000e+04
1.656300000000000000e+04
1.704300000000000000e+04
1.752900000000000000e+04
1.801000000000000000e+04
1.848500000000000000e+04
1.899800000000000000e+04
1.384300000000000000e+04
1.423600000000000000e+04
1.469700000000000000e+04
1.516500000000000000e+04
1.563700000000000000e+04
1.610900000000000000e+04
1.658700000000000000e+04
1.707100000000000000e+04
1.755100000000000000e+04
1.803100000000000000e+04
1.853400000000000000e+04
1.902200000000000000e+04
1.432400000000000000e+04
1.471800000000000000e+04
1.518800000000000000e+04
1.565800000000000000e+04
1.613300000000000000e+04
1.661400000000000000e+04
1.709200000000000000e+04
1.757400000000000000e+04
1.807100000000000000e+04
1.855700000000000000e+04
1.905900000000000000e+04
1.480900000000000000e+04
1.520700000000000000e+04
1.568000000000000000e+04
1.615800000000000000e+04
1.663500000000000000e+04
1.711500000000000000e+04
1.760800000000000000e+04
1.809400000000000000e+04
1.859200000000000000e+04
1.908200000000000000e+04
1.529900000000000000e+04
1.570500000000000000e+04
1.617900000000000000e+04
1.665700000000000000e+04
1.714600000000000000e+04
1.763000000000000000e+04
1.812600000000000000e+04
1.861500000000000000e+04
1.911700000000000000e+04
1.579600000000000000e+04
1.619900000000000000e+04
1.668600000000000000e+04
1.716800000000000000e+04
1.766000000000000000e+04
1.814700000000000000e+04
1.864700000000000000e+04
1.908800000000000000e+04
1.629800000000000000e+04
1.671200000000000000e+04
1.719500000000000000e+04
1.768100000000000000e+04
1.817800000000000000e+04
1.863400000000000000e+04
1.916500000000000000e+04
1.680300000000000000e+04
1.721600000000000000e+04
1.770900000000000000e+04
1.817900000000000000e+04
1.869500000000000000e+04
1.920000000000000000e+04
1.730700000000000000e+04
1.772800000000000000e+04
1.822500000000000000e+04
1.872500000000000000e+04
1.923200000000000000e+04
1.780600000000000000e+04
1.825800000000000000e+04
1.875600000000000000e+04
1.925600000000000000e+04
1.835000000000000000e+04
1.877900000000000000e+04
1.928000000000000000e+04
1.887700000000000000e+04
1.930900000000000000e+04
1.940100000000000000e+04
