1.301221000000000000e+06
1.301221000000000000e+06
1.301221000000000000e+06
1.301221000000000000e+06
1.301221000000000000e+06
1.301221000000000000e+06
1.301221000000000000e+06
1.301221000000000000e+06
1.301221000000000000e+06
1.301221000000000000e+06
1.301221000000000000e+06
1.301221000000000000e+06
1.301221000000000000e+06
1.301221000000000000e+06
1.301221000000000000e+06
1.301221000000000000e+06
1.301221000000000000e+06
1.301221000000000000e+06
1.301221000000000000e+06
1.301221000000000000e+06
1.301221000000000000e+06
1.301221000000000000e+06
1.301221000000000000e+06
1.301221000000000000e+06
1.301221000000000000e+06
1.301221000000000000e+06
8.433280000000000000e+05
7.401300000000000000e+05
6.977310000000000000e+05
1.295806000000000000e+06
1.301221000000000000e+06
7.352600000000000000e+05
6.183800000000000000e+05
5.539780000000000000e+05
4.300490000000000000e+05
4.098660000000000000e+05
3.530350000000000000e+05
2.919580000000000000e+05
2.269930000000000000e+05
2.132030000000000000e+05
2.132030000000000000e+05
2.132030000000000000e+05
2.132030000000000000e+05
2.132030000000000000e+05
2.132030000000000000e+05
2.132030000000000000e+05
1.797800000000000000e+04
2.300200000000000000e+04
1.742000000000000000e+04
5.562100000000000000e+04
1.072450000000000000e+05
1.511530000000000000e+05
2.008090000000000000e+05
2.132030000000000000e+05
2.132030000000000000e+05
2.132030000000000000e+05
2.132030000000000000e+05
2.132030000000000000e+05
2.132030000000000000e+05
2.132030000000000000e+05
2.132030000000000000e+05
2.132030000000000000e+05
2.132030000000000000e+05
2.132030000000000000e+05
2.132030000000000000e+05
2.132030000000000000e+05
2.132030000000000000e+05
2.132030000000000000e+05
2.132030000000000000e+05
2.132030000000000000e+05
2.132030000000000000e+05
1.301221000000000000e+06
1.301221000000000000e+06
1.301221000000000000e+06
1.301221000000000000e+06
1.301221000000000000e+06
1.301221000000000000e+06
1.301221000000000000e+06
1.301221000000000000e+06
1.301221000000000000e+06
1.301221000000000000e+06
1.301221000000000000e+06
1.301221000000000000e+06
1.301221000000000000e+06
1.301221000000000000e+06
1.301221000000000000e+06
1.301221000000000000e+06
1.301221000000000000e+06
1.301221000000000000e+06
1.301221000000000000e+06
1.301221000000000000e+06
1.301221000000000000e+06
1.301221000000000000e+06
1.301221000000000000e+06
1.301221000000000000e+06
1.301221000000000000e+06
8.373390000000000000e+05
7.336140000000000000e+05
7.465580000000000000e+05
1.301221000000000000e+06
1.301221000000000000e+06
7.199550000000000000e+05
6.409290000000000000e+05
5.028960000000000000e+05
4.642780000000000000e+05
3.885770000000000000e+05
3.422940000000000000e+05
3.166350000000000000e+05
2.151260000000000000e+05
2.214280000000000000e+05
2.132030000000000000e+05
2.132030000000000000e+05
2.132030000000000000e+05
2.132030000000000000e+05
2.132030000000000000e+05
1.722000000000000000e+04
2.264200000000000000e+04
1.797800000000000000e+04
2.320600000000000000e+04
6.943900000000000000e+04
1.272370000000000000e+05
1.604560000000000000e+05
2.132030000000000000e+05
2.132030000000000000e+05
2.132030000000000000e+05
2.132030000000000000e+05
2.132030000000000000e+05
2.132030000000000000e+05
2.132030000000000000e+05
2.132030000000000000e+05
2.132030000000000000e+05
2.132030000000000000e+05
2.132030000000000000e+05
2.132030000000000000e+05
2.132030000000000000e+05
2.132030000000000000e+05
2.132030000000000000e+05
2.132030000000000000e+05
2.132030000000000000e+05
2.132030000000000000e+05
2.132030000000000000e+05
1.301221000000000000e+06
1.301221000000000000e+06
1.301221000000000000e+06
1.301221000000000000e+06
1.301221000000000000e+06
1.301221000000000000e+06
1.301221000000000000e+06
1.301221000000000000e+06
1.301221000000000000e+06
1.301221000000000000e+06
1.301221000000000000e+06
1.301221000000000000e+06
1.301221000000000000e+06
1.301221000000000000e+06
1.301221000000000000e+06
1.301221000000000000e+06
1.301221000000000000e+06
1.301221000000000000e+06
1.301221000000000000e+06
1.301221000000000000e+06
1.301221000000000000e+06
1.301221000000000000e+06
1.301221000000000000e+06
1.301221000000000000e+06
8.313200000000000000e+05
7.270500000000000000e+05
1.277510000000000000e+06
1.301221000000000000e+06
1.301221000000000000e+06
7.220880000000000000e+05
6.017760000000000000e+05
5.149630000000000000e+05
4.547500000000000000e+05
3.784870000000000000e+05
1.221240000000000000e+06
2.818380000000000000e+05
2.158790000000000000e+05
2.132030000000000000e+05
2.132030000000000000e+05
2.132030000000000000e+05
2.132030000000000000e+05
2.132030000000000000e+05
2.132030000000000000e+05
1.795300000000000000e+04
2.442100000000000000e+04
1.797800000000000000e+04
3.146400000000000000e+04
8.389700000000000000e+04
1.313860000000000000e+05
1.871200000000000000e+05
2.132030000000000000e+05
2.132030000000000000e+05
2.132030000000000000e+05
2.132030000000000000e+05
2.132030000000000000e+05
2.132030000000000000e+05
2.132030000000000000e+05
2.132030000000000000e+05
2.132030000000000000e+05
2.132030000000000000e+05
2.132030000000000000e+05
2.132030000000000000e+05
2.132030000000000000e+05
2.132030000000000000e+05
2.132030000000000000e+05
2.132030000000000000e+05
2.132030000000000000e+05
2.132030000000000000e+05
2.132030000000000000e+05
1.301221000000000000e+06
1.301221000000000000e+06
1.301221000000000000e+06
1.301221000000000000e+06
1.301221000000000000e+06
1.301221000000000000e+06
1.301221000000000000e+06
1.301221000000000000e+06
1.301221000000000000e+06
1.301221000000000000e+06
1.301221000000000000e+06
1.301221000000000000e+06
1.301221000000000000e+06
1.301221000000000000e+06
1.301221000000000000e+06
1.301221000000000000e+06
1.301221000000000000e+06
1.301221000000000000e+06
1.301221000000000000e+06
1.301221000000000000e+06
1.301221000000000000e+06
1.301221000000000000e+06
1.301221000000000000e+06
8.251870000000000000e+05
7.572380000000000000e+05
1.301221000000000000e+06
1.301221000000000000e+06
1.301221000000000000e+06
7.155400000000000000e+05
6.243450000000000000e+05
5.273160000000000000e+05
4.120670000000000000e+05
3.909640000000000000e+05
1.252160000000000000e+06
2.705500000000000000e+05
2.536670000000000000e+05
2.132030000000000000e+05
2.132030000000000000e+05
2.132030000000000000e+05
2.132030000000000000e+05
2.132030000000000000e+05
2.132030000000000000e+05
1.797800000000000000e+04
2.277700000000000000e+04
1.797800000000000000e+04
5.612000000000000000e+04
9.899100000000000000e+04
1.526090000000000000e+05
1.975730000000000000e+05
2.132030000000000000e+05
2.132030000000000000e+05
2.132030000000000000e+05
2.132030000000000000e+05
2.132030000000000000e+05
2.132030000000000000e+05
2.132030000000000000e+05
2.132030000000000000e+05
2.132030000000000000e+05
2.132030000000000000e+05
2.132030000000000000e+05
2.132030000000000000e+05
2.132030000000000000e+05
2.132030000000000000e+05
2.132030000000000000e+05
2.132030000000000000e+05
2.132030000000000000e+05
2.132030000000000000e+05
2.132030000000000000e+05
1.301221000000000000e+06
1.301221000000000000e+06
1.301221000000000000e+06
1.301221000000000000e+06
1.301221000000000000e+06
1.301221000000000000e+06
1.301221000000000000e+06
1.301221000000000000e+06
1.301221000000000000e+06
1.301221000000000000e+06
1.301221000000000000e+06
1.301221000000000000e+06
1.301221000000000000e+06
1.301221000000000000e+06
1.301221000000000000e+06
1.301221000000000000e+06
1.301221000000000000e+06
1.301221000000000000e+06
1.301221000000000000e+06
1.301221000000000000e+06
1.301221000000000000e+06
1.301221000000000000e+06
8.190410000000000000e+05
8.059380000000000000e+05
1.301221000000000000e+06
1.301221000000000000e+06
1.301221000000000000e+06
7.301080000000000000e+05
5.745640000000000000e+05
4.861560000000000000e+05
4.575650000000000000e+05
3.921080000000000000e+05
3.103720000000000000e+05
2.472630000000000000e+05
2.294180000000000000e+05
2.132030000000000000e+05
2.132030000000000000e+05
2.132030000000000000e+05
2.132030000000000000e+05
2.132030000000000000e+05
2.449000000000000000e+04
2.234200000000000000e+04
1.797800000000000000e+04
1.797800000000000000e+04
6.566800000000000000e+04
1.147190000000000000e+05
1.579990000000000000e+05
2.086160000000000000e+05
2.132030000000000000e+05
2.132030000000000000e+05
2.132030000000000000e+05
2.132030000000000000e+05
2.132030000000000000e+05
2.132030000000000000e+05
2.132030000000000000e+05
2.132030000000000000e+05
2.132030000000000000e+05
2.132030000000000000e+05
2.132030000000000000e+05
2.132030000000000000e+05
2.132030000000000000e+05
2.132030000000000000e+05
2.132030000000000000e+05
2.132030000000000000e+05
2.132030000000000000e+05
2.132030000000000000e+05
2.132030000000000000e+05
1.301221000000000000e+06
1.301221000000000000e+06
1.301221000000000000e+06
1.301221000000000000e+06
1.301221000000000000e+06
1.301221000000000000e+06
1.301221000000000000e+06
1.301221000000000000e+06
1.301221000000000000e+06
1.301221000000000000e+06
1.301221000000000000e+06
1.301221000000000000e+06
1.301221000000000000e+06
1.301221000000000000e+06
1.301221000000000000e+06
1.301221000000000000e+06
1.301221000000000000e+06
1.301221000000000000e+06
1.301221000000000000e+06
1.301221000000000000e+06
1.301221000000000000e+06
8.128490000000000000e+05
1.296359000000000000e+06
1.301221000000000000e+06
1.301221000000000000e+06
1.301221000000000000e+06
7.325920000000000000e+05
5.971470000000000000e+05
5.306030000000000000e+05
4.367880000000000000e+05
3.705160000000000000e+05
3.229830000000000000e+05
2.476740000000000000e+05
2.302490000000000000e+05
2.132030000000000000e+05
2.132030000000000000e+05
2.132030000000000000e+05
2.132030000000000000e+05
2.132030000000000000e+05
1.797800000000000000e+04
2.228500000000000000e+04
1.797800000000000000e+04
3.379900000000000000e+04
7.588500000000000000e+04
1.310830000000000000e+05
1.804300000000000000e+05
2.132030000000000000e+05
2.132030000000000000e+05
2.132030000000000000e+05
2.132030000000000000e+05
2.132030000000000000e+05
2.132030000000000000e+05
2.132030000000000000e+05
2.132030000000000000e+05
2.132030000000000000e+05
2.132030000000000000e+05
2.132030000000000000e+05
2.132030000000000000e+05
2.132030000000000000e+05
2.132030000000000000e+05
2.132030000000000000e+05
2.132030000000000000e+05
2.132030000000000000e+05
2.132030000000000000e+05
2.132030000000000000e+05
2.132030000000000000e+05
1.301221000000000000e+06
1.301221000000000000e+06
1.301221000000000000e+06
1.301221000000000000e+06
1.301221000000000000e+06
1.301221000000000000e+06
1.301221000000000000e+06
1.301221000000000000e+06
1.301221000000000000e+06
1.301221000000000000e+06
1.301221000000000000e+06
1.301221000000000000e+06
1.301221000000000000e+06
1.301221000000000000e+06
1.301221000000000000e+06
1.301221000000000000e+06
1.301221000000000000e+06
1.301221000000000000e+06
1.301221000000000000e+06
1.301221000000000000e+06
8.430130000000000000e+05
1.301221000000000000e+06
1.301221000000000000e+06
1.301221000000000000e+06
1.301221000000000000e+06
7.010280000000000000e+05
5.573260000000000000e+05
5.000310000000000000e+05
4.159010000000000000e+05
3.600370000000000000e+05
3.238390000000000000e+05
2.244920000000000000e+05
2.184320000000000000e+05
2.132030000000000000e+05
2.132030000000000000e+05
2.132030000000000000e+05
2.132030000000000000e+05
2.132030000000000000e+05
2.183000000000000000e+04
2.249800000000000000e+04
1.797800000000000000e+04
3.843000000000000000e+04
1.025500000000000000e+05
1.480890000000000000e+05
1.869950000000000000e+05
2.132030000000000000e+05
2.132030000000000000e+05
2.132030000000000000e+05
2.132030000000000000e+05
2.132030000000000000e+05
2.132030000000000000e+05
2.132030000000000000e+05
2.132030000000000000e+05
2.132030000000000000e+05
2.132030000000000000e+05
2.132030000000000000e+05
2.132030000000000000e+05
2.132030000000000000e+05
2.132030000000000000e+05
2.132030000000000000e+05
2.132030000000000000e+05
2.132030000000000000e+05
2.132030000000000000e+05
2.132030000000000000e+05
2.132030000000000000e+05
1.301221000000000000e+06
1.301221000000000000e+06
1.301221000000000000e+06
1.301221000000000000e+06
1.301221000000000000e+06
1.301221000000000000e+06
1.301221000000000000e+06
1.301221000000000000e+06
1.301221000000000000e+06
1.301221000000000000e+06
1.301221000000000000e+06
1.301221000000000000e+06
1.301221000000000000e+06
1.301221000000000000e+06
1.301221000000000000e+06
1.301221000000000000e+06
1.301221000000000000e+06
1.301221000000000000e+06
1.296359000000000000e+06
1.296359000000000000e+06
1.301221000000000000e+06
1.301221000000000000e+06
1.301221000000000000e+06
7.693870000000000000e+05
7.235720000000000000e+05
5.906360000000000000e+05
5.015440000000000000e+05
4.172740000000000000e+05
1.241389000000000000e+06
2.895600000000000000e+05
2.857790000000000000e+05
2.191930000000000000e+05
2.132030000000000000e+05
2.132030000000000000e+05
2.132030000000000000e+05
2.132030000000000000e+05
2.132030000000000000e+05
3.661300000000000000e+04
1.797800000000000000e+04
1.797800000000000000e+04
5.916300000000000000e+04
1.140260000000000000e+05
1.657440000000000000e+05
2.106980000000000000e+05
2.132030000000000000e+05
2.132030000000000000e+05
2.132030000000000000e+05
2.132030000000000000e+05
2.132030000000000000e+05
2.132030000000000000e+05
2.132030000000000000e+05
2.132030000000000000e+05
2.132030000000000000e+05
2.132030000000000000e+05
2.132030000000000000e+05
2.132030000000000000e+05
2.132030000000000000e+05
2.132030000000000000e+05
2.132030000000000000e+05
2.132030000000000000e+05
2.132030000000000000e+05
2.132030000000000000e+05
2.132030000000000000e+05
2.132030000000000000e+05
1.301221000000000000e+06
1.301221000000000000e+06
1.301221000000000000e+06
1.301221000000000000e+06
1.301221000000000000e+06
1.301221000000000000e+06
1.301221000000000000e+06
1.301221000000000000e+06
1.301221000000000000e+06
1.301221000000000000e+06
1.301221000000000000e+06
1.301221000000000000e+06
1.301221000000000000e+06
1.301221000000000000e+06
1.301221000000000000e+06
1.301221000000000000e+06
1.301221000000000000e+06
1.296359000000000000e+06
1.301221000000000000e+06
1.301221000000000000e+06
1.301221000000000000e+06
1.301221000000000000e+06
7.644760000000000000e+05
6.751640000000000000e+05
5.610460000000000000e+05
4.490180000000000000e+05
3.850730000000000000e+05
3.392930000000000000e+05
2.784490000000000000e+05
2.621050000000000000e+05
2.132030000000000000e+05
2.132030000000000000e+05
2.132030000000000000e+05
2.132030000000000000e+05
2.132030000000000000e+05
2.136100000000000000e+04
2.204300000000000000e+04
1.797800000000000000e+04
1.948400000000000000e+04
8.063400000000000000e+04
1.261420000000000000e+05
1.677690000000000000e+05
2.132030000000000000e+05
2.132030000000000000e+05
2.132030000000000000e+05
2.132030000000000000e+05
2.132030000000000000e+05
2.132030000000000000e+05
2.132030000000000000e+05
2.132030000000000000e+05
2.132030000000000000e+05
2.132030000000000000e+05
2.132030000000000000e+05
2.132030000000000000e+05
2.132030000000000000e+05
2.132030000000000000e+05
2.132030000000000000e+05
2.132030000000000000e+05
2.132030000000000000e+05
2.132030000000000000e+05
2.132030000000000000e+05
2.132030000000000000e+05
2.132030000000000000e+05
1.301221000000000000e+06
1.301221000000000000e+06
1.301221000000000000e+06
1.301221000000000000e+06
1.301221000000000000e+06
1.301221000000000000e+06
1.301221000000000000e+06
1.301221000000000000e+06
1.301221000000000000e+06
1.301221000000000000e+06
1.301221000000000000e+06
1.301221000000000000e+06
1.301221000000000000e+06
1.301221000000000000e+06
1.301221000000000000e+06
1.301221000000000000e+06
1.297993000000000000e+06
1.301221000000000000e+06
1.301221000000000000e+06
1.301221000000000000e+06
1.301221000000000000e+06
7.710940000000000000e+05
6.977200000000000000e+05
5.837700000000000000e+05
4.938730000000000000e+05
4.197620000000000000e+05
3.403480000000000000e+05
2.673060000000000000e+05
2.385400000000000000e+05
2.132030000000000000e+05
2.132030000000000000e+05
2.132030000000000000e+05
2.132030000000000000e+05
2.132030000000000000e+05
2.154800000000000000e+04
3.683100000000000000e+04
1.797800000000000000e+04
3.498200000000000000e+04
8.717700000000000000e+04
1.388940000000000000e+05
1.866020000000000000e+05
2.132030000000000000e+05
2.132030000000000000e+05
2.132030000000000000e+05
2.132030000000000000e+05
2.132030000000000000e+05
2.132030000000000000e+05
2.132030000000000000e+05
2.132030000000000000e+05
2.132030000000000000e+05
2.132030000000000000e+05
2.132030000000000000e+05
2.132030000000000000e+05
2.132030000000000000e+05
2.132030000000000000e+05
2.132030000000000000e+05
2.132030000000000000e+05
2.132030000000000000e+05
2.132030000000000000e+05
2.132030000000000000e+05
2.132030000000000000e+05
2.132030000000000000e+05
1.301221000000000000e+06
1.301221000000000000e+06
1.301221000000000000e+06
1.301221000000000000e+06
1.301221000000000000e+06
1.301221000000000000e+06
1.301221000000000000e+06
1.301221000000000000e+06
1.301221000000000000e+06
1.301221000000000000e+06
1.301221000000000000e+06
1.301221000000000000e+06
1.301221000000000000e+06
1.301221000000000000e+06
1.301221000000000000e+06
1.301221000000000000e+06
1.301221000000000000e+06
1.301221000000000000e+06
1.301221000000000000e+06
8.062260000000000000e+05
7.753060000000000000e+05
6.725480000000000000e+05
5.458990000000000000e+05
4.539020000000000000e+05
1.227759000000000000e+06
3.311880000000000000e+05
2.694980000000000000e+05
2.402750000000000000e+05
2.132030000000000000e+05
2.132030000000000000e+05
2.132030000000000000e+05
2.132030000000000000e+05
2.118100000000000000e+04
3.621700000000000000e+04
1.797800000000000000e+04
1.830500000000000000e+04
6.908600000000000000e+04
1.219890000000000000e+05
1.735430000000000000e+05
2.132030000000000000e+05
2.132030000000000000e+05
2.132030000000000000e+05
2.132030000000000000e+05
2.132030000000000000e+05
2.132030000000000000e+05
2.132030000000000000e+05
2.132030000000000000e+05
2.132030000000000000e+05
2.132030000000000000e+05
2.132030000000000000e+05
2.132030000000000000e+05
2.132030000000000000e+05
2.132030000000000000e+05
2.132030000000000000e+05
2.132030000000000000e+05
2.132030000000000000e+05
2.132030000000000000e+05
2.132030000000000000e+05
2.132030000000000000e+05
2.336100000000000000e+04
1.860200000000000000e+04
1.301221000000000000e+06
1.301221000000000000e+06
1.301221000000000000e+06
1.301221000000000000e+06
1.301221000000000000e+06
1.301221000000000000e+06
1.301221000000000000e+06
1.301221000000000000e+06
1.301221000000000000e+06
1.301221000000000000e+06
1.301221000000000000e+06
1.301221000000000000e+06
1.301221000000000000e+06
1.301221000000000000e+06
1.301221000000000000e+06
1.301221000000000000e+06
1.301221000000000000e+06
8.257980000000000000e+05
8.098770000000000000e+05
7.842380000000000000e+05
6.365280000000000000e+05
5.502840000000000000e+05
4.574660000000000000e+05
3.693670000000000000e+05
2.868570000000000000e+05
2.231300000000000000e+05
2.132030000000000000e+05
2.132030000000000000e+05
2.132030000000000000e+05
2.132030000000000000e+05
2.132030000000000000e+05
3.571700000000000000e+04
1.797800000000000000e+04
1.797800000000000000e+04
5.518000000000000000e+04
1.073990000000000000e+05
1.609010000000000000e+05
2.121860000000000000e+05
2.132030000000000000e+05
2.132030000000000000e+05
2.132030000000000000e+05
2.132030000000000000e+05
2.132030000000000000e+05
2.132030000000000000e+05
2.132030000000000000e+05
2.132030000000000000e+05
2.132030000000000000e+05
2.132030000000000000e+05
2.132030000000000000e+05
2.132030000000000000e+05
2.132030000000000000e+05
2.132030000000000000e+05
2.132030000000000000e+05
2.132030000000000000e+05
2.132030000000000000e+05
2.132030000000000000e+05
2.132030000000000000e+05
2.314600000000000000e+04
1.883600000000000000e+04
2.213900000000000000e+04
1.301221000000000000e+06
1.301221000000000000e+06
1.301221000000000000e+06
1.301221000000000000e+06
1.301221000000000000e+06
1.301221000000000000e+06
1.301221000000000000e+06
1.301221000000000000e+06
1.301221000000000000e+06
1.301221000000000000e+06
1.301221000000000000e+06
1.301221000000000000e+06
1.301221000000000000e+06
1.301221000000000000e+06
1.301221000000000000e+06
1.301221000000000000e+06
8.367610000000000000e+05
8.029110000000000000e+05
7.613800000000000000e+05
6.103650000000000000e+05
5.006570000000000000e+05
1.227041000000000000e+06
3.606450000000000000e+05
3.244460000000000000e+05
2.490280000000000000e+05
2.132030000000000000e+05
2.132030000000000000e+05
2.132030000000000000e+05
2.132030000000000000e+05
3.500200000000000000e+04
3.199000000000000000e+04
1.797800000000000000e+04
3.193500000000000000e+04
8.129400000000000000e+04
1.344690000000000000e+05
1.880440000000000000e+05
2.132030000000000000e+05
2.132030000000000000e+05
2.132030000000000000e+05
2.132030000000000000e+05
2.132030000000000000e+05
2.132030000000000000e+05
2.132030000000000000e+05
2.132030000000000000e+05
2.132030000000000000e+05
2.132030000000000000e+05
2.132030000000000000e+05
2.132030000000000000e+05
2.132030000000000000e+05
2.132030000000000000e+05
2.132030000000000000e+05
2.132030000000000000e+05
2.132030000000000000e+05
2.132030000000000000e+05
1.757800000000000000e+04
1.797800000000000000e+04
1.786500000000000000e+04
1.797800000000000000e+04
1.829500000000000000e+04
1.301221000000000000e+06
1.301221000000000000e+06
1.301221000000000000e+06
1.301221000000000000e+06
1.301221000000000000e+06
1.301221000000000000e+06
1.301221000000000000e+06
1.301221000000000000e+06
1.301221000000000000e+06
1.301221000000000000e+06
1.301221000000000000e+06
1.301221000000000000e+06
1.301221000000000000e+06
1.301221000000000000e+06
8.840340000000000000e+05
8.384700000000000000e+05
8.012580000000000000e+05
7.600270000000000000e+05
6.257380000000000000e+05
5.155390000000000000e+05
3.974230000000000000e+05
3.171990000000000000e+05
2.554120000000000000e+05
2.132030000000000000e+05
2.132030000000000000e+05
2.132030000000000000e+05
2.132030000000000000e+05
3.455600000000000000e+04
4.932500000000000000e+04
1.797800000000000000e+04
1.797800000000000000e+04
6.053800000000000000e+04
1.116120000000000000e+05
1.655850000000000000e+05
2.132030000000000000e+05
2.132030000000000000e+05
2.132030000000000000e+05
2.132030000000000000e+05
2.132030000000000000e+05
2.132030000000000000e+05
2.132030000000000000e+05
2.132030000000000000e+05
2.132030000000000000e+05
2.132030000000000000e+05
2.132030000000000000e+05
2.132030000000000000e+05
2.132030000000000000e+05
2.132030000000000000e+05
2.132030000000000000e+05
2.132030000000000000e+05
2.132030000000000000e+05
2.132030000000000000e+05
2.285800000000000000e+04
1.769000000000000000e+04
1.793700000000000000e+04
1.797800000000000000e+04
1.813400000000000000e+04
1.810200000000000000e+04
1.301221000000000000e+06
1.301221000000000000e+06
1.301221000000000000e+06
1.301221000000000000e+06
1.301221000000000000e+06
1.301221000000000000e+06
1.301221000000000000e+06
1.301221000000000000e+06
1.301221000000000000e+06
1.301221000000000000e+06
1.301221000000000000e+06
1.301221000000000000e+06
1.301221000000000000e+06
9.051610000000000000e+05
8.427320000000000000e+05
7.929910000000000000e+05
7.136060000000000000e+05
5.670720000000000000e+05
1.216576000000000000e+06
4.003530000000000000e+05
2.965110000000000000e+05
2.531000000000000000e+05
2.132030000000000000e+05
2.132030000000000000e+05
2.132030000000000000e+05
2.132030000000000000e+05
4.850300000000000000e+04
1.797800000000000000e+04
1.797800000000000000e+04
3.188100000000000000e+04
9.345600000000000000e+04
1.460490000000000000e+05
2.007950000000000000e+05
2.132030000000000000e+05
2.132030000000000000e+05
2.132030000000000000e+05
2.132030000000000000e+05
2.132030000000000000e+05
2.132030000000000000e+05
2.132030000000000000e+05
2.132030000000000000e+05
2.132030000000000000e+05
2.132030000000000000e+05
2.132030000000000000e+05
2.132030000000000000e+05
2.132030000000000000e+05
2.132030000000000000e+05
2.132030000000000000e+05
2.132030000000000000e+05
2.132030000000000000e+05
1.797800000000000000e+04
1.797800000000000000e+04
1.797800000000000000e+04
1.759600000000000000e+04
2.209800000000000000e+04
1.797800000000000000e+04
1.915700000000000000e+04
1.301221000000000000e+06
1.301221000000000000e+06
1.301221000000000000e+06
1.301221000000000000e+06
1.301221000000000000e+06
1.301221000000000000e+06
1.301221000000000000e+06
1.301221000000000000e+06
1.301221000000000000e+06
1.301221000000000000e+06
1.301221000000000000e+06
1.259986000000000000e+06
8.877600000000000000e+05
8.413680000000000000e+05
7.790000000000000000e+05
7.193070000000000000e+05
5.823110000000000000e+05
1.278951000000000000e+06
3.466720000000000000e+05
2.868720000000000000e+05
2.230560000000000000e+05
2.132030000000000000e+05
2.132030000000000000e+05
2.132030000000000000e+05
4.756900000000000000e+04
4.891600000000000000e+04
1.797800000000000000e+04
1.797800000000000000e+04
6.670400000000000000e+04
1.307470000000000000e+05
1.693910000000000000e+05
2.132030000000000000e+05
2.132030000000000000e+05
2.132030000000000000e+05
2.132030000000000000e+05
2.132030000000000000e+05
2.132030000000000000e+05
2.132030000000000000e+05
2.132030000000000000e+05
2.132030000000000000e+05
2.132030000000000000e+05
2.132030000000000000e+05
2.132030000000000000e+05
2.132030000000000000e+05
2.132030000000000000e+05
2.132030000000000000e+05
2.132030000000000000e+05
1.706000000000000000e+04
1.963600000000000000e+04
2.010100000000000000e+04
1.729700000000000000e+04
1.797800000000000000e+04
2.191100000000000000e+04
1.797800000000000000e+04
2.080000000000000000e+04
1.737400000000000000e+04
1.301221000000000000e+06
1.301221000000000000e+06
1.301221000000000000e+06
1.301221000000000000e+06
1.301221000000000000e+06
1.301221000000000000e+06
1.301221000000000000e+06
1.301221000000000000e+06
1.301221000000000000e+06
1.301221000000000000e+06
1.278453000000000000e+06
8.814300000000000000e+05
8.152360000000000000e+05
7.192810000000000000e+05
6.887590000000000000e+05
1.257858000000000000e+06
4.084840000000000000e+05
3.288760000000000000e+05
2.436230000000000000e+05
2.132030000000000000e+05
2.132030000000000000e+05
2.132030000000000000e+05
6.035400000000000000e+04
5.766400000000000000e+04
1.797800000000000000e+04
1.788400000000000000e+04
7.412700000000000000e+04
1.201960000000000000e+05
1.726670000000000000e+05
2.132030000000000000e+05
2.132030000000000000e+05
2.132030000000000000e+05
2.132030000000000000e+05
2.132030000000000000e+05
2.132030000000000000e+05
2.132030000000000000e+05
2.132030000000000000e+05
2.132030000000000000e+05
2.132030000000000000e+05
2.132030000000000000e+05
2.132030000000000000e+05
2.132030000000000000e+05
2.132030000000000000e+05
2.132030000000000000e+05
1.689600000000000000e+04
1.785800000000000000e+04
2.115900000000000000e+04
1.797800000000000000e+04
2.173000000000000000e+04
1.746300000000000000e+04
1.784500000000000000e+04
1.797800000000000000e+04
1.797800000000000000e+04
1.767800000000000000e+04
1.689600000000000000e+04
1.301221000000000000e+06
1.301221000000000000e+06
1.301221000000000000e+06
1.301221000000000000e+06
1.301221000000000000e+06
1.301221000000000000e+06
1.301221000000000000e+06
1.301221000000000000e+06
1.301221000000000000e+06
9.414000000000000000e+05
8.501710000000000000e+05
8.066630000000000000e+05
6.991990000000000000e+05
1.229094000000000000e+06
4.684560000000000000e+05
4.034240000000000000e+05
2.869040000000000000e+05
2.132030000000000000e+05
2.132030000000000000e+05
2.132030000000000000e+05
5.974600000000000000e+04
5.689000000000000000e+04
2.159100000000000000e+04
1.797800000000000000e+04
6.886800000000000000e+04
1.109080000000000000e+05
1.759640000000000000e+05
2.132030000000000000e+05
2.132030000000000000e+05
2.132030000000000000e+05
2.132030000000000000e+05
2.132030000000000000e+05
2.132030000000000000e+05
2.132030000000000000e+05
2.132030000000000000e+05
2.132030000000000000e+05
2.132030000000000000e+05
2.132030000000000000e+05
2.132030000000000000e+05
2.132030000000000000e+05
2.132030000000000000e+05
1.797800000000000000e+04
1.681700000000000000e+04
1.797800000000000000e+04
1.689600000000000000e+04
1.856800000000000000e+04
1.898900000000000000e+04
1.721900000000000000e+04
1.797800000000000000e+04
2.066200000000000000e+04
1.797800000000000000e+04
1.945400000000000000e+04
1.632100000000000000e+04
1.856900000000000000e+04
1.301221000000000000e+06
1.301221000000000000e+06
1.301221000000000000e+06
1.301221000000000000e+06
1.301221000000000000e+06
1.301221000000000000e+06
1.301221000000000000e+06
1.301221000000000000e+06
9.028720000000000000e+05
8.496630000000000000e+05
1.204369000000000000e+06
1.260944000000000000e+06
1.296359000000000000e+06
4.085110000000000000e+05
2.897740000000000000e+05
2.320390000000000000e+05
2.132030000000000000e+05
2.132030000000000000e+05
8.483800000000000000e+04
6.931800000000000000e+04
3.046200000000000000e+04
1.797800000000000000e+04
5.184800000000000000e+04
1.030810000000000000e+05
1.647720000000000000e+05
2.030990000000000000e+05
2.132030000000000000e+05
2.132030000000000000e+05
2.132030000000000000e+05
2.132030000000000000e+05
2.132030000000000000e+05
2.132030000000000000e+05
2.132030000000000000e+05
2.132030000000000000e+05
2.132030000000000000e+05
2.132030000000000000e+05
2.132030000000000000e+05
1.797800000000000000e+04
1.797800000000000000e+04
1.797800000000000000e+04
1.797800000000000000e+04
1.689600000000000000e+04
1.765600000000000000e+04
2.011300000000000000e+04
1.797800000000000000e+04
2.060000000000000000e+04
1.724500000000000000e+04
1.778900000000000000e+04
1.797800000000000000e+04
1.797800000000000000e+04
1.639800000000000000e+04
1.689600000000000000e+04
1.792300000000000000e+04
1.301221000000000000e+06
1.301221000000000000e+06
1.301221000000000000e+06
1.301221000000000000e+06
1.301221000000000000e+06
1.301221000000000000e+06
1.300414000000000000e+06
8.804590000000000000e+05
1.246197000000000000e+06
1.292764000000000000e+06
5.804530000000000000e+05
4.684400000000000000e+05
3.532620000000000000e+05
2.590940000000000000e+05
2.187480000000000000e+05
2.132030000000000000e+05
9.665100000000000000e+04
8.619000000000000000e+04
4.818100000000000000e+04
2.181000000000000000e+04
2.402800000000000000e+04
8.299800000000000000e+04
1.400340000000000000e+05
1.907990000000000000e+05
2.132030000000000000e+05
2.132030000000000000e+05
2.132030000000000000e+05
2.132030000000000000e+05
2.132030000000000000e+05
2.132030000000000000e+05
2.132030000000000000e+05
2.132030000000000000e+05
2.132030000000000000e+05
2.132030000000000000e+05
1.689600000000000000e+04
1.743400000000000000e+04
1.797800000000000000e+04
1.797800000000000000e+04
1.797800000000000000e+04
1.797800000000000000e+04
1.797800000000000000e+04
1.689600000000000000e+04
1.751100000000000000e+04
1.789300000000000000e+04
1.717100000000000000e+04
1.797800000000000000e+04
1.944600000000000000e+04
1.797800000000000000e+04
1.815700000000000000e+04
1.689600000000000000e+04
1.719300000000000000e+04
1.818600000000000000e+04
1.301221000000000000e+06
1.301221000000000000e+06
1.301221000000000000e+06
1.301221000000000000e+06
1.301221000000000000e+06
1.297588000000000000e+06
1.288115000000000000e+06
1.296359000000000000e+06
5.913290000000000000e+05
4.793650000000000000e+05
4.532980000000000000e+05
3.174610000000000000e+05
2.440630000000000000e+05
2.132030000000000000e+05
1.281320000000000000e+05
1.108890000000000000e+05
6.093900000000000000e+04
3.527400000000000000e+04
1.797800000000000000e+04
6.571100000000000000e+04
1.172760000000000000e+05
1.643970000000000000e+05
2.132030000000000000e+05
2.132030000000000000e+05
2.132030000000000000e+05
2.132030000000000000e+05
2.132030000000000000e+05
2.132030000000000000e+05
2.132030000000000000e+05
2.132030000000000000e+05
2.132030000000000000e+05
1.797800000000000000e+04
1.797800000000000000e+04
1.797800000000000000e+04
1.797800000000000000e+04
1.797800000000000000e+04
1.797800000000000000e+04
1.797600000000000000e+04
1.689600000000000000e+04
1.745800000000000000e+04
1.909200000000000000e+04
1.797800000000000000e+04
1.950700000000000000e+04
1.703300000000000000e+04
1.776000000000000000e+04
1.797800000000000000e+04
1.797800000000000000e+04
1.638300000000000000e+04
1.689600000000000000e+04
1.762800000000000000e+04
1.731300000000000000e+04
1.301221000000000000e+06
1.301221000000000000e+06
1.301221000000000000e+06
1.301221000000000000e+06
1.296359000000000000e+06
1.296359000000000000e+06
1.296359000000000000e+06
6.225860000000000000e+05
4.532340000000000000e+05
3.468180000000000000e+05
2.756500000000000000e+05
2.132030000000000000e+05
1.756460000000000000e+05
1.222480000000000000e+05
7.333900000000000000e+04
4.837600000000000000e+04
1.797800000000000000e+04
2.355100000000000000e+04
8.251200000000000000e+04
1.395500000000000000e+05
1.903030000000000000e+05
2.132030000000000000e+05
2.132030000000000000e+05
2.132030000000000000e+05
2.132030000000000000e+05
2.132030000000000000e+05
2.132030000000000000e+05
2.132030000000000000e+05
1.705700000000000000e+04
1.797800000000000000e+04
1.797800000000000000e+04
1.689600000000000000e+04
1.725900000000000000e+04
1.797800000000000000e+04
1.797800000000000000e+04
1.797800000000000000e+04
1.797800000000000000e+04
1.797800000000000000e+04
1.689600000000000000e+04
1.649700000000000000e+04
1.689600000000000000e+04
1.714800000000000000e+04
1.797800000000000000e+04
1.830400000000000000e+04
1.797800000000000000e+04
1.797800000000000000e+04
1.689600000000000000e+04
1.689600000000000000e+04
1.790900000000000000e+04
1.797800000000000000e+04
1.301221000000000000e+06
1.301221000000000000e+06
1.301221000000000000e+06
1.296359000000000000e+06
1.296359000000000000e+06
6.555600000000000000e+05
4.643550000000000000e+05
3.695440000000000000e+05
3.240090000000000000e+05
2.509450000000000000e+05
2.095990000000000000e+05
1.456970000000000000e+05
1.059240000000000000e+05
7.432600000000000000e+04
3.031500000000000000e+04
1.797800000000000000e+04
3.666500000000000000e+04
8.748300000000000000e+04
1.338520000000000000e+05
1.866580000000000000e+05
2.132030000000000000e+05
2.132030000000000000e+05
2.132030000000000000e+05
2.132030000000000000e+05
2.132030000000000000e+05
1.797800000000000000e+04
1.689600000000000000e+04
1.797800000000000000e+04
1.797800000000000000e+04
1.797800000000000000e+04
1.797800000000000000e+04
1.797800000000000000e+04
1.797800000000000000e+04
1.797800000000000000e+04
1.778900000000000000e+04
1.689600000000000000e+04
1.726400000000000000e+04
1.812600000000000000e+04
1.797800000000000000e+04
1.848300000000000000e+04
1.682500000000000000e+04
2.012100000000000000e+04
1.797800000000000000e+04
1.899300000000000000e+04
1.635000000000000000e+04
1.689600000000000000e+04
1.736600000000000000e+04
1.712700000000000000e+04
1.797800000000000000e+04
1.301221000000000000e+06
1.301221000000000000e+06
1.289520000000000000e+06
7.435530000000000000e+05
4.755360000000000000e+05
3.922790000000000000e+05
3.469050000000000000e+05
3.107670000000000000e+05
2.358640000000000000e+05
1.808250000000000000e+05
1.424690000000000000e+05
8.662600000000000000e+04
5.665600000000000000e+04
1.797800000000000000e+04
1.797800000000000000e+04
2.406000000000000000e+04
7.961600000000000000e+04
1.288740000000000000e+05
1.673610000000000000e+05
2.064450000000000000e+05
2.132030000000000000e+05
2.132030000000000000e+05
1.667900000000000000e+04
1.689600000000000000e+04
1.797800000000000000e+04
1.718300000000000000e+04
1.797800000000000000e+04
1.797800000000000000e+04
1.689600000000000000e+04
1.708500000000000000e+04
1.797800000000000000e+04
1.797800000000000000e+04
1.797800000000000000e+04
1.797800000000000000e+04
1.797800000000000000e+04
1.689600000000000000e+04
1.573400000000000000e+04
1.689600000000000000e+04
1.714200000000000000e+04
1.797800000000000000e+04
1.726400000000000000e+04
1.797800000000000000e+04
1.797800000000000000e+04
1.689600000000000000e+04
1.689600000000000000e+04
1.766200000000000000e+04
1.797800000000000000e+04
1.797800000000000000e+04
1.300414000000000000e+06
8.872830000000000000e+05
5.090360000000000000e+05
4.149740000000000000e+05
3.637650000000000000e+05
3.341590000000000000e+05
2.917040000000000000e+05
2.338410000000000000e+05
1.709720000000000000e+05
1.113460000000000000e+05
8.782500000000000000e+04
3.025700000000000000e+04
1.797800000000000000e+04
1.740100000000000000e+04
1.797800000000000000e+04
1.797800000000000000e+04
4.717800000000000000e+04
1.797800000000000000e+04
1.626500000000000000e+04
1.797800000000000000e+04
1.797800000000000000e+04
1.689600000000000000e+04
1.797800000000000000e+04
1.689600000000000000e+04
1.797800000000000000e+04
1.797800000000000000e+04
1.797800000000000000e+04
1.797800000000000000e+04
1.797800000000000000e+04
1.797800000000000000e+04
1.797800000000000000e+04
1.760500000000000000e+04
1.689600000000000000e+04
1.707300000000000000e+04
1.797800000000000000e+04
1.797800000000000000e+04
1.797800000000000000e+04
1.662100000000000000e+04
1.914700000000000000e+04
1.797800000000000000e+04
1.875700000000000000e+04
1.651800000000000000e+04
1.689600000000000000e+04
1.713200000000000000e+04
1.689600000000000000e+04
1.797800000000000000e+04
2.153700000000000000e+04
8.818130000000000000e+05
4.489760000000000000e+05
3.982640000000000000e+05
3.519460000000000000e+05
3.098750000000000000e+05
2.720500000000000000e+05
2.057460000000000000e+05
1.550820000000000000e+05
1.128810000000000000e+05
5.660500000000000000e+04
2.247700000000000000e+04
1.797800000000000000e+04
1.797800000000000000e+04
1.797800000000000000e+04
1.769800000000000000e+04
1.735000000000000000e+04
1.689600000000000000e+04
1.689600000000000000e+04
1.797800000000000000e+04
1.663400000000000000e+04
1.689600000000000000e+04
1.797800000000000000e+04
1.731000000000000000e+04
1.797800000000000000e+04
1.797800000000000000e+04
1.689600000000000000e+04
1.691400000000000000e+04
1.797800000000000000e+04
1.797800000000000000e+04
1.797800000000000000e+04
1.797800000000000000e+04
1.797800000000000000e+04
1.689600000000000000e+04
1.573300000000000000e+04
1.650900000000000000e+04
1.715000000000000000e+04
1.797800000000000000e+04
1.633900000000000000e+04
1.797800000000000000e+04
1.797800000000000000e+04
1.689600000000000000e+04
1.689600000000000000e+04
1.744000000000000000e+04
1.797800000000000000e+04
1.797800000000000000e+04
1.689600000000000000e+04
4.327860000000000000e+05
3.809300000000000000e+05
3.334500000000000000e+05
2.961250000000000000e+05
2.638130000000000000e+05
1.962200000000000000e+05
1.372450000000000000e+05
9.544000000000000000e+04
4.955500000000000000e+04
2.285300000000000000e+04
1.727500000000000000e+04
1.797800000000000000e+04
1.797800000000000000e+04
1.797800000000000000e+04
1.797800000000000000e+04
1.619900000000000000e+04
1.797800000000000000e+04
1.797800000000000000e+04
1.689600000000000000e+04
1.797800000000000000e+04
1.689600000000000000e+04
1.797800000000000000e+04
1.797800000000000000e+04
1.797800000000000000e+04
1.797800000000000000e+04
1.797800000000000000e+04
1.797800000000000000e+04
1.797800000000000000e+04
1.742300000000000000e+04
1.689600000000000000e+04
1.688500000000000000e+04
1.797800000000000000e+04
1.797800000000000000e+04
1.797800000000000000e+04
1.664800000000000000e+04
1.828500000000000000e+04
1.797800000000000000e+04
1.854700000000000000e+04
1.648500000000000000e+04
1.689600000000000000e+04
1.692000000000000000e+04
1.689600000000000000e+04
1.797800000000000000e+04
2.132400000000000000e+04
1.679900000000000000e+04
3.629290000000000000e+05
3.201980000000000000e+05
2.882480000000000000e+05
2.493820000000000000e+05
1.803620000000000000e+05
1.261930000000000000e+05
7.590900000000000000e+04
3.649700000000000000e+04
1.797800000000000000e+04
1.797800000000000000e+04
1.797800000000000000e+04
1.765400000000000000e+04
1.721500000000000000e+04
1.689600000000000000e+04
1.689600000000000000e+04
1.797800000000000000e+04
1.660300000000000000e+04
1.689600000000000000e+04
1.797800000000000000e+04
1.743700000000000000e+04
1.797800000000000000e+04
1.797800000000000000e+04
1.689600000000000000e+04
1.689600000000000000e+04
1.797800000000000000e+04
1.797800000000000000e+04
1.797800000000000000e+04
1.797800000000000000e+04
1.797800000000000000e+04
1.689600000000000000e+04
1.595600000000000000e+04
1.594100000000000000e+04
1.717000000000000000e+04
1.797800000000000000e+04
1.620800000000000000e+04
1.797800000000000000e+04
1.797800000000000000e+04
1.689600000000000000e+04
1.689600000000000000e+04
1.723800000000000000e+04
1.797800000000000000e+04
1.797800000000000000e+04
1.689600000000000000e+04
1.797800000000000000e+04
3.066050000000000000e+05
2.677470000000000000e+05
2.403550000000000000e+05
1.699680000000000000e+05
1.217870000000000000e+05
6.336300000000000000e+04
2.312900000000000000e+04
1.714900000000000000e+04
1.797800000000000000e+04
1.794200000000000000e+04
1.797800000000000000e+04
1.797800000000000000e+04
1.619300000000000000e+04
1.797800000000000000e+04
1.797800000000000000e+04
1.689600000000000000e+04
1.797800000000000000e+04
1.689600000000000000e+04
1.797800000000000000e+04
1.797800000000000000e+04
1.797800000000000000e+04
1.797800000000000000e+04
1.797800000000000000e+04
1.797800000000000000e+04
1.797800000000000000e+04
1.724400000000000000e+04
1.689600000000000000e+04
1.670000000000000000e+04
1.797800000000000000e+04
1.797800000000000000e+04
1.797800000000000000e+04
1.676900000000000000e+04
1.780500000000000000e+04
1.797800000000000000e+04
1.835700000000000000e+04
1.460800000000000000e+04
1.689600000000000000e+04
1.672700000000000000e+04
1.689600000000000000e+04
1.797800000000000000e+04
2.113000000000000000e+04
1.524400000000000000e+04
1.808800000000000000e+04
2.528120000000000000e+05
2.245800000000000000e+05
1.592280000000000000e+05
1.029140000000000000e+05
6.425400000000000000e+04
1.797800000000000000e+04
1.797800000000000000e+04
1.797800000000000000e+04
1.762200000000000000e+04
1.708000000000000000e+04
1.689600000000000000e+04
1.689600000000000000e+04
1.797800000000000000e+04
1.658300000000000000e+04
1.689600000000000000e+04
1.797800000000000000e+04
1.756500000000000000e+04
1.797800000000000000e+04
1.797800000000000000e+04
1.668200000000000000e+04
1.689600000000000000e+04
1.797800000000000000e+04
1.797800000000000000e+04
1.797800000000000000e+04
1.797800000000000000e+04
1.797800000000000000e+04
1.689600000000000000e+04
1.453800000000000000e+04
1.542600000000000000e+04
1.719700000000000000e+04
1.797800000000000000e+04
1.566000000000000000e+04
1.797800000000000000e+04
1.797800000000000000e+04
1.689600000000000000e+04
1.689600000000000000e+04
1.705300000000000000e+04
1.797800000000000000e+04
1.797800000000000000e+04
1.689600000000000000e+04
1.797800000000000000e+04
1.689600000000000000e+04
2.084410000000000000e+05
1.481480000000000000e+05
9.787200000000000000e+04
5.123400000000000000e+04
1.728800000000000000e+04
1.797800000000000000e+04
1.791500000000000000e+04
1.797800000000000000e+04
1.797800000000000000e+04
1.622300000000000000e+04
1.797800000000000000e+04
1.797800000000000000e+04
1.689600000000000000e+04
1.797800000000000000e+04
1.689600000000000000e+04
1.797800000000000000e+04
1.797800000000000000e+04
1.797800000000000000e+04
1.797800000000000000e+04
1.797800000000000000e+04
1.797800000000000000e+04
1.797800000000000000e+04
1.706700000000000000e+04
1.682400000000000000e+04
1.651800000000000000e+04
1.797800000000000000e+04
1.797800000000000000e+04
1.797800000000000000e+04
1.688400000000000000e+04
1.784000000000000000e+04
1.797800000000000000e+04
1.818500000000000000e+04
1.477700000000000000e+04
1.689600000000000000e+04
1.655100000000000000e+04
1.689600000000000000e+04
1.797800000000000000e+04
2.095000000000000000e+04
1.543200000000000000e+04
1.797800000000000000e+04
1.797800000000000000e+04
1.317010000000000000e+05
8.646300000000000000e+04
3.833600000000000000e+04
1.797800000000000000e+04
1.789700000000000000e+04
1.797800000000000000e+04
1.797800000000000000e+04
1.628500000000000000e+04
1.797800000000000000e+04
1.797800000000000000e+04
1.689600000000000000e+04
1.797800000000000000e+04
1.689600000000000000e+04
1.797800000000000000e+04
1.797800000000000000e+04
1.797800000000000000e+04
1.797800000000000000e+04
1.797800000000000000e+04
1.797800000000000000e+04
1.797800000000000000e+04
1.689400000000000000e+04
1.640800000000000000e+04
1.633800000000000000e+04
1.797800000000000000e+04
1.797800000000000000e+04
1.797800000000000000e+04
1.689600000000000000e+04
1.788100000000000000e+04
1.797800000000000000e+04
1.802800000000000000e+04
1.495200000000000000e+04
1.689600000000000000e+04
1.638900000000000000e+04
1.689600000000000000e+04
1.797800000000000000e+04
2.078300000000000000e+04
1.562400000000000000e+04
1.797800000000000000e+04
1.797800000000000000e+04
1.689600000000000000e+04
6.004200000000000000e+04
3.226400000000000000e+04
1.788800000000000000e+04
1.797800000000000000e+04
1.797800000000000000e+04
1.797800000000000000e+04
1.797800000000000000e+04
1.797800000000000000e+04
1.689600000000000000e+04
1.797800000000000000e+04
1.689600000000000000e+04
1.797800000000000000e+04
1.797800000000000000e+04
1.797800000000000000e+04
1.797800000000000000e+04
1.797800000000000000e+04
1.797800000000000000e+04
1.797800000000000000e+04
1.672300000000000000e+04
1.603700000000000000e+04
1.616200000000000000e+04
1.797800000000000000e+04
1.797800000000000000e+04
1.797800000000000000e+04
1.689600000000000000e+04
1.792600000000000000e+04
1.797800000000000000e+04
1.797800000000000000e+04
1.513300000000000000e+04
1.689600000000000000e+04
1.623900000000000000e+04
1.689600000000000000e+04
1.797800000000000000e+04
2.062700000000000000e+04
1.582000000000000000e+04
1.797800000000000000e+04
1.797800000000000000e+04
1.689600000000000000e+04
1.797800000000000000e+04
1.788700000000000000e+04
1.797800000000000000e+04
1.797800000000000000e+04
1.797800000000000000e+04
1.797800000000000000e+04
1.797800000000000000e+04
1.689600000000000000e+04
1.797800000000000000e+04
1.689600000000000000e+04
1.797800000000000000e+04
1.797800000000000000e+04
1.797800000000000000e+04
1.797800000000000000e+04
1.797800000000000000e+04
1.797800000000000000e+04
1.797800000000000000e+04
1.655400000000000000e+04
1.570700000000000000e+04
1.598800000000000000e+04
1.797800000000000000e+04
1.797800000000000000e+04
1.797800000000000000e+04
1.689600000000000000e+04
1.556300000000000000e+04
1.797800000000000000e+04
1.797800000000000000e+04
1.531700000000000000e+04
1.689600000000000000e+04
1.609900000000000000e+04
1.689600000000000000e+04
1.797800000000000000e+04
2.048200000000000000e+04
1.602000000000000000e+04
1.797800000000000000e+04
1.797800000000000000e+04
1.689600000000000000e+04
1.797800000000000000e+04
1.797800000000000000e+04
1.797800000000000000e+04
1.797800000000000000e+04
1.797800000000000000e+04
1.797800000000000000e+04
1.689600000000000000e+04
1.797800000000000000e+04
1.689600000000000000e+04
1.797800000000000000e+04
1.797800000000000000e+04
1.797800000000000000e+04
1.797800000000000000e+04
1.797800000000000000e+04
1.797800000000000000e+04
1.797800000000000000e+04
1.638900000000000000e+04
1.541200000000000000e+04
1.581800000000000000e+04
1.797800000000000000e+04
1.797800000000000000e+04
1.797800000000000000e+04
1.689600000000000000e+04
1.554800000000000000e+04
1.797800000000000000e+04
1.797800000000000000e+04
1.550500000000000000e+04
1.689600000000000000e+04
1.597000000000000000e+04
1.689600000000000000e+04
1.797800000000000000e+04
2.034500000000000000e+04
1.622300000000000000e+04
1.797800000000000000e+04
1.797800000000000000e+04
1.689600000000000000e+04
1.797800000000000000e+04
1.797800000000000000e+04
1.797800000000000000e+04
1.797800000000000000e+04
1.797800000000000000e+04
1.689600000000000000e+04
1.797800000000000000e+04
1.689600000000000000e+04
1.797800000000000000e+04
1.797800000000000000e+04
1.797800000000000000e+04
1.797800000000000000e+04
1.797800000000000000e+04
1.797800000000000000e+04
1.797800000000000000e+04
1.622600000000000000e+04
1.515000000000000000e+04
1.565000000000000000e+04
1.797800000000000000e+04
1.797800000000000000e+04
1.797800000000000000e+04
1.689600000000000000e+04
1.554200000000000000e+04
1.789200000000000000e+04
1.797800000000000000e+04
1.569600000000000000e+04
1.689600000000000000e+04
1.587200000000000000e+04
1.689600000000000000e+04
1.797800000000000000e+04
2.021600000000000000e+04
1.642700000000000000e+04
1.797800000000000000e+04
1.797800000000000000e+04
1.689600000000000000e+04
1.797800000000000000e+04
1.797800000000000000e+04
1.797800000000000000e+04
2.052700000000000000e+04
1.797800000000000000e+04
1.797800000000000000e+04
1.689600000000000000e+04
1.797800000000000000e+04
1.797800000000000000e+04
1.797800000000000000e+04
1.797800000000000000e+04
1.797800000000000000e+04
1.797800000000000000e+04
1.797800000000000000e+04
1.606600000000000000e+04
1.491700000000000000e+04
1.548500000000000000e+04
1.797800000000000000e+04
1.797800000000000000e+04
1.797800000000000000e+04
1.689600000000000000e+04
1.554400000000000000e+04
1.771100000000000000e+04
1.797800000000000000e+04
1.588900000000000000e+04
1.689600000000000000e+04
1.585900000000000000e+04
1.689600000000000000e+04
1.797800000000000000e+04
2.009400000000000000e+04
1.663400000000000000e+04
1.797800000000000000e+04
1.797800000000000000e+04
1.689600000000000000e+04
1.797800000000000000e+04
1.797800000000000000e+04
1.797800000000000000e+04
2.038800000000000000e+04
1.797800000000000000e+04
1.689600000000000000e+04
1.797800000000000000e+04
1.797800000000000000e+04
1.797800000000000000e+04
1.797800000000000000e+04
1.797800000000000000e+04
1.797800000000000000e+04
1.797800000000000000e+04
1.590800000000000000e+04
1.492400000000000000e+04
1.689600000000000000e+04
1.797800000000000000e+04
1.797800000000000000e+04
1.797800000000000000e+04
1.683300000000000000e+04
1.555400000000000000e+04
1.753400000000000000e+04
1.797800000000000000e+04
1.608400000000000000e+04
1.689600000000000000e+04
1.585100000000000000e+04
1.689600000000000000e+04
1.797800000000000000e+04
1.997900000000000000e+04
1.828100000000000000e+04
1.797800000000000000e+04
1.797800000000000000e+04
1.689600000000000000e+04
1.797800000000000000e+04
1.797800000000000000e+04
1.797800000000000000e+04
2.025400000000000000e+04
1.797800000000000000e+04
1.598900000000000000e+04
1.797800000000000000e+04
1.797800000000000000e+04
1.797800000000000000e+04
1.797800000000000000e+04
1.797800000000000000e+04
1.797800000000000000e+04
1.575300000000000000e+04
1.510400000000000000e+04
1.689600000000000000e+04
1.797800000000000000e+04
1.797800000000000000e+04
1.689600000000000000e+04
1.664200000000000000e+04
1.564000000000000000e+04
1.735900000000000000e+04
1.797800000000000000e+04
1.628200000000000000e+04
1.689600000000000000e+04
1.585000000000000000e+04
1.689600000000000000e+04
1.797800000000000000e+04
1.987000000000000000e+04
1.814100000000000000e+04
1.797800000000000000e+04
1.797800000000000000e+04
1.689600000000000000e+04
1.797800000000000000e+04
1.797800000000000000e+04
1.797800000000000000e+04
2.012500000000000000e+04
1.797800000000000000e+04
1.596200000000000000e+04
2.419900000000000000e+04
1.797800000000000000e+04
1.797800000000000000e+04
1.797800000000000000e+04
1.797800000000000000e+04
1.560100000000000000e+04
1.528700000000000000e+04
1.689600000000000000e+04
1.797800000000000000e+04
1.797800000000000000e+04
1.689600000000000000e+04
1.647100000000000000e+04
1.577800000000000000e+04
1.718700000000000000e+04
1.797800000000000000e+04
1.648100000000000000e+04
1.689600000000000000e+04
1.585400000000000000e+04
1.689600000000000000e+04
1.797800000000000000e+04
1.976800000000000000e+04
1.803000000000000000e+04
1.797800000000000000e+04
1.797800000000000000e+04
1.689600000000000000e+04
1.779900000000000000e+04
1.797800000000000000e+04
1.797800000000000000e+04
2.000000000000000000e+04
1.797800000000000000e+04
1.593800000000000000e+04
2.406900000000000000e+04
1.949600000000000000e+04
1.797800000000000000e+04
1.797800000000000000e+04
1.545100000000000000e+04
1.547200000000000000e+04
1.689600000000000000e+04
1.797800000000000000e+04
1.797800000000000000e+04
1.689600000000000000e+04
1.632000000000000000e+04
1.591800000000000000e+04
1.760500000000000000e+04
1.797800000000000000e+04
1.668200000000000000e+04
1.689600000000000000e+04
1.586500000000000000e+04
1.708400000000000000e+04
1.797800000000000000e+04
1.967200000000000000e+04
1.794300000000000000e+04
1.797800000000000000e+04
1.518300000000000000e+04
1.689600000000000000e+04
1.760200000000000000e+04
1.797800000000000000e+04
1.797800000000000000e+04
1.987800000000000000e+04
1.797800000000000000e+04
1.591800000000000000e+04
2.394100000000000000e+04
1.945100000000000000e+04
1.797800000000000000e+04
1.530400000000000000e+04
1.566100000000000000e+04
1.689600000000000000e+04
1.797800000000000000e+04
1.797800000000000000e+04
1.689600000000000000e+04
1.618500000000000000e+04
1.606000000000000000e+04
1.752000000000000000e+04
1.797800000000000000e+04
1.688500000000000000e+04
1.689600000000000000e+04
1.588200000000000000e+04
1.722500000000000000e+04
1.797800000000000000e+04
1.958100000000000000e+04
1.787900000000000000e+04
1.797800000000000000e+04
1.454200000000000000e+04
1.689600000000000000e+04
1.740700000000000000e+04
1.797800000000000000e+04
1.797800000000000000e+04
1.976000000000000000e+04
1.797800000000000000e+04
1.590000000000000000e+04
2.381700000000000000e+04
1.942500000000000000e+04
1.797800000000000000e+04
1.689600000000000000e+04
1.689600000000000000e+04
1.797800000000000000e+04
1.797800000000000000e+04
1.689600000000000000e+04
1.797800000000000000e+04
1.620400000000000000e+04
1.745500000000000000e+04
1.797800000000000000e+04
1.709000000000000000e+04
1.689600000000000000e+04
1.590500000000000000e+04
1.736700000000000000e+04
1.797800000000000000e+04
1.949600000000000000e+04
1.790400000000000000e+04
1.797800000000000000e+04
1.442100000000000000e+04
1.689600000000000000e+04
1.721700000000000000e+04
1.797800000000000000e+04
1.797800000000000000e+04
1.964600000000000000e+04
1.797800000000000000e+04
1.588600000000000000e+04
2.369600000000000000e+04
1.941500000000000000e+04
1.782200000000000000e+04
1.689600000000000000e+04
1.797800000000000000e+04
1.797800000000000000e+04
1.689600000000000000e+04
1.797800000000000000e+04
1.635100000000000000e+04
1.740800000000000000e+04
1.797800000000000000e+04
1.729600000000000000e+04
1.689600000000000000e+04
1.593400000000000000e+04
1.751100000000000000e+04
1.797800000000000000e+04
1.941700000000000000e+04
1.797800000000000000e+04
1.797800000000000000e+04
1.431400000000000000e+04
1.951800000000000000e+04
1.703000000000000000e+04
1.797800000000000000e+04
1.797800000000000000e+04
1.953500000000000000e+04
1.797800000000000000e+04
1.587500000000000000e+04
2.357800000000000000e+04
1.942000000000000000e+04
1.761600000000000000e+04
1.689600000000000000e+04
1.797800000000000000e+04
1.612800000000000000e+04
1.797800000000000000e+04
1.650100000000000000e+04
1.737900000000000000e+04
1.797800000000000000e+04
1.736300000000000000e+04
1.689600000000000000e+04
1.597000000000000000e+04
1.765800000000000000e+04
1.797800000000000000e+04
1.934400000000000000e+04
1.797800000000000000e+04
1.797800000000000000e+04
1.430900000000000000e+04
1.951200000000000000e+04
1.684600000000000000e+04
1.797800000000000000e+04
1.797800000000000000e+04
1.942700000000000000e+04
1.797800000000000000e+04
1.586700000000000000e+04
2.346200000000000000e+04
1.943800000000000000e+04
1.741300000000000000e+04
1.689600000000000000e+04
1.797800000000000000e+04
1.611000000000000000e+04
2.433500000000000000e+04
1.736500000000000000e+04
1.797800000000000000e+04
1.742200000000000000e+04
1.689600000000000000e+04
1.601300000000000000e+04
1.780700000000000000e+04
1.797800000000000000e+04
1.927700000000000000e+04
1.797800000000000000e+04
1.797800000000000000e+04
1.445400000000000000e+04
1.951900000000000000e+04
1.666500000000000000e+04
1.797800000000000000e+04
1.792400000000000000e+04
1.932200000000000000e+04
1.797800000000000000e+04
1.586100000000000000e+04
2.334800000000000000e+04
1.946700000000000000e+04
1.721400000000000000e+04
1.689600000000000000e+04
1.797800000000000000e+04
1.609400000000000000e+04
2.420900000000000000e+04
2.656300000000000000e+04
1.747900000000000000e+04
1.476700000000000000e+04
1.606300000000000000e+04
1.795800000000000000e+04
1.797800000000000000e+04
1.921600000000000000e+04
1.797800000000000000e+04
1.797800000000000000e+04
1.460200000000000000e+04
1.953700000000000000e+04
1.648800000000000000e+04
1.797800000000000000e+04
1.786200000000000000e+04
1.922000000000000000e+04
1.797800000000000000e+04
1.585900000000000000e+04
2.323700000000000000e+04
1.950600000000000000e+04
1.701800000000000000e+04
1.689600000000000000e+04
1.797800000000000000e+04
2.174400000000000000e+04
2.408500000000000000e+04
2.643700000000000000e+04
1.689600000000000000e+04
1.612100000000000000e+04
1.797800000000000000e+04
1.797800000000000000e+04
1.916300000000000000e+04
1.797800000000000000e+04
1.797800000000000000e+04
1.475200000000000000e+04
1.956400000000000000e+04
1.631400000000000000e+04
1.797800000000000000e+04
1.779800000000000000e+04
1.912200000000000000e+04
1.797800000000000000e+04
1.585900000000000000e+04
2.312800000000000000e+04
1.955400000000000000e+04
1.682600000000000000e+04
1.689600000000000000e+04
1.797800000000000000e+04
2.180200000000000000e+04
2.396200000000000000e+04
2.631300000000000000e+04
1.689600000000000000e+04
1.689600000000000000e+04
1.797800000000000000e+04
1.911700000000000000e+04
1.797800000000000000e+04
1.797800000000000000e+04
1.490400000000000000e+04
1.960100000000000000e+04
1.618100000000000000e+04
1.797800000000000000e+04
1.773300000000000000e+04
1.902600000000000000e+04
1.797800000000000000e+04
1.586300000000000000e+04
2.302200000000000000e+04
1.960900000000000000e+04
1.663800000000000000e+04
1.689600000000000000e+04
1.797800000000000000e+04
2.186800000000000000e+04
2.384000000000000000e+04
2.618900000000000000e+04
1.689600000000000000e+04
1.687800000000000000e+04
1.853100000000000000e+04
1.797800000000000000e+04
1.797800000000000000e+04
1.505900000000000000e+04
1.964500000000000000e+04
1.626000000000000000e+04
1.797800000000000000e+04
1.766700000000000000e+04
1.893400000000000000e+04
1.797800000000000000e+04
1.586900000000000000e+04
2.291800000000000000e+04
1.967100000000000000e+04
1.645200000000000000e+04
1.689600000000000000e+04
1.797800000000000000e+04
2.194000000000000000e+04
2.372000000000000000e+04
2.606700000000000000e+04
1.689600000000000000e+04
1.598300000000000000e+04
1.861600000000000000e+04
2.314300000000000000e+04
1.521700000000000000e+04
1.969700000000000000e+04
1.633500000000000000e+04
1.797800000000000000e+04
1.759900000000000000e+04
1.884600000000000000e+04
1.797800000000000000e+04
1.587900000000000000e+04
2.281700000000000000e+04
1.973900000000000000e+04
2.260900000000000000e+04
1.700300000000000000e+04
1.797800000000000000e+04
2.201700000000000000e+04
2.360100000000000000e+04
2.594600000000000000e+04
1.689600000000000000e+04
1.585800000000000000e+04
1.870600000000000000e+04
2.323600000000000000e+04
2.932100000000000000e+04
1.640900000000000000e+04
1.797800000000000000e+04
1.752900000000000000e+04
1.876200000000000000e+04
1.797800000000000000e+04
1.589200000000000000e+04
2.271900000000000000e+04
1.981300000000000000e+04
2.268500000000000000e+04
1.715600000000000000e+04
1.797800000000000000e+04
2.210000000000000000e+04
2.348400000000000000e+04
2.582600000000000000e+04
1.689600000000000000e+04
1.573400000000000000e+04
1.880100000000000000e+04
2.333300000000000000e+04
2.919100000000000000e+04
1.797800000000000000e+04
1.745800000000000000e+04
1.868200000000000000e+04
1.797800000000000000e+04
1.590900000000000000e+04
2.262400000000000000e+04
1.989100000000000000e+04
2.276500000000000000e+04
1.731300000000000000e+04
1.797800000000000000e+04
2.218700000000000000e+04
2.336800000000000000e+04
2.570800000000000000e+04
1.689600000000000000e+04
1.561000000000000000e+04
1.890000000000000000e+04
2.343400000000000000e+04
2.906300000000000000e+04
1.797800000000000000e+04
1.797800000000000000e+04
1.782900000000000000e+04
1.592900000000000000e+04
2.253200000000000000e+04
1.997400000000000000e+04
2.285000000000000000e+04
1.747100000000000000e+04
1.797800000000000000e+04
2.227800000000000000e+04
2.325300000000000000e+04
2.559000000000000000e+04
1.689600000000000000e+04
1.548800000000000000e+04
1.900200000000000000e+04
2.353800000000000000e+04
2.893500000000000000e+04
1.797800000000000000e+04
1.797800000000000000e+04
1.797800000000000000e+04
2.244300000000000000e+04
2.006100000000000000e+04
2.293900000000000000e+04
1.763300000000000000e+04
1.797800000000000000e+04
2.237300000000000000e+04
2.314000000000000000e+04
2.547500000000000000e+04
1.702800000000000000e+04
1.536600000000000000e+04
1.910700000000000000e+04
2.364500000000000000e+04
2.880800000000000000e+04
1.796900000000000000e+04
1.795800000000000000e+04
1.797800000000000000e+04
2.380100000000000000e+04
2.303100000000000000e+04
1.779700000000000000e+04
1.797800000000000000e+04
2.247100000000000000e+04
2.302900000000000000e+04
2.536000000000000000e+04
1.718800000000000000e+04
1.545000000000000000e+04
1.921600000000000000e+04
2.375600000000000000e+04
2.868100000000000000e+04
1.789100000000000000e+04
1.788000000000000000e+04
1.797800000000000000e+04
2.366700000000000000e+04
1.797800000000000000e+04
1.797800000000000000e+04
2.257100000000000000e+04
2.292000000000000000e+04
2.524800000000000000e+04
1.735100000000000000e+04
1.554300000000000000e+04
1.932600000000000000e+04
2.386800000000000000e+04
2.855500000000000000e+04
1.781200000000000000e+04
1.780100000000000000e+04
1.797800000000000000e+04
2.353300000000000000e+04
1.797800000000000000e+04
2.107900000000000000e+04
2.281300000000000000e+04
2.513700000000000000e+04
1.751700000000000000e+04
1.563300000000000000e+04
1.943900000000000000e+04
2.398300000000000000e+04
1.797800000000000000e+04
1.773100000000000000e+04
1.772000000000000000e+04
1.797800000000000000e+04
2.340000000000000000e+04
1.797800000000000000e+04
2.094200000000000000e+04
2.150100000000000000e+04
1.768500000000000000e+04
1.572100000000000000e+04
1.955400000000000000e+04
2.409900000000000000e+04
1.797800000000000000e+04
1.764800000000000000e+04
1.763700000000000000e+04
1.797800000000000000e+04
2.326700000000000000e+04
1.788800000000000000e+04
2.080500000000000000e+04
2.163400000000000000e+04
1.846600000000000000e+04
1.967000000000000000e+04
2.421700000000000000e+04
1.797800000000000000e+04
1.756300000000000000e+04
1.755300000000000000e+04
1.797800000000000000e+04
2.313400000000000000e+04
1.770200000000000000e+04
2.066800000000000000e+04
2.176800000000000000e+04
1.860200000000000000e+04
1.797800000000000000e+04
1.797800000000000000e+04
1.747600000000000000e+04
1.746600000000000000e+04
1.797800000000000000e+04
2.300100000000000000e+04
1.751900000000000000e+04
2.053200000000000000e+04
2.190300000000000000e+04
1.873900000000000000e+04
1.797800000000000000e+04
1.689600000000000000e+04
1.737700000000000000e+04
1.797800000000000000e+04
2.286900000000000000e+04
1.733800000000000000e+04
2.039600000000000000e+04
2.203900000000000000e+04
1.887700000000000000e+04
1.797800000000000000e+04
1.689600000000000000e+04
1.689600000000000000e+04
2.273800000000000000e+04
1.716100000000000000e+04
2.026000000000000000e+04
2.217500000000000000e+04
1.901500000000000000e+04
1.797800000000000000e+04
1.689600000000000000e+04
1.696600000000000000e+04
1.797800000000000000e+04
2.012400000000000000e+04
2.231200000000000000e+04
1.915400000000000000e+04
1.797800000000000000e+04
1.689600000000000000e+04
1.713600000000000000e+04
1.797800000000000000e+04
1.797800000000000000e+04
1.929400000000000000e+04
1.797800000000000000e+04
1.689600000000000000e+04
1.730900000000000000e+04
1.797800000000000000e+04
1.797800000000000000e+04
1.689600000000000000e+04
1.689600000000000000e+04
1.748500000000000000e+04
3.068600000000000000e+04
1.797800000000000000e+04
1.689600000000000000e+04
2.597800000000000000e+04
3.083200000000000000e+04
1.797800000000000000e+04
1.689600000000000000e+04
2.613100000000000000e+04
3.038500000000000000e+04
1.689600000000000000e+04
2.628300000000000000e+04
3.023200000000000000e+04
2.413100000000000000e+04
3.007900000000000000e+04
2.397600000000000000e+04
3.155300000000000000e+04
3.139700000000000000e+04
2.802800000000000000e+04
1.797800000000000000e+04
