nan
nan
nan
nan
nan
nan
nan
nan
nan
nan
nan
nan
nan
nan
nan
nan
nan
nan
nan
nan
nan
nan
nan
nan
3.720000000000000000e+02
4.650000000000000000e+02
5.090000000000000000e+02
7.030000000000000000e+02
8.530000000000000000e+02
9.680000000000000000e+02
1.068000000000000000e+03
1.825000000000000000e+03
2.568000000000000000e+03
3.033000000000000000e+03
3.271000000000000000e+03
3.335000000000000000e+03
3.823000000000000000e+03
4.273000000000000000e+03
4.687000000000000000e+03
5.055000000000000000e+03
5.390000000000000000e+03
4.183000000000000000e+03
5.959000000000000000e+03
6.214000000000000000e+03
6.432000000000000000e+03
5.215000000000000000e+03
4.608000000000000000e+03
6.996000000000000000e+03
6.452000000000000000e+03
7.291000000000000000e+03
6.452000000000000000e+03
7.278000000000000000e+03
5.314000000000000000e+03
7.785000000000000000e+03
6.477000000000000000e+03
6.186000000000000000e+03
7.945000000000000000e+03
7.363000000000000000e+03
6.603000000000000000e+03
5.722000000000000000e+03
8.170000000000000000e+03
5.834000000000000000e+03
5.906000000000000000e+03
8.950000000000000000e+03
6.125000000000000000e+03
8.322000000000000000e+03
6.304000000000000000e+03
6.389000000000000000e+03
8.349000000000000000e+03
1.107000000000000000e+04
6.632000000000000000e+03
nan
nan
nan
nan
nan
nan
nan
nan
nan
nan
nan
nan
nan
nan
nan
nan
nan
nan
nan
nan
nan
nan
nan
3.690000000000000000e+02
2.700000000000000000e+02
5.030000000000000000e+02
7.000000000000000000e+02
8.520000000000000000e+02
9.670000000000000000e+02
1.548000000000000000e+03
1.936000000000000000e+03
2.605000000000000000e+03
3.029000000000000000e+03
3.237000000000000000e+03
3.373000000000000000e+03
3.757000000000000000e+03
4.299000000000000000e+03
4.696000000000000000e+03
5.055000000000000000e+03
4.434000000000000000e+03
5.678000000000000000e+03
5.199000000000000000e+03
6.183000000000000000e+03
6.407000000000000000e+03
5.667000000000000000e+03
6.777000000000000000e+03
4.667000000000000000e+03
4.768000000000000000e+03
6.864000000000000000e+03
6.433000000000000000e+03
7.468000000000000000e+03
5.302000000000000000e+03
5.561000000000000000e+03
7.817000000000000000e+03
7.801000000000000000e+03
5.440000000000000000e+03
7.923000000000000000e+03
8.065000000000000000e+03
8.114000000000000000e+03
7.520000000000000000e+03
7.217000000000000000e+03
8.649000000000000000e+03
8.248000000000000000e+03
9.302000000000000000e+03
9.774000000000000000e+03
1.016100000000000000e+04
1.045600000000000000e+04
6.458000000000000000e+03
6.856000000000000000e+03
7.166000000000000000e+03
nan
nan
nan
nan
nan
nan
nan
nan
nan
nan
nan
nan
nan
nan
nan
nan
nan
nan
nan
nan
nan
nan
2.720000000000000000e+02
2.040000000000000000e+02
5.070000000000000000e+02
6.980000000000000000e+02
8.510000000000000000e+02
9.730000000000000000e+02
1.083000000000000000e+03
2.028000000000000000e+03
2.645000000000000000e+03
3.015000000000000000e+03
3.174000000000000000e+03
3.405000000000000000e+03
3.884000000000000000e+03
4.319000000000000000e+03
4.702000000000000000e+03
5.054000000000000000e+03
5.370000000000000000e+03
5.649000000000000000e+03
4.240000000000000000e+03
6.153000000000000000e+03
6.384000000000000000e+03
6.567000000000000000e+03
4.830000000000000000e+03
6.922000000000000000e+03
6.459000000000000000e+03
5.045000000000000000e+03
6.221000000000000000e+03
7.425000000000000000e+03
7.488000000000000000e+03
6.206000000000000000e+03
6.025000000000000000e+03
5.779000000000000000e+03
7.845000000000000000e+03
7.008000000000000000e+03
7.883000000000000000e+03
7.955000000000000000e+03
7.986000000000000000e+03
8.278000000000000000e+03
5.907000000000000000e+03
9.092000000000000000e+03
6.103000000000000000e+03
6.188000000000000000e+03
8.220000000000000000e+03
7.408000000000000000e+03
9.839000000000000000e+03
6.515000000000000000e+03
9.505000000000000000e+03
nan
nan
nan
nan
nan
nan
nan
nan
nan
nan
nan
nan
nan
nan
nan
nan
nan
nan
nan
nan
nan
9.500000000000000000e+01
1.860000000000000000e+02
5.070000000000000000e+02
6.970000000000000000e+02
8.490000000000000000e+02
9.810000000000000000e+02
1.159000000000000000e+03
2.103000000000000000e+03
2.662000000000000000e+03
2.996000000000000000e+03
3.105000000000000000e+03
3.435000000000000000e+03
3.919000000000000000e+03
3.841000000000000000e+03
4.707000000000000000e+03
4.778000000000000000e+03
4.083000000000000000e+03
4.168000000000000000e+03
5.011000000000000000e+03
6.122000000000000000e+03
4.400000000000000000e+03
4.494000000000000000e+03
6.680000000000000000e+03
6.824000000000000000e+03
7.001000000000000000e+03
4.801000000000000000e+03
5.816000000000000000e+03
7.386000000000000000e+03
7.474000000000000000e+03
7.557000000000000000e+03
7.623000000000000000e+03
7.654000000000000000e+03
6.699000000000000000e+03
6.920000000000000000e+03
7.458000000000000000e+03
6.484000000000000000e+03
5.698000000000000000e+03
6.442000000000000000e+03
8.803000000000000000e+03
6.001000000000000000e+03
9.423000000000000000e+03
9.876000000000000000e+03
1.024400000000000000e+04
1.052100000000000000e+04
8.160000000000000000e+03
9.246000000000000000e+03
6.555000000000000000e+03
nan
nan
nan
nan
nan
nan
nan
nan
nan
nan
nan
nan
nan
nan
nan
nan
nan
nan
nan
nan
nan
1.730000000000000000e+02
5.050000000000000000e+02
7.040000000000000000e+02
8.730000000000000000e+02
9.800000000000000000e+02
1.332000000000000000e+03
2.164000000000000000e+03
2.676000000000000000e+03
2.970000000000000000e+03
3.066000000000000000e+03
3.490000000000000000e+03
3.929000000000000000e+03
4.337000000000000000e+03
4.709000000000000000e+03
5.040000000000000000e+03
5.343000000000000000e+03
5.622000000000000000e+03
5.874000000000000000e+03
6.093000000000000000e+03
4.992000000000000000e+03
6.454000000000000000e+03
4.551000000000000000e+03
4.652000000000000000e+03
6.912000000000000000e+03
4.792000000000000000e+03
5.217000000000000000e+03
5.515000000000000000e+03
5.064000000000000000e+03
5.802000000000000000e+03
5.220000000000000000e+03
6.324000000000000000e+03
6.496000000000000000e+03
7.703000000000000000e+03
7.352000000000000000e+03
7.800000000000000000e+03
8.168000000000000000e+03
8.446000000000000000e+03
5.896000000000000000e+03
9.225000000000000000e+03
7.904000000000000000e+03
7.975000000000000000e+03
6.243000000000000000e+03
6.840000000000000000e+03
1.104500000000000000e+04
6.467000000000000000e+03
1.178400000000000000e+04
nan
nan
nan
nan
nan
nan
nan
nan
nan
nan
nan
nan
nan
nan
nan
nan
nan
nan
nan
nan
1.680000000000000000e+02
5.020000000000000000e+02
7.090000000000000000e+02
8.610000000000000000e+02
9.790000000000000000e+02
1.436000000000000000e+03
2.212000000000000000e+03
2.680000000000000000e+03
2.921000000000000000e+03
3.019000000000000000e+03
3.511000000000000000e+03
3.955000000000000000e+03
4.348000000000000000e+03
4.709000000000000000e+03
5.036000000000000000e+03
4.062000000000000000e+03
5.589000000000000000e+03
5.841000000000000000e+03
6.064000000000000000e+03
6.241000000000000000e+03
6.449000000000000000e+03
6.589000000000000000e+03
6.763000000000000000e+03
4.710000000000000000e+03
4.793000000000000000e+03
4.893000000000000000e+03
5.230000000000000000e+03
5.546000000000000000e+03
6.897000000000000000e+03
7.443000000000000000e+03
7.524000000000000000e+03
7.556000000000000000e+03
7.139000000000000000e+03
6.962000000000000000e+03
7.418000000000000000e+03
8.025000000000000000e+03
6.606000000000000000e+03
8.306000000000000000e+03
5.976000000000000000e+03
9.537000000000000000e+03
9.971000000000000000e+03
1.032000000000000000e+04
1.057700000000000000e+04
7.814000000000000000e+03
1.146500000000000000e+04
6.500000000000000000e+03
nan
nan
nan
nan
nan
nan
nan
nan
nan
nan
nan
nan
nan
nan
nan
nan
nan
nan
nan
1.660000000000000000e+02
5.000000000000000000e+02
7.080000000000000000e+02
8.620000000000000000e+02
1.014000000000000000e+03
1.554000000000000000e+03
2.249000000000000000e+03
2.677000000000000000e+03
2.885000000000000000e+03
3.056000000000000000e+03
3.594000000000000000e+03
3.962000000000000000e+03
4.356000000000000000e+03
4.707000000000000000e+03
3.981000000000000000e+03
5.312000000000000000e+03
5.020000000000000000e+03
5.808000000000000000e+03
6.036000000000000000e+03
6.223000000000000000e+03
4.443000000000000000e+03
4.546000000000000000e+03
6.667000000000000000e+03
4.688000000000000000e+03
4.800000000000000000e+03
4.882000000000000000e+03
5.223000000000000000e+03
7.212000000000000000e+03
7.364000000000000000e+03
6.188000000000000000e+03
6.562000000000000000e+03
6.852000000000000000e+03
6.809000000000000000e+03
7.606000000000000000e+03
5.756000000000000000e+03
5.681000000000000000e+03
8.605000000000000000e+03
8.768000000000000000e+03
8.396000000000000000e+03
6.045000000000000000e+03
6.129000000000000000e+03
6.211000000000000000e+03
6.286000000000000000e+03
1.107800000000000000e+04
6.415000000000000000e+03
1.177400000000000000e+04
nan
nan
nan
nan
nan
nan
nan
nan
nan
nan
nan
nan
nan
nan
nan
nan
nan
nan
1.640000000000000000e+02
4.980000000000000000e+02
7.060000000000000000e+02
8.600000000000000000e+02
1.144000000000000000e+03
1.623000000000000000e+03
2.277000000000000000e+03
2.666000000000000000e+03
2.847000000000000000e+03
3.089000000000000000e+03
3.633000000000000000e+03
3.981000000000000000e+03
4.361000000000000000e+03
4.704000000000000000e+03
5.010000000000000000e+03
5.245000000000000000e+03
4.415000000000000000e+03
5.774000000000000000e+03
4.621000000000000000e+03
4.371000000000000000e+03
6.342000000000000000e+03
6.507000000000000000e+03
4.616000000000000000e+03
5.819000000000000000e+03
5.545000000000000000e+03
4.871000000000000000e+03
7.041000000000000000e+03
7.215000000000000000e+03
5.105000000000000000e+03
7.278000000000000000e+03
7.413000000000000000e+03
7.295000000000000000e+03
7.526000000000000000e+03
7.444000000000000000e+03
7.861000000000000000e+03
8.196000000000000000e+03
7.577000000000000000e+03
5.981000000000000000e+03
8.442000000000000000e+03
9.643000000000000000e+03
1.005900000000000000e+04
1.039000000000000000e+04
1.062700000000000000e+04
6.329000000000000000e+03
1.147300000000000000e+04
6.437000000000000000e+03
nan
nan
nan
nan
nan
nan
nan
nan
nan
nan
nan
nan
nan
nan
nan
nan
nan
1.620000000000000000e+02
5.070000000000000000e+02
7.350000000000000000e+02
1.146000000000000000e+03
1.250000000000000000e+03
1.706000000000000000e+03
2.296000000000000000e+03
2.646000000000000000e+03
2.779000000000000000e+03
3.118000000000000000e+03
3.639000000000000000e+03
3.995000000000000000e+03
4.363000000000000000e+03
3.880000000000000000e+03
5.004000000000000000e+03
5.279000000000000000e+03
5.526000000000000000e+03
5.740000000000000000e+03
4.281000000000000000e+03
5.643000000000000000e+03
4.437000000000000000e+03
4.755000000000000000e+03
6.623000000000000000e+03
6.735000000000000000e+03
6.099000000000000000e+03
4.860000000000000000e+03
7.020000000000000000e+03
4.993000000000000000e+03
7.161000000000000000e+03
5.191000000000000000e+03
5.274000000000000000e+03
7.306000000000000000e+03
7.318000000000000000e+03
5.469000000000000000e+03
7.546000000000000000e+03
5.671000000000000000e+03
6.721000000000000000e+03
8.905000000000000000e+03
7.564000000000000000e+03
6.018000000000000000e+03
7.631000000000000000e+03
7.414000000000000000e+03
6.616000000000000000e+03
1.110400000000000000e+04
6.357000000000000000e+03
1.026900000000000000e+04
nan
nan
nan
nan
nan
nan
nan
nan
nan
nan
nan
nan
nan
nan
nan
nan
1.620000000000000000e+02
5.100000000000000000e+02
8.640000000000000000e+02
8.640000000000000000e+02
1.369000000000000000e+03
1.752000000000000000e+03
2.313000000000000000e+03
2.620000000000000000e+03
2.736000000000000000e+03
3.166000000000000000e+03
3.628000000000000000e+03
3.998000000000000000e+03
4.362000000000000000e+03
4.684000000000000000e+03
4.977000000000000000e+03
5.245000000000000000e+03
5.491000000000000000e+03
5.707000000000000000e+03
4.980000000000000000e+03
6.089000000000000000e+03
6.241000000000000000e+03
6.432000000000000000e+03
6.530000000000000000e+03
6.656000000000000000e+03
6.461000000000000000e+03
5.112000000000000000e+03
7.004000000000000000e+03
6.152000000000000000e+03
5.951000000000000000e+03
7.129000000000000000e+03
6.724000000000000000e+03
6.989000000000000000e+03
5.394000000000000000e+03
7.634000000000000000e+03
8.038000000000000000e+03
8.360000000000000000e+03
8.591000000000000000e+03
7.430000000000000000e+03
9.267000000000000000e+03
9.742000000000000000e+03
1.014000000000000000e+04
1.045200000000000000e+04
9.345000000000000000e+03
6.277000000000000000e+03
1.147600000000000000e+04
8.632000000000000000e+03
nan
nan
nan
nan
nan
nan
nan
nan
nan
nan
nan
nan
nan
nan
nan
1.620000000000000000e+02
5.140000000000000000e+02
7.170000000000000000e+02
1.088000000000000000e+03
1.533000000000000000e+03
1.869000000000000000e+03
2.314000000000000000e+03
2.546000000000000000e+03
2.745000000000000000e+03
3.304000000000000000e+03
3.638000000000000000e+03
4.014000000000000000e+03
4.359000000000000000e+03
4.659000000000000000e+03
4.951000000000000000e+03
5.192000000000000000e+03
4.081000000000000000e+03
5.627000000000000000e+03
5.824000000000000000e+03
5.969000000000000000e+03
6.152000000000000000e+03
6.252000000000000000e+03
6.384000000000000000e+03
6.556000000000000000e+03
5.848000000000000000e+03
5.237000000000000000e+03
6.587000000000000000e+03
6.898000000000000000e+03
6.912000000000000000e+03
6.409000000000000000e+03
6.732000000000000000e+03
6.969000000000000000e+03
7.161000000000000000e+03
7.203000000000000000e+03
5.551000000000000000e+03
6.102000000000000000e+03
7.205000000000000000e+03
9.004000000000000000e+03
9.533000000000000000e+03
6.061000000000000000e+03
7.329000000000000000e+03
8.608000000000000000e+03
1.087400000000000000e+04
6.210000000000000000e+03
1.164000000000000000e+04
7.412000000000000000e+03
nan
nan
nan
nan
nan
nan
nan
nan
nan
nan
nan
nan
nan
nan
1.630000000000000000e+02
6.600000000000000000e+02
8.070000000000000000e+02
1.306000000000000000e+03
1.648000000000000000e+03
1.924000000000000000e+03
2.276000000000000000e+03
2.435000000000000000e+03
2.859000000000000000e+03
3.334000000000000000e+03
3.657000000000000000e+03
4.017000000000000000e+03
4.340000000000000000e+03
4.630000000000000000e+03
4.897000000000000000e+03
5.142000000000000000e+03
5.364000000000000000e+03
5.552000000000000000e+03
4.235000000000000000e+03
5.858000000000000000e+03
4.397000000000000000e+03
4.454000000000000000e+03
6.252000000000000000e+03
4.736000000000000000e+03
5.376000000000000000e+03
5.672000000000000000e+03
4.872000000000000000e+03
5.913000000000000000e+03
5.041000000000000000e+03
6.434000000000000000e+03
6.725000000000000000e+03
6.932000000000000000e+03
7.441000000000000000e+03
7.875000000000000000e+03
8.234000000000000000e+03
8.512000000000000000e+03
5.691000000000000000e+03
9.274000000000000000e+03
7.121000000000000000e+03
7.189000000000000000e+03
5.982000000000000000e+03
6.037000000000000000e+03
1.106500000000000000e+04
6.205000000000000000e+03
1.179300000000000000e+04
6.407000000000000000e+03
nan
nan
nan
nan
nan
nan
nan
nan
nan
nan
nan
nan
nan
1.650000000000000000e+02
5.230000000000000000e+02
1.011000000000000000e+03
1.417000000000000000e+03
1.716000000000000000e+03
1.936000000000000000e+03
2.223000000000000000e+03
2.405000000000000000e+03
2.952000000000000000e+03
3.359000000000000000e+03
3.669000000000000000e+03
3.654000000000000000e+03
4.311000000000000000e+03
4.601000000000000000e+03
4.839000000000000000e+03
3.954000000000000000e+03
5.278000000000000000e+03
5.487000000000000000e+03
5.655000000000000000e+03
5.758000000000000000e+03
5.891000000000000000e+03
6.069000000000000000e+03
6.138000000000000000e+03
6.230000000000000000e+03
6.347000000000000000e+03
6.488000000000000000e+03
5.495000000000000000e+03
6.544000000000000000e+03
6.685000000000000000e+03
5.132000000000000000e+03
5.125000000000000000e+03
7.269000000000000000e+03
6.799000000000000000e+03
5.416000000000000000e+03
5.497000000000000000e+03
6.499000000000000000e+03
8.970000000000000000e+03
5.735000000000000000e+03
8.636000000000000000e+03
9.925000000000000000e+03
9.966000000000000000e+03
5.992000000000000000e+03
7.833000000000000000e+03
9.451000000000000000e+03
1.043800000000000000e+04
6.384000000000000000e+03
nan
nan
nan
nan
nan
nan
nan
nan
nan
nan
nan
nan
1.700000000000000000e+02
6.870000000000000000e+02
1.168000000000000000e+03
1.488000000000000000e+03
1.736000000000000000e+03
1.920000000000000000e+03
2.121000000000000000e+03
2.512000000000000000e+03
2.995000000000000000e+03
3.400000000000000000e+03
3.670000000000000000e+03
3.992000000000000000e+03
4.247000000000000000e+03
4.541000000000000000e+03
4.783000000000000000e+03
5.003000000000000000e+03
5.196000000000000000e+03
4.288000000000000000e+03
5.537000000000000000e+03
5.671000000000000000e+03
5.847000000000000000e+03
5.930000000000000000e+03
6.041000000000000000e+03
6.189000000000000000e+03
5.201000000000000000e+03
6.356000000000000000e+03
5.834000000000000000e+03
6.032000000000000000e+03
6.461000000000000000e+03
6.783000000000000000e+03
7.048000000000000000e+03
6.098000000000000000e+03
7.683000000000000000e+03
8.076000000000000000e+03
8.394000000000000000e+03
8.628000000000000000e+03
6.755000000000000000e+03
9.296000000000000000e+03
9.757000000000000000e+03
1.014600000000000000e+04
1.045700000000000000e+04
9.476000000000000000e+03
6.085000000000000000e+03
1.147000000000000000e+04
8.508000000000000000e+03
6.962000000000000000e+03
nan
nan
nan
nan
nan
nan
nan
nan
nan
nan
nan
1.750000000000000000e+02
8.470000000000000000e+02
1.242000000000000000e+03
1.521000000000000000e+03
1.728000000000000000e+03
1.878000000000000000e+03
2.030000000000000000e+03
2.586000000000000000e+03
3.016000000000000000e+03
3.387000000000000000e+03
3.664000000000000000e+03
3.978000000000000000e+03
4.244000000000000000e+03
4.516000000000000000e+03
4.730000000000000000e+03
3.930000000000000000e+03
5.122000000000000000e+03
5.302000000000000000e+03
5.429000000000000000e+03
5.599000000000000000e+03
5.684000000000000000e+03
5.804000000000000000e+03
5.965000000000000000e+03
5.116000000000000000e+03
5.308000000000000000e+03
6.245000000000000000e+03
6.275000000000000000e+03
6.287000000000000000e+03
6.466000000000000000e+03
6.783000000000000000e+03
7.022000000000000000e+03
7.035000000000000000e+03
6.566000000000000000e+03
6.492000000000000000e+03
6.227000000000000000e+03
7.079000000000000000e+03
9.024000000000000000e+03
9.535000000000000000e+03
5.935000000000000000e+03
6.717000000000000000e+03
8.484000000000000000e+03
1.086100000000000000e+04
6.066000000000000000e+03
1.161500000000000000e+04
6.832000000000000000e+03
6.323000000000000000e+03
nan
nan
nan
nan
nan
nan
nan
nan
nan
nan
4.210000000000000000e+02
9.640000000000000000e+02
1.284000000000000000e+03
1.521000000000000000e+03
1.695000000000000000e+03
1.806000000000000000e+03
2.140000000000000000e+03
2.633000000000000000e+03
3.049000000000000000e+03
3.417000000000000000e+03
3.653000000000000000e+03
3.945000000000000000e+03
4.211000000000000000e+03
4.457000000000000000e+03
4.684000000000000000e+03
4.887000000000000000e+03
5.057000000000000000e+03
4.068000000000000000e+03
5.333000000000000000e+03
4.525000000000000000e+03
4.305000000000000000e+03
5.696000000000000000e+03
4.802000000000000000e+03
5.500000000000000000e+03
5.795000000000000000e+03
4.783000000000000000e+03
5.962000000000000000e+03
4.829000000000000000e+03
6.482000000000000000e+03
6.777000000000000000e+03
6.339000000000000000e+03
7.471000000000000000e+03
7.891000000000000000e+03
8.244000000000000000e+03
8.521000000000000000e+03
5.476000000000000000e+03
9.267000000000000000e+03
6.548000000000000000e+03
6.620000000000000000e+03
5.770000000000000000e+03
5.865000000000000000e+03
1.103300000000000000e+04
6.044000000000000000e+03
1.175100000000000000e+04
6.210000000000000000e+03
6.290000000000000000e+03
nan
nan
nan
nan
nan
nan
nan
nan
nan
6.780000000000000000e+02
1.037000000000000000e+03
1.283000000000000000e+03
1.458000000000000000e+03
1.567000000000000000e+03
1.737000000000000000e+03
2.256000000000000000e+03
2.689000000000000000e+03
3.072000000000000000e+03
3.416000000000000000e+03
3.606000000000000000e+03
3.726000000000000000e+03
4.120000000000000000e+03
4.347000000000000000e+03
4.555000000000000000e+03
4.736000000000000000e+03
3.951000000000000000e+03
5.057000000000000000e+03
5.181000000000000000e+03
5.350000000000000000e+03
5.427000000000000000e+03
5.533000000000000000e+03
5.674000000000000000e+03
5.236000000000000000e+03
5.835000000000000000e+03
5.857000000000000000e+03
6.060000000000000000e+03
6.456000000000000000e+03
6.790000000000000000e+03
7.055000000000000000e+03
6.235000000000000000e+03
7.684000000000000000e+03
8.066000000000000000e+03
8.380000000000000000e+03
8.618000000000000000e+03
6.263000000000000000e+03
9.277000000000000000e+03
9.725000000000000000e+03
1.010700000000000000e+04
1.041600000000000000e+04
9.559000000000000000e+03
5.908000000000000000e+03
1.142000000000000000e+04
8.385000000000000000e+03
6.530000000000000000e+03
6.226000000000000000e+03
nan
nan
nan
nan
nan
nan
nan
nan
7.240000000000000000e+02
1.014000000000000000e+03
1.207000000000000000e+03
1.329000000000000000e+03
1.574000000000000000e+03
1.854000000000000000e+03
2.318000000000000000e+03
2.716000000000000000e+03
3.070000000000000000e+03
3.387000000000000000e+03
3.554000000000000000e+03
3.809000000000000000e+03
4.045000000000000000e+03
4.262000000000000000e+03
4.458000000000000000e+03
4.622000000000000000e+03
3.906000000000000000e+03
4.887000000000000000e+03
4.618000000000000000e+03
4.179000000000000000e+03
5.240000000000000000e+03
4.819000000000000000e+03
5.514000000000000000e+03
5.599000000000000000e+03
4.881000000000000000e+03
5.965000000000000000e+03
4.676000000000000000e+03
6.485000000000000000e+03
6.776000000000000000e+03
5.892000000000000000e+03
7.457000000000000000e+03
7.865000000000000000e+03
8.211000000000000000e+03
8.489000000000000000e+03
5.249000000000000000e+03
9.221000000000000000e+03
6.141000000000000000e+03
6.215000000000000000e+03
5.612000000000000000e+03
5.694000000000000000e+03
1.096300000000000000e+04
5.851000000000000000e+03
1.167300000000000000e+04
6.008000000000000000e+03
6.087000000000000000e+03
6.165000000000000000e+03
nan
nan
nan
nan
nan
nan
1.040000000000000000e+02
6.840000000000000000e+02
9.330000000000000000e+02
1.103000000000000000e+03
1.404000000000000000e+03
1.678000000000000000e+03
1.924000000000000000e+03
2.348000000000000000e+03
2.715000000000000000e+03
3.049000000000000000e+03
3.356000000000000000e+03
3.433000000000000000e+03
3.728000000000000000e+03
3.950000000000000000e+03
4.154000000000000000e+03
4.332000000000000000e+03
3.799000000000000000e+03
4.647000000000000000e+03
4.771000000000000000e+03
4.937000000000000000e+03
5.014000000000000000e+03
5.122000000000000000e+03
5.260000000000000000e+03
5.230000000000000000e+03
5.425000000000000000e+03
5.839000000000000000e+03
6.049000000000000000e+03
6.432000000000000000e+03
6.760000000000000000e+03
7.025000000000000000e+03
6.333000000000000000e+03
7.646000000000000000e+03
8.019000000000000000e+03
8.331000000000000000e+03
8.571000000000000000e+03
5.913000000000000000e+03
9.222000000000000000e+03
9.658000000000000000e+03
1.003400000000000000e+04
1.034100000000000000e+04
9.608000000000000000e+03
5.719000000000000000e+03
1.133600000000000000e+04
8.263000000000000000e+03
6.242000000000000000e+03
6.028000000000000000e+03
6.104000000000000000e+03
nan
nan
nan
nan
nan
nan
5.960000000000000000e+02
8.650000000000000000e+02
1.212000000000000000e+03
1.492000000000000000e+03
1.736000000000000000e+03
1.963000000000000000e+03
2.357000000000000000e+03
2.714000000000000000e+03
3.047000000000000000e+03
3.320000000000000000e+03
3.434000000000000000e+03
3.669000000000000000e+03
3.885000000000000000e+03
4.080000000000000000e+03
4.245000000000000000e+03
3.777000000000000000e+03
4.508000000000000000e+03
4.683000000000000000e+03
4.176000000000000000e+03
4.872000000000000000e+03
4.711000000000000000e+03
5.147000000000000000e+03
5.233000000000000000e+03
4.961000000000000000e+03
5.934000000000000000e+03
4.698000000000000000e+03
6.455000000000000000e+03
6.743000000000000000e+03
5.561000000000000000e+03
7.411000000000000000e+03
7.807000000000000000e+03
8.147000000000000000e+03
8.425000000000000000e+03
6.780000000000000000e+03
9.144000000000000000e+03
5.857000000000000000e+03
5.935000000000000000e+03
5.437000000000000000e+03
5.514000000000000000e+03
1.086600000000000000e+04
5.666000000000000000e+03
1.156800000000000000e+04
5.818000000000000000e+03
5.893000000000000000e+03
5.966000000000000000e+03
6.199000000000000000e+03
nan
nan
nan
nan
nan
5.940000000000000000e+02
9.850000000000000000e+02
1.288000000000000000e+03
1.543000000000000000e+03
1.767000000000000000e+03
1.974000000000000000e+03
2.351000000000000000e+03
2.693000000000000000e+03
3.019000000000000000e+03
3.297000000000000000e+03
3.378000000000000000e+03
3.594000000000000000e+03
3.801000000000000000e+03
3.982000000000000000e+03
3.672000000000000000e+03
4.304000000000000000e+03
4.431000000000000000e+03
4.598000000000000000e+03
4.682000000000000000e+03
4.792000000000000000e+03
4.932000000000000000e+03
5.192000000000000000e+03
5.108000000000000000e+03
5.792000000000000000e+03
6.006000000000000000e+03
6.378000000000000000e+03
6.701000000000000000e+03
6.966000000000000000e+03
6.401000000000000000e+03
7.579000000000000000e+03
7.945000000000000000e+03
8.253000000000000000e+03
8.497000000000000000e+03
5.626000000000000000e+03
9.141000000000000000e+03
9.567000000000000000e+03
9.935000000000000000e+03
1.024200000000000000e+04
9.631000000000000000e+03
5.541000000000000000e+03
1.122900000000000000e+04
8.142000000000000000e+03
6.061000000000000000e+03
5.832000000000000000e+03
5.900000000000000000e+03
5.966000000000000000e+03
nan
nan
nan
nan
7.010000000000000000e+02
1.047000000000000000e+03
1.321000000000000000e+03
1.559000000000000000e+03
1.776000000000000000e+03
1.979000000000000000e+03
2.344000000000000000e+03
2.678000000000000000e+03
3.010000000000000000e+03
3.282000000000000000e+03
3.349000000000000000e+03
3.549000000000000000e+03
3.750000000000000000e+03
3.920000000000000000e+03
3.642000000000000000e+03
4.161000000000000000e+03
4.402000000000000000e+03
4.144000000000000000e+03
4.578000000000000000e+03
4.586000000000000000e+03
4.987000000000000000e+03
4.950000000000000000e+03
5.024000000000000000e+03
5.875000000000000000e+03
4.768000000000000000e+03
6.396000000000000000e+03
6.682000000000000000e+03
5.321000000000000000e+03
7.338000000000000000e+03
7.724000000000000000e+03
8.060000000000000000e+03
8.337000000000000000e+03
6.817000000000000000e+03
9.045000000000000000e+03
5.667000000000000000e+03
5.749000000000000000e+03
5.268000000000000000e+03
5.343000000000000000e+03
1.074600000000000000e+04
5.491000000000000000e+03
1.144200000000000000e+04
5.632000000000000000e+03
5.701000000000000000e+03
5.767000000000000000e+03
6.079000000000000000e+03
5.896000000000000000e+03
nan
nan
2.260000000000000000e+02
7.640000000000000000e+02
1.080000000000000000e+03
1.337000000000000000e+03
1.568000000000000000e+03
1.780000000000000000e+03
1.968000000000000000e+03
2.322000000000000000e+03
2.657000000000000000e+03
2.987000000000000000e+03
3.251000000000000000e+03
3.329000000000000000e+03
3.488000000000000000e+03
3.677000000000000000e+03
3.543000000000000000e+03
4.014000000000000000e+03
4.150000000000000000e+03
4.319000000000000000e+03
4.414000000000000000e+03
4.532000000000000000e+03
4.774000000000000000e+03
5.129000000000000000e+03
4.863000000000000000e+03
5.721000000000000000e+03
5.940000000000000000e+03
6.301000000000000000e+03
6.618000000000000000e+03
6.884000000000000000e+03
6.446000000000000000e+03
7.492000000000000000e+03
7.849000000000000000e+03
8.156000000000000000e+03
8.402000000000000000e+03
5.385000000000000000e+03
9.040000000000000000e+03
9.455000000000000000e+03
9.817000000000000000e+03
1.012300000000000000e+04
9.634000000000000000e+03
5.369000000000000000e+03
1.110300000000000000e+04
8.022000000000000000e+03
5.958000000000000000e+03
5.639000000000000000e+03
5.704000000000000000e+03
5.767000000000000000e+03
8.862000000000000000e+03
nan
2.990000000000000000e+02
7.840000000000000000e+02
1.089000000000000000e+03
1.344000000000000000e+03
1.570000000000000000e+03
1.773000000000000000e+03
1.961000000000000000e+03
2.309000000000000000e+03
2.645000000000000000e+03
2.982000000000000000e+03
3.234000000000000000e+03
3.302000000000000000e+03
3.458000000000000000e+03
3.640000000000000000e+03
3.510000000000000000e+03
3.888000000000000000e+03
4.144000000000000000e+03
4.089000000000000000e+03
4.404000000000000000e+03
4.462000000000000000e+03
4.920000000000000000e+03
4.731000000000000000e+03
4.837000000000000000e+03
5.796000000000000000e+03
4.818000000000000000e+03
6.318000000000000000e+03
6.602000000000000000e+03
5.151000000000000000e+03
7.248000000000000000e+03
7.624000000000000000e+03
7.954000000000000000e+03
8.231000000000000000e+03
6.836000000000000000e+03
8.928000000000000000e+03
5.547000000000000000e+03
5.633000000000000000e+03
5.109000000000000000e+03
5.181000000000000000e+03
1.061100000000000000e+04
5.319000000000000000e+03
1.130100000000000000e+04
5.452000000000000000e+03
5.516000000000000000e+03
5.579000000000000000e+03
6.024000000000000000e+03
5.702000000000000000e+03
1.305100000000000000e+04
3.750000000000000000e+02
7.960000000000000000e+02
1.096000000000000000e+03
1.347000000000000000e+03
1.567000000000000000e+03
1.760000000000000000e+03
1.943000000000000000e+03
2.282000000000000000e+03
2.624000000000000000e+03
2.958000000000000000e+03
3.211000000000000000e+03
3.279000000000000000e+03
3.411000000000000000e+03
3.417000000000000000e+03
3.770000000000000000e+03
3.917000000000000000e+03
4.091000000000000000e+03
4.199000000000000000e+03
4.452000000000000000e+03
4.706000000000000000e+03
5.049000000000000000e+03
4.676000000000000000e+03
5.631000000000000000e+03
5.856000000000000000e+03
6.207000000000000000e+03
6.519000000000000000e+03
6.784000000000000000e+03
6.473000000000000000e+03
7.386000000000000000e+03
7.737000000000000000e+03
8.041000000000000000e+03
8.290000000000000000e+03
5.214000000000000000e+03
8.922000000000000000e+03
9.327000000000000000e+03
9.684000000000000000e+03
9.989000000000000000e+03
9.621000000000000000e+03
5.203000000000000000e+03
1.096200000000000000e+04
7.902000000000000000e+03
5.913000000000000000e+03
5.458000000000000000e+03
5.521000000000000000e+03
5.597000000000000000e+03
8.744000000000000000e+03
1.344400000000000000e+04
8.070000000000000000e+02
1.098000000000000000e+03
1.345000000000000000e+03
1.553000000000000000e+03
1.751000000000000000e+03
1.924000000000000000e+03
2.272000000000000000e+03
2.616000000000000000e+03
2.965000000000000000e+03
3.186000000000000000e+03
3.260000000000000000e+03
3.394000000000000000e+03
3.393000000000000000e+03
3.676000000000000000e+03
3.929000000000000000e+03
4.016000000000000000e+03
4.321000000000000000e+03
4.337000000000000000e+03
4.837000000000000000e+03
4.562000000000000000e+03
4.675000000000000000e+03
5.701000000000000000e+03
4.851000000000000000e+03
6.223000000000000000e+03
6.505000000000000000e+03
5.036000000000000000e+03
7.140000000000000000e+03
7.508000000000000000e+03
7.833000000000000000e+03
8.110000000000000000e+03
6.840000000000000000e+03
8.797000000000000000e+03
5.481000000000000000e+03
5.570000000000000000e+03
4.955000000000000000e+03
5.022000000000000000e+03
1.046300000000000000e+04
5.155000000000000000e+03
1.114600000000000000e+04
5.282000000000000000e+03
5.342000000000000000e+03
5.409000000000000000e+03
6.019000000000000000e+03
5.569000000000000000e+03
1.293400000000000000e+04
6.399000000000000000e+03
1.098000000000000000e+03
1.342000000000000000e+03
1.546000000000000000e+03
1.737000000000000000e+03
1.913000000000000000e+03
2.257000000000000000e+03
2.605000000000000000e+03
2.960000000000000000e+03
3.169000000000000000e+03
3.238000000000000000e+03
3.301000000000000000e+03
3.559000000000000000e+03
3.720000000000000000e+03
3.901000000000000000e+03
4.083000000000000000e+03
4.367000000000000000e+03
4.621000000000000000e+03
4.952000000000000000e+03
4.534000000000000000e+03
5.528000000000000000e+03
5.757000000000000000e+03
6.098000000000000000e+03
6.402000000000000000e+03
6.672000000000000000e+03
6.487000000000000000e+03
7.269000000000000000e+03
7.612000000000000000e+03
7.913000000000000000e+03
8.165000000000000000e+03
5.097000000000000000e+03
8.792000000000000000e+03
9.188000000000000000e+03
9.540000000000000000e+03
9.843000000000000000e+03
9.597000000000000000e+03
5.044000000000000000e+03
1.081000000000000000e+04
7.781000000000000000e+03
5.912000000000000000e+03
5.550000000000000000e+03
5.678000000000000000e+03
5.982000000000000000e+03
8.625000000000000000e+03
1.330500000000000000e+04
6.140000000000000000e+03
1.347000000000000000e+03
1.548000000000000000e+03
1.731000000000000000e+03
1.903000000000000000e+03
2.244000000000000000e+03
2.599000000000000000e+03
2.950000000000000000e+03
3.150000000000000000e+03
3.214000000000000000e+03
3.284000000000000000e+03
3.516000000000000000e+03
3.748000000000000000e+03
3.927000000000000000e+03
4.224000000000000000e+03
4.211000000000000000e+03
4.739000000000000000e+03
4.433000000000000000e+03
4.553000000000000000e+03
5.593000000000000000e+03
4.871000000000000000e+03
6.116000000000000000e+03
6.395000000000000000e+03
4.961000000000000000e+03
7.021000000000000000e+03
7.379000000000000000e+03
7.701000000000000000e+03
7.979000000000000000e+03
6.833000000000000000e+03
8.654000000000000000e+03
5.454000000000000000e+03
5.547000000000000000e+03
4.807000000000000000e+03
4.872000000000000000e+03
1.030500000000000000e+04
4.999000000000000000e+03
1.098200000000000000e+04
5.283000000000000000e+03
5.591000000000000000e+03
5.887000000000000000e+03
6.050000000000000000e+03
5.432000000000000000e+03
1.281600000000000000e+04
6.888000000000000000e+03
8.893000000000000000e+03
1.573000000000000000e+03
1.739000000000000000e+03
1.901000000000000000e+03
2.235000000000000000e+03
2.595000000000000000e+03
2.958000000000000000e+03
3.129000000000000000e+03
3.195000000000000000e+03
3.375000000000000000e+03
3.552000000000000000e+03
3.757000000000000000e+03
3.991000000000000000e+03
4.270000000000000000e+03
4.523000000000000000e+03
4.843000000000000000e+03
4.427000000000000000e+03
5.411000000000000000e+03
5.644000000000000000e+03
5.977000000000000000e+03
6.277000000000000000e+03
6.548000000000000000e+03
6.489000000000000000e+03
7.138000000000000000e+03
7.476000000000000000e+03
7.776000000000000000e+03
8.030000000000000000e+03
5.023000000000000000e+03
8.652000000000000000e+03
9.038000000000000000e+03
9.385000000000000000e+03
9.688000000000000000e+03
9.565000000000000000e+03
4.956000000000000000e+03
1.064900000000000000e+04
7.660000000000000000e+03
5.944000000000000000e+03
5.990000000000000000e+03
6.125000000000000000e+03
6.429000000000000000e+03
8.506000000000000000e+03
1.312100000000000000e+04
6.209000000000000000e+03
1.388600000000000000e+04
1.784000000000000000e+03
1.922000000000000000e+03
2.231000000000000000e+03
2.590000000000000000e+03
2.958000000000000000e+03
3.108000000000000000e+03
3.178000000000000000e+03
3.376000000000000000e+03
3.590000000000000000e+03
3.826000000000000000e+03
4.114000000000000000e+03
4.085000000000000000e+03
4.629000000000000000e+03
4.334000000000000000e+03
4.462000000000000000e+03
5.472000000000000000e+03
4.880000000000000000e+03
5.997000000000000000e+03
6.276000000000000000e+03
4.919000000000000000e+03
6.892000000000000000e+03
7.242000000000000000e+03
7.559000000000000000e+03
7.837000000000000000e+03
6.816000000000000000e+03
8.503000000000000000e+03
5.459000000000000000e+03
5.555000000000000000e+03
4.667000000000000000e+03
4.729000000000000000e+03
1.013900000000000000e+04
4.850000000000000000e+03
1.081000000000000000e+04
5.160000000000000000e+03
6.000000000000000000e+03
6.295000000000000000e+03
6.108000000000000000e+03
5.297000000000000000e+03
1.269800000000000000e+04
7.304000000000000000e+03
8.774000000000000000e+03
5.586000000000000000e+03
1.985000000000000000e+03
2.235000000000000000e+03
2.592000000000000000e+03
2.956000000000000000e+03
3.093000000000000000e+03
3.206000000000000000e+03
3.402000000000000000e+03
3.649000000000000000e+03
3.887000000000000000e+03
4.160000000000000000e+03
4.415000000000000000e+03
4.723000000000000000e+03
4.346000000000000000e+03
5.286000000000000000e+03
5.523000000000000000e+03
5.847000000000000000e+03
6.145000000000000000e+03
6.413000000000000000e+03
6.483000000000000000e+03
7.000000000000000000e+03
7.331000000000000000e+03
7.629000000000000000e+03
7.887000000000000000e+03
4.981000000000000000e+03
8.503000000000000000e+03
8.881000000000000000e+03
9.224000000000000000e+03
9.526000000000000000e+03
9.525000000000000000e+03
5.333000000000000000e+03
1.048200000000000000e+04
7.538000000000000000e+03
6.001000000000000000e+03
6.367000000000000000e+03
6.508000000000000000e+03
6.811000000000000000e+03
8.386000000000000000e+03
1.293100000000000000e+04
6.300000000000000000e+03
1.368900000000000000e+04
6.464000000000000000e+03
2.370000000000000000e+03
2.594000000000000000e+03
2.953000000000000000e+03
3.060000000000000000e+03
3.276000000000000000e+03
3.532000000000000000e+03
3.773000000000000000e+03
4.041000000000000000e+03
4.296000000000000000e+03
4.595000000000000000e+03
4.286000000000000000e+03
5.151000000000000000e+03
5.393000000000000000e+03
5.709000000000000000e+03
6.003000000000000000e+03
6.271000000000000000e+03
6.471000000000000000e+03
6.855000000000000000e+03
7.179000000000000000e+03
7.475000000000000000e+03
7.735000000000000000e+03
4.967000000000000000e+03
8.348000000000000000e+03
8.717000000000000000e+03
9.056000000000000000e+03
9.357000000000000000e+03
9.480000000000000000e+03
5.657000000000000000e+03
1.030700000000000000e+04
7.415000000000000000e+03
6.077000000000000000e+03
6.271000000000000000e+03
6.835000000000000000e+03
7.136000000000000000e+03
8.265000000000000000e+03
1.273500000000000000e+04
6.348000000000000000e+03
1.348600000000000000e+04
6.579000000000000000e+03
6.391000000000000000e+03
2.741000000000000000e+03
2.951000000000000000e+03
3.151000000000000000e+03
3.405000000000000000e+03
3.651000000000000000e+03
3.915000000000000000e+03
4.170000000000000000e+03
4.459000000000000000e+03
4.237000000000000000e+03
5.009000000000000000e+03
5.256000000000000000e+03
5.563000000000000000e+03
5.854000000000000000e+03
6.123000000000000000e+03
6.363000000000000000e+03
6.702000000000000000e+03
7.021000000000000000e+03
7.316000000000000000e+03
7.579000000000000000e+03
4.974000000000000000e+03
8.187000000000000000e+03
8.548000000000000000e+03
8.882000000000000000e+03
9.184000000000000000e+03
9.431000000000000000e+03
5.937000000000000000e+03
1.012900000000000000e+04
7.292000000000000000e+03
6.169000000000000000e+03
6.158000000000000000e+03
7.114000000000000000e+03
7.412000000000000000e+03
8.143000000000000000e+03
1.253800000000000000e+04
6.410000000000000000e+03
1.328100000000000000e+04
6.708000000000000000e+03
6.271000000000000000e+03
1.215700000000000000e+04
3.079000000000000000e+03
3.272000000000000000e+03
3.521000000000000000e+03
3.781000000000000000e+03
4.036000000000000000e+03
4.317000000000000000e+03
4.199000000000000000e+03
4.861000000000000000e+03
5.112000000000000000e+03
5.411000000000000000e+03
5.699000000000000000e+03
5.969000000000000000e+03
6.215000000000000000e+03
6.544000000000000000e+03
6.859000000000000000e+03
7.152000000000000000e+03
7.417000000000000000e+03
4.999000000000000000e+03
8.021000000000000000e+03
8.375000000000000000e+03
8.705000000000000000e+03
9.006000000000000000e+03
9.270000000000000000e+03
6.179000000000000000e+03
9.946000000000000000e+03
7.166000000000000000e+03
6.273000000000000000e+03
6.051000000000000000e+03
7.352000000000000000e+03
7.646000000000000000e+03
8.020000000000000000e+03
1.233600000000000000e+04
6.485000000000000000e+03
1.307100000000000000e+04
6.847000000000000000e+03
6.155000000000000000e+03
1.206000000000000000e+04
1.455600000000000000e+04
3.444000000000000000e+03
3.641000000000000000e+03
3.896000000000000000e+03
4.167000000000000000e+03
4.166000000000000000e+03
4.708000000000000000e+03
4.963000000000000000e+03
5.255000000000000000e+03
5.540000000000000000e+03
5.811000000000000000e+03
6.061000000000000000e+03
6.382000000000000000e+03
6.691000000000000000e+03
6.982000000000000000e+03
7.251000000000000000e+03
5.038000000000000000e+03
7.851000000000000000e+03
8.198000000000000000e+03
8.524000000000000000e+03
8.823000000000000000e+03
9.091000000000000000e+03
6.388000000000000000e+03
9.760000000000000000e+03
7.040000000000000000e+03
6.385000000000000000e+03
5.949000000000000000e+03
7.554000000000000000e+03
7.843000000000000000e+03
7.896000000000000000e+03
1.213200000000000000e+04
6.571000000000000000e+03
1.286100000000000000e+04
6.995000000000000000e+03
6.043000000000000000e+03
1.196200000000000000e+04
1.433200000000000000e+04
1.468800000000000000e+04
3.751000000000000000e+03
4.013000000000000000e+03
4.133000000000000000e+03
4.548000000000000000e+03
4.809000000000000000e+03
5.093000000000000000e+03
5.376000000000000000e+03
5.647000000000000000e+03
5.903000000000000000e+03
6.215000000000000000e+03
6.520000000000000000e+03
6.810000000000000000e+03
7.081000000000000000e+03
5.088000000000000000e+03
7.677000000000000000e+03
8.017000000000000000e+03
8.339000000000000000e+03
8.639000000000000000e+03
8.910000000000000000e+03
6.568000000000000000e+03
9.572000000000000000e+03
6.912000000000000000e+03
6.506000000000000000e+03
5.851000000000000000e+03
7.724000000000000000e+03
8.010000000000000000e+03
7.770000000000000000e+03
1.192600000000000000e+04
6.665000000000000000e+03
1.264800000000000000e+04
7.149000000000000000e+03
5.934000000000000000e+03
1.186500000000000000e+04
1.410800000000000000e+04
1.450600000000000000e+04
1.486700000000000000e+04
4.174000000000000000e+03
4.385000000000000000e+03
4.649000000000000000e+03
4.928000000000000000e+03
5.207000000000000000e+03
5.480000000000000000e+03
5.741000000000000000e+03
6.045000000000000000e+03
6.344000000000000000e+03
6.634000000000000000e+03
6.907000000000000000e+03
5.149000000000000000e+03
7.500000000000000000e+03
7.833000000000000000e+03
8.152000000000000000e+03
8.451000000000000000e+03
8.725000000000000000e+03
6.721000000000000000e+03
9.381000000000000000e+03
6.782000000000000000e+03
6.717000000000000000e+03
5.757000000000000000e+03
7.868000000000000000e+03
8.147000000000000000e+03
7.643000000000000000e+03
1.171800000000000000e+04
6.767000000000000000e+03
1.243400000000000000e+04
7.307000000000000000e+03
5.829000000000000000e+03
1.176700000000000000e+04
1.388300000000000000e+04
1.427600000000000000e+04
1.463500000000000000e+04
1.419100000000000000e+04
4.542000000000000000e+03
4.758000000000000000e+03
5.035000000000000000e+03
5.309000000000000000e+03
5.576000000000000000e+03
5.872000000000000000e+03
6.166000000000000000e+03
6.454000000000000000e+03
6.730000000000000000e+03
5.217000000000000000e+03
7.321000000000000000e+03
7.647000000000000000e+03
7.962000000000000000e+03
8.261000000000000000e+03
8.539000000000000000e+03
6.854000000000000000e+03
9.187000000000000000e+03
6.651000000000000000e+03
6.931000000000000000e+03
5.667000000000000000e+03
7.988000000000000000e+03
8.263000000000000000e+03
7.514000000000000000e+03
1.150900000000000000e+04
6.873000000000000000e+03
1.221800000000000000e+04
7.469000000000000000e+03
5.727000000000000000e+03
1.167000000000000000e+04
1.365700000000000000e+04
1.404500000000000000e+04
1.440400000000000000e+04
1.408100000000000000e+04
1.148200000000000000e+04
4.858000000000000000e+03
5.134000000000000000e+03
5.406000000000000000e+03
5.694000000000000000e+03
5.985000000000000000e+03
6.272000000000000000e+03
6.551000000000000000e+03
5.293000000000000000e+03
7.138000000000000000e+03
7.457000000000000000e+03
7.769000000000000000e+03
8.069000000000000000e+03
8.350000000000000000e+03
6.969000000000000000e+03
8.992000000000000000e+03
6.517000000000000000e+03
7.121000000000000000e+03
5.581000000000000000e+03
8.089000000000000000e+03
8.358000000000000000e+03
7.383000000000000000e+03
1.129800000000000000e+04
6.985000000000000000e+03
1.200200000000000000e+04
7.634000000000000000e+03
5.627000000000000000e+03
1.157400000000000000e+04
1.342900000000000000e+04
1.381500000000000000e+04
1.417100000000000000e+04
1.397200000000000000e+04
1.155500000000000000e+04
5.069000000000000000e+03
5.287000000000000000e+03
5.514000000000000000e+03
5.800000000000000000e+03
6.086000000000000000e+03
6.369000000000000000e+03
5.374000000000000000e+03
6.954000000000000000e+03
7.266000000000000000e+03
7.575000000000000000e+03
7.874000000000000000e+03
8.159000000000000000e+03
7.067000000000000000e+03
8.795000000000000000e+03
6.382000000000000000e+03
7.289000000000000000e+03
5.499000000000000000e+03
8.172000000000000000e+03
8.434000000000000000e+03
7.459000000000000000e+03
1.108700000000000000e+04
7.099000000000000000e+03
1.178400000000000000e+04
7.801000000000000000e+03
5.531000000000000000e+03
1.148000000000000000e+04
1.320300000000000000e+04
1.358300000000000000e+04
1.393800000000000000e+04
1.386500000000000000e+04
1.160900000000000000e+04
5.220000000000000000e+03
9.318000000000000000e+03
5.666000000000000000e+03
5.899000000000000000e+03
6.184000000000000000e+03
5.460000000000000000e+03
6.766000000000000000e+03
7.072000000000000000e+03
7.378000000000000000e+03
7.678000000000000000e+03
7.965000000000000000e+03
7.153000000000000000e+03
8.596000000000000000e+03
6.244000000000000000e+03
7.439000000000000000e+03
5.421000000000000000e+03
8.239000000000000000e+03
8.496000000000000000e+03
7.608000000000000000e+03
1.087400000000000000e+04
7.217000000000000000e+03
1.156600000000000000e+04
7.969000000000000000e+03
5.436000000000000000e+03
1.138600000000000000e+04
1.297500000000000000e+04
1.335100000000000000e+04
1.370500000000000000e+04
1.375900000000000000e+04
1.164600000000000000e+04
5.364000000000000000e+03
9.189000000000000000e+03
1.152100000000000000e+04
5.996000000000000000e+03
5.550000000000000000e+03
6.576000000000000000e+03
6.877000000000000000e+03
7.180000000000000000e+03
7.480000000000000000e+03
7.771000000000000000e+03
7.227000000000000000e+03
8.395000000000000000e+03
6.105000000000000000e+03
7.573000000000000000e+03
5.348000000000000000e+03
8.294000000000000000e+03
8.545000000000000000e+03
7.757000000000000000e+03
1.066000000000000000e+04
7.337000000000000000e+03
1.134700000000000000e+04
8.138000000000000000e+03
5.345000000000000000e+03
1.129400000000000000e+04
1.274600000000000000e+04
1.312000000000000000e+04
1.347100000000000000e+04
1.365500000000000000e+04
1.166900000000000000e+04
5.510000000000000000e+03
9.059000000000000000e+03
1.140800000000000000e+04
4.931000000000000000e+03
6.384000000000000000e+03
6.679000000000000000e+03
6.979000000000000000e+03
7.279000000000000000e+03
7.574000000000000000e+03
7.292000000000000000e+03
8.194000000000000000e+03
5.962000000000000000e+03
7.691000000000000000e+03
5.278000000000000000e+03
8.339000000000000000e+03
8.583000000000000000e+03
7.908000000000000000e+03
1.044600000000000000e+04
7.458000000000000000e+03
1.112700000000000000e+04
8.309000000000000000e+03
5.255000000000000000e+03
1.120300000000000000e+04
1.251700000000000000e+04
1.288700000000000000e+04
1.323700000000000000e+04
1.355300000000000000e+04
1.167500000000000000e+04
5.656000000000000000e+03
8.927000000000000000e+03
1.129600000000000000e+04
4.831000000000000000e+03
1.430900000000000000e+04
6.828000000000000000e+03
7.076000000000000000e+03
7.375000000000000000e+03
7.350000000000000000e+03
7.990000000000000000e+03
5.818000000000000000e+03
7.795000000000000000e+03
5.212000000000000000e+03
8.374000000000000000e+03
8.523000000000000000e+03
8.058000000000000000e+03
1.023000000000000000e+04
7.580000000000000000e+03
1.090600000000000000e+04
8.478000000000000000e+03
5.168000000000000000e+03
1.111300000000000000e+04
1.228900000000000000e+04
1.265400000000000000e+04
1.300300000000000000e+04
1.333200000000000000e+04
1.158200000000000000e+04
5.802000000000000000e+03
8.793000000000000000e+03
1.118700000000000000e+04
4.734000000000000000e+03
1.419200000000000000e+04
1.191800000000000000e+04
7.174000000000000000e+03
7.402000000000000000e+03
7.784000000000000000e+03
5.671000000000000000e+03
7.888000000000000000e+03
5.151000000000000000e+03
8.401000000000000000e+03
8.455000000000000000e+03
8.209000000000000000e+03
1.001400000000000000e+04
7.704000000000000000e+03
1.068500000000000000e+04
8.648000000000000000e+03
5.083000000000000000e+03
1.102600000000000000e+04
1.205900000000000000e+04
1.242100000000000000e+04
1.276900000000000000e+04
1.309900000000000000e+04
1.149100000000000000e+04
5.949000000000000000e+03
8.657000000000000000e+03
1.108000000000000000e+04
4.641000000000000000e+03
1.407800000000000000e+04
1.182200000000000000e+04
4.811000000000000000e+03
7.576000000000000000e+03
5.522000000000000000e+03
7.969000000000000000e+03
5.095000000000000000e+03
8.422000000000000000e+03
8.391000000000000000e+03
8.358000000000000000e+03
9.796000000000000000e+03
7.828000000000000000e+03
1.046300000000000000e+04
8.817000000000000000e+03
3.985000000000000000e+03
1.094000000000000000e+04
1.182900000000000000e+04
1.218800000000000000e+04
1.253500000000000000e+04
1.286500000000000000e+04
1.140100000000000000e+04
6.095000000000000000e+03
8.519000000000000000e+03
1.097500000000000000e+04
4.549000000000000000e+03
1.396600000000000000e+04
1.172700000000000000e+04
4.718000000000000000e+03
1.289200000000000000e+04
8.036000000000000000e+03
3.453000000000000000e+03
8.437000000000000000e+03
8.332000000000000000e+03
8.390000000000000000e+03
9.577000000000000000e+03
7.952000000000000000e+03
1.024000000000000000e+04
8.986000000000000000e+03
3.902000000000000000e+03
1.085500000000000000e+04
1.159800000000000000e+04
1.195400000000000000e+04
1.229900000000000000e+04
1.263100000000000000e+04
1.131300000000000000e+04
6.241000000000000000e+03
8.379000000000000000e+03
1.087200000000000000e+04
4.460000000000000000e+03
1.385700000000000000e+04
1.163300000000000000e+04
4.626000000000000000e+03
1.275600000000000000e+04
1.249800000000000000e+04
8.448000000000000000e+03
8.277000000000000000e+03
8.418000000000000000e+03
9.357000000000000000e+03
8.077000000000000000e+03
1.001500000000000000e+04
9.153000000000000000e+03
3.821000000000000000e+03
1.077300000000000000e+04
1.136700000000000000e+04
1.172000000000000000e+04
1.206400000000000000e+04
1.239700000000000000e+04
1.122600000000000000e+04
6.386000000000000000e+03
8.236000000000000000e+03
1.077100000000000000e+04
4.374000000000000000e+03
1.374900000000000000e+04
1.154000000000000000e+04
4.917000000000000000e+03
1.261900000000000000e+04
1.254600000000000000e+04
6.564000000000000000e+03
8.444000000000000000e+03
9.136000000000000000e+03
8.202000000000000000e+03
9.790000000000000000e+03
9.320000000000000000e+03
3.742000000000000000e+03
1.069200000000000000e+04
1.113600000000000000e+04
1.148400000000000000e+04
1.182800000000000000e+04
1.216300000000000000e+04
1.114000000000000000e+04
6.531000000000000000e+03
8.091000000000000000e+03
1.067300000000000000e+04
4.290000000000000000e+03
1.364400000000000000e+04
1.144800000000000000e+04
5.573000000000000000e+03
1.247900000000000000e+04
1.258700000000000000e+04
6.449000000000000000e+03
1.049100000000000000e+04
8.327000000000000000e+03
9.564000000000000000e+03
9.484000000000000000e+03
3.665000000000000000e+03
1.055600000000000000e+04
1.090300000000000000e+04
1.124900000000000000e+04
1.159200000000000000e+04
1.192800000000000000e+04
1.105600000000000000e+04
6.674000000000000000e+03
7.944000000000000000e+03
1.057600000000000000e+04
4.208000000000000000e+03
1.354100000000000000e+04
1.135600000000000000e+04
7.015000000000000000e+03
1.233600000000000000e+04
1.262100000000000000e+04
4.532000000000000000e+03
1.037700000000000000e+04
1.594000000000000000e+04
9.648000000000000000e+03
3.591000000000000000e+03
1.032800000000000000e+04
1.066900000000000000e+04
1.101200000000000000e+04
1.135500000000000000e+04
1.169300000000000000e+04
1.097300000000000000e+04
6.817000000000000000e+03
7.794000000000000000e+03
1.048100000000000000e+04
4.128000000000000000e+03
1.344100000000000000e+04
1.126500000000000000e+04
8.045000000000000000e+03
1.219200000000000000e+04
1.265100000000000000e+04
4.450000000000000000e+03
1.026400000000000000e+04
1.582200000000000000e+04
1.516700000000000000e+04
1.009900000000000000e+04
1.043500000000000000e+04
1.077500000000000000e+04
1.111700000000000000e+04
1.145700000000000000e+04
1.089200000000000000e+04
6.959000000000000000e+03
7.641000000000000000e+03
1.038900000000000000e+04
4.051000000000000000e+03
1.334200000000000000e+04
1.117500000000000000e+04
7.945000000000000000e+03
1.204500000000000000e+04
1.267500000000000000e+04
4.989000000000000000e+03
1.015400000000000000e+04
1.570600000000000000e+04
1.502400000000000000e+04
1.329900000000000000e+04
1.053700000000000000e+04
1.087800000000000000e+04
1.121900000000000000e+04
1.081200000000000000e+04
7.099000000000000000e+03
7.487000000000000000e+03
1.029800000000000000e+04
3.975000000000000000e+03
1.324600000000000000e+04
1.108500000000000000e+04
7.848000000000000000e+03
1.189600000000000000e+04
1.269500000000000000e+04
6.125000000000000000e+03
1.004700000000000000e+04
1.559300000000000000e+04
1.487900000000000000e+04
1.315400000000000000e+04
1.315500000000000000e+04
1.098200000000000000e+04
1.073400000000000000e+04
7.239000000000000000e+03
7.329000000000000000e+03
1.021000000000000000e+04
3.901000000000000000e+03
1.308500000000000000e+04
1.099600000000000000e+04
7.752000000000000000e+03
1.174400000000000000e+04
1.271100000000000000e+04
6.282000000000000000e+03
9.941000000000000000e+03
1.548200000000000000e+04
1.473200000000000000e+04
1.300700000000000000e+04
1.300800000000000000e+04
1.475100000000000000e+04
7.377000000000000000e+03
7.169000000000000000e+03
1.012300000000000000e+04
3.828000000000000000e+03
1.283900000000000000e+04
1.090800000000000000e+04
7.659000000000000000e+03
1.159000000000000000e+04
1.272300000000000000e+04
6.437000000000000000e+03
9.838000000000000000e+03
1.537400000000000000e+04
1.458200000000000000e+04
1.285700000000000000e+04
1.285900000000000000e+04
1.460300000000000000e+04
1.721600000000000000e+04
1.003900000000000000e+04
3.761000000000000000e+03
1.259200000000000000e+04
1.082100000000000000e+04
7.568000000000000000e+03
1.143300000000000000e+04
1.273200000000000000e+04
6.590000000000000000e+03
9.737000000000000000e+03
1.515700000000000000e+04
1.443000000000000000e+04
1.270500000000000000e+04
1.270700000000000000e+04
1.445300000000000000e+04
1.707600000000000000e+04
1.294200000000000000e+04
1.234400000000000000e+04
1.082600000000000000e+04
7.479000000000000000e+03
1.127300000000000000e+04
1.273800000000000000e+04
6.742000000000000000e+03
9.639000000000000000e+03
1.489900000000000000e+04
1.427500000000000000e+04
1.255000000000000000e+04
1.255300000000000000e+04
1.430000000000000000e+04
1.681000000000000000e+04
1.293900000000000000e+04
1.153500000000000000e+04
7.392000000000000000e+03
1.111100000000000000e+04
1.274200000000000000e+04
6.892000000000000000e+03
9.543000000000000000e+03
1.464100000000000000e+04
1.411800000000000000e+04
1.239300000000000000e+04
1.239700000000000000e+04
1.414500000000000000e+04
1.654400000000000000e+04
1.293400000000000000e+04
1.153000000000000000e+04
4.432000000000000000e+03
1.274200000000000000e+04
7.040000000000000000e+03
9.449000000000000000e+03
1.438200000000000000e+04
1.395800000000000000e+04
1.223300000000000000e+04
1.223800000000000000e+04
1.398700000000000000e+04
1.627800000000000000e+04
1.292700000000000000e+04
1.152200000000000000e+04
4.359000000000000000e+03
1.064600000000000000e+04
9.356000000000000000e+03
1.412300000000000000e+04
1.379500000000000000e+04
1.207000000000000000e+04
1.207600000000000000e+04
1.382700000000000000e+04
1.601200000000000000e+04
1.291800000000000000e+04
1.151300000000000000e+04
4.288000000000000000e+03
1.054500000000000000e+04
1.743100000000000000e+04
1.363000000000000000e+04
1.190500000000000000e+04
1.191100000000000000e+04
1.366400000000000000e+04
1.574500000000000000e+04
1.290700000000000000e+04
1.150300000000000000e+04
4.218000000000000000e+03
1.044400000000000000e+04
1.727400000000000000e+04
4.367000000000000000e+03
1.174400000000000000e+04
1.349800000000000000e+04
1.547700000000000000e+04
1.289500000000000000e+04
1.149000000000000000e+04
4.150000000000000000e+03
1.034300000000000000e+04
1.711400000000000000e+04
4.297000000000000000e+03
4.346000000000000000e+03
1.521000000000000000e+04
1.288100000000000000e+04
1.147700000000000000e+04
4.084000000000000000e+03
1.024100000000000000e+04
1.695200000000000000e+04
4.229000000000000000e+03
4.278000000000000000e+03
1.797800000000000000e+04
1.146200000000000000e+04
4.020000000000000000e+03
1.013900000000000000e+04
1.678700000000000000e+04
4.163000000000000000e+03
4.210000000000000000e+03
1.790700000000000000e+04
4.307000000000000000e+03
1.003600000000000000e+04
1.659600000000000000e+04
4.099000000000000000e+03
4.146000000000000000e+03
1.774200000000000000e+04
4.241000000000000000e+03
1.640900000000000000e+04
4.044000000000000000e+03
4.083000000000000000e+03
1.750100000000000000e+04
4.177000000000000000e+03
1.630600000000000000e+04
4.941000000000000000e+03
1.722200000000000000e+04
4.115000000000000000e+03
1.620300000000000000e+04
4.212000000000000000e+03
9.403000000000000000e+03
1.609900000000000000e+04
4.146000000000000000e+03
7.911000000000000000e+03
1.633200000000000000e+04
6.632000000000000000e+03
1.630000000000000000e+04
1.140800000000000000e+04
1.123200000000000000e+04
1.318700000000000000e+04
1.693900000000000000e+04
