nan
nan
nan
nan
nan
nan
nan
nan
nan
nan
nan
nan
nan
nan
nan
nan
nan
nan
nan
nan
nan
nan
nan
nan
nan
nan
nan
2.410000000000000000e+02
1.023000000000000000e+03
1.556000000000000000e+03
1.914000000000000000e+03
2.347000000000000000e+03
2.626000000000000000e+03
2.940000000000000000e+03
3.319000000000000000e+03
3.688000000000000000e+03
3.794000000000000000e+03
3.867000000000000000e+03
3.957000000000000000e+03
4.029000000000000000e+03
4.116000000000000000e+03
4.200000000000000000e+03
4.274000000000000000e+03
4.344000000000000000e+03
4.649000000000000000e+03
5.435000000000000000e+03
6.230000000000000000e+03
6.913000000000000000e+03
7.513000000000000000e+03
4.840000000000000000e+03
8.663000000000000000e+03
8.935000000000000000e+03
9.047000000000000000e+03
5.193000000000000000e+03
5.278000000000000000e+03
1.104300000000000000e+04
1.144600000000000000e+04
8.056000000000000000e+03
5.628000000000000000e+03
1.183200000000000000e+04
7.350000000000000000e+03
1.321700000000000000e+04
1.351400000000000000e+04
1.243400000000000000e+04
1.228800000000000000e+04
1.211100000000000000e+04
8.150000000000000000e+03
6.388000000000000000e+03
6.715000000000000000e+03
1.533700000000000000e+04
7.600000000000000000e+03
nan
nan
nan
nan
nan
nan
nan
nan
nan
nan
nan
nan
nan
nan
nan
nan
nan
nan
nan
nan
nan
nan
nan
nan
nan
nan
4.930000000000000000e+02
1.183000000000000000e+03
1.648000000000000000e+03
1.952000000000000000e+03
2.344000000000000000e+03
2.596000000000000000e+03
2.944000000000000000e+03
3.321000000000000000e+03
3.684000000000000000e+03
3.786000000000000000e+03
3.860000000000000000e+03
3.948000000000000000e+03
4.013000000000000000e+03
4.108000000000000000e+03
4.190000000000000000e+03
4.259000000000000000e+03
4.339000000000000000e+03
4.894000000000000000e+03
5.619000000000000000e+03
6.358000000000000000e+03
6.994000000000000000e+03
4.740000000000000000e+03
8.173000000000000000e+03
8.741000000000000000e+03
9.272000000000000000e+03
5.095000000000000000e+03
1.020800000000000000e+04
1.063800000000000000e+04
9.723000000000000000e+03
1.144700000000000000e+04
8.584000000000000000e+03
9.962000000000000000e+03
1.168500000000000000e+04
1.027800000000000000e+04
5.817000000000000000e+03
5.936000000000000000e+03
6.048000000000000000e+03
6.136000000000000000e+03
8.867000000000000000e+03
1.093600000000000000e+04
6.878000000000000000e+03
6.417000000000000000e+03
9.637000000000000000e+03
6.623000000000000000e+03
nan
nan
nan
nan
nan
nan
nan
nan
nan
nan
nan
nan
nan
nan
nan
nan
nan
nan
nan
nan
nan
nan
nan
nan
nan
7.090000000000000000e+02
1.299000000000000000e+03
1.699000000000000000e+03
1.961000000000000000e+03
2.334000000000000000e+03
2.589000000000000000e+03
2.947000000000000000e+03
3.323000000000000000e+03
3.656000000000000000e+03
3.777000000000000000e+03
3.854000000000000000e+03
3.937000000000000000e+03
4.009000000000000000e+03
4.100000000000000000e+03
4.178000000000000000e+03
4.244000000000000000e+03
4.333000000000000000e+03
4.977000000000000000e+03
5.789000000000000000e+03
6.475000000000000000e+03
7.067000000000000000e+03
7.701000000000000000e+03
8.276000000000000000e+03
8.809000000000000000e+03
9.312000000000000000e+03
8.924000000000000000e+03
7.089000000000000000e+03
7.320000000000000000e+03
5.337000000000000000e+03
1.144200000000000000e+04
9.385000000000000000e+03
1.215900000000000000e+04
5.683000000000000000e+03
1.061600000000000000e+04
1.196300000000000000e+04
1.045900000000000000e+04
7.052000000000000000e+03
6.121000000000000000e+03
6.206000000000000000e+03
1.299300000000000000e+04
1.399900000000000000e+04
9.072000000000000000e+03
6.504000000000000000e+03
1.339300000000000000e+04
nan
nan
nan
nan
nan
nan
nan
nan
nan
nan
nan
nan
nan
nan
nan
nan
nan
nan
nan
nan
nan
nan
nan
4.500000000000000000e+01
8.680000000000000000e+02
1.397000000000000000e+03
1.743000000000000000e+03
1.965000000000000000e+03
2.318000000000000000e+03
2.572000000000000000e+03
2.961000000000000000e+03
3.334000000000000000e+03
3.670000000000000000e+03
3.766000000000000000e+03
3.849000000000000000e+03
3.925000000000000000e+03
4.004000000000000000e+03
4.091000000000000000e+03
4.166000000000000000e+03
4.231000000000000000e+03
4.431000000000000000e+03
5.190000000000000000e+03
4.496000000000000000e+03
6.581000000000000000e+03
5.468000000000000000e+03
5.676000000000000000e+03
5.828000000000000000e+03
8.867000000000000000e+03
9.346000000000000000e+03
9.809000000000000000e+03
1.018200000000000000e+04
8.983000000000000000e+03
8.465000000000000000e+03
1.093400000000000000e+04
1.045700000000000000e+04
1.181100000000000000e+04
9.967000000000000000e+03
5.707000000000000000e+03
5.821000000000000000e+03
1.258900000000000000e+04
1.207800000000000000e+04
6.107000000000000000e+03
6.185000000000000000e+03
1.437100000000000000e+04
1.411600000000000000e+04
1.437300000000000000e+04
1.307900000000000000e+04
6.614000000000000000e+03
nan
nan
nan
nan
nan
nan
nan
nan
nan
nan
nan
nan
nan
nan
nan
nan
nan
nan
nan
nan
nan
nan
2.770000000000000000e+02
1.005000000000000000e+03
1.460000000000000000e+03
1.756000000000000000e+03
1.967000000000000000e+03
2.299000000000000000e+03
2.579000000000000000e+03
2.966000000000000000e+03
3.340000000000000000e+03
3.679000000000000000e+03
3.755000000000000000e+03
3.841000000000000000e+03
3.912000000000000000e+03
3.997000000000000000e+03
4.081000000000000000e+03
4.153000000000000000e+03
4.226000000000000000e+03
4.547000000000000000e+03
5.252000000000000000e+03
5.959000000000000000e+03
6.676000000000000000e+03
7.299000000000000000e+03
7.854000000000000000e+03
7.483000000000000000e+03
8.589000000000000000e+03
9.377000000000000000e+03
7.658000000000000000e+03
8.562000000000000000e+03
1.067300000000000000e+04
1.106000000000000000e+04
9.573000000000000000e+03
1.177400000000000000e+04
7.750000000000000000e+03
1.245200000000000000e+04
1.276500000000000000e+04
9.394000000000000000e+03
5.922000000000000000e+03
1.361100000000000000e+04
8.185000000000000000e+03
6.159000000000000000e+03
1.441500000000000000e+04
1.033400000000000000e+04
8.474000000000000000e+03
1.082200000000000000e+04
1.376000000000000000e+04
nan
nan
nan
nan
nan
nan
nan
nan
nan
nan
nan
nan
nan
nan
nan
nan
nan
nan
nan
nan
nan
4.920000000000000000e+02
1.118000000000000000e+03
1.514000000000000000e+03
1.768000000000000000e+03
1.970000000000000000e+03
2.278000000000000000e+03
2.583000000000000000e+03
2.968000000000000000e+03
3.341000000000000000e+03
3.673000000000000000e+03
3.745000000000000000e+03
3.832000000000000000e+03
3.898000000000000000e+03
3.990000000000000000e+03
4.071000000000000000e+03
4.138000000000000000e+03
4.221000000000000000e+03
4.652000000000000000e+03
5.438000000000000000e+03
6.093000000000000000e+03
6.763000000000000000e+03
7.347000000000000000e+03
4.694000000000000000e+03
8.441000000000000000e+03
7.706000000000000000e+03
8.843000000000000000e+03
6.990000000000000000e+03
9.300000000000000000e+03
5.216000000000000000e+03
1.105300000000000000e+04
8.480000000000000000e+03
1.175900000000000000e+04
5.552000000000000000e+03
5.668000000000000000e+03
5.704000000000000000e+03
1.150800000000000000e+04
9.818000000000000000e+03
5.993000000000000000e+03
1.060300000000000000e+04
6.128000000000000000e+03
1.347700000000000000e+04
6.331000000000000000e+03
6.391000000000000000e+03
6.496000000000000000e+03
8.155000000000000000e+03
nan
nan
nan
nan
nan
nan
nan
nan
nan
nan
nan
nan
nan
nan
nan
nan
nan
nan
nan
nan
6.580000000000000000e+02
1.199000000000000000e+03
1.540000000000000000e+03
1.768000000000000000e+03
1.971000000000000000e+03
2.254000000000000000e+03
2.592000000000000000e+03
2.972000000000000000e+03
3.343000000000000000e+03
3.665000000000000000e+03
3.740000000000000000e+03
3.822000000000000000e+03
3.893000000000000000e+03
3.983000000000000000e+03
4.059000000000000000e+03
4.123000000000000000e+03
4.215000000000000000e+03
4.879000000000000000e+03
4.384000000000000000e+03
6.216000000000000000e+03
6.840000000000000000e+03
6.380000000000000000e+03
7.975000000000000000e+03
8.508000000000000000e+03
7.144000000000000000e+03
6.183000000000000000e+03
9.877000000000000000e+03
8.834000000000000000e+03
1.015500000000000000e+04
8.089000000000000000e+03
6.951000000000000000e+03
1.174400000000000000e+04
1.006600000000000000e+04
1.037200000000000000e+04
1.268100000000000000e+04
5.842000000000000000e+03
1.323500000000000000e+04
5.979000000000000000e+03
1.280900000000000000e+04
6.093000000000000000e+03
1.139400000000000000e+04
6.276000000000000000e+03
7.348000000000000000e+03
1.204100000000000000e+04
6.570000000000000000e+03
nan
nan
nan
nan
nan
nan
nan
nan
nan
nan
nan
nan
nan
nan
nan
nan
nan
nan
nan
7.920000000000000000e+02
1.262000000000000000e+03
1.557000000000000000e+03
1.770000000000000000e+03
1.972000000000000000e+03
2.233000000000000000e+03
2.602000000000000000e+03
2.985000000000000000e+03
3.334000000000000000e+03
3.656000000000000000e+03
3.735000000000000000e+03
3.812000000000000000e+03
3.889000000000000000e+03
3.974000000000000000e+03
4.048000000000000000e+03
4.115000000000000000e+03
4.267000000000000000e+03
4.964000000000000000e+03
5.645000000000000000e+03
6.326000000000000000e+03
6.911000000000000000e+03
7.520000000000000000e+03
6.149000000000000000e+03
6.408000000000000000e+03
6.904000000000000000e+03
5.825000000000000000e+03
7.739000000000000000e+03
9.604000000000000000e+03
1.067200000000000000e+04
5.283000000000000000e+03
5.371000000000000000e+03
1.114400000000000000e+04
1.203800000000000000e+04
1.136100000000000000e+04
5.705000000000000000e+03
1.292400000000000000e+04
5.881000000000000000e+03
7.892000000000000000e+03
1.371800000000000000e+04
6.076000000000000000e+03
9.094000000000000000e+03
6.276000000000000000e+03
1.376600000000000000e+04
1.024500000000000000e+04
1.207100000000000000e+04
nan
nan
nan
nan
nan
nan
nan
nan
nan
nan
nan
nan
nan
nan
nan
nan
nan
1.480000000000000000e+02
8.930000000000000000e+02
1.301000000000000000e+03
1.559000000000000000e+03
1.772000000000000000e+03
1.955000000000000000e+03
2.217000000000000000e+03
2.604000000000000000e+03
2.988000000000000000e+03
3.347000000000000000e+03
3.645000000000000000e+03
3.728000000000000000e+03
3.800000000000000000e+03
3.883000000000000000e+03
3.965000000000000000e+03
4.036000000000000000e+03
4.111000000000000000e+03
4.392000000000000000e+03
4.835000000000000000e+03
5.792000000000000000e+03
6.427000000000000000e+03
6.975000000000000000e+03
7.550000000000000000e+03
8.071000000000000000e+03
5.628000000000000000e+03
6.986000000000000000e+03
9.123000000000000000e+03
7.801000000000000000e+03
7.903000000000000000e+03
5.179000000000000000e+03
7.134000000000000000e+03
5.359000000000000000e+03
8.686000000000000000e+03
8.890000000000000000e+03
5.591000000000000000e+03
1.259500000000000000e+04
5.783000000000000000e+03
7.059000000000000000e+03
1.182400000000000000e+04
1.363600000000000000e+04
6.066000000000000000e+03
6.575000000000000000e+03
1.429800000000000000e+04
7.020000000000000000e+03
6.455000000000000000e+03
6.538000000000000000e+03
nan
nan
nan
nan
nan
nan
nan
nan
nan
nan
nan
nan
nan
nan
nan
nan
3.580000000000000000e+02
9.740000000000000000e+02
1.323000000000000000e+03
1.559000000000000000e+03
1.773000000000000000e+03
1.949000000000000000e+03
2.209000000000000000e+03
2.607000000000000000e+03
2.989000000000000000e+03
3.355000000000000000e+03
3.634000000000000000e+03
3.720000000000000000e+03
3.788000000000000000e+03
3.876000000000000000e+03
3.955000000000000000e+03
4.023000000000000000e+03
4.105000000000000000e+03
4.507000000000000000e+03
5.226000000000000000e+03
4.895000000000000000e+03
6.518000000000000000e+03
5.372000000000000000e+03
4.623000000000000000e+03
8.144000000000000000e+03
8.477000000000000000e+03
7.392000000000000000e+03
9.504000000000000000e+03
9.910000000000000000e+03
1.029400000000000000e+04
8.707000000000000000e+03
9.814000000000000000e+03
5.345000000000000000e+03
5.953000000000000000e+03
5.472000000000000000e+03
1.225700000000000000e+04
5.686000000000000000e+03
9.380000000000000000e+03
1.295000000000000000e+04
1.333500000000000000e+04
1.230400000000000000e+04
6.057000000000000000e+03
6.164000000000000000e+03
1.209400000000000000e+04
6.356000000000000000e+03
1.441900000000000000e+04
1.492100000000000000e+04
nan
nan
nan
nan
nan
nan
nan
nan
nan
nan
nan
nan
nan
nan
nan
6.430000000000000000e+02
1.074000000000000000e+03
1.336000000000000000e+03
1.565000000000000000e+03
1.756000000000000000e+03
1.896000000000000000e+03
2.230000000000000000e+03
2.627000000000000000e+03
2.994000000000000000e+03
3.360000000000000000e+03
3.621000000000000000e+03
3.697000000000000000e+03
3.774000000000000000e+03
3.857000000000000000e+03
3.928000000000000000e+03
4.000000000000000000e+03
4.090000000000000000e+03
4.810000000000000000e+03
4.454000000000000000e+03
6.113000000000000000e+03
6.176000000000000000e+03
7.230000000000000000e+03
6.462000000000000000e+03
4.650000000000000000e+03
5.798000000000000000e+03
7.630000000000000000e+03
9.530000000000000000e+03
5.684000000000000000e+03
1.007100000000000000e+04
5.152000000000000000e+03
1.096200000000000000e+04
7.008000000000000000e+03
1.065800000000000000e+04
9.034000000000000000e+03
1.215600000000000000e+04
1.119400000000000000e+04
1.166000000000000000e+04
1.293600000000000000e+04
1.273700000000000000e+04
9.727000000000000000e+03
7.763000000000000000e+03
7.862000000000000000e+03
1.106500000000000000e+04
1.271400000000000000e+04
6.402000000000000000e+03
6.483000000000000000e+03
nan
nan
nan
nan
nan
nan
nan
nan
nan
nan
nan
nan
nan
1.500000000000000000e+01
7.690000000000000000e+02
1.087000000000000000e+03
1.341000000000000000e+03
1.565000000000000000e+03
1.715000000000000000e+03
1.839000000000000000e+03
2.246000000000000000e+03
2.632000000000000000e+03
3.005000000000000000e+03
3.339000000000000000e+03
3.604000000000000000e+03
3.670000000000000000e+03
3.758000000000000000e+03
3.834000000000000000e+03
3.899000000000000000e+03
3.986000000000000000e+03
4.429000000000000000e+03
5.053000000000000000e+03
5.658000000000000000e+03
6.257000000000000000e+03
6.854000000000000000e+03
6.854000000000000000e+03
7.852000000000000000e+03
8.166000000000000000e+03
7.799000000000000000e+03
9.153000000000000000e+03
8.209000000000000000e+03
9.078000000000000000e+03
1.025200000000000000e+04
1.059300000000000000e+04
8.613000000000000000e+03
1.081600000000000000e+04
8.145000000000000000e+03
1.179100000000000000e+04
1.206100000000000000e+04
9.744000000000000000e+03
5.680000000000000000e+03
1.245200000000000000e+04
8.501000000000000000e+03
5.937000000000000000e+03
1.346600000000000000e+04
1.062500000000000000e+04
8.759000000000000000e+03
1.110000000000000000e+04
1.037000000000000000e+04
7.224000000000000000e+03
nan
nan
nan
nan
nan
nan
nan
nan
nan
nan
nan
nan
2.700000000000000000e+02
7.870000000000000000e+02
1.091000000000000000e+03
1.343000000000000000e+03
1.532000000000000000e+03
1.657000000000000000e+03
1.838000000000000000e+03
2.257000000000000000e+03
2.644000000000000000e+03
3.008000000000000000e+03
3.362000000000000000e+03
3.582000000000000000e+03
3.658000000000000000e+03
3.739000000000000000e+03
3.808000000000000000e+03
3.883000000000000000e+03
3.970000000000000000e+03
4.623000000000000000e+03
5.247000000000000000e+03
5.852000000000000000e+03
6.446000000000000000e+03
6.963000000000000000e+03
4.443000000000000000e+03
7.912000000000000000e+03
8.357000000000000000e+03
8.774000000000000000e+03
9.166000000000000000e+03
5.659000000000000000e+03
9.886000000000000000e+03
1.021900000000000000e+04
5.080000000000000000e+03
5.138000000000000000e+03
1.113800000000000000e+04
1.139200000000000000e+04
1.166800000000000000e+04
9.513000000000000000e+03
5.568000000000000000e+03
9.017000000000000000e+03
1.228500000000000000e+04
5.823000000000000000e+03
1.156200000000000000e+04
6.002000000000000000e+03
1.212200000000000000e+04
6.166000000000000000e+03
6.243000000000000000e+03
6.311000000000000000e+03
1.419800000000000000e+04
nan
nan
nan
nan
nan
nan
nan
nan
nan
nan
nan
3.150000000000000000e+02
7.910000000000000000e+02
1.096000000000000000e+03
1.334000000000000000e+03
1.476000000000000000e+03
1.638000000000000000e+03
1.860000000000000000e+03
2.266000000000000000e+03
2.648000000000000000e+03
3.009000000000000000e+03
3.367000000000000000e+03
3.557000000000000000e+03
3.643000000000000000e+03
3.717000000000000000e+03
3.781000000000000000e+03
3.870000000000000000e+03
4.220000000000000000e+03
4.868000000000000000e+03
5.484000000000000000e+03
5.700000000000000000e+03
6.296000000000000000e+03
6.060000000000000000e+03
4.650000000000000000e+03
7.987000000000000000e+03
8.395000000000000000e+03
6.600000000000000000e+03
9.163000000000000000e+03
9.518000000000000000e+03
9.843000000000000000e+03
9.108000000000000000e+03
1.019500000000000000e+04
5.142000000000000000e+03
6.302000000000000000e+03
5.319000000000000000e+03
1.154700000000000000e+04
5.460000000000000000e+03
9.681000000000000000e+03
1.229100000000000000e+04
1.248200000000000000e+04
1.113700000000000000e+04
5.888000000000000000e+03
5.969000000000000000e+03
1.235000000000000000e+04
6.125000000000000000e+03
1.312400000000000000e+04
1.384700000000000000e+04
6.359000000000000000e+03
nan
nan
nan
nan
nan
nan
nan
nan
nan
nan
nan
7.990000000000000000e+02
1.094000000000000000e+03
1.286000000000000000e+03
1.419000000000000000e+03
1.653000000000000000e+03
1.869000000000000000e+03
2.276000000000000000e+03
2.650000000000000000e+03
3.014000000000000000e+03
3.361000000000000000e+03
3.546000000000000000e+03
3.625000000000000000e+03
3.694000000000000000e+03
3.770000000000000000e+03
3.853000000000000000e+03
4.424000000000000000e+03
5.063000000000000000e+03
5.229000000000000000e+03
6.185000000000000000e+03
5.517000000000000000e+03
7.153000000000000000e+03
5.750000000000000000e+03
5.116000000000000000e+03
6.290000000000000000e+03
8.090000000000000000e+03
9.151000000000000000e+03
4.804000000000000000e+03
9.205000000000000000e+03
4.930000000000000000e+03
1.039300000000000000e+04
5.130000000000000000e+03
9.688000000000000000e+03
9.343000000000000000e+03
1.143400000000000000e+04
1.014600000000000000e+04
1.058700000000000000e+04
1.211200000000000000e+04
1.236300000000000000e+04
9.986000000000000000e+03
8.015000000000000000e+03
8.110000000000000000e+03
1.130700000000000000e+04
9.064000000000000000e+03
6.298000000000000000e+03
6.245000000000000000e+03
6.915000000000000000e+03
nan
nan
nan
nan
nan
nan
nan
nan
nan
nan
8.020000000000000000e+02
1.068000000000000000e+03
1.222000000000000000e+03
1.431000000000000000e+03
1.667000000000000000e+03
1.883000000000000000e+03
2.279000000000000000e+03
2.654000000000000000e+03
3.016000000000000000e+03
3.343000000000000000e+03
3.532000000000000000e+03
3.605000000000000000e+03
3.670000000000000000e+03
3.756000000000000000e+03
4.000000000000000000e+03
4.668000000000000000e+03
5.217000000000000000e+03
5.746000000000000000e+03
6.266000000000000000e+03
6.773000000000000000e+03
6.169000000000000000e+03
7.646000000000000000e+03
8.043000000000000000e+03
7.038000000000000000e+03
8.785000000000000000e+03
8.601000000000000000e+03
9.448000000000000000e+03
9.741000000000000000e+03
1.004700000000000000e+04
6.937000000000000000e+03
9.882000000000000000e+03
8.442000000000000000e+03
1.109900000000000000e+04
1.133400000000000000e+04
1.001300000000000000e+04
5.491000000000000000e+03
1.137200000000000000e+04
8.750000000000000000e+03
5.746000000000000000e+03
1.255500000000000000e+04
1.085800000000000000e+04
8.988000000000000000e+03
1.132500000000000000e+04
7.151000000000000000e+03
7.441000000000000000e+03
6.293000000000000000e+03
nan
nan
nan
nan
nan
nan
nan
nan
nan
7.640000000000000000e+02
9.410000000000000000e+02
1.213000000000000000e+03
1.458000000000000000e+03
1.681000000000000000e+03
1.891000000000000000e+03
2.286000000000000000e+03
2.658000000000000000e+03
3.012000000000000000e+03
3.367000000000000000e+03
3.497000000000000000e+03
3.562000000000000000e+03
3.645000000000000000e+03
3.770000000000000000e+03
4.380000000000000000e+03
4.949000000000000000e+03
5.487000000000000000e+03
5.952000000000000000e+03
5.665000000000000000e+03
6.532000000000000000e+03
5.091000000000000000e+03
7.688000000000000000e+03
8.058000000000000000e+03
5.847000000000000000e+03
8.731000000000000000e+03
9.048000000000000000e+03
9.330000000000000000e+03
9.404000000000000000e+03
9.915000000000000000e+03
4.975000000000000000e+03
6.568000000000000000e+03
5.099000000000000000e+03
1.083900000000000000e+04
5.274000000000000000e+03
9.916000000000000000e+03
1.150600000000000000e+04
1.166800000000000000e+04
8.599000000000000000e+03
5.680000000000000000e+03
5.752000000000000000e+03
1.244600000000000000e+04
6.250000000000000000e+03
1.196600000000000000e+04
1.287300000000000000e+04
6.150000000000000000e+03
6.273000000000000000e+03
nan
nan
nan
nan
nan
nan
nan
2.860000000000000000e+02
6.160000000000000000e+02
9.510000000000000000e+02
1.229000000000000000e+03
1.472000000000000000e+03
1.692000000000000000e+03
1.899000000000000000e+03
2.290000000000000000e+03
2.661000000000000000e+03
3.017000000000000000e+03
3.367000000000000000e+03
3.457000000000000000e+03
3.538000000000000000e+03
3.615000000000000000e+03
4.093000000000000000e+03
4.677000000000000000e+03
5.168000000000000000e+03
5.643000000000000000e+03
6.104000000000000000e+03
6.447000000000000000e+03
5.520000000000000000e+03
7.328000000000000000e+03
7.690000000000000000e+03
6.322000000000000000e+03
8.351000000000000000e+03
8.668000000000000000e+03
8.958000000000000000e+03
9.201000000000000000e+03
9.481000000000000000e+03
4.847000000000000000e+03
9.019000000000000000e+03
8.671000000000000000e+03
1.042400000000000000e+04
1.063400000000000000e+04
1.022400000000000000e+04
5.318000000000000000e+03
1.039500000000000000e+04
8.949000000000000000e+03
5.540000000000000000e+03
1.172100000000000000e+04
1.104700000000000000e+04
9.174000000000000000e+03
1.150900000000000000e+04
6.281000000000000000e+03
7.621000000000000000e+03
6.098000000000000000e+03
6.175000000000000000e+03
nan
nan
nan
nan
nan
nan
nan
6.110000000000000000e+02
9.650000000000000000e+02
1.238000000000000000e+03
1.477000000000000000e+03
1.696000000000000000e+03
1.902000000000000000e+03
2.292000000000000000e+03
2.658000000000000000e+03
3.019000000000000000e+03
3.342000000000000000e+03
3.434000000000000000e+03
3.510000000000000000e+03
3.805000000000000000e+03
4.348000000000000000e+03
4.855000000000000000e+03
5.335000000000000000e+03
5.762000000000000000e+03
5.070000000000000000e+03
6.589000000000000000e+03
5.401000000000000000e+03
7.318000000000000000e+03
7.660000000000000000e+03
4.335000000000000000e+03
8.263000000000000000e+03
8.553000000000000000e+03
8.655000000000000000e+03
9.101000000000000000e+03
9.343000000000000000e+03
4.774000000000000000e+03
6.772000000000000000e+03
4.948000000000000000e+03
1.017000000000000000e+04
5.113000000000000000e+03
1.010300000000000000e+04
1.078100000000000000e+04
1.092200000000000000e+04
5.659000000000000000e+03
5.761000000000000000e+03
5.566000000000000000e+03
1.163700000000000000e+04
6.800000000000000000e+03
1.095700000000000000e+04
1.201700000000000000e+04
5.961000000000000000e+03
6.435000000000000000e+03
6.115000000000000000e+03
nan
nan
nan
nan
nan
nan
6.230000000000000000e+02
9.700000000000000000e+02
1.242000000000000000e+03
1.481000000000000000e+03
1.698000000000000000e+03
1.905000000000000000e+03
2.294000000000000000e+03
2.660000000000000000e+03
3.011000000000000000e+03
3.327000000000000000e+03
3.407000000000000000e+03
3.514000000000000000e+03
4.023000000000000000e+03
4.543000000000000000e+03
4.993000000000000000e+03
5.426000000000000000e+03
5.844000000000000000e+03
5.864000000000000000e+03
4.916000000000000000e+03
6.955000000000000000e+03
7.293000000000000000e+03
5.661000000000000000e+03
7.894000000000000000e+03
8.189000000000000000e+03
8.454000000000000000e+03
8.479000000000000000e+03
8.929000000000000000e+03
4.659000000000000000e+03
8.242000000000000000e+03
8.849000000000000000e+03
9.793000000000000000e+03
9.987000000000000000e+03
1.021700000000000000e+04
5.135000000000000000e+03
9.533000000000000000e+03
9.111000000000000000e+03
5.362000000000000000e+03
1.098200000000000000e+04
1.120400000000000000e+04
9.329000000000000000e+03
1.151500000000000000e+04
6.125000000000000000e+03
7.826000000000000000e+03
5.905000000000000000e+03
5.981000000000000000e+03
1.160100000000000000e+04
nan
nan
nan
nan
nan
6.280000000000000000e+02
9.750000000000000000e+02
1.245000000000000000e+03
1.483000000000000000e+03
1.702000000000000000e+03
1.907000000000000000e+03
2.289000000000000000e+03
2.660000000000000000e+03
3.005000000000000000e+03
3.308000000000000000e+03
3.379000000000000000e+03
3.702000000000000000e+03
4.193000000000000000e+03
4.655000000000000000e+03
5.093000000000000000e+03
5.491000000000000000e+03
4.520000000000000000e+03
6.252000000000000000e+03
5.617000000000000000e+03
6.917000000000000000e+03
7.240000000000000000e+03
4.177000000000000000e+03
7.794000000000000000e+03
8.063000000000000000e+03
7.972000000000000000e+03
8.575000000000000000e+03
8.798000000000000000e+03
4.634000000000000000e+03
6.931000000000000000e+03
4.797000000000000000e+03
9.454000000000000000e+03
4.944000000000000000e+03
1.000400000000000000e+04
1.013100000000000000e+04
1.026000000000000000e+04
5.240000000000000000e+03
5.612000000000000000e+03
5.392000000000000000e+03
1.093200000000000000e+04
7.226000000000000000e+03
1.009300000000000000e+04
1.128600000000000000e+04
5.776000000000000000e+03
6.572000000000000000e+03
5.925000000000000000e+03
7.460000000000000000e+03
nan
nan
nan
nan
6.340000000000000000e+02
9.790000000000000000e+02
1.249000000000000000e+03
1.487000000000000000e+03
1.703000000000000000e+03
1.908000000000000000e+03
2.290000000000000000e+03
2.656000000000000000e+03
3.014000000000000000e+03
3.282000000000000000e+03
3.382000000000000000e+03
3.849000000000000000e+03
4.321000000000000000e+03
4.739000000000000000e+03
5.143000000000000000e+03
5.530000000000000000e+03
5.330000000000000000e+03
4.365000000000000000e+03
6.561000000000000000e+03
6.882000000000000000e+03
4.073000000000000000e+03
7.441000000000000000e+03
7.720000000000000000e+03
7.968000000000000000e+03
7.828000000000000000e+03
8.410000000000000000e+03
4.526000000000000000e+03
7.554000000000000000e+03
8.988000000000000000e+03
9.222000000000000000e+03
9.404000000000000000e+03
9.624000000000000000e+03
5.407000000000000000e+03
8.785000000000000000e+03
9.243000000000000000e+03
5.196000000000000000e+03
1.034100000000000000e+04
1.057500000000000000e+04
9.458000000000000000e+03
1.085200000000000000e+04
5.974000000000000000e+03
7.898000000000000000e+03
5.723000000000000000e+03
5.803000000000000000e+03
1.078400000000000000e+04
1.162800000000000000e+04
nan
nan
nan
6.400000000000000000e+02
9.830000000000000000e+02
1.253000000000000000e+03
1.486000000000000000e+03
1.703000000000000000e+03
1.907000000000000000e+03
2.290000000000000000e+03
2.655000000000000000e+03
3.017000000000000000e+03
3.256000000000000000e+03
3.511000000000000000e+03
3.963000000000000000e+03
4.390000000000000000e+03
4.797000000000000000e+03
5.175000000000000000e+03
4.020000000000000000e+03
5.890000000000000000e+03
5.761000000000000000e+03
6.511000000000000000e+03
6.820000000000000000e+03
4.054000000000000000e+03
7.341000000000000000e+03
7.597000000000000000e+03
7.365000000000000000e+03
8.085000000000000000e+03
8.295000000000000000e+03
4.496000000000000000e+03
7.053000000000000000e+03
4.642000000000000000e+03
8.788000000000000000e+03
5.197000000000000000e+03
9.442000000000000000e+03
9.562000000000000000e+03
9.683000000000000000e+03
5.079000000000000000e+03
5.467000000000000000e+03
5.232000000000000000e+03
1.032900000000000000e+04
7.550000000000000000e+03
6.837000000000000000e+03
1.067000000000000000e+04
5.600000000000000000e+03
6.688000000000000000e+03
5.749000000000000000e+03
7.310000000000000000e+03
1.126900000000000000e+04
nan
nan
6.470000000000000000e+02
9.870000000000000000e+02
1.255000000000000000e+03
1.487000000000000000e+03
1.704000000000000000e+03
1.902000000000000000e+03
2.289000000000000000e+03
2.656000000000000000e+03
3.017000000000000000e+03
3.230000000000000000e+03
3.609000000000000000e+03
4.042000000000000000e+03
4.440000000000000000e+03
4.822000000000000000e+03
5.189000000000000000e+03
4.850000000000000000e+03
3.733000000000000000e+03
6.167000000000000000e+03
6.474000000000000000e+03
3.951000000000000000e+03
7.007000000000000000e+03
7.276000000000000000e+03
7.512000000000000000e+03
7.254000000000000000e+03
7.934000000000000000e+03
4.388000000000000000e+03
6.954000000000000000e+03
8.578000000000000000e+03
8.714000000000000000e+03
8.888000000000000000e+03
9.102000000000000000e+03
5.707000000000000000e+03
8.145000000000000000e+03
9.350000000000000000e+03
5.042000000000000000e+03
9.793000000000000000e+03
1.002100000000000000e+04
9.566000000000000000e+03
1.029000000000000000e+04
5.828000000000000000e+03
8.006000000000000000e+03
5.555000000000000000e+03
5.911000000000000000e+03
1.010500000000000000e+04
1.105000000000000000e+04
1.104700000000000000e+04
3.760000000000000000e+02
6.530000000000000000e+02
9.900000000000000000e+02
1.252000000000000000e+03
1.488000000000000000e+03
1.700000000000000000e+03
1.902000000000000000e+03
2.287000000000000000e+03
2.657000000000000000e+03
3.014000000000000000e+03
3.260000000000000000e+03
3.683000000000000000e+03
4.086000000000000000e+03
4.471000000000000000e+03
4.836000000000000000e+03
3.559000000000000000e+03
5.520000000000000000e+03
5.839000000000000000e+03
6.114000000000000000e+03
6.414000000000000000e+03
3.923000000000000000e+03
6.916000000000000000e+03
7.163000000000000000e+03
6.833000000000000000e+03
7.635000000000000000e+03
7.840000000000000000e+03
4.355000000000000000e+03
7.146000000000000000e+03
4.869000000000000000e+03
8.214000000000000000e+03
5.461000000000000000e+03
8.953000000000000000e+03
9.069000000000000000e+03
9.188000000000000000e+03
4.931000000000000000e+03
5.325000000000000000e+03
5.076000000000000000e+03
9.819000000000000000e+03
7.794000000000000000e+03
5.291000000000000000e+03
1.015600000000000000e+04
5.437000000000000000e+03
6.787000000000000000e+03
5.583000000000000000e+03
7.164000000000000000e+03
1.075100000000000000e+04
1.096000000000000000e+04
8.080000000000000000e+02
9.910000000000000000e+02
1.252000000000000000e+03
1.487000000000000000e+03
1.697000000000000000e+03
1.902000000000000000e+03
2.284000000000000000e+03
2.657000000000000000e+03
3.005000000000000000e+03
3.325000000000000000e+03
3.671000000000000000e+03
4.115000000000000000e+03
4.483000000000000000e+03
4.836000000000000000e+03
4.423000000000000000e+03
3.605000000000000000e+03
5.782000000000000000e+03
6.082000000000000000e+03
3.824000000000000000e+03
6.600000000000000000e+03
6.862000000000000000e+03
7.093000000000000000e+03
6.755000000000000000e+03
7.505000000000000000e+03
4.251000000000000000e+03
6.437000000000000000e+03
8.134000000000000000e+03
8.269000000000000000e+03
8.439000000000000000e+03
8.648000000000000000e+03
5.937000000000000000e+03
7.601000000000000000e+03
9.145000000000000000e+03
4.893000000000000000e+03
9.331000000000000000e+03
9.554000000000000000e+03
9.656000000000000000e+03
9.820000000000000000e+03
5.685000000000000000e+03
8.097000000000000000e+03
5.394000000000000000e+03
6.002000000000000000e+03
9.544000000000000000e+03
1.057700000000000000e+04
1.058000000000000000e+04
5.752000000000000000e+03
1.098000000000000000e+03
1.252000000000000000e+03
1.486000000000000000e+03
1.696000000000000000e+03
1.902000000000000000e+03
2.285000000000000000e+03
2.657000000000000000e+03
3.000000000000000000e+03
3.372000000000000000e+03
3.758000000000000000e+03
4.130000000000000000e+03
4.487000000000000000e+03
3.446000000000000000e+03
5.154000000000000000e+03
5.466000000000000000e+03
5.690000000000000000e+03
6.029000000000000000e+03
3.793000000000000000e+03
6.522000000000000000e+03
6.765000000000000000e+03
6.373000000000000000e+03
7.230000000000000000e+03
7.431000000000000000e+03
4.537000000000000000e+03
7.213000000000000000e+03
5.079000000000000000e+03
7.725000000000000000e+03
5.343000000000000000e+03
8.530000000000000000e+03
8.647000000000000000e+03
8.766000000000000000e+03
4.786000000000000000e+03
5.187000000000000000e+03
4.926000000000000000e+03
9.392000000000000000e+03
7.975000000000000000e+03
5.140000000000000000e+03
9.731000000000000000e+03
5.282000000000000000e+03
6.872000000000000000e+03
5.424000000000000000e+03
7.022000000000000000e+03
1.033000000000000000e+04
1.053500000000000000e+04
5.708000000000000000e+03
1.347000000000000000e+03
1.486000000000000000e+03
1.697000000000000000e+03
1.902000000000000000e+03
2.285000000000000000e+03
2.654000000000000000e+03
3.013000000000000000e+03
3.345000000000000000e+03
3.775000000000000000e+03
4.135000000000000000e+03
4.481000000000000000e+03
4.050000000000000000e+03
3.483000000000000000e+03
5.413000000000000000e+03
5.709000000000000000e+03
3.700000000000000000e+03
6.222000000000000000e+03
6.482000000000000000e+03
6.711000000000000000e+03
6.326000000000000000e+03
7.121000000000000000e+03
4.117000000000000000e+03
5.995000000000000000e+03
7.743000000000000000e+03
7.880000000000000000e+03
8.049000000000000000e+03
8.255000000000000000e+03
6.111000000000000000e+03
6.423000000000000000e+03
8.751000000000000000e+03
4.751000000000000000e+03
8.942000000000000000e+03
9.161000000000000000e+03
9.332000000000000000e+03
9.429000000000000000e+03
5.546000000000000000e+03
8.175000000000000000e+03
5.243000000000000000e+03
6.081000000000000000e+03
9.083000000000000000e+03
1.019200000000000000e+04
1.020200000000000000e+04
5.596000000000000000e+03
5.669000000000000000e+03
1.573000000000000000e+03
1.709000000000000000e+03
1.901000000000000000e+03
2.285000000000000000e+03
2.656000000000000000e+03
3.042000000000000000e+03
3.418000000000000000e+03
3.782000000000000000e+03
4.134000000000000000e+03
3.412000000000000000e+03
4.794000000000000000e+03
5.104000000000000000e+03
5.323000000000000000e+03
5.665000000000000000e+03
3.668000000000000000e+03
6.159000000000000000e+03
6.401000000000000000e+03
5.978000000000000000e+03
6.864000000000000000e+03
7.066000000000000000e+03
4.706000000000000000e+03
7.259000000000000000e+03
5.239000000000000000e+03
7.311000000000000000e+03
5.216000000000000000e+03
8.166000000000000000e+03
8.286000000000000000e+03
8.407000000000000000e+03
4.648000000000000000e+03
5.053000000000000000e+03
4.988000000000000000e+03
9.035000000000000000e+03
8.103000000000000000e+03
4.997000000000000000e+03
9.381000000000000000e+03
5.136000000000000000e+03
6.944000000000000000e+03
5.274000000000000000e+03
6.883000000000000000e+03
9.989000000000000000e+03
1.019100000000000000e+04
5.558000000000000000e+03
1.043400000000000000e+04
1.783000000000000000e+03
1.927000000000000000e+03
2.301000000000000000e+03
2.680000000000000000e+03
3.060000000000000000e+03
3.426000000000000000e+03
3.783000000000000000e+03
4.128000000000000000e+03
3.728000000000000000e+03
3.378000000000000000e+03
5.059000000000000000e+03
5.356000000000000000e+03
3.580000000000000000e+03
5.873000000000000000e+03
6.131000000000000000e+03
6.362000000000000000e+03
5.960000000000000000e+03
6.776000000000000000e+03
3.993000000000000000e+03
4.063000000000000000e+03
7.401000000000000000e+03
7.541000000000000000e+03
7.713000000000000000e+03
7.918000000000000000e+03
6.239000000000000000e+03
6.545000000000000000e+03
8.416000000000000000e+03
4.616000000000000000e+03
8.617000000000000000e+03
8.833000000000000000e+03
9.003000000000000000e+03
9.104000000000000000e+03
5.410000000000000000e+03
8.240000000000000000e+03
5.099000000000000000e+03
6.147000000000000000e+03
8.705000000000000000e+03
9.879000000000000000e+03
9.898000000000000000e+03
5.449000000000000000e+03
5.519000000000000000e+03
1.008600000000000000e+04
1.985000000000000000e+03
2.319000000000000000e+03
2.695000000000000000e+03
3.067000000000000000e+03
3.429000000000000000e+03
3.782000000000000000e+03
3.356000000000000000e+03
4.445000000000000000e+03
4.756000000000000000e+03
5.009000000000000000e+03
5.323000000000000000e+03
3.556000000000000000e+03
5.824000000000000000e+03
6.069000000000000000e+03
5.643000000000000000e+03
6.536000000000000000e+03
6.740000000000000000e+03
4.834000000000000000e+03
7.165000000000000000e+03
5.358000000000000000e+03
6.963000000000000000e+03
5.147000000000000000e+03
7.853000000000000000e+03
7.977000000000000000e+03
8.104000000000000000e+03
4.518000000000000000e+03
4.921000000000000000e+03
5.040000000000000000e+03
8.737000000000000000e+03
8.189000000000000000e+03
4.859000000000000000e+03
9.094000000000000000e+03
4.996000000000000000e+03
7.005000000000000000e+03
5.133000000000000000e+03
6.748000000000000000e+03
9.715000000000000000e+03
9.915000000000000000e+03
5.412000000000000000e+03
1.016300000000000000e+04
9.452000000000000000e+03
2.370000000000000000e+03
2.709000000000000000e+03
3.073000000000000000e+03
3.429000000000000000e+03
3.261000000000000000e+03
4.102000000000000000e+03
4.419000000000000000e+03
4.703000000000000000e+03
5.000000000000000000e+03
3.572000000000000000e+03
5.515000000000000000e+03
5.764000000000000000e+03
5.360000000000000000e+03
6.238000000000000000e+03
6.448000000000000000e+03
4.929000000000000000e+03
6.879000000000000000e+03
5.443000000000000000e+03
6.672000000000000000e+03
5.168000000000000000e+03
7.582000000000000000e+03
7.714000000000000000e+03
7.847000000000000000e+03
4.394000000000000000e+03
4.793000000000000000e+03
5.080000000000000000e+03
8.489000000000000000e+03
8.240000000000000000e+03
4.730000000000000000e+03
8.859000000000000000e+03
4.864000000000000000e+03
7.057000000000000000e+03
5.002000000000000000e+03
6.614000000000000000e+03
9.496000000000000000e+03
9.694000000000000000e+03
5.273000000000000000e+03
9.947000000000000000e+03
9.185000000000000000e+03
1.193300000000000000e+04
2.740000000000000000e+03
3.074000000000000000e+03
3.128000000000000000e+03
3.765000000000000000e+03
4.091000000000000000e+03
4.388000000000000000e+03
4.690000000000000000e+03
3.677000000000000000e+03
5.225000000000000000e+03
5.481000000000000000e+03
5.123000000000000000e+03
5.966000000000000000e+03
6.183000000000000000e+03
4.996000000000000000e+03
6.623000000000000000e+03
5.499000000000000000e+03
6.430000000000000000e+03
5.175000000000000000e+03
7.349000000000000000e+03
7.489000000000000000e+03
7.628000000000000000e+03
4.275000000000000000e+03
4.667000000000000000e+03
5.108000000000000000e+03
8.282000000000000000e+03
8.262000000000000000e+03
4.605000000000000000e+03
8.667000000000000000e+03
4.774000000000000000e+03
7.099000000000000000e+03
4.874000000000000000e+03
6.483000000000000000e+03
9.322000000000000000e+03
9.518000000000000000e+03
5.141000000000000000e+03
9.777000000000000000e+03
8.971000000000000000e+03
1.204500000000000000e+04
1.018700000000000000e+04
3.018000000000000000e+03
3.430000000000000000e+03
3.766000000000000000e+03
4.081000000000000000e+03
4.391000000000000000e+03
3.761000000000000000e+03
4.950000000000000000e+03
5.215000000000000000e+03
4.927000000000000000e+03
5.716000000000000000e+03
5.943000000000000000e+03
5.040000000000000000e+03
6.393000000000000000e+03
5.532000000000000000e+03
6.230000000000000000e+03
5.168000000000000000e+03
7.146000000000000000e+03
7.294000000000000000e+03
7.441000000000000000e+03
4.161000000000000000e+03
4.543000000000000000e+03
5.127000000000000000e+03
8.110000000000000000e+03
8.260000000000000000e+03
4.486000000000000000e+03
8.510000000000000000e+03
5.022000000000000000e+03
7.134000000000000000e+03
5.111000000000000000e+03
6.354000000000000000e+03
9.184000000000000000e+03
9.379000000000000000e+03
5.372000000000000000e+03
9.644000000000000000e+03
8.801000000000000000e+03
1.212400000000000000e+04
1.006200000000000000e+04
1.168700000000000000e+04
3.444000000000000000e+03
3.778000000000000000e+03
4.099000000000000000e+03
3.831000000000000000e+03
4.687000000000000000e+03
4.964000000000000000e+03
4.766000000000000000e+03
5.482000000000000000e+03
5.719000000000000000e+03
5.066000000000000000e+03
6.183000000000000000e+03
5.547000000000000000e+03
6.067000000000000000e+03
5.148000000000000000e+03
6.967000000000000000e+03
7.124000000000000000e+03
7.279000000000000000e+03
4.053000000000000000e+03
4.422000000000000000e+03
5.136000000000000000e+03
7.966000000000000000e+03
8.239000000000000000e+03
4.374000000000000000e+03
8.383000000000000000e+03
5.265000000000000000e+03
7.161000000000000000e+03
5.363000000000000000e+03
6.226000000000000000e+03
9.077000000000000000e+03
9.271000000000000000e+03
5.634000000000000000e+03
9.543000000000000000e+03
8.668000000000000000e+03
1.206400000000000000e+04
9.969000000000000000e+03
1.155900000000000000e+04
5.607000000000000000e+03
3.808000000000000000e+03
3.889000000000000000e+03
4.430000000000000000e+03
4.718000000000000000e+03
4.637000000000000000e+03
5.261000000000000000e+03
5.508000000000000000e+03
5.076000000000000000e+03
5.989000000000000000e+03
5.545000000000000000e+03
5.936000000000000000e+03
5.115000000000000000e+03
6.808000000000000000e+03
6.975000000000000000e+03
7.140000000000000000e+03
3.948000000000000000e+03
4.439000000000000000e+03
5.136000000000000000e+03
7.892000000000000000e+03
8.201000000000000000e+03
6.494000000000000000e+03
8.280000000000000000e+03
5.506000000000000000e+03
7.181000000000000000e+03
5.612000000000000000e+03
6.099000000000000000e+03
8.995000000000000000e+03
9.188000000000000000e+03
5.892000000000000000e+03
9.467000000000000000e+03
8.565000000000000000e+03
1.198900000000000000e+04
9.900000000000000000e+03
1.143300000000000000e+04
5.645000000000000000e+03
1.207000000000000000e+04
4.174000000000000000e+03
4.477000000000000000e+03
4.536000000000000000e+03
5.045000000000000000e+03
5.306000000000000000e+03
5.072000000000000000e+03
5.806000000000000000e+03
5.529000000000000000e+03
5.832000000000000000e+03
5.069000000000000000e+03
6.663000000000000000e+03
6.842000000000000000e+03
7.015000000000000000e+03
3.848000000000000000e+03
4.487000000000000000e+03
5.127000000000000000e+03
7.845000000000000000e+03
8.148000000000000000e+03
6.400000000000000000e+03
8.195000000000000000e+03
5.744000000000000000e+03
7.194000000000000000e+03
5.857000000000000000e+03
5.974000000000000000e+03
8.919000000000000000e+03
9.125000000000000000e+03
6.146000000000000000e+03
9.412000000000000000e+03
8.488000000000000000e+03
1.190100000000000000e+04
9.854000000000000000e+03
1.130700000000000000e+04
5.678000000000000000e+03
1.194400000000000000e+04
8.698000000000000000e+03
4.459000000000000000e+03
4.833000000000000000e+03
5.109000000000000000e+03
5.060000000000000000e+03
5.630000000000000000e+03
5.503000000000000000e+03
5.751000000000000000e+03
5.010000000000000000e+03
6.530000000000000000e+03
6.721000000000000000e+03
6.904000000000000000e+03
3.751000000000000000e+03
4.535000000000000000e+03
5.108000000000000000e+03
7.786000000000000000e+03
8.083000000000000000e+03
6.328000000000000000e+03
8.126000000000000000e+03
5.978000000000000000e+03
7.200000000000000000e+03
6.099000000000000000e+03
6.196000000000000000e+03
8.856000000000000000e+03
9.080000000000000000e+03
6.399000000000000000e+03
9.374000000000000000e+03
8.433000000000000000e+03
1.180000000000000000e+04
9.825000000000000000e+03
1.118100000000000000e+04
5.707000000000000000e+03
1.181800000000000000e+04
8.572000000000000000e+03
1.334900000000000000e+04
4.912000000000000000e+03
5.039000000000000000e+03
5.459000000000000000e+03
5.469000000000000000e+03
5.692000000000000000e+03
5.054000000000000000e+03
6.405000000000000000e+03
6.608000000000000000e+03
6.803000000000000000e+03
3.657000000000000000e+03
4.584000000000000000e+03
5.081000000000000000e+03
7.717000000000000000e+03
8.009000000000000000e+03
6.276000000000000000e+03
8.071000000000000000e+03
6.210000000000000000e+03
7.201000000000000000e+03
6.339000000000000000e+03
6.436000000000000000e+03
8.811000000000000000e+03
9.048000000000000000e+03
6.647000000000000000e+03
9.350000000000000000e+03
8.397000000000000000e+03
1.169100000000000000e+04
9.810000000000000000e+03
1.105600000000000000e+04
5.732000000000000000e+03
1.169300000000000000e+04
8.446000000000000000e+03
1.322400000000000000e+04
1.057100000000000000e+04
5.287000000000000000e+03
5.427000000000000000e+03
5.651000000000000000e+03
5.096000000000000000e+03
6.285000000000000000e+03
6.501000000000000000e+03
6.708000000000000000e+03
3.567000000000000000e+03
4.633000000000000000e+03
5.045000000000000000e+03
7.639000000000000000e+03
7.925000000000000000e+03
6.241000000000000000e+03
8.025000000000000000e+03
6.440000000000000000e+03
7.195000000000000000e+03
6.576000000000000000e+03
6.674000000000000000e+03
8.783000000000000000e+03
9.028000000000000000e+03
6.894000000000000000e+03
9.338000000000000000e+03
8.376000000000000000e+03
1.157200000000000000e+04
9.807000000000000000e+03
1.093100000000000000e+04
5.753000000000000000e+03
1.156800000000000000e+04
8.319000000000000000e+03
1.310000000000000000e+04
1.059500000000000000e+04
1.327300000000000000e+04
5.626000000000000000e+03
5.139000000000000000e+03
6.167000000000000000e+03
6.397000000000000000e+03
6.617000000000000000e+03
3.480000000000000000e+03
4.682000000000000000e+03
4.999000000000000000e+03
7.553000000000000000e+03
7.833000000000000000e+03
6.220000000000000000e+03
7.987000000000000000e+03
6.666000000000000000e+03
7.183000000000000000e+03
6.811000000000000000e+03
6.908000000000000000e+03
8.769000000000000000e+03
9.018000000000000000e+03
7.137000000000000000e+03
9.335000000000000000e+03
8.369000000000000000e+03
1.144700000000000000e+04
9.814000000000000000e+03
1.080700000000000000e+04
5.771000000000000000e+03
1.144400000000000000e+04
8.193000000000000000e+03
1.297500000000000000e+04
1.062800000000000000e+04
1.314900000000000000e+04
7.717000000000000000e+03
6.048000000000000000e+03
6.294000000000000000e+03
6.527000000000000000e+03
3.403000000000000000e+03
4.732000000000000000e+03
4.943000000000000000e+03
7.461000000000000000e+03
7.736000000000000000e+03
6.213000000000000000e+03
7.954000000000000000e+03
6.891000000000000000e+03
7.164000000000000000e+03
7.043000000000000000e+03
7.140000000000000000e+03
8.767000000000000000e+03
9.013000000000000000e+03
7.378000000000000000e+03
9.340000000000000000e+03
8.374000000000000000e+03
1.131500000000000000e+04
9.828000000000000000e+03
1.068200000000000000e+04
5.785000000000000000e+03
1.131800000000000000e+04
8.067000000000000000e+03
1.285000000000000000e+04
1.066900000000000000e+04
1.302400000000000000e+04
7.590000000000000000e+03
1.104200000000000000e+04
6.436000000000000000e+03
3.451000000000000000e+03
4.782000000000000000e+03
4.877000000000000000e+03
7.363000000000000000e+03
7.633000000000000000e+03
6.216000000000000000e+03
7.925000000000000000e+03
7.113000000000000000e+03
7.189000000000000000e+03
7.273000000000000000e+03
7.371000000000000000e+03
8.775000000000000000e+03
9.015000000000000000e+03
7.617000000000000000e+03
9.350000000000000000e+03
8.388000000000000000e+03
1.117900000000000000e+04
9.850000000000000000e+03
1.055600000000000000e+04
5.795000000000000000e+03
1.119300000000000000e+04
7.940000000000000000e+03
1.272500000000000000e+04
1.071700000000000000e+04
1.289900000000000000e+04
7.463000000000000000e+03
1.107400000000000000e+04
1.131200000000000000e+04
4.832000000000000000e+03
4.799000000000000000e+03
7.282000000000000000e+03
7.525000000000000000e+03
6.230000000000000000e+03
7.899000000000000000e+03
7.333000000000000000e+03
7.414000000000000000e+03
7.501000000000000000e+03
7.599000000000000000e+03
8.793000000000000000e+03
9.021000000000000000e+03
7.853000000000000000e+03
9.365000000000000000e+03
8.412000000000000000e+03
1.103600000000000000e+04
9.876000000000000000e+03
1.043100000000000000e+04
5.802000000000000000e+03
1.106700000000000000e+04
7.813000000000000000e+03
1.260000000000000000e+04
1.077000000000000000e+04
1.277300000000000000e+04
7.335000000000000000e+03
1.111500000000000000e+04
1.137700000000000000e+04
9.106000000000000000e+03
7.226000000000000000e+03
7.414000000000000000e+03
6.253000000000000000e+03
7.873000000000000000e+03
7.552000000000000000e+03
7.638000000000000000e+03
7.728000000000000000e+03
7.826000000000000000e+03
8.819000000000000000e+03
9.030000000000000000e+03
8.089000000000000000e+03
9.384000000000000000e+03
8.443000000000000000e+03
1.089000000000000000e+04
9.906000000000000000e+03
1.030500000000000000e+04
5.806000000000000000e+03
1.094100000000000000e+04
7.685000000000000000e+03
1.247400000000000000e+04
1.082700000000000000e+04
1.264700000000000000e+04
7.207000000000000000e+03
1.116200000000000000e+04
1.144600000000000000e+04
9.375000000000000000e+03
1.019500000000000000e+04
6.283000000000000000e+03
7.845000000000000000e+03
7.769000000000000000e+03
7.859000000000000000e+03
7.952000000000000000e+03
8.051000000000000000e+03
8.842000000000000000e+03
9.040000000000000000e+03
8.321000000000000000e+03
9.405000000000000000e+03
8.516000000000000000e+03
1.074000000000000000e+04
9.939000000000000000e+03
1.017800000000000000e+04
5.807000000000000000e+03
1.081400000000000000e+04
7.556000000000000000e+03
1.234700000000000000e+04
1.088800000000000000e+04
1.252000000000000000e+04
7.077000000000000000e+03
1.121400000000000000e+04
1.151900000000000000e+04
9.641000000000000000e+03
1.021600000000000000e+04
1.140900000000000000e+04
7.984000000000000000e+03
8.080000000000000000e+03
8.176000000000000000e+03
8.273000000000000000e+03
8.850000000000000000e+03
9.051000000000000000e+03
8.553000000000000000e+03
9.428000000000000000e+03
8.749000000000000000e+03
1.058600000000000000e+04
9.973000000000000000e+03
1.005100000000000000e+04
5.804000000000000000e+03
1.068600000000000000e+04
7.427000000000000000e+03
1.221900000000000000e+04
1.095100000000000000e+04
1.239200000000000000e+04
6.947000000000000000e+03
1.127200000000000000e+04
1.159500000000000000e+04
9.906000000000000000e+03
1.023500000000000000e+04
1.135100000000000000e+04
1.021600000000000000e+04
8.397000000000000000e+03
8.494000000000000000e+03
8.860000000000000000e+03
9.063000000000000000e+03
8.782000000000000000e+03
9.450000000000000000e+03
8.980000000000000000e+03
1.043000000000000000e+04
1.001000000000000000e+04
9.924000000000000000e+03
5.797000000000000000e+03
1.055800000000000000e+04
7.297000000000000000e+03
1.209100000000000000e+04
1.101700000000000000e+04
1.226300000000000000e+04
6.817000000000000000e+03
1.133300000000000000e+04
1.167300000000000000e+04
1.016800000000000000e+04
1.025200000000000000e+04
1.129300000000000000e+04
1.042300000000000000e+04
8.122000000000000000e+03
8.866000000000000000e+03
9.073000000000000000e+03
9.010000000000000000e+03
9.472000000000000000e+03
9.210000000000000000e+03
1.027100000000000000e+04
1.004600000000000000e+04
9.795000000000000000e+03
5.787000000000000000e+03
1.042900000000000000e+04
7.167000000000000000e+03
1.196200000000000000e+04
1.108300000000000000e+04
1.213400000000000000e+04
6.685000000000000000e+03
1.139900000000000000e+04
1.175300000000000000e+04
1.042800000000000000e+04
1.026700000000000000e+04
1.123300000000000000e+04
1.069200000000000000e+04
8.324000000000000000e+03
6.808000000000000000e+03
9.237000000000000000e+03
9.493000000000000000e+03
9.438000000000000000e+03
1.010900000000000000e+04
1.008200000000000000e+04
9.666000000000000000e+03
5.773000000000000000e+03
1.029900000000000000e+04
7.035000000000000000e+03
1.183200000000000000e+04
1.115100000000000000e+04
1.200300000000000000e+04
6.612000000000000000e+03
1.146700000000000000e+04
1.183400000000000000e+04
1.058800000000000000e+04
1.028100000000000000e+04
1.117200000000000000e+04
1.095600000000000000e+04
8.522000000000000000e+03
6.826000000000000000e+03
4.645000000000000000e+03
9.666000000000000000e+03
9.947000000000000000e+03
1.011800000000000000e+04
9.537000000000000000e+03
5.755000000000000000e+03
1.016800000000000000e+04
6.902000000000000000e+03
1.170100000000000000e+04
1.121900000000000000e+04
1.187200000000000000e+04
6.613000000000000000e+03
1.153900000000000000e+04
1.191500000000000000e+04
1.066200000000000000e+04
1.029200000000000000e+04
1.111000000000000000e+04
1.122100000000000000e+04
8.717000000000000000e+03
6.842000000000000000e+03
4.561000000000000000e+03
1.413100000000000000e+04
1.015100000000000000e+04
9.406000000000000000e+03
5.732000000000000000e+03
1.003700000000000000e+04
6.769000000000000000e+03
1.156900000000000000e+04
1.128700000000000000e+04
1.173900000000000000e+04
6.612000000000000000e+03
1.161300000000000000e+04
1.199700000000000000e+04
1.073800000000000000e+04
1.030200000000000000e+04
1.104800000000000000e+04
1.148200000000000000e+04
8.909000000000000000e+03
6.857000000000000000e+03
4.480000000000000000e+03
1.413100000000000000e+04
9.251000000000000000e+03
3.614000000000000000e+03
9.904000000000000000e+03
6.634000000000000000e+03
1.143600000000000000e+04
1.135300000000000000e+04
1.160600000000000000e+04
6.608000000000000000e+03
1.168800000000000000e+04
1.207900000000000000e+04
1.081500000000000000e+04
1.031000000000000000e+04
1.098600000000000000e+04
1.167700000000000000e+04
9.097000000000000000e+03
6.871000000000000000e+03
4.400000000000000000e+03
1.413100000000000000e+04
9.116000000000000000e+03
1.050700000000000000e+04
6.499000000000000000e+03
1.128000000000000000e+04
1.141900000000000000e+04
1.147100000000000000e+04
6.601000000000000000e+03
1.176600000000000000e+04
1.216000000000000000e+04
1.089500000000000000e+04
1.031600000000000000e+04
1.092300000000000000e+04
1.175700000000000000e+04
9.281000000000000000e+03
6.883000000000000000e+03
4.322000000000000000e+03
1.401500000000000000e+04
8.979000000000000000e+03
1.060100000000000000e+04
1.383100000000000000e+04
1.148300000000000000e+04
1.133500000000000000e+04
6.592000000000000000e+03
1.184600000000000000e+04
1.224000000000000000e+04
1.097600000000000000e+04
1.032000000000000000e+04
1.086100000000000000e+04
1.183800000000000000e+04
9.463000000000000000e+03
6.893000000000000000e+03
4.246000000000000000e+03
1.387900000000000000e+04
8.841000000000000000e+03
1.069500000000000000e+04
1.375100000000000000e+04
4.506000000000000000e+03
6.579000000000000000e+03
1.199000000000000000e+04
1.232000000000000000e+04
1.105900000000000000e+04
1.032100000000000000e+04
1.079800000000000000e+04
1.192200000000000000e+04
9.641000000000000000e+03
6.902000000000000000e+03
4.171000000000000000e+03
1.377200000000000000e+04
8.701000000000000000e+03
1.078900000000000000e+04
1.367200000000000000e+04
4.429000000000000000e+03
7.403000000000000000e+03
1.239700000000000000e+04
1.114500000000000000e+04
1.032100000000000000e+04
1.073600000000000000e+04
1.200800000000000000e+04
9.817000000000000000e+03
6.910000000000000000e+03
4.099000000000000000e+03
1.387600000000000000e+04
8.560000000000000000e+03
1.088500000000000000e+04
1.359300000000000000e+04
4.354000000000000000e+03
7.262000000000000000e+03
4.456000000000000000e+03
1.031700000000000000e+04
1.067300000000000000e+04
1.209500000000000000e+04
9.989000000000000000e+03
6.915000000000000000e+03
4.028000000000000000e+03
1.398100000000000000e+04
8.417000000000000000e+03
1.098000000000000000e+04
1.351500000000000000e+04
4.281000000000000000e+03
7.119000000000000000e+03
4.382000000000000000e+03
1.416400000000000000e+04
1.218500000000000000e+04
1.015800000000000000e+04
3.909000000000000000e+03
3.959000000000000000e+03
1.408400000000000000e+04
8.272000000000000000e+03
1.107600000000000000e+04
1.343700000000000000e+04
4.210000000000000000e+03
6.974000000000000000e+03
4.310000000000000000e+03
1.444200000000000000e+04
1.404200000000000000e+04
3.850000000000000000e+03
3.891000000000000000e+03
1.418600000000000000e+04
8.126000000000000000e+03
1.117200000000000000e+04
1.336000000000000000e+04
4.140000000000000000e+03
6.828000000000000000e+03
4.239000000000000000e+03
1.471900000000000000e+04
1.390000000000000000e+04
1.474000000000000000e+04
1.428800000000000000e+04
8.564000000000000000e+03
1.126900000000000000e+04
1.328500000000000000e+04
4.071000000000000000e+03
6.680000000000000000e+03
4.170000000000000000e+03
1.499500000000000000e+04
1.375500000000000000e+04
1.476500000000000000e+04
1.413100000000000000e+04
1.136500000000000000e+04
1.321000000000000000e+04
4.004000000000000000e+03
5.901000000000000000e+03
4.102000000000000000e+03
1.527100000000000000e+04
1.360900000000000000e+04
1.479000000000000000e+04
1.413100000000000000e+04
1.527300000000000000e+04
3.948000000000000000e+03
4.908000000000000000e+03
4.036000000000000000e+03
1.554500000000000000e+04
1.346200000000000000e+04
1.481400000000000000e+04
1.413100000000000000e+04
1.530000000000000000e+04
4.328000000000000000e+03
5.463000000000000000e+03
1.581800000000000000e+04
1.331200000000000000e+04
1.483700000000000000e+04
1.413100000000000000e+04
1.532600000000000000e+04
4.260000000000000000e+03
1.413100000000000000e+04
1.316000000000000000e+04
1.486000000000000000e+04
1.413100000000000000e+04
1.535200000000000000e+04
4.194000000000000000e+03
1.413100000000000000e+04
4.290000000000000000e+03
1.413100000000000000e+04
1.537800000000000000e+04
4.129000000000000000e+03
1.413100000000000000e+04
4.224000000000000000e+03
4.272000000000000000e+03
4.076000000000000000e+03
1.413100000000000000e+04
4.160000000000000000e+03
4.207000000000000000e+03
1.272500000000000000e+04
4.108000000000000000e+03
4.145000000000000000e+03
1.257000000000000000e+04
4.237000000000000000e+03
1.241200000000000000e+04
4.735000000000000000e+03
1.209200000000000000e+04
1.220200000000000000e+04
1.499200000000000000e+04
1.422300000000000000e+04
