nan
nan
nan
nan
nan
nan
nan
nan
nan
nan
nan
nan
nan
nan
nan
nan
nan
nan
nan
nan
nan
nan
nan
nan
nan
nan
nan
1.259468085106382915e+02
4.488167938931297840e+02
6.910758426966292518e+02
9.166788990825688188e+02
1.185884210526315883e+03
1.281836289222373807e+03
1.317554570259208731e+03
1.354496764917325663e+03
1.421851014040561722e+03
1.482694304857621546e+03
1.537201067615658303e+03
1.599421002838221284e+03
1.662044044044044085e+03
1.692396070320579156e+03
1.698290187891440610e+03
1.720502109704641271e+03
1.731163179916318086e+03
1.781110294117647072e+03
1.826646201873048994e+03
1.890194845360824729e+03
1.953317395727365238e+03
2.065679342240493497e+03
2.123353955375253463e+03
2.227184049079754459e+03
2.308641760491299920e+03
2.381805755395683263e+03
2.448799379524301912e+03
2.528563350785340390e+03
2.591661392405063452e+03
2.647768656716417809e+03
2.688310752688172215e+03
2.722685124864277896e+03
2.780153252480705760e+03
2.821945005611672059e+03
2.868412770809577978e+03
2.894282583621683898e+03
2.932376760563380230e+03
2.947278106508875680e+03
2.977018028846153811e+03
3.002759462759462622e+03
3.027080745341615057e+03
3.044194723618090393e+03
3.099165596919126983e+03
3.116685305591677661e+03
nan
nan
nan
nan
nan
nan
nan
nan
nan
nan
nan
nan
nan
nan
nan
nan
nan
nan
nan
nan
nan
nan
nan
nan
nan
nan
2.421280487804878021e+02
5.143002070393374652e+02
7.522025316455695929e+02
9.651984659635666048e+02
1.188509963099631022e+03
1.270222677595628511e+03
1.305368784530386847e+03
1.356867354458363934e+03
1.416160855784469049e+03
1.481381802721088434e+03
1.536548241659152382e+03
1.595113658070678184e+03
1.660158585858585866e+03
1.691449426485922913e+03
1.687673277661795510e+03
1.719900739176346406e+03
1.731106250000000045e+03
1.769643523316062101e+03
1.829377319587628790e+03
1.892343845371312227e+03
1.969291203235591411e+03
2.067462398373983888e+03
2.152793103448275815e+03
2.235449848024315997e+03
2.320199796126401452e+03
2.383303680981594880e+03
2.472131334022750707e+03
2.541107515657619842e+03
2.600433544303797589e+03
2.632715644820295893e+03
2.680682352941176305e+03
2.730044468546637745e+03
2.774512651265126351e+03
2.812562011173184146e+03
2.841265607264472237e+03
2.868225287356322042e+03
2.909264327485379908e+03
2.943243467933491502e+03
2.962641486810551669e+03
2.998794871794871597e+03
3.012545792079207786e+03
3.040372795969773506e+03
3.073985969387755176e+03
3.106970013037809622e+03
nan
nan
nan
nan
nan
nan
nan
nan
nan
nan
nan
nan
nan
nan
nan
nan
nan
nan
nan
nan
nan
nan
nan
nan
nan
3.373577586206896513e+02
5.767746478873239084e+02
8.082041763341067053e+02
9.948125000000000000e+02
1.186648471615720609e+03
1.257641535298149392e+03
1.288992329149233001e+03
1.345858103061986640e+03
1.415166263115415632e+03
1.473152323580034363e+03
1.531608576642335720e+03
1.593150579150579233e+03
1.656144750254841938e+03
1.665570837642192373e+03
1.676269230769230717e+03
1.704846234309623469e+03
1.719071060762100842e+03
1.775313079299691026e+03
1.835024514811031622e+03
1.901023208879919366e+03
1.995149494949494965e+03
2.080601814516129252e+03
2.156654964894683872e+03
2.251885858585858387e+03
2.322462082912032201e+03
2.390557360406091448e+03
2.472405349794238646e+03
2.549778705636743325e+03
2.584345911949685615e+03
2.632057955742887316e+03
2.685056684491978558e+03
2.725128648648648777e+03
2.760728869374313945e+03
2.802544543429843998e+03
2.846315192743764328e+03
2.867647193585337845e+03
2.899128055878928990e+03
2.914761792452830377e+03
2.957693877551020250e+03
2.986604622871046104e+03
3.021830445544554550e+03
3.041475471698113324e+03
3.058116368286444867e+03
3.106600518806744276e+03
nan
nan
nan
nan
nan
nan
nan
nan
nan
nan
nan
nan
nan
nan
nan
nan
nan
nan
nan
nan
nan
nan
nan
2.031250000000000000e+01
4.074304207119741363e+02
6.374542635658914378e+02
8.590721982758620925e+02
1.021110723626852632e+03
1.179734004313443620e+03
1.247586731167933749e+03
1.280457831325301186e+03
1.350138485080336750e+03
1.410678951678951762e+03
1.473590034965034874e+03
1.546232492997198960e+03
1.596996086105675204e+03
1.634432048681541573e+03
1.649002061855670036e+03
1.661972078593588321e+03
1.689264736297828222e+03
1.730317853457172305e+03
1.777864008179959001e+03
1.834971745711402718e+03
1.910095000000000027e+03
2.021745454545454550e+03
2.078182089552238722e+03
2.172416999999999916e+03
2.260053212851405533e+03
2.324171686746988144e+03
2.399698685540950464e+03
2.487105858170606552e+03
2.541546113989637433e+03
2.583442708333333485e+03
2.637831401475237271e+03
2.683772678762006308e+03
2.720459546925566428e+03
2.765113062568605983e+03
2.789078976640711971e+03
2.813584269662921542e+03
2.873956371986222621e+03
2.887714947856315121e+03
2.926654028436018962e+03
2.948261704681872743e+03
2.982026731470230970e+03
3.023110421836228397e+03
3.046057861635219979e+03
3.074075351213282374e+03
3.070780361757105766e+03
nan
nan
nan
nan
nan
nan
nan
nan
nan
nan
nan
nan
nan
nan
nan
nan
nan
nan
nan
nan
nan
nan
1.326250000000000000e+02
4.704935064935065157e+02
6.939162011173184510e+02
9.004473684210526017e+02
1.036770464135021030e+03
1.175516475644699085e+03
1.232239749826268280e+03
1.272341972642188693e+03
1.345621011673151770e+03
1.403101905550952779e+03
1.474334516415261760e+03
1.541143261074457996e+03
1.600055500495540173e+03
1.628957099080694661e+03
1.647772492244053865e+03
1.665032057911065067e+03
1.682416837782340963e+03
1.720391038696537635e+03
1.783659898477157412e+03
1.844214999999999918e+03
1.922284011916583950e+03
2.016534791252485093e+03
2.098177403369672902e+03
2.177615841584158261e+03
2.263243270189431769e+03
2.334126000000000204e+03
2.406293346774193651e+03
2.484766871165644261e+03
2.539990721649484385e+03
2.583017634854771586e+03
2.630526757607555282e+03
2.687159018143009689e+03
2.715714131607335275e+03
2.761079956188390042e+03
2.786991140642303435e+03
2.819714285714285779e+03
2.850979381443299189e+03
2.886791425260718370e+03
2.902256169212691020e+03
2.929363201911588931e+03
2.968913834951456465e+03
3.015252173913043407e+03
3.031947236180904383e+03
3.046052096569250352e+03
3.074755469755469676e+03
nan
nan
nan
nan
nan
nan
nan
nan
nan
nan
nan
nan
nan
nan
nan
nan
nan
nan
nan
nan
nan
2.387852348993288558e+02
5.169617021276595779e+02
7.430471938775509670e+02
9.313674059787849728e+02
1.041008183306055571e+03
1.167095714285714394e+03
1.220042105263157964e+03
1.264211411850768172e+03
1.336934542586750695e+03
1.403108677337826521e+03
1.471035008976660720e+03
1.529732007575757507e+03
1.593795409181636614e+03
1.629800205973223456e+03
1.640490683229813612e+03
1.664191709844559682e+03
1.678722448979591945e+03
1.728867005076142050e+03
1.796922143579373142e+03
1.853294642857142890e+03
1.943799999999999955e+03
2.026410256410256352e+03
2.102563421828908758e+03
2.199179207920792123e+03
2.269224975222993180e+03
2.344818544366899459e+03
2.426449949443882815e+03
2.484599796334012353e+03
2.527069743589743666e+03
2.581989658738365961e+03
2.630373165618448638e+03
2.681213829787233863e+03
2.710310679611650357e+03
2.737992374727668903e+03
2.767216814159291971e+03
2.814152637485970899e+03
2.855892448512585815e+03
2.866195375722543304e+03
2.910552414605418107e+03
2.941434573829531928e+03
2.966427703523693708e+03
3.001835192069392633e+03
3.008223337515683852e+03
3.030148665819568123e+03
3.056181467181467269e+03
nan
nan
nan
nan
nan
nan
nan
nan
nan
nan
nan
nan
nan
nan
nan
nan
nan
nan
nan
nan
3.184178403755868771e+02
5.693745387453874400e+02
7.853667452830188722e+02
9.468276497695852640e+02
1.046127506014434630e+03
1.150875000000000000e+03
1.204132155477031802e+03
1.263377893950709449e+03
1.334492381716118643e+03
1.401804961505560414e+03
1.468561307901907412e+03
1.533652257444764700e+03
1.593563508064516100e+03
1.607829417773237992e+03
1.615109295199182952e+03
1.646230296827021448e+03
1.678678172588832467e+03
1.737738119312436766e+03
1.794210578842315272e+03
1.863669291338582752e+03
1.956128937007874129e+03
2.029954101562500000e+03
2.124363101079489752e+03
2.208809852216748823e+03
2.265951866404715020e+03
2.352116417910447581e+03
2.434353830645161452e+03
2.488780487804878248e+03
2.530758163265305939e+03
2.578833849329205350e+03
2.620505219206680522e+03
2.674091198303287456e+03
2.724231351351351350e+03
2.745126499454743680e+03
2.775125827814569675e+03
2.805254769921436491e+03
2.850910857142857367e+03
2.872468604651162877e+03
2.910710247349823476e+03
2.918052505966586978e+03
2.967934306569342880e+03
2.978892592592592791e+03
2.989686956521738921e+03
3.031762025316455492e+03
3.053396907216495038e+03
nan
nan
nan
nan
nan
nan
nan
nan
nan
nan
nan
nan
nan
nan
nan
nan
nan
nan
nan
3.904538745387453673e+02
6.152941176470587834e+02
8.198831312017640585e+02
9.580427426536064104e+02
1.047669826224328517e+03
1.141969351389878739e+03
1.191965689778413207e+03
1.264012967200610319e+03
1.334551386623164717e+03
1.397768831168831184e+03
1.466786764705882433e+03
1.529285299806576404e+03
1.578152217741935374e+03
1.598153374233128943e+03
1.604814213197969593e+03
1.634304655870445231e+03
1.673399396378269557e+03
1.740251755265797328e+03
1.796355665024630525e+03
1.880693137254902013e+03
1.967121212121212011e+03
2.048638132295719970e+03
2.132604878048780392e+03
2.199970788704965798e+03
2.282311394891944929e+03
2.352288822947576591e+03
2.440287009063444202e+03
2.484370707070706885e+03
2.540041879468845764e+03
2.567800411522633567e+03
2.622997910135841266e+03
2.671750000000000000e+03
2.707361976369495096e+03
2.732957654723127234e+03
2.751919691969196720e+03
2.818635135135134988e+03
2.825355353075171024e+03
2.867794663573085927e+03
2.897196009389671417e+03
2.924718225419664122e+03
2.940378019323671651e+03
2.963811808118080990e+03
3.016456712672521917e+03
3.010597222222222172e+03
3.047318766066838180e+03
nan
nan
nan
nan
nan
nan
nan
nan
nan
nan
nan
nan
nan
nan
nan
nan
nan
7.053333333333333144e+01
4.452912912912913157e+02
6.544756995581738011e+02
8.427194994786235611e+02
9.659218750000000000e+02
1.046010148321623774e+03
1.128125000000000000e+03
1.182791304347826099e+03
1.259768217054263459e+03
1.325084019769357383e+03
1.397430201931518923e+03
1.470660447761194064e+03
1.537647984267453239e+03
1.567204637096774150e+03
1.585978593272171338e+03
1.607554989816700527e+03
1.627848393574297233e+03
1.669882470119521940e+03
1.747250497017892712e+03
1.804167968750000000e+03
1.885241513094083302e+03
1.978397087378640890e+03
2.063334626576139726e+03
2.147198250728863059e+03
2.212745383867832970e+03
2.288315738025415612e+03
2.365975296442687522e+03
2.433398000000000138e+03
2.473279839518555491e+03
2.523410152284263859e+03
2.582807216494845306e+03
2.609566528066528008e+03
2.663408033826638530e+03
2.687881536819636949e+03
2.705975161987041247e+03
2.759169230769230580e+03
2.792383408071748818e+03
2.837881006864988649e+03
2.867252607184241242e+03
2.902768867924528422e+03
2.913704545454545496e+03
2.935803874092009664e+03
2.971134969325153179e+03
2.993842500000000200e+03
3.025682802547770734e+03
3.032736503856041054e+03
nan
nan
nan
nan
nan
nan
nan
nan
nan
nan
nan
nan
nan
nan
nan
nan
1.599090909090909065e+02
4.881590909090909349e+02
6.900555555555555429e+02
8.618787575150300881e+02
9.670271416454622795e+02
1.035869899923017783e+03
1.118835853131749445e+03
1.172874541452677931e+03
1.255388976377952758e+03
1.323331103678929821e+03
1.398878895814781799e+03
1.463630046948356721e+03
1.540569154228855723e+03
1.560881698685540869e+03
1.573779918864097453e+03
1.606418699186991944e+03
1.626388999999999896e+03
1.674910979228486667e+03
1.745192723697148494e+03
1.810126570048309077e+03
1.905244917715392148e+03
1.988843629343629345e+03
2.066399422521655652e+03
2.151168918918918735e+03
2.213377649325626408e+03
2.292100194552529047e+03
2.380443125618199701e+03
2.428136047666335799e+03
2.469820359281437050e+03
2.528901722391084149e+03
2.570155578300921206e+03
2.614831425598335045e+03
2.655082278481012509e+03
2.678677694770544349e+03
2.718607567567567457e+03
2.751127753303964710e+03
2.792988801791713286e+03
2.835920091324200712e+03
2.871096399535424098e+03
2.893617196702002275e+03
2.904092967818831767e+03
2.926579710144927503e+03
2.954697303921568619e+03
2.970891791044776255e+03
3.016825095057034105e+03
3.049442010309278430e+03
nan
nan
nan
nan
nan
nan
nan
nan
nan
nan
nan
nan
nan
nan
nan
3.174205128205128403e+02
5.608242753623188719e+02
7.504287369640787801e+02
8.729916897506925579e+02
9.587020408163265301e+02
1.017699466056445431e+03
1.094705535055350538e+03
1.169872110939907543e+03
1.252424466338259435e+03
1.319363321799307869e+03
1.390611872146118685e+03
1.459921153846153857e+03
1.504815476190476147e+03
1.531824949698189130e+03
1.550268537074148298e+03
1.582890764647467677e+03
1.617955968688845360e+03
1.695471163245356820e+03
1.754460803059273530e+03
1.845625239005736148e+03
1.921396208530805779e+03
2.020073403241182177e+03
2.088599620493358543e+03
2.154789373814041937e+03
2.241646833013435753e+03
2.316954413191076583e+03
2.379524461839530431e+03
2.429680157946692816e+03
2.468062438057482723e+03
2.530696356275303515e+03
2.582130256410256607e+03
2.606693581780538352e+03
2.641390985324947451e+03
2.673847872340425511e+03
2.712684324324324280e+03
2.745623490669594048e+03
2.792197309417040287e+03
2.822075170842824718e+03
2.841865207373271915e+03
2.865133333333333212e+03
2.877998815165876749e+03
2.908581927710843502e+03
2.954319410319410508e+03
2.968248138957816536e+03
2.976027672955975049e+03
3.016712998712998797e+03
nan
nan
nan
nan
nan
nan
nan
nan
nan
nan
nan
nan
nan
1.150000000000000000e+01
4.146000000000000227e+02
6.130636094674556489e+02
7.684294736842105067e+02
8.716684397163120366e+02
9.408771084337349748e+02
9.984067796610169125e+02
1.071672492401215777e+03
1.162919005613472336e+03
1.240738799661876556e+03
1.322872873769024181e+03
1.387843632958801436e+03
1.461015732546705976e+03
1.489397602397602441e+03
1.504244776119403014e+03
1.542154608523290335e+03
1.570543689320388239e+03
1.634757487922705423e+03
1.699726235741444953e+03
1.778923728813559364e+03
1.859857009345794495e+03
1.957996244131455342e+03
2.035554826616682249e+03
2.102786716557530326e+03
2.178735653809971609e+03
2.256960000000000036e+03
2.323224038461538385e+03
2.371799806576402261e+03
2.425275659824047125e+03
2.470359683794466491e+03
2.518724448897795810e+03
2.544295959595959630e+03
2.583006147540983420e+03
2.614695426195426080e+03
2.662911016949152327e+03
2.696763186221744036e+03
2.731311062431544542e+03
2.769909294512877750e+03
2.799885617214043123e+03
2.810066513761467832e+03
2.826573255813953438e+03
2.878107947805456661e+03
2.891471788715486127e+03
2.932948592411260506e+03
2.954351552795031239e+03
2.985749054224464089e+03
3.021298584298584501e+03
nan
nan
nan
nan
nan
nan
nan
nan
nan
nan
nan
nan
1.511282051282051384e+02
4.666211340206185696e+02
6.399231770833333712e+02
7.670708582834331537e+02
8.552859618717504873e+02
9.197660771704180434e+02
9.700780031201247766e+02
1.062867879746835342e+03
1.160630525437864890e+03
1.233524347826087023e+03
1.310474452554744630e+03
1.390046109510086353e+03
1.441434223541048368e+03
1.469575697211155330e+03
1.492531558185404265e+03
1.526490767735665713e+03
1.572416984732824403e+03
1.646449385052034131e+03
1.720827264239028864e+03
1.806697307335190317e+03
1.889859519408502820e+03
1.981571428571428669e+03
2.031392660550458686e+03
2.120388888888888687e+03
2.194891588785046679e+03
2.250205440900562735e+03
2.327057251908397120e+03
2.360645933014353886e+03
2.429225146198830316e+03
2.464672888015717035e+03
2.492402184707050765e+03
2.527073366834170884e+03
2.567454175152749485e+03
2.610034267912772521e+03
2.646253164556962020e+03
2.693627831715210505e+03
2.723885839736553407e+03
2.747703333333333376e+03
2.778199774266365694e+03
2.794924311926605696e+03
2.814681712962963047e+03
2.845613931523022529e+03
2.880568345323741141e+03
2.913045177045176843e+03
2.938871571072319057e+03
2.978313527180783694e+03
3.007878048780487916e+03
nan
nan
nan
nan
nan
nan
nan
nan
nan
nan
nan
2.079315068493150704e+02
4.758625000000000114e+02
6.411251518833536238e+02
7.510183752417794949e+02
8.395953206239167912e+02
8.996111111111110858e+02
9.495792000000000144e+02
1.056045193097781521e+03
1.148384417808219268e+03
1.237324348607367483e+03
1.315527699530516429e+03
1.390370588235294008e+03
1.420853610286844741e+03
1.442654598825831727e+03
1.478706395348837304e+03
1.516345971563981038e+03
1.597410984848484759e+03
1.656767313019390485e+03
1.737535224153705485e+03
1.819570909090909026e+03
1.920184981684981722e+03
1.978169537624660052e+03
2.057987237921604446e+03
2.133564738292011043e+03
2.192936346863468771e+03
2.255204100652376383e+03
2.319649669499528045e+03
2.371450811843361862e+03
2.416030917874395982e+03
2.447966861598440573e+03
2.485644970414200998e+03
2.521218875502007904e+03
2.563262244897959135e+03
2.591474120082815716e+03
2.644164904862579078e+03
2.660066310160427747e+03
2.690241865509761283e+03
2.725096026490066379e+03
2.760209223847019075e+03
2.778141230068337336e+03
2.784520138089758348e+03
2.827501762632197369e+03
2.879893157262905333e+03
2.891762484774665154e+03
2.933544665012406767e+03
2.966457755359394923e+03
2.963755725190839712e+03
nan
nan
nan
nan
nan
nan
nan
nan
nan
nan
nan
4.652614259597806381e+02
6.207142857142856656e+02
7.316229665071770114e+02
8.150104438642297282e+02
8.780842368640534232e+02
9.476836820083682369e+02
1.047355084745762724e+03
1.146675198587819978e+03
1.234774609015639271e+03
1.313943486590038219e+03
1.364389432485322914e+03
1.409324777887462915e+03
1.425742526518804198e+03
1.474890267175572490e+03
1.523758620689655118e+03
1.601047926267281127e+03
1.679676069153776098e+03
1.749321396598030333e+03
1.844512129380053921e+03
1.921580269058295926e+03
2.002060306030602987e+03
2.077134057971014499e+03
2.137729754322111148e+03
2.203505968778696115e+03
2.272546554934823234e+03
2.320259154929577562e+03
2.357518026565464879e+03
2.395495219885277038e+03
2.435470873786407992e+03
2.477934119960668795e+03
2.505665668662674761e+03
2.552796541200406864e+03
2.593074611398963953e+03
2.611056485355648419e+03
2.650365282215122534e+03
2.684109425785482017e+03
2.717441501103752671e+03
2.742449664429530003e+03
2.764971623155505313e+03
2.797621089223638592e+03
2.823892941176470686e+03
2.861363636363636488e+03
2.907198044009780006e+03
2.902875462392108602e+03
2.927785445420326141e+03
2.954174078780177751e+03
nan
nan
nan
nan
nan
nan
nan
nan
nan
nan
4.386133567662565724e+02
5.991248568155784824e+02
7.135283926852742979e+02
7.991816562778273010e+02
8.717954939341420868e+02
9.313527896995708488e+02
1.052477072310405674e+03
1.142728093947606112e+03
1.234785512699905894e+03
1.312069133398247232e+03
1.348734115347018587e+03
1.384139670223084295e+03
1.428301724137930933e+03
1.467102420856610706e+03
1.532506849315068393e+03
1.615009025270758229e+03
1.686217584369449469e+03
1.780766222222222268e+03
1.864208703374777997e+03
1.938445921985815630e+03
2.016151515151515241e+03
2.074658340767172376e+03
2.141849684968497058e+03
2.204727686703096424e+03
2.270481515711644988e+03
2.306066914498141159e+03
2.354518832391713659e+03
2.396666984732824403e+03
2.425964354527938212e+03
2.464917647058823604e+03
2.503926221335992068e+03
2.538229989868287703e+03
2.562228249744114692e+03
2.596015608740895004e+03
2.641567021276595824e+03
2.666202380952380736e+03
2.695947368421052488e+03
2.711480533926584940e+03
2.741511918274688014e+03
2.792700231481481296e+03
2.820072941176470522e+03
2.846134684147794815e+03
2.861049516908212354e+03
2.888399509803921774e+03
2.917075965130759869e+03
2.943982188295165543e+03
nan
nan
nan
nan
nan
nan
nan
nan
nan
3.764664246823956546e+02
5.624614485981308007e+02
6.843142570281124790e+02
7.795354777672658884e+02
8.567354838709677551e+02
9.271805682859761646e+02
1.038724264705882433e+03
1.145370860927152307e+03
1.232249757045675324e+03
1.280288499025341025e+03
1.318021072796934959e+03
1.365162288930581553e+03
1.415297989031078714e+03
1.478056049822064097e+03
1.570469496021220266e+03
1.641219618055555657e+03
1.723672993960310578e+03
1.802647463456577725e+03
1.887044943820224717e+03
1.967500871080139405e+03
2.021598432055749072e+03
2.090722075637642774e+03
2.154698130008904627e+03
2.203179856115108123e+03
2.244838768115942003e+03
2.285214089661482376e+03
2.332896744186046362e+03
2.378785984848484986e+03
2.409896551724138135e+03
2.437362220058422736e+03
2.476272727272727479e+03
2.499635635635635481e+03
2.535090539165818882e+03
2.579220603537981333e+03
2.603111696522655620e+03
2.650329018338727110e+03
2.680255482456140271e+03
2.704231625835189334e+03
2.725433898305084767e+03
2.758490804597701299e+03
2.784445348837209167e+03
2.794569575471698045e+03
2.844873341375150630e+03
2.869116136919315522e+03
2.909625313283208015e+03
2.924158227848101433e+03
nan
nan
nan
nan
nan
nan
nan
1.580731707317073074e+02
3.325906432748537895e+02
5.486983930778739023e+02
6.832305194805194333e+02
7.780606673407481821e+02
8.514669902912621637e+02
9.247540826128722529e+02
1.041765774378585093e+03
1.140204655674102924e+03
1.206751456310679714e+03
1.254064761904762008e+03
1.299954671600369920e+03
1.363357400722021566e+03
1.424729493891797574e+03
1.512359173126614905e+03
1.583145270270270203e+03
1.665586062132661709e+03
1.748244127516778462e+03
1.843638676844783731e+03
1.900915540540540633e+03
1.964840542832909250e+03
2.029630993150684844e+03
2.082836065573770611e+03
2.127227826086956611e+03
2.186250883392226115e+03
2.234299283154121895e+03
2.278179999999999836e+03
2.321922365988909405e+03
2.344112767940353933e+03
2.370852551984877209e+03
2.407056676272814457e+03
2.449682664054848374e+03
2.484816915422885359e+03
2.515838220424671363e+03
2.556212590299277508e+03
2.577918238993710474e+03
2.613045793397231137e+03
2.646452173913043680e+03
2.665876243093922767e+03
2.692549107142857338e+03
2.729454441913439496e+03
2.752101499423298719e+03
2.789282685512367607e+03
2.815593301435406829e+03
2.852773447015834336e+03
2.862972805933251038e+03
2.908378787878787989e+03
nan
nan
nan
nan
nan
nan
nan
3.270960334029227283e+02
5.522649006622516481e+02
6.760779661016948694e+02
7.751052631578946830e+02
8.554058704453441351e+02
9.188630541871921196e+02
1.039199413489736116e+03
1.128723632812500000e+03
1.180238862559241625e+03
1.233694698354661796e+03
1.298308576480990268e+03
1.369954584404455773e+03
1.439069166666666661e+03
1.535853941908713750e+03
1.606071136549468520e+03
1.693943488943489001e+03
1.772241181296144305e+03
1.836913793103448370e+03
1.907324234904880086e+03
1.975530150753768794e+03
2.024367003367003463e+03
2.068346316680779182e+03
2.123534482758620470e+03
2.184883230904301854e+03
2.210813604240282530e+03
2.251633183856502455e+03
2.288713114754098569e+03
2.328926851851852007e+03
2.347983114446529271e+03
2.392251193887297177e+03
2.432135477582845851e+03
2.462287833827893337e+03
2.488393574297188934e+03
2.515942973523421642e+03
2.551229491173416591e+03
2.582579281183932380e+03
2.611485468245425182e+03
2.645621710526315837e+03
2.670649610678531644e+03
2.703519187358916497e+03
2.742708670520231408e+03
2.776909411764705965e+03
2.807835125448028521e+03
2.819135757575757452e+03
2.865346534653465369e+03
2.867579999999999927e+03
nan
nan
nan
nan
nan
nan
3.621887640449438095e+02
5.596094182825485177e+02
6.773883720930232357e+02
7.758105489773950012e+02
8.490725971370143270e+02
9.232507522567702836e+02
1.037113412228796733e+03
1.094723684210526244e+03
1.160551537070524319e+03
1.227883579496090306e+03
1.305478151260504092e+03
1.381922385620915065e+03
1.473670711974109963e+03
1.550045527156549497e+03
1.629065286624203736e+03
1.703523089171974561e+03
1.783141252006420473e+03
1.856648298217179899e+03
1.901683400809716659e+03
1.961078495502861870e+03
2.014736972704714617e+03
2.067397145256087242e+03
2.106553389830508422e+03
2.158775668679896626e+03
2.194336244541484575e+03
2.239383451957295165e+03
2.272705776173285358e+03
2.293623400365630914e+03
2.338858208955223745e+03
2.368614947965941155e+03
2.403679807692307804e+03
2.425526777020447753e+03
2.469952191235059672e+03
2.490260869565217490e+03
2.529957775489186588e+03
2.558463798530955046e+03
2.581465811965812009e+03
2.627294245385450722e+03
2.664892341842397400e+03
2.693683558558558616e+03
2.718403890160182982e+03
2.728839120370370438e+03
2.780995266272189383e+03
2.792439903846153811e+03
2.811946472019464636e+03
2.850945544554455410e+03
nan
nan
nan
nan
nan
3.952443438914027070e+02
5.662198879551821165e+02
6.835252643948296054e+02
7.779017278617710645e+02
8.565973223480947354e+02
9.207034068136272253e+02
1.018852207293666083e+03
1.085317689530685811e+03
1.152989761092150275e+03
1.235025472473294940e+03
1.316147527910685767e+03
1.401065149136577702e+03
1.485343701399689053e+03
1.569758352758352657e+03
1.638733746130031022e+03
1.711702639751552852e+03
1.779573552425665184e+03
1.842043341213553958e+03
1.903900239425379141e+03
1.958271993543180088e+03
2.001024410089503590e+03
2.034032019704433424e+03
2.089659147869674143e+03
2.136841836734693970e+03
2.179917748917749122e+03
2.217426056338028047e+03
2.251590178571428623e+03
2.269294755877034277e+03
2.308744485294117567e+03
2.340964452759588312e+03
2.382431709646609306e+03
2.405578896418199292e+03
2.444266535044422653e+03
2.472307228915662563e+03
2.502038815117466584e+03
2.520266321243523180e+03
2.551041095890410816e+03
2.581951768488745984e+03
2.618188453159041273e+03
2.651366369710467552e+03
2.679145927601809944e+03
2.713733026467203672e+03
2.729562573099415204e+03
2.767767857142857338e+03
2.783553140096618336e+03
2.828847665847665667e+03
nan
nan
nan
nan
4.043247863247863165e+02
5.704726027397259713e+02
6.814016018306635942e+02
7.766409714889123279e+02
8.541417004048582839e+02
9.125800781250000000e+02
9.903795881826320056e+02
1.071988255033557152e+03
1.155211199999999963e+03
1.247996102883865888e+03
1.329153084539223073e+03
1.415985660377358499e+03
1.497181681681681766e+03
1.572487987987987935e+03
1.652633610900832764e+03
1.712905989385898465e+03
1.779224349157733513e+03
1.837437741686001573e+03
1.887948517940717693e+03
1.933578740157480297e+03
1.983863891112890315e+03
2.031885458976441896e+03
2.081952814569536258e+03
2.101556203164030194e+03
2.146357385398981478e+03
2.193992194275802376e+03
2.215956904133684930e+03
2.254185317815577491e+03
2.290301457194899740e+03
2.322056429232192386e+03
2.357781338360037807e+03
2.398545279383429715e+03
2.401712900096993053e+03
2.447138751238850546e+03
2.476106060606060510e+03
2.494200205338809155e+03
2.528817047817047751e+03
2.561968152866242235e+03
2.582196351931330355e+03
2.629815384615384573e+03
2.630328523862375278e+03
2.692148063781321071e+03
2.698579676674364691e+03
2.733519388954171518e+03
2.771035885167464130e+03
2.803330900243308861e+03
nan
nan
nan
4.077210216110019587e+02
5.680115384615384073e+02
6.831799345692475072e+02
7.784923547400611596e+02
8.409050814956855220e+02
8.863339333933392936e+02
9.803682042833607966e+02
1.075857587548638094e+03
1.167463506395786226e+03
1.256304347826086996e+03
1.342252554744525469e+03
1.419713458755426927e+03
1.504324127906976855e+03
1.576013848396501544e+03
1.644109077598828662e+03
1.711185650887573956e+03
1.761580357142857110e+03
1.817407686510926851e+03
1.878395705521472337e+03
1.925822981366459544e+03
1.969325177584846188e+03
2.006737051792828652e+03
2.047138349514563060e+03
2.088016474464579915e+03
2.114857500000000073e+03
2.170326495726495523e+03
2.187455488331892866e+03
2.242270390070922076e+03
2.268144914491449072e+03
2.296113345521023803e+03
2.316348751156336675e+03
2.366799810246679499e+03
2.381588291746641062e+03
2.417272282076395641e+03
2.435088469184890528e+03
2.474626774847870365e+03
2.503074226804123555e+03
2.544570378151260684e+03
2.554928723404255379e+03
2.591557608695652107e+03
2.627125966850828718e+03
2.635000000000000000e+03
2.677286529680365220e+03
2.696911832946635514e+03
2.732298823529411948e+03
2.764244019138755903e+03
nan
nan
4.027123519458544934e+02
5.660470183486238511e+02
6.845116279069767415e+02
7.481837104072398006e+02
8.043363863447127642e+02
8.598389630793401466e+02
9.705879323031640524e+02
1.073994996426018588e+03
1.167948070175438488e+03
1.256968706536856644e+03
1.345389159138290552e+03
1.425163194444444343e+03
1.498563242487770822e+03
1.571063424947145904e+03
1.635837242359630409e+03
1.692947670250895953e+03
1.749182148040638594e+03
1.809526199261992588e+03
1.849477289650037164e+03
1.897714177407126499e+03
1.939653108211818790e+03
1.983128024980484042e+03
2.019536450079239330e+03
2.063278092158447635e+03
2.097028735632183725e+03
2.124264607679465826e+03
2.160717077315208371e+03
2.189999137931034511e+03
2.226125548726953639e+03
2.266464573991031557e+03
2.294818430656934197e+03
2.327792558139534776e+03
2.362838068181818016e+03
2.399172313649564330e+03
2.415096361848574361e+03
2.461816816816816754e+03
2.474278904665314258e+03
2.518512422360248365e+03
2.535183438155136173e+03
2.542926751592356595e+03
2.596985869565217399e+03
2.593907793633370147e+03
2.638873176206509470e+03
2.666629840546696869e+03
2.692013872832369998e+03
2.722641931684334395e+03
2.440526315789473699e+02
3.595250236071765926e+02
4.869681390296886434e+02
5.805299479166666288e+02
6.729820627802690751e+02
7.566973007712082335e+02
8.303834732085216501e+02
9.580265888456549419e+02
1.067295188556566927e+03
1.166921773142112215e+03
1.254598167539267024e+03
1.341202373104812068e+03
1.414421192052980132e+03
1.487893574297188707e+03
1.552774628879892134e+03
1.609049046321525793e+03
1.674003465003464953e+03
1.727139845397048475e+03
1.776048467569494051e+03
1.825397538015930422e+03
1.858193406593406507e+03
1.904325633383010427e+03
1.951900380228136783e+03
1.986592735703245808e+03
2.025695515342250246e+03
2.061640512409927851e+03
2.087446341463414683e+03
2.129750207468879580e+03
2.156005059021922534e+03
2.190255374032673899e+03
2.210718015665796429e+03
2.240492471213463432e+03
2.272943089430894361e+03
2.302167433302668087e+03
2.339160075329567007e+03
2.358000000000000000e+03
2.384382381413359326e+03
2.425447186574531315e+03
2.448954773869346809e+03
2.470974437627811767e+03
2.511460416666666788e+03
2.522664904862579078e+03
2.560484391819160464e+03
2.585476973684210407e+03
2.620066740823137025e+03
2.644402934537245983e+03
2.682753739930954907e+03
4.706678809957498402e+02
5.993121693121693170e+02
6.856988998262883115e+02
7.569004029936672850e+02
8.145475372279496469e+02
8.683140732265446786e+02
9.660920069005175037e+02
1.055628041714947813e+03
1.139575102279368821e+03
1.221829484902309105e+03
1.298785029940119784e+03
1.368249240121580442e+03
1.435310110974106010e+03
1.501844416562107881e+03
1.563386581469648490e+03
1.621476562500000000e+03
1.674639735099337713e+03
1.719688634835238645e+03
1.765577899794097448e+03
1.809302649930265034e+03
1.850494318181818244e+03
1.891413468501086072e+03
1.928053097345132755e+03
1.963410660660660596e+03
1.992121559633027573e+03
2.040830588235294044e+03
2.067439936356404360e+03
2.094405165456013037e+03
2.137808933002481353e+03
2.164239898989898848e+03
2.190485445205479664e+03
2.223000871839581578e+03
2.252932384341636862e+03
2.273203804347826008e+03
2.317321033210332189e+03
2.341660714285714221e+03
2.371610687022900947e+03
2.393977713178294380e+03
2.398384313725490301e+03
2.454931589537223317e+03
2.442539473684210407e+03
2.475847422680412365e+03
2.518977871443624736e+03
2.532449414270500711e+03
2.548579913606911305e+03
2.580059536934950302e+03
7.004939481268011150e+02
7.736935758953951563e+02
8.369115144639818027e+02
8.908998868778280666e+02
9.403655913978494709e+02
1.033423931623931594e+03
1.118020080321285150e+03
1.197704994192799177e+03
1.275906415538551983e+03
1.348946833930704997e+03
1.413742130750605384e+03
1.481150246305418705e+03
1.537590994371482111e+03
1.596645859872611481e+03
1.648751782242384934e+03
1.697809240924092364e+03
1.741026139410187625e+03
1.789971898560658019e+03
1.826113351877607784e+03
1.871214488636363740e+03
1.908734974656046234e+03
1.945996312684365876e+03
1.980457957957957888e+03
2.011477429227237963e+03
2.050624512099921958e+03
2.081510739856802047e+03
2.113038118410381230e+03
2.140779242174629417e+03
2.174744322960470981e+03
2.194990614334471047e+03
2.235772727272727479e+03
2.248699734278122378e+03
2.282548241659152609e+03
2.309347706422018291e+03
2.346044859813084258e+03
2.364999050332383831e+03
2.389519845111326049e+03
2.412333986287952939e+03
2.433560878243512889e+03
2.462832826747720446e+03
2.494033126293995792e+03
2.524289611752360997e+03
2.546742553191489151e+03
2.569040992448759425e+03
2.585425742574257583e+03
8.432802259887005221e+02
9.020693739424704063e+02
9.528917089678510592e+02
9.996154714850366645e+02
1.084962563811684731e+03
1.164971983990851868e+03
1.244990139211136920e+03
1.320335097001763643e+03
1.382877903513996444e+03
1.450698787878787925e+03
1.512521256931608150e+03
1.569409404388714620e+03
1.619984076433121118e+03
1.676436280884265216e+03
1.723457313037723452e+03
1.761420592193808943e+03
1.809034979423868208e+03
1.845969316596931549e+03
1.889091880341880369e+03
1.927252723311546788e+03
1.961546193643754577e+03
1.989580135440180584e+03
2.020991577335375268e+03
2.059357812499999909e+03
2.092211446740858719e+03
2.127930194805194787e+03
2.154932231404958657e+03
2.183229604709840260e+03
2.213271404109589184e+03
2.245540209790209701e+03
2.261834813499111988e+03
2.300638086642599319e+03
2.321719008264462900e+03
2.361414794007490855e+03
2.374451704545454504e+03
2.396107142857142662e+03
2.440047290640394294e+03
2.449710999999999785e+03
2.467715587044534459e+03
2.505989669421487633e+03
2.522275862068965580e+03
2.539387062566278018e+03
2.556527448869752334e+03
2.592925356750823084e+03
9.542997750281215303e+02
1.001998312710911136e+03
1.047312852311161123e+03
1.131339761769710776e+03
1.210031591039632303e+03
1.282321532211259409e+03
1.351070588235294053e+03
1.418357057416267935e+03
1.478158181818181902e+03
1.538295243977764130e+03
1.597394206549118280e+03
1.650310455420141125e+03
1.696180039138943357e+03
1.740553050397877996e+03
1.782885810810810881e+03
1.826867768595041298e+03
1.868551264044943764e+03
1.905482462419470266e+03
1.939557496360989717e+03
1.973630370370370429e+03
2.010432248296745001e+03
2.046047031611411057e+03
2.074978021978021843e+03
2.103932853717026319e+03
2.137066720911309858e+03
2.166203150912106139e+03
2.193807594936708938e+03
2.223543029259896684e+03
2.242955419580419402e+03
2.285277678571428623e+03
2.298856368563685464e+03
2.336710865561694391e+03
2.362588180112570171e+03
2.374404376784015312e+03
2.404322393822393678e+03
2.430582266009851992e+03
2.454611776447105967e+03
2.481537678207739191e+03
2.518741200828157162e+03
2.538906708595387954e+03
2.565579339723109570e+03
2.578801518438177936e+03
2.603268131868132059e+03
1.045264490714687781e+03
1.089814124293785198e+03
1.167102724177071423e+03
1.243904078116025175e+03
1.316634302325581302e+03
1.382959219858156075e+03
1.445997000599880039e+03
1.506767073170731692e+03
1.559868111455108419e+03
1.615827020202020094e+03
1.666238921001926883e+03
1.714968586387434470e+03
1.756317999999999984e+03
1.803398097826086996e+03
1.844069204152249085e+03
1.881756166314305801e+03
1.921078360891445072e+03
1.956778916544655885e+03
1.984797317436661615e+03
2.019888973384030351e+03
2.054103634957463328e+03
2.085389150943396089e+03
2.117385416666666515e+03
2.147357843137254804e+03
2.179746044962531414e+03
2.208179661016949012e+03
2.233795689655172282e+03
2.259837291116974484e+03
2.300347048300536699e+03
2.312669084315503369e+03
2.349699907663896738e+03
2.371577319587629063e+03
2.394861376673040013e+03
2.429341107871719942e+03
2.443755928853754995e+03
2.459348651348651401e+03
2.498798979591836542e+03
2.512925773195876445e+03
2.542388012618296671e+03
2.561816239316239262e+03
2.581560606060606005e+03
2.620757174392936122e+03
1.129168462847419278e+03
1.205245995423340901e+03
1.280485813549507839e+03
1.346334894613583174e+03
1.410301068883610469e+03
1.475266304347826008e+03
1.529156862745098124e+03
1.583065379825653736e+03
1.637894603174603162e+03
1.689207766990291248e+03
1.734814229249011760e+03
1.774348961821835246e+03
1.819306010928961769e+03
1.855815972222222172e+03
1.892494692144373630e+03
1.936689804772234311e+03
1.966391336270191005e+03
2.006671675432005941e+03
2.042396327467482706e+03
2.068152410575427893e+03
2.095322784810126450e+03
2.132058870967741768e+03
2.164247736625514335e+03
2.184939065108514114e+03
2.221783945345858228e+03
2.229610008628127616e+03
2.277683745583038672e+03
2.295279319606087938e+03
2.330659070191431056e+03
2.352531974050046301e+03
2.367865348399246614e+03
2.409874280230326349e+03
2.427622439024390133e+03
2.448461994076998963e+03
2.471921529175050182e+03
2.503241836734694061e+03
2.535653167185877464e+03
2.561932489451476613e+03
2.575668098818474846e+03
2.601880174291939056e+03
2.625100441501103887e+03
1.266869061413673307e+03
1.334193208430913273e+03
1.398276393831554060e+03
1.460310282621767783e+03
1.519269113149847044e+03
1.573364596273291909e+03
1.623361514195583595e+03
1.677930457179652194e+03
1.720548070634401483e+03
1.764951365756162659e+03
1.809246435845213909e+03
1.847653314917127091e+03
1.884590429275158385e+03
1.929761322789360065e+03
1.959801459854014638e+03
1.998029082774049130e+03
2.035370060790273556e+03
2.061667181467181308e+03
2.090521226415094134e+03
2.125947157726181103e+03
2.150779315960911845e+03
2.182618257261410690e+03
2.211957698815566800e+03
2.231535223367697654e+03
2.268039370078740376e+03
2.289535523978685433e+03
2.324614828209764710e+03
2.353346543778801788e+03
2.372871482176360132e+03
2.401884030418250859e+03
2.419109178743961365e+03
2.454734513274336223e+03
2.472829999999999927e+03
2.496278058645096280e+03
2.525550873586844773e+03
2.556753138075313927e+03
2.570661341853035083e+03
2.601617965367965553e+03
2.621774370208105211e+03
2.653286348501664634e+03
1.382111838191552579e+03
1.441929687500000000e+03
1.501501221001220983e+03
1.559433271260086940e+03
1.608556324732536268e+03
1.663841463414634063e+03
1.706693159609120585e+03
1.756491356382978665e+03
1.801747289972899807e+03
1.838862353750860393e+03
1.878152280701754307e+03
1.913513186029935923e+03
1.952439680232558203e+03
1.991595397178916073e+03
2.020316265060240994e+03
2.048891271056661481e+03
2.084121188428459845e+03
2.121745019920318555e+03
2.144837246963562848e+03
2.175476504534212836e+03
2.214049789029535987e+03
2.228747863247863279e+03
2.263169565217391209e+03
2.287096289752650137e+03
2.322129496402877521e+03
2.346924977127172951e+03
2.368129543336439838e+03
2.398022662889518415e+03
2.419538461538461434e+03
2.444210321324245342e+03
2.466026785714285779e+03
2.498962739174219678e+03
2.523435137895812204e+03
2.551359293873312708e+03
2.565816067653277059e+03
2.590464094319399919e+03
2.613122692725298748e+03
2.644998899889988934e+03
2.671967488789237450e+03
1.483107711138310833e+03
1.540198634388578512e+03
1.599328697850821754e+03
1.649915275994865169e+03
1.696005215123859216e+03
1.743504313205043218e+03
1.787838622552329525e+03
1.832822436338609805e+03
1.868582225332400185e+03
1.911907988587731779e+03
1.944944202898550657e+03
1.980992614475627761e+03
2.016394440270473297e+03
2.050738131699846690e+03
2.075241835147744951e+03
2.108402371541501907e+03
2.141880548829701183e+03
2.171347290640394021e+03
2.199094481605351120e+03
2.221407816482582803e+03
2.252242450388265752e+03
2.290149911816578424e+03
2.319252461951656187e+03
2.340577272727272884e+03
2.359323774283071089e+03
2.392451219512195166e+03
2.408555767397521322e+03
2.449249514563106914e+03
2.466791501976284508e+03
2.494629629629629562e+03
2.519136040609137126e+03
2.549080578512396642e+03
2.561481092436974905e+03
2.596843850267379821e+03
2.622369848156182343e+03
2.651985729967069346e+03
2.657492785793562689e+03
2.683812217194570167e+03
1.573681588902900330e+03
1.625971209213051907e+03
1.682171018276762425e+03
1.723066754791804442e+03
1.777560135135135170e+03
1.822328060522695978e+03
1.861355493351994483e+03
1.899233120113717177e+03
1.940465942028985410e+03
1.970769683590875729e+03
2.008488389513108586e+03
2.044125190839694596e+03
2.078795171339563694e+03
2.104610410094637245e+03
2.141925000000000182e+03
2.168882882882882768e+03
2.198886477462437597e+03
2.220103389830508604e+03
2.253186046511627865e+03
2.277429571303587181e+03
2.310490213523131843e+03
2.340721668177697211e+03
2.354232750689972363e+03
2.395846585594013050e+03
2.409730038022813915e+03
2.445097490347490293e+03
2.463214355948869070e+03
2.493664007976071844e+03
2.518254802831142570e+03
2.537389344262295253e+03
2.566446540880503107e+03
2.587492569002123219e+03
2.618862998921251346e+03
2.654044857768052680e+03
2.659290929203539690e+03
2.691439548022598956e+03
2.704859106529209839e+03
1.658466449511400697e+03
1.710168323392975481e+03
1.756679461279461293e+03
1.802456849315068439e+03
1.843718466898954603e+03
1.890742004264392335e+03
1.926510469314079501e+03
1.959227439471753542e+03
2.001492894540014959e+03
2.040010678871090704e+03
2.067392248062015369e+03
2.097294025157232682e+03
2.129870088211708207e+03
2.164678921568627629e+03
2.196885833333333267e+03
2.211526981450253061e+03
2.256433247200689038e+03
2.279254370629370442e+03
2.308622005323868507e+03
2.328975697569756903e+03
2.357799816345270756e+03
2.397316526610644360e+03
2.402603969754253285e+03
2.442546153846153629e+03
2.465769381746810723e+03
2.496154228855721612e+03
2.517461693548387302e+03
2.542495394063459571e+03
2.567037617554859025e+03
2.590640889830508513e+03
2.624956896551724185e+03
2.657470524017467142e+03
2.659657111356119003e+03
2.682721661054994456e+03
2.699553530751708422e+03
2.730611560693641422e+03
1.740674983142279189e+03
1.788043180260452345e+03
1.830711498257839821e+03
1.880861308677098123e+03
1.918641618497109903e+03
1.954029390154298198e+03
1.999894302848575762e+03
2.030684170471841753e+03
2.054636574074073906e+03
2.088282915360501647e+03
2.124734187349879903e+03
2.159176854115729384e+03
2.182548013245032962e+03
2.203242653232577595e+03
2.244443493150684844e+03
2.273790069686411243e+03
2.307294065544730074e+03
2.330688848920863165e+03
2.361940312213039306e+03
2.392996279069767297e+03
2.403132075471698045e+03
2.441278044103547472e+03
2.471775269872423905e+03
2.494945436507936392e+03
2.510101303911735158e+03
2.538599388379204811e+03
2.558482866043613740e+03
2.587070675105485407e+03
2.624604726100966673e+03
2.648375271149674518e+03
2.661503850385038277e+03
2.679078212290502961e+03
2.698910329171395915e+03
2.730036866359447231e+03
2.765764361078546244e+03
1.818213687150838041e+03
1.857624203821656010e+03
1.901343659942363047e+03
1.945203676470588334e+03
1.984188200149365230e+03
2.019287775246772981e+03
2.051145945945946096e+03
2.084037617554859025e+03
2.112980861244019252e+03
2.147699918896999407e+03
2.177800826446281008e+03
2.202952980688497064e+03
2.235198635976129481e+03
2.273185540069686340e+03
2.302754416961130573e+03
2.326862780269058476e+03
2.355990850869167389e+03
2.383247918593894610e+03
2.404855796418473346e+03
2.441133971291866146e+03
2.469491193737769208e+03
2.487677196446199559e+03
2.510160160160160103e+03
2.541625254582484558e+03
2.554007238883143600e+03
2.593373417721518763e+03
2.625879957127545367e+03
2.641198489751887791e+03
2.662327113062568515e+03
2.674491657397107701e+03
2.697247737556560878e+03
2.728296211251435125e+03
2.763838785046728844e+03
2.777607565011820498e+03
1.889758297258297262e+03
1.928245781364636741e+03
1.975375186846038787e+03
2.005990909090909099e+03
2.044242471042471152e+03
2.081426216640502389e+03
2.101445151033386537e+03
2.145789943227899585e+03
2.178538907284768356e+03
2.208596461668070788e+03
2.228603741496598559e+03
2.259821490467937565e+03
2.292983289357959620e+03
2.325862007168458604e+03
2.353263926940639067e+03
2.383535120147874295e+03
2.407782280867106692e+03
2.444531100478468943e+03
2.468291992187500000e+03
2.484340551181102455e+03
2.504584247258225332e+03
2.543383519837233052e+03
2.553923632610938967e+03
2.595782929399367731e+03
2.628649892933618958e+03
2.635961331901181438e+03
2.659251641137855586e+03
2.671736141906873399e+03
2.700943502824858570e+03
2.725426773455377770e+03
2.758075581395348763e+03
2.778378537735849022e+03
2.807017942583731838e+03
1.958343027591349710e+03
1.996730856709628597e+03
2.035529729729729752e+03
2.072068235294117585e+03
2.100050996015936107e+03
2.140845093268450910e+03
2.172574028122415257e+03
2.198053736356003355e+03
2.228085106382978665e+03
2.255822510822511049e+03
2.294693661971830807e+03
2.319647899910634351e+03
2.340920072661217091e+03
2.382553093259464276e+03
2.405128880526810917e+03
2.446731100478468761e+03
2.461357976653696369e+03
2.484934119960668795e+03
2.500598409542743411e+03
2.544294715447154431e+03
2.555548453608247200e+03
2.589256033578174083e+03
2.628072649572649425e+03
2.632552462526766703e+03
2.655529989094874509e+03
2.671288716814159216e+03
2.697695945945945823e+03
2.721965792474344198e+03
2.747979190751445003e+03
2.774445358401880185e+03
2.807546539379474780e+03
2.821471788715486127e+03
2.026234157650695579e+03
2.062604705882352846e+03
2.093753588516746277e+03
2.132679092382496037e+03
2.160031327287716522e+03
2.190182732606873287e+03
2.224634042553191648e+03
2.256480485689505713e+03
2.295416740088105598e+03
2.314460303300624219e+03
2.338220508166969012e+03
2.380507380073800960e+03
2.401376525821596260e+03
2.441084923664122016e+03
2.456138700290979614e+03
2.481147203140333659e+03
2.503078528827037644e+03
2.541866125760649084e+03
2.553838477366255120e+03
2.592745015739769315e+03
2.629513340448238978e+03
2.633623529411764594e+03
2.659799345692475526e+03
2.672658563535911526e+03
2.696650561797752744e+03
2.726895096921322875e+03
2.746833910034602013e+03
2.776639671361502224e+03
2.810351609058403028e+03
2.817113636363636488e+03
2.850566176470588289e+03
2.083881180223285355e+03
2.119223928860145406e+03
2.146567789646672281e+03
2.179379598662207172e+03
2.221749574105621832e+03
2.250645580589254678e+03
2.289637642919964946e+03
2.302093250444049772e+03
2.334744333635539533e+03
2.379917896678966827e+03
2.401280751173708722e+03
2.430094966761633259e+03
2.443046287367405967e+03
2.481473012757605375e+03
2.499667658730158564e+03
2.543568965517241395e+03
2.548492307692307804e+03
2.590004188481675556e+03
2.624374468085106400e+03
2.631449306296691702e+03
2.660394335511982717e+03
2.682145071982281479e+03
2.688965324384787436e+03
2.721930681818181711e+03
2.741783908045977114e+03
2.774792740046838389e+03
2.812239285714285870e+03
2.822449760765550309e+03
2.838689403166869852e+03
2.878388888888888687e+03
2.144298187808896273e+03
2.178393634840871073e+03
2.219418088737201288e+03
2.245477469670710434e+03
2.286546174142480140e+03
2.303024911032028285e+03
2.334214156079855002e+03
2.373788213627992718e+03
2.395737582005623153e+03
2.420360454115420907e+03
2.441087668593449052e+03
2.483482318271119766e+03
2.498186323092170369e+03
2.534566666666666606e+03
2.542447852760736168e+03
2.586420062695924571e+03
2.613073015873015720e+03
2.636903846153846189e+03
2.660357997823721234e+03
2.682230088495575274e+03
2.695702127659574671e+03
2.725410227272727298e+03
2.739763761467889708e+03
2.765836829836830020e+03
2.807126927639383211e+03
2.823708482676224776e+03
2.843527405602923409e+03
2.872920049200492031e+03
2.885673723536737270e+03
2.213896669513236702e+03
2.241006071118820273e+03
2.285251982378854791e+03
2.302897504456328079e+03
2.332735694822888490e+03
2.366639705882353155e+03
2.384774976657329717e+03
2.416755198487712732e+03
2.442762777242044194e+03
2.477254901960784537e+03
2.495791089108910910e+03
2.529725806451612698e+03
2.533123217922606727e+03
2.576996878251820817e+03
2.606523206751054659e+03
2.638766025641025863e+03
2.665332244008714497e+03
2.678843267108167765e+03
2.695342281879194616e+03
2.718989807474518784e+03
2.739705612829324309e+03
2.768003492433061638e+03
2.804423668639053176e+03
2.824143198090692294e+03
2.851118292682926949e+03
2.870574233128834294e+03
2.886606965174129527e+03
2.896092171717171823e+03
2.278655506607929510e+03
2.297534759358288738e+03
2.321692934782608518e+03
2.365159153633854658e+03
2.384024299065420564e+03
2.416807000946073913e+03
2.434420192307692105e+03
2.473508325171400429e+03
2.494917821782178180e+03
2.526553877139979704e+03
2.536125382262996936e+03
2.582835245046923774e+03
2.601982105263157791e+03
2.631745473908413260e+03
2.660748913043478296e+03
2.677674751929437662e+03
2.691440848214285779e+03
2.721198187995470107e+03
2.742113402061855595e+03
2.770398137369033975e+03
2.800988193624557425e+03
2.824094159713945373e+03
2.843925880923450677e+03
2.869571603427172704e+03
2.883098014888337275e+03
2.900311868686868820e+03
2.911768152866241962e+03
2.320105263157894569e+03
2.353636697247706252e+03
2.375636194029850685e+03
2.415819128787878981e+03
2.427648752399232308e+03
2.468938356164383549e+03
2.490786350148368001e+03
2.530235116044399547e+03
2.533225050916496912e+03
2.582675703858185443e+03
2.602378947368420995e+03
2.629304255319148979e+03
2.658596091205211906e+03
2.664012061403508596e+03
2.692916294642857338e+03
2.725845804988662167e+03
2.740988558352402833e+03
2.772706635622817430e+03
2.790659224441832976e+03
2.823591666666666697e+03
2.832991535671100337e+03
2.869273838630806949e+03
2.890023602484472121e+03
2.904035353535353352e+03
2.911760814249363648e+03
2.953776196636481018e+03
2.372767507002801267e+03
2.413556398104265554e+03
2.433477382098171347e+03
2.463408602150537718e+03
2.493389494549058327e+03
2.525703629032258050e+03
2.531779022403258750e+03
2.578947916666666515e+03
2.596776260504201673e+03
2.628926595744680981e+03
2.658777415852334343e+03
2.661329682365827011e+03
2.687836302895323115e+03
2.714610609480812855e+03
2.732838084378563508e+03
2.771109302325581211e+03
2.789789906103286285e+03
2.818971496437054611e+03
2.831879227053140312e+03
2.871991442542787354e+03
2.889426799007444060e+03
2.904054224464060553e+03
2.911208386277001409e+03
2.953206718346253183e+03
2.956138961038961043e+03
2.429053897978825717e+03
2.459418377321603202e+03
2.487638613861386148e+03
2.515108542713567658e+03
2.529808553971486617e+03
2.571755717255717173e+03
2.590419287211740084e+03
2.614246560846560897e+03
2.658268186753528880e+03
2.663695175438596380e+03
2.688083518930957780e+03
2.715076749435665988e+03
2.739487999999999829e+03
2.765250580046403684e+03
2.785199063231850232e+03
2.824127229488703961e+03
2.830226779252111101e+03
2.870783882783882746e+03
2.895570186335403832e+03
2.907102143757881549e+03
2.914020330368487976e+03
2.959658473479948043e+03
2.959066233766233836e+03
3.000480743691899079e+03
2.480876360039564588e+03
2.506271815446339133e+03
2.527231160896130405e+03
2.563953319502074464e+03
2.588481132075471578e+03
2.610147991543340595e+03
2.645430270270270285e+03
2.653928961748633810e+03
2.684627363737486121e+03
2.717856497175141158e+03
2.736385844748858290e+03
2.765483758700695944e+03
2.786555035128805685e+03
2.821815914489311126e+03
2.827972289156626630e+03
2.872532356532356516e+03
2.897421118012422539e+03
2.905750629722921985e+03
2.912458121827411105e+03
2.961945666235446424e+03
2.961793506493506356e+03
3.011356857523302097e+03
2.993487316421895684e+03
2.531834525025536095e+03
2.547676986584107453e+03
2.585988469601677025e+03
2.607927061310782392e+03
2.640534557235421289e+03
2.649615720524017433e+03
2.683456062291435046e+03
2.720126696832579000e+03
2.735917808219177914e+03
2.762141367323290979e+03
2.787048009367681516e+03
2.818964412811387774e+03
2.835594202898550520e+03
2.880630354957160307e+03
2.898462111801242372e+03
2.907283375314861587e+03
2.910499366286438544e+03
2.959870801033591761e+03
2.960465629053177508e+03
3.009849734042553337e+03
2.991228000000000065e+03
3.007780784844384470e+03
2.585560335781741742e+03
2.615972399150743058e+03
2.635131607335491026e+03
2.650469945355191157e+03
2.684487750556792889e+03
2.721721404303510553e+03
2.734865296803653109e+03
2.758293981481481296e+03
2.786960187353629863e+03
2.822247030878859732e+03
2.835794685990338166e+03
2.877778728606357163e+03
2.895336228287841095e+03
2.904703144654088192e+03
2.904061946902654654e+03
2.957452903225806494e+03
2.962250324254215229e+03
2.991752972258916998e+03
2.984719414893616886e+03
3.005851351351351241e+03
3.070828532235939747e+03
2.631930960086299820e+03
2.656176535087719458e+03
2.681929844097995556e+03
2.713447457627118638e+03
2.733012557077625388e+03
2.750869515011547264e+03
2.786428571428571558e+03
2.818531435349940693e+03
2.835438405797101495e+03
2.878141809290953461e+03
2.895472704714640258e+03
2.897774153074027708e+03
2.900983585858585684e+03
2.954380154639175089e+03
2.963456549935149269e+03
2.985166007905138486e+03
2.985613031914893782e+03
3.003276653171390080e+03
3.064114911080711408e+03
3.070837500000000091e+03
2.670851111111111095e+03
2.710827118644067923e+03
2.721945330296127395e+03
2.752924855491329254e+03
2.785387587822014211e+03
2.817514827995255018e+03
2.834475845410628153e+03
2.870912195121951299e+03
2.888006188118811679e+03
2.897597239648682717e+03
2.901566919191919169e+03
2.939748717948717967e+03
2.960360103626942873e+03
2.982439473684210498e+03
2.997962616822429936e+03
3.008418918918918735e+03
3.061546448087431600e+03
3.072615277777777919e+03
3.105323033707865306e+03
2.722657534246575324e+03
2.746904267589388837e+03
2.790269953051643370e+03
2.815906287069988139e+03
2.832998792270531339e+03
2.870007317073170725e+03
2.887454207920792214e+03
2.897431618569636157e+03
2.897823455233291497e+03
2.939900000000000091e+03
2.964529182879377458e+03
2.976946123521681784e+03
2.986408244680851112e+03
3.013564276048714419e+03
3.062759562841530169e+03
3.073856944444444252e+03
3.102210378681626935e+03
3.120005665722379490e+03
2.784804220398593316e+03
2.803756501182032935e+03
2.827530759951749133e+03
2.865365408038976966e+03
2.890136307311028304e+03
2.893333333333333485e+03
2.901088383838383834e+03
2.939355128205128040e+03
2.972048114434330273e+03
2.970308398950131050e+03
2.990716378162449928e+03
3.010243243243243342e+03
3.067629274965800050e+03
3.062114799446749657e+03
3.099026610644257744e+03
3.116814710042433035e+03
3.106462750716332266e+03
2.821654216867470041e+03
2.863626065773446953e+03
2.885168316831683114e+03
2.888650813516896051e+03
2.889412578616352221e+03
2.934594110115237072e+03
2.975022135416666515e+03
2.977001315789473665e+03
2.990427430093208841e+03
3.006611336032388863e+03
3.076301783264746064e+03
3.058951657458563659e+03
3.104215988779803865e+03
3.117649222065063441e+03
3.102941344778254461e+03
3.149457848837209440e+03
2.882990099009900860e+03
2.886937421777221516e+03
2.888247798742138457e+03
2.933135723431498263e+03
2.981501305483028773e+03
2.976078947368421268e+03
2.989624500665779124e+03
3.002378706199460794e+03
3.080304945054945165e+03
3.055708965517241268e+03
3.104650771388499379e+03
3.113793785310734620e+03
3.099225714285714275e+03
3.150309593023255729e+03
3.165337758112094434e+03
2.879148055207026573e+03
2.935267948717948912e+03
2.979998694516971227e+03
2.978791831357048522e+03
2.988376830892143971e+03
3.001652291105121094e+03
3.075506172839506235e+03
3.056368275862068913e+03
3.104517531556802169e+03
3.113946327683615891e+03
3.094991440798858548e+03
3.141728985507246307e+03
3.161640648011782105e+03
3.213096153846153811e+03
2.982111111111111313e+03
2.977127799736495490e+03
2.981188829787234226e+03
3.000289757412399013e+03
3.070298630136986503e+03
3.057006896551723912e+03
3.099446778711484512e+03
3.113570621468926674e+03
3.072927762039660138e+03
3.141704347826087087e+03
3.158192647058823695e+03
3.208945347119645703e+03
3.230618975903614682e+03
2.977948069241012035e+03
3.006779729729729752e+03
3.068982191780821722e+03
3.063161602209944704e+03
3.094120279720279541e+03
3.112706214689265380e+03
3.072359773371104893e+03
3.141226086956521613e+03
3.154271659324522716e+03
3.200767304860088188e+03
3.230786144578313269e+03
3.245590909090909008e+03
3.067349315068493070e+03
3.062812154696132438e+03
3.088533519553072438e+03
3.098687323943661795e+03
3.066571428571428442e+03
3.140526086956521794e+03
3.154656387665198054e+03
3.206545722713864507e+03
3.230801204819277245e+03
3.240490166414523628e+03
3.272537634408602116e+03
3.082705718270571651e+03
3.097871650211565793e+03
3.060896892655367083e+03
3.142981132075471578e+03
3.159626470588235406e+03
3.210818316100443099e+03
3.225893233082706956e+03
3.240104387291981766e+03
3.273222734254992247e+03
3.303794071762870317e+03
3.068427762039660138e+03
3.135463768115942003e+03
3.160154411764705856e+03
3.210135893648448928e+03
3.220602102102101981e+03
3.234456193353474191e+03
3.278656923076923249e+03
3.298761682242990446e+03
3.273415094339622556e+03
3.161883823529411984e+03
3.209224519940915798e+03
3.219783783783783747e+03
3.233321752265861051e+03
3.278910769230769347e+03
3.293561430793156887e+03
3.278426771653543256e+03
3.321229430379746645e+03
3.217539039039038926e+03
3.236836611195158639e+03
3.279216923076923194e+03
3.287978260869565020e+03
3.272883647798742004e+03
3.321594936708860587e+03
3.338260940032414965e+03
3.274399385560675910e+03
3.281862015503876137e+03
3.266781789638932423e+03
3.326971473851030169e+03
3.337666126418152544e+03
3.347560260586319146e+03
3.265715855572998407e+03
3.316328593996840482e+03
3.336667747163695367e+03
3.342653658536585226e+03
3.370489326765188707e+03
3.335312803889789393e+03
3.337741883116882946e+03
3.369315270935960598e+03
3.331201639344262276e+03
3.351485294117646845e+03
3.336839080459770230e+03
3.392933110367892823e+03
3.391933110367892823e+03
3.375076794657763003e+03
3.454437606837606836e+03
