1.047514900000000023e+06
1.047514900000000023e+06
1.047514900000000023e+06
1.047514900000000023e+06
1.047514900000000023e+06
1.047514900000000023e+06
1.047514900000000023e+06
1.047514900000000023e+06
1.047514900000000023e+06
1.047514900000000023e+06
1.047514900000000023e+06
1.047514900000000023e+06
1.047514900000000023e+06
1.047514900000000023e+06
1.047514900000000023e+06
1.047514900000000023e+06
1.047514900000000023e+06
1.047514900000000023e+06
1.047514900000000023e+06
1.047514900000000023e+06
1.047514900000000023e+06
1.047514900000000023e+06
1.047514900000000023e+06
1.047514900000000023e+06
1.047514900000000023e+06
1.047514900000000023e+06
2.286708988764044989e+04
1.832788149053146117e+04
1.663101177790241127e+04
1.680764293849658134e+04
1.988400738750839446e+04
1.575083432271991296e+04
1.406419362745098078e+04
1.270686025408348542e+04
1.177558851468048306e+04
1.139341906779661076e+04
1.096456794712928604e+04
1.064116876267748557e+04
1.023743871479571681e+04
1.009961816019032449e+04
9.910613555291320154e+03
9.752179507545670276e+03
9.523051342812006624e+03
9.415285487077535436e+03
9.264286679920476672e+03
9.187826661329063427e+03
9.060538338016860507e+03
8.973691904953684571e+03
8.907474898785425466e+03
8.840931735067046247e+03
8.864312345679012651e+03
8.727520491803279583e+03
8.646248666393106760e+03
8.660533887733887241e+03
8.606954412379756832e+03
8.631714891811625421e+03
8.597248181429182296e+03
8.602738188123103100e+03
8.590267833698029790e+03
8.605467792092404125e+03
8.620141568981063756e+03
8.713571560480148037e+03
8.736348946135831284e+03
8.691397635933806669e+03
8.657838878326996564e+03
8.654687530091478038e+03
8.659738431563566337e+03
8.701314484126984098e+03
8.715917127071823415e+03
8.743790922998470705e+03
8.760132231404959384e+03
1.047514900000000023e+06
1.047514900000000023e+06
1.047514900000000023e+06
1.047514900000000023e+06
1.047514900000000023e+06
1.047514900000000023e+06
1.047514900000000023e+06
1.047514900000000023e+06
1.047514900000000023e+06
1.047514900000000023e+06
1.047514900000000023e+06
1.047514900000000023e+06
1.047514900000000023e+06
1.047514900000000023e+06
1.047514900000000023e+06
1.047514900000000023e+06
1.047514900000000023e+06
1.047514900000000023e+06
1.047514900000000023e+06
1.047514900000000023e+06
1.047514900000000023e+06
1.047514900000000023e+06
1.047514900000000023e+06
1.047514900000000023e+06
1.047514900000000023e+06
2.273919374068554316e+04
1.836959485924112596e+04
1.701185918717801906e+04
1.836131702786377718e+04
2.110256321022727207e+04
1.572700269106566157e+04
1.399339599609375000e+04
1.257526348920863347e+04
1.181829848812095042e+04
1.143369302721088388e+04
1.094914144329896953e+04
1.060767434343434434e+04
1.024298178939034005e+04
1.012498647573587914e+04
9.834369685039369870e+03
9.683909629044988833e+03
9.564860658991663513e+03
9.349867298578199552e+03
9.263547154795065580e+03
9.108454436927973802e+03
9.017030750798721783e+03
8.915125350420505129e+03
8.850349537967054857e+03
8.824219294689906746e+03
8.769720276872963950e+03
8.682182966585167378e+03
8.667035390946502957e+03
8.635333471588552129e+03
8.640223154362416608e+03
8.577072543230704468e+03
8.604734790059983425e+03
8.577111927398444095e+03
8.568760717410323196e+03
8.601047978676144339e+03
8.672363430127041283e+03
8.691331952117863693e+03
8.725747895229185815e+03
8.644958666040394746e+03
8.639732193732193991e+03
8.625863178108496868e+03
8.658119512195122297e+03
8.695345715700841538e+03
8.666904500000000553e+03
8.705763451776649163e+03
8.721736869207003110e+03
1.047514900000000023e+06
1.047514900000000023e+06
1.047514900000000023e+06
1.047514900000000023e+06
1.047514900000000023e+06
1.047514900000000023e+06
1.047514900000000023e+06
1.047514900000000023e+06
1.047514900000000023e+06
1.047514900000000023e+06
1.047514900000000023e+06
1.047514900000000023e+06
1.047514900000000023e+06
1.047514900000000023e+06
1.047514900000000023e+06
1.047514900000000023e+06
1.047514900000000023e+06
1.047514900000000023e+06
1.047514900000000023e+06
1.047514900000000023e+06
1.047514900000000023e+06
1.047514900000000023e+06
1.047514900000000023e+06
4.430849928876244667e+04
2.242609852941176359e+04
1.850440665434380935e+04
1.795864698795180811e+04
2.095733497191011338e+04
2.224232089552238904e+04
1.551325778732545587e+04
1.384942864054184793e+04
1.245277219730941761e+04
1.179839128559102755e+04
1.125958213984835675e+04
1.143498458904109611e+04
1.050231919999999991e+04
1.024831220285261406e+04
1.008241769139230382e+04
9.795631227932522961e+03
9.601826410658306486e+03
9.579207321925985525e+03
9.327666798107255090e+03
9.254249106078665136e+03
9.087611993645750772e+03
8.985812898089172450e+03
8.936506613226452828e+03
8.841752109280836521e+03
8.826361426256078630e+03
8.747450263905806423e+03
8.676951586655817664e+03
8.653624128026262042e+03
8.608857024793387609e+03
8.613949811794227571e+03
8.538828571428572104e+03
8.569269936034115744e+03
8.535896774193548481e+03
8.549917102966841412e+03
8.606001780151313142e+03
8.655889039855072042e+03
8.721388066604995402e+03
8.681469492314858144e+03
8.616448501872659108e+03
8.602973497397066240e+03
8.593618660287082093e+03
8.655787213274768874e+03
8.668838024691358441e+03
8.659237499999999272e+03
8.660692113245702785e+03
8.719450617283950123e+03
1.047514900000000023e+06
1.047514900000000023e+06
1.047514900000000023e+06
1.047514900000000023e+06
1.047514900000000023e+06
1.047514900000000023e+06
1.047514900000000023e+06
1.047514900000000023e+06
1.047514900000000023e+06
1.047514900000000023e+06
1.047514900000000023e+06
1.047514900000000023e+06
1.047514900000000023e+06
1.047514900000000023e+06
1.047514900000000023e+06
1.047514900000000023e+06
1.047514900000000023e+06
1.047514900000000023e+06
1.047514900000000023e+06
1.047514900000000023e+06
1.047514900000000023e+06
1.047514900000000023e+06
4.126733554376658140e+04
2.222335058309037777e+04
1.881431957473421062e+04
1.959726850032743823e+04
2.213898002958580037e+04
2.356064696611505133e+04
1.551354745308311067e+04
1.378107135969141746e+04
1.247446779964221787e+04
1.169729462365591462e+04
1.136325094896668088e+04
1.143237296834901645e+04
1.050800760000000082e+04
1.033949400479616270e+04
1.004739674344717969e+04
9.785021594032194116e+03
9.593670062695924571e+03
9.507657707509881220e+03
9.318856917619235901e+03
9.204615506329113487e+03
9.062912836767036424e+03
8.948843106180665927e+03
8.900330407023144289e+03
8.820694277711085306e+03
8.754663720369626390e+03
8.714694949494949469e+03
8.655054788961038867e+03
8.655313910545752151e+03
8.577926718814327614e+03
8.576008750000000873e+03
8.576526804558885487e+03
8.546123135918192929e+03
8.532635542168674874e+03
8.573514010507880812e+03
8.623028558679161506e+03
8.661000908265214093e+03
8.649951442968391348e+03
8.623795002313743680e+03
8.581956136257582330e+03
8.596928132387707592e+03
8.625850696111378056e+03
8.666452811735940486e+03
8.648119704433496736e+03
8.674089544772386944e+03
8.661471450227387322e+03
8.641581419091373391e+03
1.047514900000000023e+06
1.047514900000000023e+06
1.047514900000000023e+06
1.047514900000000023e+06
1.047514900000000023e+06
1.047514900000000023e+06
1.047514900000000023e+06
1.047514900000000023e+06
1.047514900000000023e+06
1.047514900000000023e+06
1.047514900000000023e+06
1.047514900000000023e+06
1.047514900000000023e+06
1.047514900000000023e+06
1.047514900000000023e+06
1.047514900000000023e+06
1.047514900000000023e+06
1.047514900000000023e+06
1.047514900000000023e+06
1.047514900000000023e+06
1.047514900000000023e+06
3.847452475247524853e+04
2.211541116751269146e+04
1.937803987138263619e+04
2.244480611483967368e+04
2.346633776387802936e+04
2.385009083665338767e+04
1.544350615961435506e+04
1.358495714285714348e+04
1.238670622222222300e+04
1.179043941354031995e+04
1.124416597164303676e+04
1.084267671009771948e+04
1.046296973317403354e+04
1.023886529318541943e+04
9.938683215130024109e+03
9.816776507686243349e+03
9.601990573448547366e+03
9.438505106048703965e+03
9.312237101220953264e+03
9.148771473601260368e+03
9.045633636004737127e+03
8.958689258818865710e+03
8.832271468144044775e+03
8.800156362185880425e+03
8.706229016786570355e+03
8.656994384275973061e+03
8.645603483191574924e+03
8.571407723577236538e+03
8.556437192118226449e+03
8.517666114333056612e+03
8.529074695761644762e+03
8.513824427480916711e+03
8.484152397260273574e+03
8.556337412587412473e+03
8.639464669051878445e+03
8.661714804722978442e+03
8.630827759963352946e+03
8.580276752767527796e+03
8.572777985074626486e+03
8.567232547169811369e+03
8.614437289764537127e+03
8.568221953578336979e+03
8.639590325765053421e+03
8.660855927963981230e+03
8.664713707637834887e+03
8.663534015345268926e+03
1.047514900000000023e+06
1.047514900000000023e+06
1.047514900000000023e+06
1.047514900000000023e+06
1.047514900000000023e+06
1.047514900000000023e+06
1.047514900000000023e+06
1.047514900000000023e+06
1.047514900000000023e+06
1.047514900000000023e+06
1.047514900000000023e+06
1.047514900000000023e+06
1.047514900000000023e+06
1.047514900000000023e+06
1.047514900000000023e+06
1.047514900000000023e+06
1.047514900000000023e+06
1.047514900000000023e+06
1.047514900000000023e+06
1.047514900000000023e+06
3.790249634146341123e+04
2.187108241353936683e+04
2.102849617258176659e+04
2.370354831107619975e+04
2.480528194558944597e+04
2.532780759493670848e+04
1.513882703565726479e+04
1.352451637399145693e+04
1.235462333629103887e+04
1.179848015530629891e+04
1.122248773388773407e+04
1.084885225885225918e+04
1.040598373015873040e+04
1.027096421471173016e+04
9.934462382445140975e+03
9.726792497069167439e+03
9.584202040015692546e+03
9.377000000000000000e+03
9.285289473684209952e+03
9.136171125098348057e+03
8.999097053045186840e+03
8.912911671924290204e+03
8.863175793650792912e+03
8.770136273341278866e+03
8.694079251294304413e+03
8.629660935625750426e+03
8.632176375404531427e+03
8.548262368207622785e+03
8.540309299467431629e+03
8.517022774327122534e+03
8.539773854560738982e+03
8.492943268416596766e+03
8.488222365038560383e+03
8.526609075043630583e+03
8.633994638069705616e+03
8.623706974637681924e+03
8.581173576309794953e+03
8.562963661453541135e+03
8.509183503243744781e+03
8.557657237152287053e+03
8.575801913875598984e+03
8.600518230432668133e+03
8.610726155358897813e+03
8.639027472527472128e+03
8.584680722891565892e+03
8.607401322482197429e+03
1.047514900000000023e+06
1.047514900000000023e+06
1.047514900000000023e+06
1.047514900000000023e+06
1.047514900000000023e+06
1.047514900000000023e+06
1.047514900000000023e+06
1.047514900000000023e+06
1.047514900000000023e+06
1.047514900000000023e+06
1.047514900000000023e+06
1.047514900000000023e+06
1.047514900000000023e+06
1.047514900000000023e+06
1.047514900000000023e+06
1.047514900000000023e+06
1.047514900000000023e+06
1.047514900000000023e+06
1.047514900000000023e+06
3.785046163215590786e+04
2.301901959306706704e+04
2.486910883797053975e+04
2.506159237779619070e+04
2.510571583333333183e+04
2.560421824381926854e+04
1.523326371308016860e+04
1.312111022514071374e+04
1.222646521931767893e+04
1.180298016386373456e+04
1.120111779344670322e+04
1.079129692556634291e+04
1.041569032513877937e+04
1.021003995253164612e+04
9.891543928153065281e+03
9.677463006230529572e+03
9.592881335952848531e+03
9.392984338292873872e+03
9.275292615868027497e+03
9.119029053788770398e+03
8.940865729898516292e+03
8.868977638289525203e+03
8.800905362776025868e+03
8.744769596199525040e+03
8.684083863275040130e+03
8.611684756584198112e+03
8.576187700964630494e+03
8.563781250000000000e+03
8.547205737704918647e+03
8.538253941908713387e+03
8.446987531172069794e+03
8.461410050675674938e+03
8.517303225806452247e+03
8.553828958880139908e+03
8.583379448398576642e+03
8.565706516853932044e+03
8.525954236520163249e+03
8.505260073260073113e+03
8.481135522664199016e+03
8.552071159283694215e+03
8.553093690248566418e+03
8.570659728944820017e+03
8.588651939126166326e+03
8.567506930693069080e+03
8.534569361277444841e+03
8.584093908629442012e+03
1.047514900000000023e+06
1.047514900000000023e+06
1.047514900000000023e+06
1.047514900000000023e+06
1.047514900000000023e+06
1.047514900000000023e+06
1.047514900000000023e+06
1.047514900000000023e+06
1.047514900000000023e+06
1.047514900000000023e+06
1.047514900000000023e+06
1.047514900000000023e+06
1.047514900000000023e+06
1.047514900000000023e+06
1.047514900000000023e+06
1.047514900000000023e+06
1.047514900000000023e+06
1.047514900000000023e+06
3.715460047846889938e+04
2.491714902280130264e+04
2.744408820882088185e+04
2.650108479020978848e+04
2.655930694810906061e+04
1.773151520572450681e+04
1.523252639832723435e+04
1.330136733738886323e+04
1.234003104212860308e+04
1.169579965826569787e+04
1.151980008635578633e+04
1.072785915492957793e+04
1.048509145367412202e+04
1.022738937351308414e+04
9.891311962470679646e+03
9.660773628938155525e+03
9.522356223175966079e+03
9.387500391236306314e+03
9.236923317683880668e+03
9.066617876658860041e+03
8.950403515624999272e+03
8.863738636363636033e+03
8.767014515496273816e+03
8.685627358490566621e+03
8.647671547289275622e+03
8.608499601275916575e+03
8.563453049759229543e+03
8.531257085020242812e+03
8.508348039215687095e+03
8.514573736536867727e+03
8.424316597510372958e+03
8.458159493670886150e+03
8.512673548387096162e+03
8.569739587900043261e+03
8.604330655957162890e+03
8.536986092418124827e+03
8.508555706521739921e+03
8.473848014605202479e+03
8.511334417092428339e+03
8.547973597359736232e+03
8.522823249166269306e+03
8.524531566265060974e+03
8.530337725719862647e+03
8.524003451676528130e+03
8.540698951572641818e+03
8.574640284119735952e+03
1.047514900000000023e+06
1.047514900000000023e+06
1.047514900000000023e+06
1.047514900000000023e+06
1.047514900000000023e+06
1.047514900000000023e+06
1.047514900000000023e+06
1.047514900000000023e+06
1.047514900000000023e+06
1.047514900000000023e+06
1.047514900000000023e+06
1.047514900000000023e+06
1.047514900000000023e+06
1.047514900000000023e+06
1.047514900000000023e+06
1.047514900000000023e+06
8.729089444444444962e+05
3.657764899882214377e+04
3.276102021276595769e+04
2.892314962121212011e+04
2.677615533980582404e+04
2.676950575730735000e+04
1.783236151079136835e+04
1.504010852713178247e+04
1.308084869646182415e+04
1.228180309050772667e+04
1.168300299657534197e+04
1.115904084158415753e+04
1.066093485211830557e+04
1.042669741550695835e+04
1.013096540880503198e+04
9.900252351097178689e+03
9.662665239392759759e+03
9.479336056009335152e+03
9.342843396961434337e+03
9.138468374078385750e+03
9.029699844479004241e+03
8.918000778513040132e+03
8.832272727272727934e+03
8.758296905601253457e+03
8.691237121510028373e+03
8.614774447949526802e+03
8.616302075019952099e+03
8.540744697879152227e+03
8.467844917637605249e+03
8.496955900367496724e+03
8.433328272466147610e+03
8.426134136212624071e+03
8.453483748417052993e+03
8.508458924731183288e+03
8.544308533916848319e+03
8.525551968155683426e+03
8.521760071620412418e+03
8.476846188543077005e+03
8.487227709190672613e+03
8.479888170055452065e+03
8.492480769230769511e+03
8.530958472553698812e+03
8.519454020221473911e+03
8.471013094083413307e+03
8.500211198428291027e+03
8.496202386872202624e+03
8.595972560975609667e+03
1.047514900000000023e+06
1.047514900000000023e+06
1.047514900000000023e+06
1.047514900000000023e+06
1.047514900000000023e+06
1.047514900000000023e+06
1.047514900000000023e+06
1.047514900000000023e+06
1.047514900000000023e+06
1.047514900000000023e+06
1.047514900000000023e+06
1.047514900000000023e+06
1.047514900000000023e+06
1.047514900000000023e+06
1.047514900000000023e+06
6.546399583333333721e+05
3.719468982035927911e+04
3.429639488320356031e+04
2.924386602870813294e+04
2.841410934579439345e+04
2.813024173748819521e+04
1.782028759736369102e+04
1.492206471494607104e+04
1.317545053413841197e+04
1.230994203539822956e+04
1.162943742044972350e+04
1.111188505747126510e+04
1.064041779728651272e+04
1.040451072279587061e+04
1.005422031249999964e+04
9.812006216006215254e+03
9.628817864077669583e+03
9.453057796741659331e+03
9.309156954156953361e+03
9.148292038834952109e+03
8.974343508500773169e+03
8.886389922480620953e+03
8.800695567651633610e+03
8.716414491624464063e+03
8.641576171875000000e+03
8.597447502949273257e+03
8.551625098970704130e+03
8.497895742140866787e+03
8.490017727639000441e+03
8.478276465798046047e+03
8.427242299794661449e+03
8.419619759236196842e+03
8.412146700294240873e+03
8.503806021505375611e+03
8.537612352168200232e+03
8.537389011962783115e+03
8.476457906458797879e+03
8.412662483191394131e+03
8.449773576309795317e+03
8.449558728696452818e+03
8.504528169014083687e+03
8.480856804172593911e+03
8.448219885277247158e+03
8.455674407353651986e+03
8.482689401373896544e+03
8.537941616766467632e+03
8.539574747474747710e+03
1.047514900000000023e+06
1.047514900000000023e+06
1.047514900000000023e+06
1.047514900000000023e+06
1.047514900000000023e+06
1.047514900000000023e+06
1.047514900000000023e+06
1.047514900000000023e+06
1.047514900000000023e+06
1.047514900000000023e+06
1.047514900000000023e+06
1.047514900000000023e+06
1.047514900000000023e+06
1.047514900000000023e+06
1.047514900000000023e+06
5.553209608540925547e+04
3.623680751173708995e+04
3.141884410256410411e+04
2.899799428571428507e+04
1.941471391585760648e+04
1.716421744254566875e+04
1.455468592964824165e+04
1.301828216911764684e+04
1.218516717724288901e+04
1.211383912087912177e+04
1.098151182707993394e+04
1.070528945249597382e+04
1.032519659135949223e+04
1.003014335937500073e+04
9.762979844961240815e+03
9.560636539204326255e+03
9.391738223938224110e+03
9.204469387755101707e+03
9.042441628264208703e+03
8.953759722757027703e+03
8.781874808575803399e+03
8.723763958413554064e+03
8.633647648419429970e+03
8.578788677782085870e+03
8.554300625488662263e+03
8.491745383104125722e+03
8.453457425742573832e+03
8.448514847512038614e+03
8.409805341966815831e+03
8.368603181076672627e+03
8.417214374740340645e+03
8.396131037379253030e+03
8.448911739502998898e+03
8.430122130792551616e+03
8.367346672466290329e+03
8.373593474426807006e+03
8.346336748329620605e+03
8.390337409420289987e+03
8.443283210332103408e+03
8.440307656395891172e+03
8.412371939736345666e+03
8.417116301239275344e+03
8.431722571290478299e+03
8.394479298587433732e+03
8.332451549434334083e+03
8.372212287712287434e+03
1.047514900000000023e+06
1.047514900000000023e+06
1.047514900000000023e+06
1.047514900000000023e+06
1.047514900000000023e+06
1.047514900000000023e+06
1.047514900000000023e+06
1.047514900000000023e+06
1.047514900000000023e+06
1.047514900000000023e+06
1.047514900000000023e+06
1.047514900000000023e+06
1.047514900000000023e+06
1.047514900000000023e+06
5.994017850287907640e+04
3.884362688442211220e+04
3.577440628637951158e+04
2.067466405135520836e+04
1.920003457106274072e+04
1.701007520091848346e+04
1.406820915354330646e+04
1.299628866452501097e+04
1.213371235857267129e+04
1.144676894254787658e+04
1.089327224919093896e+04
1.055248770816812066e+04
1.021798472983555257e+04
9.934180302442808170e+03
9.622007271335629412e+03
9.500928104575163161e+03
9.328659631619340871e+03
9.115429988553987641e+03
8.969520928462708980e+03
8.810926921620597568e+03
8.732293378995433159e+03
8.614432586403341702e+03
8.591771384733410741e+03
8.539054356206630473e+03
8.460767594740913410e+03
8.419634840218239333e+03
8.427129300118624087e+03
8.374859816806052550e+03
8.344100924809006756e+03
8.339249796582587805e+03
8.337264633140972364e+03
8.344000417710944021e+03
8.313781948544918123e+03
8.311905942710560339e+03
8.341747066492829617e+03
8.305628558913709639e+03
8.333584855233853887e+03
8.384994109651110193e+03
8.373906507791018157e+03
8.342298659269532436e+03
8.341314312441534639e+03
8.341021286660359692e+03
8.348827107279694246e+03
8.300854166666666060e+03
8.307091355599213784e+03
8.364416583416583308e+03
1.047514900000000023e+06
1.047514900000000023e+06
1.047514900000000023e+06
1.047514900000000023e+06
1.047514900000000023e+06
1.047514900000000023e+06
1.047514900000000023e+06
1.047514900000000023e+06
1.047514900000000023e+06
1.047514900000000023e+06
1.047514900000000023e+06
1.047514900000000023e+06
1.047514900000000023e+06
6.676662606837606290e+04
4.218149318801089976e+04
3.341990097932535718e+04
2.145609496810772544e+04
1.875787719298245793e+04
1.642467426347971195e+04
1.400032120329936879e+04
1.293480410958904031e+04
1.254711026445540119e+04
1.138366901117087218e+04
1.092827948303715675e+04
1.054960087370929250e+04
1.011331300970873781e+04
9.825935409457901187e+03
9.605864906238040930e+03
9.402476389946687050e+03
9.243239801753717984e+03
8.987349510910458775e+03
8.844737138565527857e+03
8.726401051445738631e+03
8.619268768768768496e+03
8.613687286527514516e+03
8.535217358203273761e+03
8.479969372128636678e+03
8.401715219062260076e+03
8.420865834633385020e+03
8.345695021560171881e+03
8.300133043821555475e+03
8.298220488195278449e+03
8.249076985086658169e+03
8.249527131782946526e+03
8.256595277547638034e+03
8.264113120269134015e+03
8.233871925360475871e+03
8.285877595155709059e+03
8.279243006993006929e+03
8.309414406402845998e+03
8.308515737410072688e+03
8.307104592996816791e+03
8.271169724770641551e+03
8.280637250348350790e+03
8.186812265917603327e+03
8.202862019914651682e+03
8.209620259241479289e+03
8.265428222656250000e+03
8.276376976284584089e+03
1.047514900000000023e+06
1.047514900000000023e+06
1.047514900000000023e+06
1.047514900000000023e+06
1.047514900000000023e+06
1.047514900000000023e+06
1.047514900000000023e+06
1.047514900000000023e+06
1.047514900000000023e+06
1.047514900000000023e+06
1.047514900000000023e+06
1.047514900000000023e+06
7.152692677345537231e+04
4.571807227138643066e+04
2.527895616211745073e+04
2.086854417952314179e+04
1.802742995169082133e+04
1.601700163043478278e+04
1.378341224686595888e+04
1.284154372451291420e+04
1.197112210796915133e+04
1.127238032786885196e+04
1.078647204472843441e+04
1.036234859154929654e+04
1.003995444015444082e+04
9.677404554079696027e+03
9.521652867451575730e+03
9.315861468584405884e+03
9.098962087087087639e+03
8.881221479004087087e+03
8.778057334326134878e+03
8.642526921648719508e+03
8.591632897196261183e+03
8.546052710843374371e+03
8.442435192162773092e+03
8.389324098671726460e+03
8.327360411899313476e+03
8.303331278890600515e+03
8.260334240186552051e+03
8.235821036106750398e+03
8.205614988104678559e+03
8.205983132530120201e+03
8.166398459667612769e+03
8.201555189456343214e+03
8.196767014613778883e+03
8.217346904156063829e+03
8.237879139784945437e+03
8.223664926022627697e+03
8.257464838567006154e+03
8.273114196148679184e+03
8.214523423423423083e+03
8.217811872146117821e+03
8.145234346224678120e+03
8.151523076923076587e+03
8.172263232514177616e+03
8.215404990403070769e+03
8.239005839416058734e+03
8.242374260355029037e+03
1.047514900000000023e+06
1.047514900000000023e+06
1.047514900000000023e+06
1.047514900000000023e+06
1.047514900000000023e+06
1.047514900000000023e+06
1.047514900000000023e+06
1.047514900000000023e+06
1.047514900000000023e+06
1.047514900000000023e+06
1.047514900000000023e+06
7.817432000000000698e+04
4.141686764705882524e+04
2.495820424836601160e+04
2.037939837947332853e+04
1.736468454810495678e+04
1.564014885699096158e+04
1.382883021582733818e+04
1.326302424242424240e+04
1.182353914515446377e+04
1.124034110429447901e+04
1.073431966560509500e+04
1.023152114862242888e+04
9.885987399770905540e+03
9.684735640928109206e+03
9.470925897920604257e+03
9.224345836459115162e+03
8.970108848574602234e+03
8.815612915129151588e+03
8.662922879177378491e+03
8.569180412371133571e+03
8.560975046554935034e+03
8.435841263940519639e+03
8.345560193812896614e+03
8.303670296657905055e+03
8.279105802047781253e+03
8.232882217973230581e+03
8.174594147092799176e+03
8.149555858310626718e+03
8.115115384615384755e+03
8.137729557239728820e+03
8.117932230738200815e+03
8.135110610405571606e+03
8.157857618651123630e+03
8.175696368243243342e+03
8.162084933845497289e+03
8.175245446660884227e+03
8.177857017543859911e+03
8.161224534986713479e+03
8.169223967684021773e+03
8.083976028946178303e+03
8.106017423200366466e+03
8.122452558139534631e+03
8.129470782280866842e+03
8.150551789976133477e+03
8.161939130434782783e+03
8.151524694376527805e+03
1.047514900000000023e+06
1.047514900000000023e+06
1.047514900000000023e+06
1.047514900000000023e+06
1.047514900000000023e+06
1.047514900000000023e+06
1.047514900000000023e+06
1.047514900000000023e+06
1.047514900000000023e+06
1.047514900000000023e+06
8.618107162534435338e+04
3.215060937500000000e+04
2.335347501982553513e+04
1.943451517107811378e+04
1.685177027793533853e+04
1.539312676794133040e+04
1.371447646219686249e+04
1.311418847926267335e+04
1.162984073763621200e+04
1.108152991107518210e+04
1.057093005893909685e+04
1.019131904210119683e+04
9.792945557655953962e+03
9.564536291839036494e+03
9.338437009345794650e+03
9.055432989690722025e+03
8.832343784177906855e+03
8.731467665326999850e+03
8.582581302291742759e+03
8.509273857404021328e+03
8.428907488986784301e+03
8.348162679425837268e+03
8.302238783833889102e+03
8.241321148825065393e+03
8.190144252441773460e+03
8.135700605601817188e+03
8.115922694221201709e+03
8.071918564260902713e+03
8.074068412822517530e+03
8.083054783644302915e+03
8.062013632718524605e+03
8.102646241830065264e+03
8.121621004566210104e+03
8.112675618967688024e+03
8.105315365025467145e+03
8.112987085665088671e+03
8.114204357298474861e+03
8.048181778169014251e+03
8.032176156583629563e+03
8.038569113012156777e+03
8.052550182481752017e+03
8.084730430754979352e+03
8.078666043030870242e+03
8.046886267107125605e+03
8.111441402497598574e+03
8.099058167716917524e+03
1.047514900000000023e+06
1.047514900000000023e+06
1.047514900000000023e+06
1.047514900000000023e+06
1.047514900000000023e+06
1.047514900000000023e+06
1.047514900000000023e+06
1.047514900000000023e+06
1.047514900000000023e+06
1.054326464646464592e+05
3.012102248289345152e+04
2.164540313390313531e+04
1.805896688741722028e+04
1.631612046204620492e+04
1.514878442496132084e+04
1.398300386847195296e+04
1.217515131863380884e+04
1.148575978574371584e+04
1.084561016276300143e+04
1.036150947775628629e+04
9.909303315749812100e+03
9.639326614408360911e+03
9.362259327669005870e+03
9.078420765027321977e+03
8.843169967590925808e+03
8.637454156261148455e+03
8.516212045616535761e+03
8.423058276725061660e+03
8.352149730700179134e+03
8.297297541576283038e+03
8.169886642599278275e+03
8.111350889938249566e+03
8.058837115666178761e+03
8.081438452956489527e+03
7.991306343283582464e+03
7.962758100979653136e+03
7.970562356541698136e+03
7.988938569206842658e+03
7.969465225933202419e+03
7.996078579976066976e+03
7.973468119451170423e+03
7.979035568274734032e+03
7.956152290548906421e+03
7.969465437788018789e+03
7.922413734633319109e+03
7.953681583476763990e+03
7.935977835723598218e+03
7.917698726394378355e+03
7.931645749888740283e+03
7.888820868786386200e+03
7.909518384021788734e+03
7.947451865499770065e+03
7.964125991600560155e+03
7.987372511848341674e+03
8.002462128475551253e+03
1.047514900000000023e+06
1.047514900000000023e+06
1.047514900000000023e+06
1.047514900000000023e+06
1.047514900000000023e+06
1.047514900000000023e+06
1.047514900000000023e+06
1.047514900000000023e+06
1.026513344262295141e+05
2.608876890399320473e+04
1.931026887417218677e+04
1.754092096018735538e+04
1.598575256064690075e+04
1.533314643043251635e+04
1.308644353741496525e+04
1.205072394725648701e+04
1.121540105008077626e+04
1.053757164988381010e+04
1.007860460725075609e+04
9.743799628252787443e+03
9.353524936294139479e+03
9.048725581395348854e+03
8.790558065654782695e+03
8.598793756576640590e+03
8.492489996489995974e+03
8.314991283124129041e+03
8.234090654532727058e+03
8.180329221008107197e+03
8.113234314073023597e+03
8.014531416400425769e+03
7.963848712446351783e+03
7.945407313540912583e+03
7.877672489082969150e+03
7.851027583670466811e+03
7.865182056074766479e+03
7.901334600760455942e+03
7.843513399693721112e+03
7.823511789717819738e+03
7.843944204322200676e+03
7.837953025477707342e+03
7.855117077109406637e+03
7.819103476482617225e+03
7.810756208609271198e+03
7.810456448911222651e+03
7.775626424651752131e+03
7.774502776591200018e+03
7.776005190311419028e+03
7.782765323992995036e+03
7.804954283177984507e+03
7.817212039532793824e+03
7.828140710382514044e+03
7.849476476014760010e+03
7.896200656352554688e+03
7.869144948064211349e+03
1.047514900000000023e+06
1.047514900000000023e+06
1.047514900000000023e+06
1.047514900000000023e+06
1.047514900000000023e+06
1.047514900000000023e+06
1.047514900000000023e+06
4.484191207153502182e+04
2.369952704791344513e+04
1.940048430493273554e+04
1.776263033175355304e+04
1.592437601736299439e+04
1.561677636459989480e+04
1.277710825199645114e+04
1.163224886691388565e+04
1.081257958545170186e+04
1.024881952326901228e+04
9.831880414661236500e+03
9.367581837760229973e+03
9.058180084745763452e+03
8.788915012190875132e+03
8.541931935372980661e+03
8.386915381980130405e+03
8.227544463373084000e+03
8.121727737973387775e+03
8.051585248713550754e+03
7.966495349638305015e+03
7.903426343154245842e+03
7.851691931540342011e+03
7.792831223628691987e+03
7.804970735189150219e+03
7.784677745664739632e+03
7.754693177672382262e+03
7.757210584752035174e+03
7.722057879014189893e+03
7.714216553287981696e+03
7.720210486031381151e+03
7.664062403100775555e+03
7.681924498623672662e+03
7.657671428571428805e+03
7.637579390537289328e+03
7.634178165584415183e+03
7.629841458418681214e+03
7.635797757475083017e+03
7.632649852879360878e+03
7.626597876857749725e+03
7.612308451308451367e+03
7.658478165938864549e+03
7.661181296868107893e+03
7.676007142857142753e+03
7.651399729607931476e+03
7.673249201277954853e+03
7.679345496535796883e+03
1.047514900000000023e+06
1.047514900000000023e+06
1.047514900000000023e+06
1.047514900000000023e+06
1.047514900000000023e+06
1.047514900000000023e+06
3.744634055354994052e+04
2.294075748502993883e+04
1.908802641752577256e+04
1.713434591194968380e+04
1.481971878172588913e+04
1.387248770104068171e+04
1.228712965340179653e+04
1.113163926576217091e+04
1.048819778963414683e+04
9.950845501474927005e+03
9.410446657183500065e+03
9.025248871919471640e+03
8.766303393897840579e+03
8.499805471124620453e+03
8.275425993985967580e+03
8.162640922768305245e+03
8.027703234411470476e+03
7.927351152689609080e+03
7.855224311618536376e+03
7.808928184281842732e+03
7.735112661674608717e+03
7.708411764705881978e+03
7.694280585569885261e+03
7.654416871704745063e+03
7.605467233439603660e+03
7.605479525862068840e+03
7.601092693565976333e+03
7.577187637969094794e+03
7.511465331850204166e+03
7.509115370161593091e+03
7.495297184170472065e+03
7.486837370242214092e+03
7.481471206225681271e+03
7.494223274161735389e+03
7.454012306470821386e+03
7.448884290879871514e+03
7.448603090687271106e+03
7.470440181518151803e+03
7.454199833472106548e+03
7.467007588532883346e+03
7.466557971014492978e+03
7.445223752151462577e+03
7.480512227074235852e+03
7.469596297928603235e+03
7.489955297273133510e+03
7.506804161013115845e+03
1.047514900000000023e+06
1.047514900000000023e+06
1.047514900000000023e+06
1.047514900000000023e+06
1.047514900000000023e+06
3.384131731843575108e+04
2.243066044776119452e+04
1.932710657306955909e+04
1.585046659597030703e+04
1.439716130604288446e+04
1.311163652885052215e+04
1.167274403292181159e+04
1.077008317289179831e+04
1.002490180213313761e+04
9.478163668430335747e+03
9.037290510448783607e+03
8.686366286863270943e+03
8.432492715231788679e+03
8.178087410306588026e+03
8.051918460534899168e+03
7.897394873458792972e+03
7.806911103874959736e+03
7.730651946352632876e+03
7.645044977019041653e+03
7.587039034072114191e+03
7.525689081225033078e+03
7.477601811472660302e+03
7.464336048879837108e+03
7.453498108015135585e+03
7.408682969129378762e+03
7.442541666666666970e+03
7.369293195582472435e+03
7.339562702120014364e+03
7.331902288412640701e+03
7.313507726269315754e+03
7.301401115241636035e+03
7.295831515607371330e+03
7.287473183720045199e+03
7.280505963832242742e+03
7.301928654970760363e+03
7.281808979913351322e+03
7.265764027059291948e+03
7.267581255028158012e+03
7.260447111472742108e+03
7.262751028806584145e+03
7.276685964181590862e+03
7.293697890295358775e+03
7.285755868544601071e+03
7.303434989200864038e+03
7.323729184925504342e+03
7.369941255006675419e+03
1.047514900000000023e+06
1.047514900000000023e+06
1.047514900000000023e+06
1.047514900000000023e+06
3.326845289079229406e+04
2.204051259899208162e+04
1.826319746376811599e+04
1.486545955510616841e+04
1.338519816091954090e+04
1.232307926306769514e+04
1.105082284382284342e+04
1.023450790150679859e+04
9.562938245614035623e+03
9.032016891891891646e+03
8.613015425008205057e+03
8.313615211086045747e+03
8.107630754475703725e+03
7.886550568900126564e+03
7.768255924170615799e+03
7.649656980416930310e+03
7.539702463676563639e+03
7.466283809523809396e+03
7.401795846645367419e+03
7.351316806181584070e+03
7.306732467532467126e+03
7.278750984251968475e+03
7.266797274842139814e+03
7.268149932614554928e+03
7.211334014300306080e+03
7.202444367895281175e+03
7.156126432789163118e+03
7.143137894736842100e+03
7.122833983682156941e+03
7.100098207885304873e+03
7.117066205893052029e+03
7.115000368324124793e+03
7.136691214953270901e+03
7.112737278552582211e+03
7.101833333333333030e+03
7.089050847457627242e+03
7.099170893484198132e+03
7.085729027176053933e+03
7.112815273890443677e+03
7.117460574201374584e+03
7.125881098810988078e+03
7.152364505403158546e+03
7.157032352941176214e+03
7.164716290940025829e+03
7.174372043010752350e+03
7.208854958497160624e+03
1.047514900000000023e+06
1.047514900000000023e+06
1.047514900000000023e+06
3.112705015045135588e+04
1.955261911081619110e+04
1.572439989545216849e+04
1.369046192893400985e+04
1.239117766497461889e+04
1.143756374501992104e+04
1.037265920763022768e+04
9.447958894645940745e+03
8.929945652173913913e+03
8.529756895445798364e+03
8.189415123941010279e+03
7.940772065655001825e+03
7.683060615290892201e+03
7.520473923590054255e+03
7.409203698090330363e+03
7.326743987823439966e+03
7.256701346389229002e+03
7.207662658032685613e+03
7.126105882352941080e+03
7.109516917293232837e+03
7.065381238155400752e+03
7.069840064102563701e+03
6.999015837104072489e+03
6.949158528645833030e+03
6.948272847245133562e+03
6.952796451288918433e+03
6.908709807886753879e+03
6.927818399452804442e+03
6.918672676837725703e+03
6.910493688639550783e+03
6.901410701630049516e+03
6.886105621195846652e+03
6.905094181818181823e+03
6.921785714285714675e+03
6.922387458006718589e+03
6.937845629965947410e+03
6.935271128107074219e+03
6.932506965944272451e+03
6.908485569422777189e+03
6.919789099526065911e+03
6.953628857715430968e+03
6.923239288601454973e+03
6.947243553008595882e+03
6.954708126036483918e+03
6.964341432760787939e+03
6.990895408163265529e+03
1.047514900000000023e+06
1.047514900000000023e+06
2.529122028262676758e+04
1.657750982532751004e+04
1.350710664256665223e+04
1.182425537961835107e+04
1.089822756531616869e+04
1.038505206073752743e+04
9.328693597049948949e+03
8.673639030612244824e+03
8.273380688806888429e+03
7.938886883273165040e+03
7.682389976275208028e+03
7.467007622398124113e+03
7.283341676367869695e+03
7.144721496953872702e+03
7.048880523255814296e+03
6.978374123831775250e+03
6.917764394829611774e+03
6.870538962962962614e+03
6.836827503736920335e+03
6.822389107413010606e+03
6.730238225463384879e+03
6.702653054958550456e+03
6.701462640099626697e+03
6.662565326633165569e+03
6.667875914731148441e+03
6.650653127014828897e+03
6.655460809928151320e+03
6.647013223140495938e+03
6.640108026755852734e+03
6.656095383570943341e+03
6.664825593395253236e+03
6.648913013221990695e+03
6.652349172826469839e+03
6.663779521940778068e+03
6.659689916877484393e+03
6.679644452581472251e+03
6.687841929499072648e+03
6.701979331078541691e+03
6.706803727653100395e+03
6.703526943802925416e+03
6.734568190699492334e+03
6.732904536489151724e+03
6.730142287764049797e+03
6.750633427533306531e+03
6.766671440261865428e+03
6.786905058043117606e+03
6.551088493723849388e+04
1.601912375979112221e+04
1.100993868281604773e+04
1.013587873582961220e+04
9.327127086007702019e+03
8.786336294027565600e+03
8.419146595301814159e+03
7.901504163077806879e+03
7.696273887156223282e+03
7.439110893854748610e+03
7.199310192837465365e+03
7.002662936681223073e+03
6.843984795004073021e+03
6.693298027560118499e+03
6.585029713668287513e+03
6.503482917570499012e+03
6.468584017515052437e+03
6.411421444321940726e+03
6.356149361465852053e+03
6.331239618406285445e+03
6.314584562996595196e+03
6.296699483352468633e+03
6.275487804878048337e+03
6.260105170387779253e+03
6.268856844616761009e+03
6.263353864734299350e+03
6.273583997547516447e+03
6.274210787352758416e+03
6.274537928863707748e+03
6.286379706445437478e+03
6.280917043253712109e+03
6.276786483839373432e+03
6.286207547169811733e+03
6.306430201342282089e+03
6.303726623597415710e+03
6.338451088835119663e+03
6.333104748603352164e+03
6.344242563739377147e+03
6.363901615798922649e+03
6.394184239328712465e+03
6.398673672566371351e+03
6.396479656588278885e+03
6.420163828982216728e+03
6.444600461006531077e+03
6.449998059759410353e+03
6.498936783879888935e+03
6.526706330128205082e+03
8.813840224453631890e+03
7.824191577208917806e+03
7.611703931532495517e+03
7.358956794972506032e+03
7.291014534129250023e+03
7.123813220599538909e+03
6.829571933366986741e+03
6.622900149031296678e+03
6.478522288261515314e+03
6.366312948749690804e+03
6.271804865938431249e+03
6.181441762070681762e+03
6.130255516549648746e+03
6.064659354513363724e+03
6.021814042228440485e+03
5.998216306584362428e+03
5.964814689852063566e+03
5.951461214830396784e+03
5.925445565586829616e+03
5.923507402422611449e+03
5.916655210038188670e+03
5.924098006644518136e+03
5.918635495647289645e+03
5.918976711161601997e+03
5.915935697808535224e+03
5.924980437956204696e+03
5.932001777251184649e+03
5.932613882211538112e+03
5.953756179432407407e+03
5.954758801729462903e+03
5.964770748512371028e+03
5.985486013986013859e+03
5.989452672247263763e+03
5.990057366362450921e+03
5.997492079207921051e+03
6.014942101740294675e+03
6.035298471986418008e+03
6.051594901825697889e+03
6.051568142209829603e+03
6.088314801699716554e+03
6.092414756446991305e+03
6.099880391446175963e+03
6.133252759381898613e+03
6.147051454138702866e+03
6.160179245283018645e+03
6.190743393335887049e+03
7.603361280084634018e+03
7.208932783929951256e+03
7.111942385786802333e+03
6.950158463083876995e+03
6.804117573949788493e+03
6.585958547951925539e+03
6.391595417986838584e+03
6.275083353584446741e+03
6.173792650279873669e+03
6.099998534798534820e+03
6.028641805691854643e+03
5.979907045735475549e+03
5.923768599154018375e+03
5.902386804331402345e+03
5.871057731434384550e+03
5.830729022324865582e+03
5.823847713097713495e+03
5.817239136160126691e+03
5.807939765458421789e+03
5.805660540540540751e+03
5.801273424657534633e+03
5.792395290858726185e+03
5.795920202304017948e+03
5.806098944967208809e+03
5.806467109059434733e+03
5.811881956649091990e+03
5.822725571725572081e+03
5.830765272344267032e+03
5.831430661383724328e+03
5.843983297247138580e+03
5.866915855572998225e+03
5.865271687321258469e+03
5.886868387096774313e+03
5.902064379084967186e+03
5.922095016611295250e+03
5.934536314727639365e+03
5.939111602585913715e+03
5.963421325051759595e+03
5.974506652661064436e+03
5.992067352002835833e+03
6.002504132231404583e+03
6.036198323004010490e+03
6.052916174298375154e+03
6.079719475655430870e+03
6.074123438091632124e+03
7.087810632911392531e+03
6.825855394605394395e+03
6.560958302491981158e+03
6.614944512344170107e+03
6.416819787131107660e+03
6.254935638808837211e+03
6.135547006491945467e+03
6.053006979542719819e+03
5.979040416263310362e+03
5.916513625304136440e+03
5.864383427310614934e+03
5.818818854886475492e+03
5.800108418685985271e+03
5.770514876449823532e+03
5.739501656050955717e+03
5.734584365325077670e+03
5.719634133611691141e+03
5.724048438327156873e+03
5.712344855305465899e+03
5.718354654327707976e+03
5.718863673919030589e+03
5.715935492879084450e+03
5.721647425014148212e+03
5.728367862266857628e+03
5.726474433468913048e+03
5.739217211906867306e+03
5.752675740352976391e+03
5.766791502276176288e+03
5.763773718145532257e+03
5.779874493927125513e+03
5.802835443037974983e+03
5.815773572803079333e+03
5.821895163907822280e+03
5.846573829927488077e+03
5.847655999999999949e+03
5.872875254237288573e+03
5.909878401653461879e+03
5.898291073289336964e+03
5.916547535211268041e+03
5.934393226381461318e+03
5.957964169381107240e+03
5.979737344093910906e+03
5.996359955423477004e+03
6.028289056603773133e+03
6.716169778869779293e+03
6.582686465433301237e+03
6.472369286577993080e+03
6.284400191479177010e+03
6.146623091603053581e+03
6.029886054827175030e+03
5.954670413776608257e+03
5.880186029764762679e+03
5.835095791001451289e+03
5.771144941634241150e+03
5.747792967789525392e+03
5.713654676258992367e+03
5.684810025062656678e+03
5.672218417047183721e+03
5.658914571575166519e+03
5.644393821391485289e+03
5.646697129312615289e+03
5.641826527888977580e+03
5.647417320703653786e+03
5.639856751574910959e+03
5.644633536923931388e+03
5.650857665260196882e+03
5.657279554540262325e+03
5.677801624129930133e+03
5.680601879036993523e+03
5.671922528940338452e+03
5.685580120481928134e+03
5.703731274839498838e+03
5.718282480620155184e+03
5.741192065491183712e+03
5.760606321839080010e+03
5.755107846302873440e+03
5.763837749427543713e+03
5.779605638474295120e+03
5.801575268817204233e+03
5.819294438758102842e+03
5.829972049689440610e+03
5.842836249125262839e+03
5.877507632232871401e+03
5.897721382289416397e+03
5.925698575082206844e+03
5.925804428044280030e+03
5.951543242231374279e+03
6.340369664817940247e+03
6.302471716203260257e+03
6.176904490377762158e+03
6.030381245560028219e+03
5.950445234708392491e+03
5.862259743346007781e+03
5.795136005726556505e+03
5.744600048100048298e+03
5.706436257876878699e+03
5.671149253731343379e+03
5.647851915945611836e+03
5.631725794345758914e+03
5.609103892821030968e+03
5.601877143588430954e+03
5.585436368339368528e+03
5.585004196170993964e+03
5.592516910785619075e+03
5.592942841736316950e+03
5.586250614250614490e+03
5.588157909292035583e+03
5.591280347631062796e+03
5.593521022727272793e+03
5.610398788927335772e+03
5.614654688869412894e+03
5.642114115898960335e+03
5.642635106702735357e+03
5.651539305301645072e+03
5.658065761037357333e+03
5.684832183186950715e+03
5.702949427480915801e+03
5.714175048355898980e+03
5.716111762789181739e+03
5.732097286565188369e+03
5.756492787655149186e+03
5.781036103542234741e+03
5.780535788024776593e+03
5.798699651567943874e+03
5.817475079533403914e+03
5.845676829268292749e+03
5.861779876498365411e+03
5.887070427728613140e+03
5.895511931394481508e+03
6.246476553201619026e+03
6.088754257332071575e+03
5.959765135453474613e+03
5.873044617563738939e+03
5.791416291735732557e+03
5.743273812365720005e+03
5.683935986573963419e+03
5.648599515738498667e+03
5.616655189255188816e+03
5.584909001233045274e+03
5.559441594022416211e+03
5.560009336361342321e+03
5.540537107880642907e+03
5.543925226390685566e+03
5.527997382884062063e+03
5.533000000000000000e+03
5.530645065877924026e+03
5.529617583015786295e+03
5.533621174524399976e+03
5.556204041538029742e+03
5.551140505251206378e+03
5.565029064748201563e+03
5.555978766724840170e+03
5.574235450516986930e+03
5.584859964093357121e+03
5.599748784933171009e+03
5.620732654949120843e+03
5.634884411121524863e+03
5.646392902408111695e+03
5.662461933825891720e+03
5.670304489264801305e+03
5.689243572841133755e+03
5.699050133689839640e+03
5.718932295192958918e+03
5.738691196698761814e+03
5.755008342022940269e+03
5.769921451215216621e+03
5.806901897601145720e+03
5.803146420824295092e+03
5.835315712187958525e+03
5.852922304832713962e+03
5.915771092831962051e+03
5.832311048557354297e+03
5.748150788049870243e+03
5.680459248759744696e+03
5.619783764538333344e+03
5.577750896485776138e+03
5.546282509047044186e+03
5.511818646543330033e+03
5.490254120541205339e+03
5.477771641791045113e+03
5.463609209864116565e+03
5.465374170495150793e+03
5.455843111915223744e+03
5.448620491374804260e+03
5.449229994700583120e+03
5.445179308496381964e+03
5.452509644118445976e+03
5.458225255031707093e+03
5.472342097902097521e+03
5.468135219236209196e+03
5.475811353211009191e+03
5.485801395754579971e+03
5.487604999999999563e+03
5.505766129032258505e+03
5.538732300212701375e+03
5.543883799569627627e+03
5.541662002487561949e+03
5.560756151419558591e+03
5.583909294871795282e+03
5.584089673033344297e+03
5.600466513460275564e+03
5.626573093573093502e+03
5.631971322537112428e+03
5.665472279260779942e+03
5.691904513888888687e+03
5.715350827756252329e+03
5.703760213143872534e+03
5.732971150378651146e+03
5.754074534161491101e+03
5.774291589477584239e+03
5.704665337711069697e+03
5.652093367826904796e+03
5.588639131460939097e+03
5.537886698337291818e+03
5.497653744915051902e+03
5.458584901109503335e+03
5.425666747749939532e+03
5.425957111165886090e+03
5.402616131441373909e+03
5.388174886763965333e+03
5.382057383320581721e+03
5.388980868665977141e+03
5.385747773703509665e+03
5.384051948051947875e+03
5.397364076364614448e+03
5.397079607415485043e+03
5.403093620546810598e+03
5.399724022346368656e+03
5.394470903954802452e+03
5.410028677946658718e+03
5.426373073567897336e+03
5.433504568228706376e+03
5.458985923929320052e+03
5.462684433676559820e+03
5.468253374233128852e+03
5.496315461346633128e+03
5.499326498422712575e+03
5.517580377117289572e+03
5.533410830090791023e+03
5.545486876640419723e+03
5.555562541583499296e+03
5.579892857142856883e+03
5.607094081423195348e+03
5.631856002775850357e+03
5.636841347841347670e+03
5.663177706552706695e+03
5.679389329488103613e+03
5.696886413440467550e+03
5.713926459719142258e+03
5.574085707558276226e+03
5.520192945075757962e+03
5.473502144899905034e+03
5.428860877908371549e+03
5.400433729101041536e+03
5.381044987775060690e+03
5.357945899209486015e+03
5.347322427572427841e+03
5.334341334007074693e+03
5.338474385245901431e+03
5.321739389233954171e+03
5.327644636768948658e+03
5.334226415094339245e+03
5.336687146321745786e+03
5.336051282051282215e+03
5.348667312482701163e+03
5.337591785414920196e+03
5.353704964539007051e+03
5.360026429187015310e+03
5.371131993006993071e+03
5.388608040201004769e+03
5.412169516951695186e+03
5.408278216019417414e+03
5.419742470805163066e+03
5.442057116104869237e+03
5.453046100410482723e+03
5.463744319999999789e+03
5.490316558441558300e+03
5.495171325221966072e+03
5.528405071738405240e+03
5.551289918809201481e+03
5.562562178828366086e+03
5.560255797853928925e+03
5.585596558988763718e+03
5.596620738636363967e+03
5.633469675090253077e+03
5.641779358132749621e+03
5.670417623102554899e+03
5.471034055727554005e+03
5.414564114832535779e+03
5.380799903451605132e+03
5.360592448233861433e+03
5.336435947873124860e+03
5.318535900621118344e+03
5.306634924623115694e+03
5.296033036848793017e+03
5.291699253923334254e+03
5.283449154746424028e+03
5.296545790446028150e+03
5.287069959946595191e+03
5.301211595773503177e+03
5.288190866830736013e+03
5.292707675256303446e+03
5.303974150042146903e+03
5.310296243597040302e+03
5.320005768676089247e+03
5.340547291361639509e+03
5.354071195490952050e+03
5.363023150932050157e+03
5.369827145465611466e+03
5.388126969416126485e+03
5.402262038774233588e+03
5.410305669939816653e+03
5.437925723472669233e+03
5.439687500000000000e+03
5.473275338395510516e+03
5.479881174899866892e+03
5.501171409214091909e+03
5.489770071745814676e+03
5.531930458970792643e+03
5.551796054948925303e+03
5.564273083778965884e+03
5.584493684590400335e+03
5.605859546452084942e+03
5.617125416204217800e+03
5.371137349397590697e+03
5.346013362487852646e+03
5.320161353604707983e+03
5.300758296186230837e+03
5.278262118940529945e+03
5.272163420187199335e+03
5.259721739130434798e+03
5.261648445595855264e+03
5.259080429656798515e+03
5.256894373673036171e+03
5.254669798657718275e+03
5.252037489812551030e+03
5.252164696178168924e+03
5.267022879464285325e+03
5.270246258119175764e+03
5.280220091585575574e+03
5.304448676940971382e+03
5.315403002649396512e+03
5.306996429634037668e+03
5.320134760325595380e+03
5.343905666156201733e+03
5.361673596028545035e+03
5.366362751256281626e+03
5.391076776043325481e+03
5.390932301740812363e+03
5.413981070496083703e+03
5.432622972525653495e+03
5.448593226022803719e+03
5.457786757215620128e+03
5.472821588174630051e+03
5.497207040780759598e+03
5.520505832449628542e+03
5.524378301213419036e+03
5.547069464544139009e+03
5.584454044117646845e+03
5.607287630402384821e+03
5.311923133414932636e+03
5.287434041501976026e+03
5.264538749065536649e+03
5.256063556116015206e+03
5.240166369426751771e+03
5.230634466769706705e+03
5.230451016154246645e+03
5.231432418162618887e+03
5.234442513368983782e+03
5.223971899486625261e+03
5.232503148097453959e+03
5.231782211138819548e+03
5.237306030855539575e+03
5.246845847554038301e+03
5.267385792665319059e+03
5.277940093512565909e+03
5.275555128584096565e+03
5.285239221556886150e+03
5.294787317961165172e+03
5.312121118967107577e+03
5.324749532710280619e+03
5.353557558507273825e+03
5.349748401534527147e+03
5.368524595469255473e+03
5.387021639344262439e+03
5.413811792138574674e+03
5.420721173297370115e+03
5.439463114754098569e+03
5.453380228136882579e+03
5.468489674483724230e+03
5.488732364409784168e+03
5.511331297161336806e+03
5.529736171761281184e+03
5.547601694915254484e+03
5.547481605351170401e+03
5.264312484425617185e+03
5.239285498869062394e+03
5.224426720853442021e+03
5.220451928020565902e+03
5.210099662600570809e+03
5.217218741774150658e+03
5.201784537725823611e+03
5.198741467347486832e+03
5.200442600652883812e+03
5.204270046844861099e+03
5.209284877232143117e+03
5.216047201808931277e+03
5.230017488532110292e+03
5.232664542294322018e+03
5.236618656497506890e+03
5.253260559190957792e+03
5.255929539295392715e+03
5.274270286760219278e+03
5.292815422731496255e+03
5.304724310776942730e+03
5.316350698856416784e+03
5.341501608751608728e+03
5.353956026058632233e+03
5.371247191011236282e+03
5.369369616026710901e+03
5.406611337406652638e+03
5.412171467764060253e+03
5.425568600208405769e+03
5.438302668539326078e+03
5.455075035561877485e+03
5.473898811667267182e+03
5.511045005488474089e+03
5.510501845018449785e+03
5.513974636329728128e+03
5.222316070068545741e+03
5.206314197847257674e+03
5.200673490541591491e+03
5.203468364400105202e+03
5.192693450013259280e+03
5.196335213537469826e+03
5.185804937601736128e+03
5.195308770965080839e+03
5.192137892688351712e+03
5.194955249085280229e+03
5.201790538614989600e+03
5.209119953863898445e+03
5.223928905792861769e+03
5.226603254437869509e+03
5.233480515587530135e+03
5.246682038834951527e+03
5.261085204552445248e+03
5.284575039001560071e+03
5.291559241706160719e+03
5.316006081946222366e+03
5.321283171521035911e+03
5.337013784049885544e+03
5.344579209564928533e+03
5.355569220430107634e+03
5.384170190995907433e+03
5.398728245856353169e+03
5.401873779637377993e+03
5.423620848056537397e+03
5.452071351738974954e+03
5.467591651542649743e+03
5.480127292736610798e+03
5.483885014836795563e+03
5.515851879699248457e+03
5.203466683951257437e+03
5.189967015706806706e+03
5.176844485585824259e+03
5.179802409638554309e+03
5.168702892673695715e+03
5.173306681270536501e+03
5.175129675810473600e+03
5.176319125070106566e+03
5.184615166145981675e+03
5.194792409430707266e+03
5.196152167588013072e+03
5.207893867924528422e+03
5.208037280047718014e+03
5.233290468986384440e+03
5.244865726548129715e+03
5.259565352375038856e+03
5.268132075471698045e+03
5.293891969407265606e+03
5.287120257234726523e+03
5.315772222222221899e+03
5.302503789126853007e+03
5.334092004014720260e+03
5.350865084745762942e+03
5.374282474226803970e+03
5.364066112841814174e+03
5.389113373113373200e+03
5.411043400924937487e+03
5.447211420310805806e+03
5.457754565376187202e+03
5.453383708072245099e+03
5.494572659176030356e+03
5.506016300227444844e+03
5.183749073583906466e+03
5.167387286324786146e+03
5.171538003786854460e+03
5.162446326140398924e+03
5.159818131564400574e+03
5.166667319529938140e+03
5.163679773691655100e+03
5.178958440813987181e+03
5.179067555813278886e+03
5.193516015280634747e+03
5.197165724486760155e+03
5.202524812030074827e+03
5.225348091603053035e+03
5.224003394014192963e+03
5.241394745073506783e+03
5.261103262591067505e+03
5.266607554417413667e+03
5.281483273790191561e+03
5.284646209386281953e+03
5.319819212808539305e+03
5.318878747052879589e+03
5.344472155790912439e+03
5.341380082701584797e+03
5.366962937062937272e+03
5.395203546099291088e+03
5.409412060301507154e+03
5.427603848946986545e+03
5.425451612903225396e+03
5.454782689450223188e+03
5.471832517877304781e+03
5.487510840623811418e+03
5.158777388019428145e+03
5.157113506139154197e+03
5.155622136351090376e+03
5.151273361227335954e+03
5.165284219457013933e+03
5.166133504859920322e+03
5.168125542377783859e+03
5.174605386416861620e+03
5.187139251781472922e+03
5.190725172517251849e+03
5.199765116985719033e+03
5.208077750460971401e+03
5.217113947696139803e+03
5.245508051784022427e+03
5.251096681557115517e+03
5.258031997414350371e+03
5.266115724092840537e+03
5.281211589403973448e+03
5.289480241125251268e+03
5.316433718558803776e+03
5.330176409903713648e+03
5.349000000000000000e+03
5.360561465304685044e+03
5.388470525187566636e+03
5.400135887242500758e+03
5.393730418943533550e+03
5.434219755826859000e+03
5.451013493253372872e+03
5.470407126611068634e+03
5.471177190968235664e+03
5.151726620689654737e+03
5.149418455533872475e+03
5.159746327683616073e+03
5.153121471343028134e+03
5.155461338718984734e+03
5.163169100467289354e+03
5.172518946121966110e+03
5.175801076877056403e+03
5.181644975786924988e+03
5.210112204119274793e+03
5.206302173913043589e+03
5.223280641106222902e+03
5.240525310410696875e+03
5.236251608751608728e+03
5.253392764015645298e+03
5.275657851239669071e+03
5.281959839357429701e+03
5.289139912132477548e+03
5.303450068399452903e+03
5.322730769230769511e+03
5.345263083948015264e+03
5.363337006754354661e+03
5.374125404240028729e+03
5.379850708318198485e+03
5.415791006266125805e+03
5.430169839492347819e+03
5.420525347352609970e+03
5.458225572519084380e+03
5.488443670150987600e+03
5.152589844851903763e+03
5.153899857346647877e+03
5.151274142404151462e+03
5.156216389617964523e+03
5.163148005908419691e+03
5.171549910340705537e+03
5.176212515114872986e+03
5.191345482388974233e+03
5.192762774852895745e+03
5.222276468740182281e+03
5.221505867427846169e+03
5.228346820809248129e+03
5.232472249269717395e+03
5.254595457537853690e+03
5.265224000000000160e+03
5.272808417508417733e+03
5.297119535519125748e+03
5.296171261199173387e+03
5.323971328671328592e+03
5.340196744515215869e+03
5.346489095459421151e+03
5.357434719710669015e+03
5.387455445544554095e+03
5.399305751391465492e+03
5.409552266766579123e+03
5.426689301972685826e+03
5.449877401998463029e+03
5.464178002331907919e+03
5.145390728476821096e+03
5.146661426491994462e+03
5.155636873156342517e+03
5.161104713603818709e+03
5.172193295077016046e+03
5.167832926829268217e+03
5.182291100123609795e+03
5.196796186308220967e+03
5.204011694058153807e+03
5.222339428938081255e+03
5.218425566343042192e+03
5.231344149459193432e+03
5.248745514950165671e+03
5.270229138627187240e+03
5.272847042828007943e+03
5.282985223367697472e+03
5.302933147632312284e+03
5.319078576462296951e+03
5.333016399286987507e+03
5.343679047962495133e+03
5.374678610603290508e+03
5.385121391561806377e+03
5.390386338185890054e+03
5.411987135830495390e+03
5.428139686184462334e+03
5.415191759722756615e+03
5.445660937499999818e+03
5.157113931523022075e+03
5.159694394752534208e+03
5.169629830917874642e+03
5.166345121951219880e+03
5.173420111042566532e+03
5.190700280986575308e+03
5.193014191106906765e+03
5.201884345047923489e+03
5.207695736434108767e+03
5.232205111402358853e+03
5.225183471074380577e+03
5.246809380234505625e+03
5.250430456852792304e+03
5.280048436963243148e+03
5.282392299687825471e+03
5.314746920098556984e+03
5.324184631803628690e+03
5.335378553436487891e+03
5.348367042560931623e+03
5.371944280442804484e+03
5.379289385474859955e+03
5.405383308157100146e+03
5.418943086325439253e+03
5.414507698229407652e+03
5.428126119112494962e+03
5.456730496453900741e+03
5.165112183353438013e+03
5.162873895826987791e+03
5.174614435533620963e+03
5.190975952529668575e+03
5.180811457349701413e+03
5.203484025559105248e+03
5.206731030029060094e+03
5.234505735824320254e+03
5.217295146913173085e+03
5.229704507512520649e+03
5.249404600811907585e+03
5.284701030927834836e+03
5.272108996539792315e+03
5.299218947368421141e+03
5.300589235127478787e+03
5.311641475644699312e+03
5.331984046410442716e+03
5.357652189915347662e+03
5.364253991830672021e+03
5.390085090361445509e+03
5.407621570121951663e+03
5.408525163273146063e+03
5.419073815073815240e+03
5.451477764659583045e+03
5.456921607640270850e+03
5.170110631741140423e+03
5.187702028081122990e+03
5.183725212464589276e+03
5.197167198468410788e+03
5.212583844911147025e+03
5.221124264224983563e+03
5.224975214805022915e+03
5.221542999999999665e+03
5.244738763095640024e+03
5.262045516769336245e+03
5.265965445749827268e+03
5.292825157673441026e+03
5.295693913658881684e+03
5.302952449052556403e+03
5.325895327779790023e+03
5.330788067349926678e+03
5.348208518518518758e+03
5.370768567141785752e+03
5.383943854324734275e+03
5.391460566615620337e+03
5.410081039162466368e+03
5.431322352941176177e+03
5.447560365369340616e+03
5.451851302605210549e+03
5.182054436752674519e+03
5.197288768347159930e+03
5.199729616500160773e+03
5.221443609022556302e+03
5.213365314869765825e+03
5.209879281676088794e+03
5.222229811574697123e+03
5.248679863481228494e+03
5.262879488950276027e+03
5.277076493188962559e+03
5.272064788732393936e+03
5.301743030736240144e+03
5.303031723143475574e+03
5.319815193571950658e+03
5.331356220007382944e+03
5.355516080777861134e+03
5.378622205380826017e+03
5.380307104660046207e+03
5.396860788863108610e+03
5.413101602188355173e+03
5.431772763262074477e+03
5.438690647482014356e+03
5.452105050505050713e+03
5.205246451612903002e+03
5.214776363042768935e+03
5.203354063836788555e+03
5.222363999999999578e+03
5.225977777777778101e+03
5.234277305205851917e+03
5.262093577348065992e+03
5.270356943475227126e+03
5.276255461592671054e+03
5.289040285204991051e+03
5.301584144144144375e+03
5.310718556325191457e+03
5.317441295546558649e+03
5.348206870799103854e+03
5.371158153613318063e+03
5.377275954198473300e+03
5.390049420849421040e+03
5.403290448343080243e+03
5.424588142292490375e+03
5.422444621513944185e+03
5.436978252114377938e+03
5.461925805136567760e+03
5.200092403814534919e+03
5.224234078026008319e+03
5.220928667563929594e+03
5.247169508867666991e+03
5.245563661390227026e+03
5.263824451410658185e+03
5.269236805066854686e+03
5.271284648187633138e+03
5.324888888888888687e+03
5.305508196721311833e+03
5.319022810890360233e+03
5.330923706736137319e+03
5.359656474141185754e+03
5.372047310186951108e+03
5.364275835574337179e+03
5.399805533904910590e+03
5.402768110236220309e+03
5.413027435387673904e+03
5.420338819751103983e+03
5.456382736156351712e+03
5.480595884773662874e+03
5.222740242261103958e+03
5.238475136239781932e+03
5.239385144429161301e+03
5.255201391304347453e+03
5.264795007032348622e+03
5.267258785942492068e+03
5.307804112554112180e+03
5.300136413241178161e+03
5.303789801907556466e+03
5.327500185942729331e+03
5.341972515060240767e+03
5.348499810246678862e+03
5.358713737528779347e+03
5.391694552529183056e+03
5.394783018867924511e+03
5.401767552558508214e+03
5.407970364437324861e+03
5.437084415584415183e+03
5.478745372274784131e+03
5.470974231088944180e+03
5.238384324510140686e+03
5.259133263743910902e+03
5.256484550561797732e+03
5.268179751332148953e+03
5.286887890765360680e+03
5.308108196721311288e+03
5.311839456282145875e+03
5.325839405204461400e+03
5.326729932483121047e+03
5.329591149773071265e+03
5.359367229470452912e+03
5.388466174183514340e+03
5.395456188605107855e+03
5.392630245447347988e+03
5.404506602641056816e+03
5.438519675456389450e+03
5.470115400410677466e+03
5.455736951118475190e+03
5.471977852068533139e+03
5.248156030855539939e+03
5.270337713068181984e+03
5.279329386437028916e+03
5.289499273783587341e+03
5.306206314243759152e+03
5.324060200668895959e+03
5.335312546957175073e+03
5.327726379440665369e+03
5.354171395705521718e+03
5.376070957735556476e+03
5.396090373280942913e+03
5.384537154150197239e+03
5.407580064051240697e+03
5.426463157894736469e+03
5.457003277345350398e+03
5.449718659495241809e+03
5.454568513119533236e+03
5.479995780590717004e+03
5.285033405172413950e+03
5.296581243184296909e+03
5.304360601614086590e+03
5.328269245072518061e+03
5.333748309541698291e+03
5.338534267322983396e+03
5.341733078393881442e+03
5.378324670287043773e+03
5.388083562181247544e+03
5.382470169893323146e+03
5.404159599999999955e+03
5.413635702746365496e+03
5.450554418985269876e+03
5.443759504132231086e+03
5.455371095376925950e+03
5.469290947368421257e+03
5.485627125850340235e+03
5.304359867938371281e+03
5.320340512439658596e+03
5.340684467845054314e+03
5.343078817733990036e+03
5.344096403978576745e+03
5.365871517027863774e+03
5.379965922444182979e+03
5.383009877518767098e+03
5.394026746506986456e+03
5.416837237479806390e+03
5.443984879444217768e+03
5.438308835672997702e+03
5.449252079866888380e+03
5.463090832632464299e+03
5.476547770700636647e+03
5.487802145922746604e+03
5.330102063789868225e+03
5.327107709750566755e+03
5.344270466717674026e+03
5.359562040974101365e+03
5.378129992169146135e+03
5.381607424960505341e+03
5.378784235668789734e+03
5.412940274414851046e+03
5.437288979591836323e+03
5.438632686751960136e+03
5.449753743760399630e+03
5.468336279461279446e+03
5.471851569126378308e+03
5.486163020163020519e+03
5.498695369969709645e+03
5.344294950267788408e+03
5.351240633449207962e+03
5.369962861610632899e+03
5.384533781114184421e+03
5.385169788760462325e+03
5.417438787878787480e+03
5.420681466395111784e+03
5.423786419753086193e+03
5.431991293532338204e+03
5.452762484263533224e+03
5.471495120916419182e+03
5.482048435490783959e+03
5.487056994818653038e+03
5.515708533916848864e+03
5.366008984375000182e+03
5.380993288590603697e+03
5.371980914512922027e+03
5.413345439870863629e+03
5.411899552663684517e+03
5.420113075657895024e+03
5.436541718555416992e+03
5.450690855704698151e+03
5.473994060246075605e+03
5.463829987184964011e+03
5.496879325259516008e+03
5.518941768826620319e+03
5.525551678445229300e+03
5.374862315957023384e+03
5.406873035066505508e+03
5.414026851098454244e+03
5.414673921971252639e+03
5.432332918739634806e+03
5.444512154233026195e+03
5.455307822410148219e+03
5.464251601879538612e+03
5.485279240397065223e+03
5.512667104111986191e+03
5.514142794182459511e+03
5.524365213523131388e+03
5.413917819365337891e+03
5.417424815119145023e+03
5.434696391538780517e+03
5.442727272727272975e+03
5.450356147021546349e+03
5.469288584865326811e+03
5.473715762273901419e+03
5.506423144104803214e+03
5.507578785211268041e+03
5.524908807829181569e+03
5.537136955545576711e+03
5.441497508305647898e+03
5.434682008368200513e+03
5.457011844331641441e+03
5.457587457337884189e+03
5.478713362068965580e+03
5.502083333333333030e+03
5.508854689564068394e+03
5.515810390763765099e+03
5.527760645450470292e+03
5.538898912058023598e+03
5.463664972469292479e+03
5.459708493384549911e+03
5.479126724137930978e+03
5.504934089917066558e+03
5.501420659340659768e+03
5.516402753108348406e+03
5.525767921146953086e+03
5.534033061594202991e+03
5.561355901189386714e+03
5.479932758620690038e+03
5.500522459659834567e+03
5.496968379446640029e+03
5.516779307282416084e+03
5.531151121076232812e+03
5.521579755987347198e+03
5.551219178082192229e+03
5.574456984273820126e+03
5.496983750548967691e+03
5.517081705150976632e+03
5.516730769230769511e+03
5.531564961521050463e+03
5.545742244525546994e+03
5.572427184466019753e+03
5.582308946877912604e+03
5.517161001788908834e+03
5.531451788139429482e+03
5.559449063499314434e+03
5.572906611188164788e+03
5.577057701256398104e+03
5.579844527947393544e+03
5.566926349496798139e+03
5.560610239852398081e+03
5.580132681564246013e+03
5.585039022096850204e+03
5.600468690702086860e+03
5.588149720149253881e+03
5.582453007518796767e+03
5.602087286527514152e+03
5.605434034416825853e+03
5.603703369719981310e+03
5.600474212034383527e+03
5.622231141199225931e+03
5.621985009671179796e+03
5.641959531935641280e+03
5.653122047244094574e+03
