nan
nan
nan
nan
nan
nan
nan
nan
nan
nan
nan
nan
nan
nan
nan
nan
nan
nan
nan
nan
nan
nan
nan
nan
nan
nan
6.880321839080460222e+02
8.853173615432482393e+02
1.011039931545921263e+03
1.107315179606025595e+03
1.246168608636052113e+03
1.228278113000548501e+03
1.360443781094527367e+03
1.572919503219871103e+03
1.816790901137357878e+03
1.947200858369098796e+03
2.041082392304475206e+03
2.133456262833675737e+03
2.254863107185869012e+03
2.389329855537720505e+03
2.575599277978339160e+03
2.761036575562700818e+03
2.922894084732214196e+03
3.117104225352112735e+03
3.269925955734406216e+03
3.433653160453808596e+03
3.598393336042259307e+03
3.727586628618018949e+03
3.862288524590163888e+03
3.976928835870012335e+03
4.118819999999999709e+03
4.203442738589211331e+03
4.301844204403822005e+03
4.461837052631579354e+03
4.593908936891148187e+03
4.761708207993124233e+03
4.912734286952752882e+03
5.085169082125604291e+03
5.231345898004434275e+03
5.427527690229626387e+03
5.624302102376599578e+03
5.876334737827715799e+03
6.068095961995249127e+03
6.255703117505995579e+03
6.369023143683702983e+03
6.570425500732779255e+03
6.745923875432526074e+03
6.990733635448136738e+03
7.175959204487506213e+03
7.394548420507509036e+03
7.589628016789087269e+03
nan
nan
nan
nan
nan
nan
nan
nan
nan
nan
nan
nan
nan
nan
nan
nan
nan
nan
nan
nan
nan
nan
nan
nan
nan
6.931775914634146147e+02
8.787587281795510989e+02
9.934356435643563827e+02
1.117930599369085257e+03
1.243133526850507906e+03
1.206059080962800863e+03
1.371145688800792868e+03
1.576144484958979092e+03
1.779468708971553724e+03
1.952369078380706242e+03
2.034980793319415397e+03
2.115113701431492700e+03
2.224228766025641107e+03
2.403877214170692241e+03
2.568186454183266960e+03
2.750167731629393074e+03
2.945585777420651084e+03
3.098154676258992822e+03
3.280770438985098735e+03
3.437737011679419993e+03
3.575910266774454158e+03
3.714786785569517633e+03
3.821442456283041793e+03
3.962288879770209405e+03
4.075438582028029487e+03
4.174657590759075902e+03
4.318562916666666752e+03
4.454287274254515069e+03
4.599471112999150137e+03
4.736953438701410050e+03
4.922741319444444343e+03
5.069181260945709255e+03
5.247012411347517627e+03
5.432007203962179119e+03
5.663090156393744110e+03
5.858017740429505466e+03
6.057778937381403921e+03
6.203111005240591112e+03
6.372914739884393384e+03
6.555174866049683260e+03
6.770446534653465278e+03
6.973124183006535532e+03
7.153115736040609590e+03
7.358295360824742602e+03
7.577319037656903674e+03
nan
nan
nan
nan
nan
nan
nan
nan
nan
nan
nan
nan
nan
nan
nan
nan
nan
nan
nan
nan
nan
nan
nan
4.109539375928677600e+02
6.962052631578947057e+02
8.743220338983051079e+02
9.902411042944785322e+02
1.135008608321377324e+03
1.237203816793893111e+03
1.386332423580786099e+03
1.373921453117329293e+03
1.661711363636363558e+03
1.781807692307692378e+03
2.003071245733788373e+03
2.043938855160450885e+03
2.092975303643724601e+03
2.228831996792301652e+03
2.411751103974307625e+03
2.563073838824930590e+03
2.744482950039650859e+03
2.961296415626258749e+03
3.100751795690342988e+03
3.270004825090470604e+03
3.433617363344051228e+03
3.566915793714746087e+03
3.703392697768762901e+03
3.830144774298495122e+03
3.954875717801476640e+03
4.061026304973283914e+03
4.158772652388797724e+03
4.294376817615288928e+03
4.431804602510460427e+03
4.586824650571791608e+03
4.724695744680851021e+03
4.894388336933045139e+03
5.045528104575163525e+03
5.229459328028293385e+03
5.452305367613892486e+03
5.653463728191000882e+03
5.895781425891182153e+03
6.039835616438355828e+03
6.182674738841405087e+03
6.359752280364858052e+03
6.536302912621359610e+03
6.780455175829618383e+03
6.952907268170426505e+03
7.160899492385787198e+03
7.338089322381930288e+03
7.562609717868338521e+03
nan
nan
nan
nan
nan
nan
nan
nan
nan
nan
nan
nan
nan
nan
nan
nan
nan
nan
nan
nan
nan
nan
4.280055248618784276e+02
6.967287630402385048e+02
8.549075844486934557e+02
1.002283233132932537e+03
1.129762481089258699e+03
1.232434221146085520e+03
1.358409264305177203e+03
1.391147260273972506e+03
1.601331368993653768e+03
1.842804793028322365e+03
1.915070055531823982e+03
2.034904246100519913e+03
2.087217813765182200e+03
2.247586165048543535e+03
2.462259646302250985e+03
2.583630115216527429e+03
2.752736320380650341e+03
2.948429200000000037e+03
3.104709613083366548e+03
3.265083666933546738e+03
3.428490376904570894e+03
3.543932237369687300e+03
3.683852584814216698e+03
3.800134467395706906e+03
3.918295648637657450e+03
4.031319836400818076e+03
4.149298274445357492e+03
4.292665974241795084e+03
4.414198832847019730e+03
4.575116455696202138e+03
4.748890551517743006e+03
4.906213206732843901e+03
5.054752397558849225e+03
5.254454747116237741e+03
5.473197648123021281e+03
5.687809852670349755e+03
5.825640037157454572e+03
6.001607695917409728e+03
6.168629910080454465e+03
6.351531894484412078e+03
6.555187530443254218e+03
6.800273449131514099e+03
6.934881999999999607e+03
7.153855764347384138e+03
7.329089276552077536e+03
7.515079834110938464e+03
nan
nan
nan
nan
nan
nan
nan
nan
nan
nan
nan
nan
nan
nan
nan
nan
nan
nan
nan
nan
nan
4.344871465295630060e+02
6.881356560415122203e+02
8.476032786885245969e+02
1.012175438596491176e+03
1.130505204163330745e+03
1.219251428571428505e+03
1.411225367446924338e+03
1.399534782608695650e+03
1.601512612612612656e+03
1.783930974224552301e+03
1.884263935810810835e+03
1.976847897774113790e+03
2.076956872228940028e+03
2.238392542101042636e+03
2.472515550239234472e+03
2.600831671320303030e+03
2.773759538950715523e+03
2.939194356120826797e+03
3.101505380629732826e+03
3.271875996810207198e+03
3.401061526168597538e+03
3.538978740473325161e+03
3.646895074088906767e+03
3.780159467097294964e+03
3.900672330097087524e+03
3.996573284612261432e+03
4.132616646166461578e+03
4.255055144032921817e+03
4.398157107231920236e+03
4.556963506711409536e+03
4.717663408414789956e+03
4.875364690721649822e+03
5.033160017346053792e+03
5.247363596102745760e+03
5.488487760652765246e+03
5.687086095764272613e+03
5.845030190431955816e+03
5.997851730589335602e+03
6.170960737937559315e+03
6.345891866028708137e+03
6.581571428571428442e+03
6.725399411187439000e+03
6.974768036072144241e+03
7.167291010665312569e+03
7.342222907036466495e+03
7.526357402597403052e+03
nan
nan
nan
nan
nan
nan
nan
nan
nan
nan
nan
nan
nan
nan
nan
nan
nan
nan
nan
nan
4.372151898734177280e+02
1.281148231753197933e+03
8.582075337597725593e+02
1.006299275945293630e+03
1.129873203719357662e+03
1.222506493506493598e+03
1.611460789616008697e+03
1.410347135291285440e+03
1.608869604316546656e+03
1.781717657342657276e+03
1.867521684210526246e+03
1.965313967861557558e+03
2.089304417670682597e+03
2.251095372233400212e+03
2.407890166534496529e+03
2.583861209964412865e+03
2.777021040095276021e+03
2.952428741092636756e+03
3.094236883942766326e+03
3.264848726114649708e+03
3.388765407554672038e+03
3.520472067039106150e+03
3.650700401606425658e+03
3.759957378367510955e+03
3.867236598145908829e+03
3.983271954674220979e+03
4.130510647010646608e+03
4.246893267651887982e+03
4.387620074657817895e+03
4.552132914046121186e+03
4.729384844614729445e+03
4.873548456260720741e+03
5.040770833333333030e+03
5.253076480990273922e+03
5.481235054347826008e+03
5.686089072543618386e+03
5.815136720554272870e+03
5.974610074626865753e+03
6.138453477443608790e+03
6.348472501195599762e+03
6.554379126213591917e+03
6.775619634928465530e+03
6.941731536926147783e+03
7.165372210953346439e+03
7.301102446483180756e+03
7.491371900826446108e+03
nan
nan
nan
nan
nan
nan
nan
nan
nan
nan
nan
nan
nan
nan
nan
nan
nan
nan
nan
4.427534766118836842e+02
6.778781804163454581e+02
8.686208053691275381e+02
9.992395921835174022e+02
1.109904273504273533e+03
1.217584426946631766e+03
1.362904072883172603e+03
1.641883920076117874e+03
1.719943870678042231e+03
1.771225862822192994e+03
1.856174716505669949e+03
1.944865274365274445e+03
2.069452648475120441e+03
2.247584467574059090e+03
2.407429079415250726e+03
2.590118991331757115e+03
2.787898210735586417e+03
2.946024167987321562e+03
3.104352941176470722e+03
3.257560588001589167e+03
3.364513823064770804e+03
3.500763398173878613e+03
3.633819233838787113e+03
3.740448317307692378e+03
3.852088495575221259e+03
3.975995557350565377e+03
4.104105777054515784e+03
4.241696795398521317e+03
4.386002074688796711e+03
4.558090336134453537e+03
4.672556818181818016e+03
4.871183917878528518e+03
5.064364705882352609e+03
5.262142730496453623e+03
5.468895401262398991e+03
5.634054669703872605e+03
5.791762057877813277e+03
5.965626276694521948e+03
6.139414634146341086e+03
6.347013384321223384e+03
6.562742483026187983e+03
6.737948919449901950e+03
6.940888390632785558e+03
7.095016582914572609e+03
7.255405268490374510e+03
7.481846391752576892e+03
nan
nan
nan
nan
nan
nan
nan
nan
nan
nan
nan
nan
nan
nan
nan
nan
nan
nan
4.518622828784119179e+02
6.904741235392320959e+02
8.650000000000000000e+02
9.947989228007181737e+02
1.108866305329720035e+03
1.025923497267759558e+03
1.213820499203398867e+03
1.424027052681537725e+03
1.617382921348314540e+03
1.750575508437905683e+03
2.075936132983376865e+03
1.941636252545824846e+03
2.090047696038803679e+03
2.260020465489566504e+03
2.422259098101265863e+03
2.592521841794568900e+03
2.771278326095538887e+03
2.941803642121931716e+03
3.094169041963578820e+03
3.237271721958925809e+03
3.364590513833992190e+03
3.491350515463917418e+03
3.603940849543469540e+03
3.710903341288782940e+03
3.833712855426511851e+03
3.969059725585149408e+03
4.096393988627132785e+03
4.243131967213114876e+03
4.382552109181141532e+03
4.560094798657718457e+03
4.673463865546218585e+03
4.863080769230768965e+03
5.069054901960784264e+03
5.276708573967125631e+03
5.492149253731343379e+03
5.637337426102773861e+03
5.802826446280992059e+03
5.950599722350763841e+03
6.170769665567592710e+03
6.358295074127211592e+03
6.542310778153697356e+03
6.717380929095354077e+03
6.907768697374937801e+03
7.076460460460460126e+03
7.257185504308160489e+03
7.483168985059247461e+03
nan
nan
nan
nan
nan
nan
nan
nan
nan
nan
nan
nan
nan
nan
nan
nan
1.208333333333333286e+02
4.530195360195360195e+02
6.924043956043956314e+02
8.602348927875243589e+02
9.864578422484133853e+02
1.094335759781619572e+03
1.026293040293040349e+03
1.219337007874015853e+03
1.571191690273843278e+03
1.613943176733780774e+03
1.792693842150910768e+03
1.827874686716791985e+03
1.922244336569579218e+03
2.093482092555332201e+03
2.248317820206841589e+03
2.442507137192704249e+03
2.600259944860181349e+03
2.776101534828807416e+03
2.933530942057548145e+03
3.092113859442481498e+03
3.226223052714397909e+03
3.353723119338322249e+03
3.469534938807737944e+03
3.593149028933808950e+03
3.710159570234779039e+03
3.822178371907422388e+03
3.971322294022616916e+03
4.083485621709194220e+03
4.208613664091093597e+03
4.388756510954940495e+03
4.517418363107603000e+03
4.682639192598822774e+03
4.873511757161179958e+03
5.073324618736383854e+03
5.277916629711751739e+03
5.445618108471537198e+03
5.620614791288566266e+03
5.776076360310928067e+03
5.963783031988873518e+03
6.126977038425491628e+03
6.336573739295909036e+03
6.563239225181598158e+03
6.707640937957987262e+03
6.869201771653542892e+03
7.038393320039880564e+03
7.238558303886925387e+03
7.486363777089783071e+03
nan
nan
nan
nan
nan
nan
nan
nan
nan
nan
nan
nan
nan
nan
nan
1.516111111111111143e+02
4.569950310559005970e+02
6.823797468354430293e+02
8.528147783251231431e+02
9.830288461538461888e+02
1.589427599611273081e+03
1.027081757169005414e+03
1.237447574334898263e+03
1.440745171926519106e+03
1.616582062780269098e+03
1.725338633433605537e+03
1.810845802161263464e+03
1.922681744749596191e+03
2.100839630225080327e+03
2.247684980237154377e+03
2.425056210691823708e+03
2.605595677799607074e+03
2.769020408163265529e+03
2.933835298742138548e+03
3.091785854616895904e+03
3.205569194683346268e+03
3.332769019607843347e+03
3.457929976396538223e+03
3.567367363027197371e+03
3.677079841897233109e+03
3.805068842021488308e+03
3.935914262820512704e+03
4.055672573499798546e+03
4.222358482871125489e+03
4.370486397361912168e+03
4.534350103950104312e+03
4.683725514922236471e+03
4.858641975308642031e+03
5.078038344226579284e+03
5.296972037283621830e+03
5.458715761113605367e+03
5.596297516930022539e+03
5.750475692866878489e+03
5.948357505773671619e+03
6.109974311069593568e+03
6.338477142857143008e+03
6.512419432419432269e+03
6.669142095053346566e+03
6.847112420225822461e+03
7.040700199203187367e+03
7.251981762917933338e+03
7.444661025641025844e+03
nan
nan
nan
nan
nan
nan
nan
nan
nan
nan
nan
nan
nan
nan
nan
4.067838345864661846e+02
6.711520681265207031e+02
8.381735449735449492e+02
9.583852941176470495e+02
9.437056105610561190e+02
1.378386322735452950e+03
1.255929591836734744e+03
1.443459925442684153e+03
1.588620842572061974e+03
1.722255233853006757e+03
1.857464905037159269e+03
1.969644661776691009e+03
2.156027276373846689e+03
2.272047430830039502e+03
2.445866274509804043e+03
2.607643220007815671e+03
2.773767578125000000e+03
2.930050642773665913e+03
3.060966977466977369e+03
3.183690299961043820e+03
3.287060418280402700e+03
3.416373977405531605e+03
3.521749219968798570e+03
3.648784229109454827e+03
3.775136867088607687e+03
3.902168986083499021e+03
4.040267334669338652e+03
4.212732737611698212e+03
4.360843097091355958e+03
4.502738232865400278e+03
4.697186369373159323e+03
4.863572522330922766e+03
5.080593315972222626e+03
5.248045195261079243e+03
5.371933450859409277e+03
5.555914655942806348e+03
5.728181038374717900e+03
5.922673094582185513e+03
6.136767539756781844e+03
6.319274621212121019e+03
6.474483763132760032e+03
6.656836073500967359e+03
6.856406571848945532e+03
7.015116658428077244e+03
7.231938592111831895e+03
7.436246450304259270e+03
nan
nan
nan
nan
nan
nan
nan
nan
nan
nan
nan
nan
nan
nan
4.004358452138492908e+02
6.604699738903394746e+02
8.386393244873341928e+02
2.688321922796795207e+03
9.366795039164491072e+02
1.047836448598130801e+03
1.418004995004994953e+03
1.445571893904141461e+03
1.561805996472663082e+03
1.656959527824620636e+03
1.841637182637182605e+03
1.931008426966292063e+03
2.111217908082408940e+03
2.277440564927422656e+03
2.432497870692992819e+03
2.611253597821859330e+03
2.762018633540372775e+03
2.907720957159398040e+03
3.022919938414164790e+03
3.123626579854461852e+03
3.262886836027713798e+03
3.359064925086438507e+03
3.502793558401241626e+03
3.617449297971918895e+03
3.734703442879499107e+03
3.872501577287066084e+03
4.046913565426170408e+03
4.190316001612252876e+03
4.344187220187220191e+03
4.500647034596375306e+03
4.674141485809683218e+03
4.843447546531302578e+03
5.267605465414176251e+03
5.190081853616284207e+03
5.385771466314398822e+03
5.532044829116733126e+03
5.741105643340857569e+03
5.934664676159853116e+03
6.112259758364311892e+03
6.273349742147210236e+03
6.447683586337760971e+03
6.618295585412667606e+03
6.799366375121477176e+03
7.026786627335300182e+03
7.234401296111665033e+03
7.444160750507099692e+03
nan
nan
nan
nan
nan
nan
nan
nan
nan
nan
nan
nan
nan
4.079132420091324320e+02
6.594190340909091219e+02
8.015275590551181040e+02
8.333794351918899110e+02
9.501117496807152065e+02
1.061310344827586277e+03
1.265773018217626714e+03
1.434363888888888823e+03
1.559674693321217546e+03
1.638508169250104629e+03
1.785374897792313959e+03
1.954000000000000000e+03
2.115389390962671769e+03
2.282453908984830832e+03
2.448827719705768686e+03
2.594200308166409741e+03
2.769158889317393005e+03
2.867987823439878412e+03
2.989712115457652999e+03
3.109396505886821160e+03
3.213255504935459157e+03
3.350626103646833144e+03
3.466858298036195720e+03
3.592473663826491247e+03
3.718578538102643961e+03
3.880957774269928905e+03
4.020459738199127514e+03
4.155497403116260102e+03
4.328956662616444191e+03
4.471434924520604000e+03
4.628606361007848136e+03
4.821319630872482776e+03
5.014218909710391927e+03
5.158924828178694042e+03
5.376204206836108824e+03
5.528139503985828014e+03
5.740231635872014522e+03
5.901234275296262240e+03
6.066447210696172988e+03
6.229905581395349145e+03
6.404726801695713220e+03
6.618431149097816160e+03
6.794425685425685515e+03
6.977500243546030106e+03
7.184266600594648480e+03
7.359107321965897427e+03
nan
nan
nan
nan
nan
nan
nan
nan
nan
nan
nan
nan
4.132186732186732456e+02
6.614104938271605079e+02
7.321365564037320155e+02
1.194056590257879634e+03
9.668038130381303290e+02
1.079648618784530299e+03
1.388772015655577206e+03
1.416701883325677500e+03
1.512520833333333258e+03
1.626904149377593285e+03
1.785012530315278809e+03
1.955377672209026059e+03
2.117955078125000000e+03
2.274658733205374119e+03
2.441388782174414246e+03
2.608323506891270881e+03
2.728098709187547684e+03
2.828290116497557392e+03
2.954663027108433653e+03
3.060879459256477730e+03
3.678812547241118864e+03
3.323355293221629836e+03
3.437204268292683082e+03
3.577573128598848143e+03
3.700273148148148266e+03
3.846453234606391106e+03
3.999845458120330477e+03
4.146376092136616535e+03
4.306134028892455717e+03
4.468515853658536798e+03
4.628207632334838308e+03
4.800696830692243566e+03
4.986972515856236896e+03
5.175662800687285198e+03
5.347441394335512086e+03
5.523573633156966935e+03
5.717310174809502314e+03
5.879066273263731091e+03
6.022468036529679921e+03
6.216869907407407482e+03
6.411763772175537270e+03
6.591219858156028749e+03
6.775138063279003291e+03
6.964237098344693550e+03
7.157674074074074269e+03
7.362318318318318234e+03
nan
nan
nan
nan
nan
nan
nan
nan
nan
nan
nan
4.208621621621621784e+02
6.206545961002785816e+02
7.341750418760468619e+02
8.570351481736732921e+02
9.762688427299702880e+02
1.083915180983252185e+03
1.261477372262773770e+03
1.407215130023640768e+03
1.494395199314187721e+03
1.632634782608695559e+03
1.797274778404512517e+03
1.986186493914409084e+03
2.137522595596755309e+03
2.294835321277414550e+03
2.437800382409177928e+03
2.592314491654021367e+03
2.694564956944964251e+03
2.811617910447761005e+03
2.909880430746379716e+03
3.034829858525688906e+03
3.178617325800376875e+03
3.283095488721804486e+03
3.405318130418394048e+03
3.536943790353209351e+03
3.679879171461449914e+03
3.828417794970986506e+03
3.971961823139852186e+03
4.131247735328869567e+03
4.268519857029388731e+03
4.450609204683084499e+03
4.614574520212331663e+03
4.797860638739112801e+03
4.987467537942664421e+03
5.160563729683490237e+03
5.318496325118892855e+03
5.524310632688928308e+03
5.679970222222222219e+03
5.833663375224416086e+03
6.016567788898999424e+03
6.213560751948647521e+03
6.390619711761971303e+03
6.585931132075471396e+03
6.775673996175908542e+03
6.949172397094431290e+03
7.122663235294117840e+03
7.322867990074441877e+03
nan
nan
nan
nan
nan
nan
nan
nan
nan
nan
4.255795795795795584e+02
6.030774193548387530e+02
2.652422889610389575e+03
8.699032258064515872e+02
9.900611656087709207e+02
1.085666844065992564e+03
1.246455861070911624e+03
1.386756074766355141e+03
1.560546264855687696e+03
1.640647299509001641e+03
1.798182902584493149e+03
1.969567018366549519e+03
2.112086424474187424e+03
2.279705211106884690e+03
2.436721361058601360e+03
2.543146314221891316e+03
2.653272392185772333e+03
2.780724048762467646e+03
2.880445384332474987e+03
3.013893900184843005e+03
3.142206013363028887e+03
3.253996650539635084e+03
3.387442444694413098e+03
3.519602036967182357e+03
3.656262537993920887e+03
3.802039050535987826e+03
3.956074719318621646e+03
4.104297540023428155e+03
4.261068037974683648e+03
4.445251908396946419e+03
4.593662743506493825e+03
4.793287427626137287e+03
4.985482135350987846e+03
5.139371440713982338e+03
5.300655202063628167e+03
5.485816833842128290e+03
5.652692273730684065e+03
5.860828724353255893e+03
6.027554102795311337e+03
6.194333637608398021e+03
6.371071692876966154e+03
6.562007515265382608e+03
6.714069734345351208e+03
6.880849688846337813e+03
7.084515594541910104e+03
7.239099852434825152e+03
nan
nan
nan
nan
nan
nan
nan
nan
nan
4.192921348314606576e+02
6.159526686807653277e+02
7.534941775836972511e+02
8.764580012262415494e+02
9.858724832214765001e+02
1.074884232582503955e+03
1.230910206084396577e+03
1.429838808585195011e+03
1.480812682519816462e+03
1.649399357171554811e+03
1.816416829745596942e+03
1.953565548780487916e+03
2.114643639109097876e+03
2.271875607022786880e+03
2.396015469613259484e+03
2.500168911539861710e+03
2.601753696357735407e+03
2.712159942363112350e+03
2.842845319840982938e+03
2.963597096188747855e+03
3.097632309941520361e+03
3.209803284671532765e+03
3.340028644876973885e+03
3.482125832716506466e+03
3.645904099285445682e+03
3.776885283018867995e+03
3.922365472560975832e+03
4.098450851393188714e+03
4.279267112509834988e+03
4.430679125248509081e+03
4.593975777149777969e+03
4.766010212418300398e+03
4.929108443708609229e+03
5.076343501880484837e+03
5.261914722104370412e+03
5.468644482610562591e+03
5.641277680906713613e+03
5.796900924702774319e+03
5.962103693813974132e+03
6.135786648624267400e+03
6.268592827961870171e+03
6.443063966866083319e+03
6.619116767865483780e+03
6.795231897775674042e+03
7.005812980769231217e+03
7.165520914396886837e+03
nan
nan
nan
nan
nan
nan
nan
nan
4.246909090909090878e+02
6.268230165649520131e+02
1.531716891891891919e+03
8.733933253873659623e+02
9.708909589041095387e+02
1.059364213869772357e+03
1.181535172413793134e+03
1.333130116329168459e+03
1.494731807031888820e+03
1.652600705329153698e+03
1.809511841100076481e+03
1.960385714285714357e+03
2.109427309532572508e+03
2.218538517179023529e+03
2.326719942918301967e+03
2.449587380361574105e+03
2.564860943597020196e+03
2.670208597603946600e+03
2.794711708524937876e+03
2.927628428927680943e+03
3.059123253314224257e+03
3.174923573735199170e+03
3.311108459869848048e+03
3.470070278184480230e+03
3.597352097130242782e+03
3.748048716995165705e+03
3.926686200378072044e+03
4.094206538461538457e+03
4.236324554608830113e+03
4.374666405944466533e+03
4.557697415506958350e+03
4.728649879129734472e+03
4.891018389865141216e+03
5.096372256728778666e+03
5.261802179379715199e+03
5.417335453774385314e+03
5.560063274903804995e+03
5.722776287321506061e+03
5.892779579316389572e+03
6.055728039041703596e+03
6.226219073324336932e+03
6.386308287795992328e+03
6.571952908587257298e+03
6.738906454630496228e+03
6.934308606752259038e+03
7.068294061302682167e+03
nan
nan
nan
nan
nan
nan
nan
4.097803738317757052e+03
5.998884493670885831e+02
7.454546048334422039e+02
8.697991556091676557e+02
1.145516822945394324e+03
1.053629509962304837e+03
1.180685701438848810e+03
1.332490196078431381e+03
1.494927186387020129e+03
1.660090700344431752e+03
1.823114189442156430e+03
1.933005805515239445e+03
2.060200214132762540e+03
2.179680394227384568e+03
2.284462313303230076e+03
2.403614053305642301e+03
2.505199311531841431e+03
2.626908996897621364e+03
2.757392027729636084e+03
2.888517577445179086e+03
3.020687215411558554e+03
3.157801976703141463e+03
3.291625799573560926e+03
3.447301226551226591e+03
3.607545288531774986e+03
3.751321652526743037e+03
3.916715568862275632e+03
4.058072507552869865e+03
4.210103211009174629e+03
4.356382888114595517e+03
4.569476862745097606e+03
4.731521289295662427e+03
4.870728915662650252e+03
5.023264610389610425e+03
5.182757600657354487e+03
5.309416839485690616e+03
5.482946173254836140e+03
5.648094082588335368e+03
5.791315698924730896e+03
5.945743589743589837e+03
6.144925663716814597e+03
6.284107733571748213e+03
6.439452941176470631e+03
6.599813156692554003e+03
6.762312818139750561e+03
6.931926932084309556e+03
nan
nan
nan
nan
nan
nan
3.839425717852683988e+02
5.946362940275650999e+02
1.183199737187910614e+03
8.478627108784177153e+02
1.149794329896907129e+03
1.007201535508637221e+03
1.174869960988296498e+03
1.425508481421647730e+03
1.505171935235158116e+03
1.655016405667412300e+03
1.784065780014378106e+03
1.902386881795861200e+03
2.027758919293384224e+03
2.134944728761514853e+03
2.246742153223084642e+03
2.367777102330293928e+03
2.475703940720781247e+03
2.598341208234896840e+03
2.724758819538670195e+03
2.865671115674195789e+03
2.991638927097661508e+03
3.134200208550573734e+03
3.293609017259598659e+03
3.427577619893428164e+03
3.564344074471894146e+03
3.722509803921568619e+03
3.864329658213891889e+03
4.029260044642857338e+03
4.187110986126734133e+03
4.349559483086279215e+03
4.514167051578137034e+03
4.648845974329055025e+03
4.802388188976377933e+03
4.961114171656686267e+03
5.081876255524306544e+03
5.240005693371289453e+03
5.397007822149032108e+03
5.562698412698412540e+03
5.700024873524452232e+03
5.855552946199829421e+03
6.005570811744386447e+03
6.156384917175239934e+03
6.325253982300884672e+03
6.465803037070120808e+03
6.647221114635251070e+03
6.798671710224667549e+03
nan
nan
nan
nan
nan
1.314991907514450759e+03
1.044551145038167988e+03
7.416206896551724412e+02
8.251438577586206975e+02
9.309950544015825926e+02
1.182282358360202579e+03
1.275282916666666779e+03
1.346139851967277082e+03
1.549921532168092199e+03
1.623833511586452687e+03
1.746485289027345061e+03
1.863686526743398872e+03
1.993083277591973228e+03
2.092039196310935495e+03
2.219454874835309511e+03
2.321650065530799566e+03
2.449991121341663984e+03
2.574444664684506279e+03
2.698488063660477565e+03
2.836561309722686474e+03
2.965123402824478944e+03
3.095464588275161077e+03
3.235772633744856194e+03
3.391771984706291278e+03
3.528290921836663074e+03
3.693136688079942815e+03
3.867425639178969959e+03
3.995439157282964061e+03
4.128064634594197742e+03
4.295882812500000000e+03
4.430330075187969669e+03
4.574298592620768432e+03
4.719769141977683830e+03
4.867034643830284040e+03
5.008284023668638838e+03
5.156211239537664369e+03
5.302691099476439376e+03
5.439022801302931839e+03
5.592779242174628962e+03
5.740400833333333139e+03
5.885332770982708098e+03
6.042471367521367938e+03
6.206191526156506370e+03
6.353608315098468665e+03
6.533169182948489834e+03
6.705092016238159886e+03
nan
nan
nan
nan
3.901681415929203354e+02
5.968910963944076684e+02
7.266863468634686569e+02
1.037765913757700218e+03
1.078154312354312424e+03
1.155980902777777828e+03
1.171630896226415189e+03
1.329376068376068361e+03
1.479103900709219943e+03
1.600913651877133134e+03
1.717464037122969785e+03
1.831532378782948172e+03
1.957642995480955506e+03
2.065220485003190788e+03
2.181472727272727298e+03
2.298033482142857338e+03
2.409039859693877588e+03
2.534183653846153902e+03
2.663814838709677588e+03
2.793321521456437040e+03
2.924823278688524624e+03
3.061568588469184760e+03
3.209014434373951190e+03
3.353838665759019932e+03
3.524512899896800718e+03
3.660546815175774555e+03
3.798862407862407963e+03
3.924646808510638493e+03
4.068188598063822155e+03
4.208758333333333212e+03
4.362130194924604439e+03
4.509579515828678268e+03
4.663439697542533395e+03
4.786639344262294799e+03
4.939984567901234186e+03
5.074930241621200366e+03
5.223163047769443438e+03
5.354635711438820181e+03
5.518533387292593943e+03
5.658602947196070090e+03
5.830395599833956112e+03
5.983526094276094227e+03
6.124131914893617250e+03
6.282291684618699037e+03
6.424850544662309403e+03
6.606630367419212234e+03
nan
nan
nan
4.051478800413650561e+02
1.326777251184834086e+03
7.141104620286776026e+02
8.227496490407112333e+02
9.137544987146529820e+02
1.095629838709677415e+03
1.168241097922848667e+03
1.421852006980802798e+03
1.435173652694610837e+03
1.564010686528497445e+03
1.686975292999683234e+03
1.808281963113473012e+03
1.906535198278512098e+03
2.026598531211750242e+03
2.135969409605384044e+03
2.260243625192012132e+03
2.381268375540456873e+03
2.505756924992218956e+03
2.627539062500000000e+03
2.761501897533206829e+03
2.887898596938775427e+03
3.031568284789644167e+03
3.188802872062663027e+03
3.312831032215647610e+03
3.453926024658447204e+03
3.604140683124788666e+03
3.720566905005107401e+03
3.859193503800967392e+03
4.019619831814996360e+03
4.151920269312544406e+03
4.279966332378223342e+03
4.412795512124502238e+03
4.572219852941176214e+03
4.700624348473566897e+03
4.862352208380521006e+03
5.009078071182549138e+03
5.141088201160541757e+03
5.290465544244322700e+03
5.411243093922651497e+03
5.557370503597122479e+03
5.710402839756592584e+03
5.849980769230769511e+03
5.989776626605885212e+03
6.150583963056255016e+03
6.279831989817565045e+03
6.452567183462532739e+03
nan
nan
8.526078431372549176e+02
5.857097669256381778e+02
7.028034814475491885e+02
9.462827784628030940e+02
1.012343163538874023e+03
9.869857456140350678e+02
1.218406366407043606e+03
1.360243077913715297e+03
1.402983550589695824e+03
1.529018518518518476e+03
1.651833632555355962e+03
1.761456373853889318e+03
1.879003229594832646e+03
1.989345039508340733e+03
2.104779472140762664e+03
2.219061284619917387e+03
2.334729401304090061e+03
2.462594319880418425e+03
2.581073604826546216e+03
2.710672061068702078e+03
2.844597669426556422e+03
2.973320731329408318e+03
3.111360465116279101e+03
3.237742232086239710e+03
3.362773209123032302e+03
3.514036783854166515e+03
3.643280343007915690e+03
3.779042404006677771e+03
3.909298648648648850e+03
4.052328532235939747e+03
4.188668404588112935e+03
4.330686005625879261e+03
4.456109213802917111e+03
4.596780742877749617e+03
4.749026306174643651e+03
4.880910033320992625e+03
5.028785365853658732e+03
5.165898897757506347e+03
5.307141208156983339e+03
5.455484423676012739e+03
5.611580466587583942e+03
5.731550499001996286e+03
5.865074626865671235e+03
6.009042909685328596e+03
6.167233637116818500e+03
6.320500419815281020e+03
2.483125000000000000e+02
3.972546419098143247e+02
8.947890505359877125e+02
6.664019437695244505e+02
7.654306545690213852e+02
8.463860896445131630e+02
9.336504650465046780e+02
1.130758181291630535e+03
1.224103231341149467e+03
1.350261971830985885e+03
1.469986388888888996e+03
1.587146395156851895e+03
1.702450314809745350e+03
1.812462816671206838e+03
1.919299291938997840e+03
2.034062875888463623e+03
2.149349061810154581e+03
2.269263479710950378e+03
2.388185050391937239e+03
2.507331352574985885e+03
2.625315111619919662e+03
2.746886508396062709e+03
2.874243409490333761e+03
2.998236218138707954e+03
3.131498645801986186e+03
3.254484765386959225e+03
3.391403465346534631e+03
3.499637984981226509e+03
3.651490308230060236e+03
3.777040270618556860e+03
3.900640808344198376e+03
4.022304648862512295e+03
4.157410230692075856e+03
4.282130508474576345e+03
4.426721745104775437e+03
4.571536150890674435e+03
4.688579745942131012e+03
4.835113099498926204e+03
4.973495825771325144e+03
5.126886019918849343e+03
5.246921700223713742e+03
5.394215930539826331e+03
5.532703406046689452e+03
5.693801787796346616e+03
5.812250490773459205e+03
5.988259896041583488e+03
6.137383617193836471e+03
4.713301549463647007e+02
8.326835970024978906e+02
7.994839579401456149e+02
8.766405384006334316e+02
8.718723515563693809e+02
9.349868319132455099e+02
1.110550101729399785e+03
1.191604354354354427e+03
1.313666167664670638e+03
1.424771514093290079e+03
1.541424962481240527e+03
1.652059679037111437e+03
1.763008590197069225e+03
1.873223577235772382e+03
1.987617533965649727e+03
2.100669258683255521e+03
2.208479204812974331e+03
2.330251789027299310e+03
2.438495449678800924e+03
2.556205427408412561e+03
2.677389713971397214e+03
2.799443048576214551e+03
2.930950438969130573e+03
3.032005156115726095e+03
3.173060500290866912e+03
3.279054197349042624e+03
3.406757023311416560e+03
3.542058217101273385e+03
3.669537419156144097e+03
3.785516832917705869e+03
3.913984824533670690e+03
4.042075738125802218e+03
4.168467815344602968e+03
4.294914746543779074e+03
4.417681999999999789e+03
4.547937795807978546e+03
4.683187993138936690e+03
4.823413505046989485e+03
4.953680169073617435e+03
5.093788833214030092e+03
5.219198044895003477e+03
5.348434224990839539e+03
5.489310267857143117e+03
5.633127828054298334e+03
5.763729770992366866e+03
5.912985664471135351e+03
7.137131431618234956e+02
8.910358162470802199e+02
8.706890025575447680e+02
9.488653846153846416e+02
1.014896568995742541e+03
1.130341981714850590e+03
1.276879695556101069e+03
1.371720685434516554e+03
1.485004412846285959e+03
1.585720295202952002e+03
1.693698220464656515e+03
1.802421668742216752e+03
1.909706944096264806e+03
2.026660492260847604e+03
2.137480266529984419e+03
2.250606671838634611e+03
2.361257464641173556e+03
2.478733740376957940e+03
2.588408651262761850e+03
2.709673841961852759e+03
2.831712430939226579e+03
2.937122905027933029e+03
3.059724284499858186e+03
3.181897612884670707e+03
3.288775320139697214e+03
3.423073877068557977e+03
3.542202577165118328e+03
3.659220771333130870e+03
3.781151338049830883e+03
3.912534811114579952e+03
4.037819334389857431e+03
4.160230028873917036e+03
4.291907166123778552e+03
4.410933993399339670e+03
4.563738590604027195e+03
4.679394021739130039e+03
4.802474389824682476e+03
4.931468619246861635e+03
5.082185421089880037e+03
5.203090290218559858e+03
5.347067925899019428e+03
5.480337265020272753e+03
5.613946975354742790e+03
5.754771212121212557e+03
5.891875526618154254e+03
8.746415816326530148e+02
1.030377956718671385e+03
1.201561769823514851e+03
1.074540507264220651e+03
1.193546296296296305e+03
1.301377600387034363e+03
1.430783967062242709e+03
1.521261333333333369e+03
1.638237932715748457e+03
1.742298039215686231e+03
1.853451963447764911e+03
1.951166832421680738e+03
2.065847722124339271e+03
2.169610010162601611e+03
2.284442362002567279e+03
2.391627145085803477e+03
2.500738821672803624e+03
2.614725720384205033e+03
2.730139384116693691e+03
2.858455543358946215e+03
2.960359066925853767e+03
3.085520135173190738e+03
3.197815353881278497e+03
3.317535455861071114e+03
3.433447245017584919e+03
3.554053820993161025e+03
3.680728041050407683e+03
3.805166615620214543e+03
3.920928416485900016e+03
4.044724929267526022e+03
4.181625239616613726e+03
4.304360427461139807e+03
4.420907243526712591e+03
4.556239014647137083e+03
4.674235353535353170e+03
4.828926369863013861e+03
4.966609815523842371e+03
5.069942786942787279e+03
5.203719572953737043e+03
5.325936576576576954e+03
5.475152579582875660e+03
5.610045623145400896e+03
5.741264462809916949e+03
5.897130152671756150e+03
1.012533663366336668e+03
1.074980627758705168e+03
1.135736906211936684e+03
1.246196480231436908e+03
1.359635511773185954e+03
1.471806722689075741e+03
1.572866779089375996e+03
1.675191489361702224e+03
1.779522660818713348e+03
1.884982606565409014e+03
1.993850136239781932e+03
2.097901774556361033e+03
2.207842171717171823e+03
2.317372699386502973e+03
2.421664426059979178e+03
2.533553636839350929e+03
2.650633926201221129e+03
2.767157115953726134e+03
2.880829467939972801e+03
2.992082297707815542e+03
3.105676651735722317e+03
3.216070354609928927e+03
3.344946428571428442e+03
3.466467817437097892e+03
3.577404324644549888e+03
3.688751123090745750e+03
3.814383282674772090e+03
3.939692070348658035e+03
4.063845383411580769e+03
4.193077240940877346e+03
4.314386847195357404e+03
4.434912944245190374e+03
4.560751569210439811e+03
4.690095812395309622e+03
4.806503394433129870e+03
4.953152361254739844e+03
5.066313807531380917e+03
5.207433168316832052e+03
5.334950843200574127e+03
5.473645196506549837e+03
5.617587735500554118e+03
5.733774999999999636e+03
5.879922377887163748e+03
1.246522710711683203e+03
1.238902704007725788e+03
1.298601579325197463e+03
1.421213212497018731e+03
1.510618194842406865e+03
1.617294877932024974e+03
1.715460706560922745e+03
1.826405038759689887e+03
1.923996826171875000e+03
2.032896228740448578e+03
2.136957907845579030e+03
2.247400806654903135e+03
2.352478858889454841e+03
2.460385091565643506e+03
2.563125651720542010e+03
2.677722971186888572e+03
2.798804295302013543e+03
2.903294917097037342e+03
3.017619322873658348e+03
3.128462911321807042e+03
3.246070115917444127e+03
3.362823209169054280e+03
3.481263525305409985e+03
3.597549071618037033e+03
3.730054872563718163e+03
3.837549287230815935e+03
3.959746309963099520e+03
4.081948270489248898e+03
4.212223559214692614e+03
4.333774566473988671e+03
4.459660156250000000e+03
4.568180322474498098e+03
4.713585895721925226e+03
4.834070484581498022e+03
4.973270818995182708e+03
5.085956189151599574e+03
5.205344718309858763e+03
5.347556270096462868e+03
5.485025380710660102e+03
5.614383767903048465e+03
5.764247576435495830e+03
5.887512820512820326e+03
1.242867178134739788e+03
1.353547879942829923e+03
1.453438671411625137e+03
1.556640513552068569e+03
1.661887908418793131e+03
1.771308728059629630e+03
1.863740642356918670e+03
1.974812439024390187e+03
2.072630750307503149e+03
2.181028819875776207e+03
2.284639648682559709e+03
2.387777777777777828e+03
2.493189668465689920e+03
2.607086310299869638e+03
2.717744394618834122e+03
2.827378978336453656e+03
2.943068040119273519e+03
3.048746432491767337e+03
3.156798165137614887e+03
3.291449759411265404e+03
3.397875465216146495e+03
3.508554716981132060e+03
3.616194835680751112e+03
3.742670640834575352e+03
3.852912137681159493e+03
3.982548743102391199e+03
4.107504201680671940e+03
4.222069378744875394e+03
4.352345169545745193e+03
4.475576710995783287e+03
4.597546320630748596e+03
4.715140479360852623e+03
4.852764686022957903e+03
4.969808823529411711e+03
5.120685545517721039e+03
5.222440463645943055e+03
5.355870416518333514e+03
5.503716974303293682e+03
5.619131578947368325e+03
5.764679658500371261e+03
5.895145112781954595e+03
1.480199053254437786e+03
1.550272856130404080e+03
1.656019426676142984e+03
1.755903640256959306e+03
1.852569447764762117e+03
1.948883939320972786e+03
2.050086512758201479e+03
2.153726336439431179e+03
2.257141016109045722e+03
2.357093984962406012e+03
2.462744421906693788e+03
2.575131430041152271e+03
2.687363896848137756e+03
2.786887513171759565e+03
2.900655181623931639e+03
3.001751688732774710e+03
3.110040810736784351e+03
3.232822907978871172e+03
3.346071650211565611e+03
3.450952639087018724e+03
3.564435222672064810e+03
3.684299207978879622e+03
3.788602373887240446e+03
3.915654611211573410e+03
4.047065010732903829e+03
4.154884579584238054e+03
4.269762084118015991e+03
4.394219745222930214e+03
4.531925566343042192e+03
4.634257600523046676e+03
4.763403846153845734e+03
4.886931718802556134e+03
5.021228357191547730e+03
5.142094398340248517e+03
5.274653333333333649e+03
5.411023851904592448e+03
5.518621903052064226e+03
5.660925264309150407e+03
5.791113779091245306e+03
5.935044585987261598e+03
1.677079357581483237e+03
1.751005684509711045e+03
1.841308057998573759e+03
1.940417224880382719e+03
2.036816582308990064e+03
2.136577745383867750e+03
2.234876500857632891e+03
2.337307921529674786e+03
2.438710308502633779e+03
2.538752535496957535e+03
2.652891287586738599e+03
2.756870505471599699e+03
2.867651003167898580e+03
2.968586427998931413e+03
3.077432908647329896e+03
3.196525288620121046e+03
3.302936507936507951e+03
3.406883098591549242e+03
3.512541310541310395e+03
3.633403818339601003e+03
3.744250513347022661e+03
3.862493606898602593e+03
3.988483831973405813e+03
4.091584046454767758e+03
4.210198452012384223e+03
4.340235053492762745e+03
4.456236305732483743e+03
4.569518554372378276e+03
4.702163719711853446e+03
4.812061961563949808e+03
4.948059811827956764e+03
5.059334581347855419e+03
5.197342205323194321e+03
5.327643057503506498e+03
5.450899609790705654e+03
5.587920806335493580e+03
5.710940597667638031e+03
5.844672082717873309e+03
5.965456651718983267e+03
1.838345980554896869e+03
1.933274201239866443e+03
2.030396543446951455e+03
2.124311669485382936e+03
2.230377593360995888e+03
2.319451477832512410e+03
2.423216027874564588e+03
2.520072471061902434e+03
2.625286150712830931e+03
2.732070986060919040e+03
2.833136671883150939e+03
2.937123446999735734e+03
3.041187516742566459e+03
3.157022819885900390e+03
3.262784103410341231e+03
3.377257047167178371e+03
3.472021978021978157e+03
3.591884692417739643e+03
3.699563894523326780e+03
3.818848324514990964e+03
3.935516254100805327e+03
4.052887072358461864e+03
4.164042253521126440e+03
4.277172766749379662e+03
4.407402646502835523e+03
4.512480076506216392e+03
4.636913085621970822e+03
4.759105573770491901e+03
4.886958153437396504e+03
5.007353218739467593e+03
5.131863978127135852e+03
5.257295950155763421e+03
5.373161245190625777e+03
5.506624556422994829e+03
5.622886934673367250e+03
5.773991240875912808e+03
5.883365781710914234e+03
6.031317484088356650e+03
2.027482609738546444e+03
2.118691325301204870e+03
2.220469973255531386e+03
2.311709202453987928e+03
2.408264057468416922e+03
2.507719649561952338e+03
2.608870886075949329e+03
2.710770038412291797e+03
2.814781436349494470e+03
2.912342070773263458e+03
3.021238361266294305e+03
3.129305518169582683e+03
3.239190111991259073e+03
3.332377446925834192e+03
3.443438111204246979e+03
3.555852366109379545e+03
3.663911021814006745e+03
3.776836485306953819e+03
3.895857607090103556e+03
4.003853038012571233e+03
4.122582524271844704e+03
4.232246621621621671e+03
4.360486435921421617e+03
4.466228851010100698e+03
4.587499840102334929e+03
4.712174675324675263e+03
4.837188362919132487e+03
4.950615538512837702e+03
5.059920094403236362e+03
5.197121492128679165e+03
5.300963065239903699e+03
5.451726985242445153e+03
5.576325382698469184e+03
5.700058018018017719e+03
5.819341481211236896e+03
5.953782174556213249e+03
6.076452300785634179e+03
2.217288106796116608e+03
2.305740577581987054e+03
2.403613883399209499e+03
2.500245758483034024e+03
2.593615810674722979e+03
2.698084374203415791e+03
2.798952319587629063e+03
2.902215143603133129e+03
2.997501188275679851e+03
3.107937132156233474e+03
3.207524221921515618e+03
3.312160230073952334e+03
3.416502356528971632e+03
3.530792628024760688e+03
3.635290515522643091e+03
3.746061778290993061e+03
3.867247873276620794e+03
3.970603801603801458e+03
4.079445211648153872e+03
4.191834499543656420e+03
4.320740340030912193e+03
4.429932038834951527e+03
4.546273937856690281e+03
4.664798005789642957e+03
4.786059570312500000e+03
4.890246868820039708e+03
5.019556335673687499e+03
5.141511517615175762e+03
5.266643224699828352e+03
5.385553664466829105e+03
5.513899260302923722e+03
5.647708467309753360e+03
5.752575396825396638e+03
5.886374177029993007e+03
6.035588104089219087e+03
6.170115674453654719e+03
2.398579778051787798e+03
2.494254355400697023e+03
2.585702485563645496e+03
2.690001270648030641e+03
2.787623620025673972e+03
2.886844236760124659e+03
2.980823529411764866e+03
3.089084885577434761e+03
3.193701347708894900e+03
3.293796513211658748e+03
3.398043886282086532e+03
3.504874266554903443e+03
3.608048373408769294e+03
3.722758749282845656e+03
3.840515584037284953e+03
3.939957547169811278e+03
4.049580674023262873e+03
4.160951057401812250e+03
4.278575627679118043e+03
4.388804529941048713e+03
4.507233018867924329e+03
4.628830779054917002e+03
4.742231762427372814e+03
4.848596732026143400e+03
4.965242052980132030e+03
5.105378196500672857e+03
5.227380108991825182e+03
5.348067287784679138e+03
5.465881243450925467e+03
5.589661124867350736e+03
5.711835542816194902e+03
5.843593171086087750e+03
5.971203826342899447e+03
6.098828614008942168e+03
6.199614430665163127e+03
2.585930454431333146e+03
2.678736388959230226e+03
2.778827489122088537e+03
2.880282124352331721e+03
2.969116662307088518e+03
3.079127885380737553e+03
3.172450455275843524e+03
3.273077756705499723e+03
3.375924300603401207e+03
3.484065295915532261e+03
3.589018007878446952e+03
3.697568985176738806e+03
3.812361480624638716e+03
3.904818527177089436e+03
4.017109795797573042e+03
4.130847839135653885e+03
4.245063810391978222e+03
4.352336514778325181e+03
4.481070959674898404e+03
4.583417773561037393e+03
4.711217126363053467e+03
4.816133853151396579e+03
4.930526973684210134e+03
5.064103137516688548e+03
5.175104553119730554e+03
5.314667352537722763e+03
5.420497227997228038e+03
5.547643032643032711e+03
5.655486515259049156e+03
5.782090582314881431e+03
5.906235893702220892e+03
6.053925638179800444e+03
6.153726492537313788e+03
6.277812523576008971e+03
2.776859554873369234e+03
2.869423811983471296e+03
2.965799947767040976e+03
3.071033606774278724e+03
3.165944934509489485e+03
3.270915515840779790e+03
3.367223741794310627e+03
3.473831161630163479e+03
3.574243622091393263e+03
3.680888731195004311e+03
3.786250071859729815e+03
3.886043920884234922e+03
4.005329988193624558e+03
4.107321791044776546e+03
4.224608590441621345e+03
4.327122780159215836e+03
4.446339335610058697e+03
4.563270551181102746e+03
4.681869856459330549e+03
4.789348416289592933e+03
4.896301307189542058e+03
5.026041100430891674e+03
5.143548809124455147e+03
5.257051255940257761e+03
5.389062715368710997e+03
5.509675505931611951e+03
5.614120155038759549e+03
5.741642857142856883e+03
5.878803914461761451e+03
6.004488807339449522e+03
6.115215133531157335e+03
6.241895348837208985e+03
6.370068821292775283e+03
2.967252678338124042e+03
3.060626121372031776e+03
3.159636896827512828e+03
3.260157894736842081e+03
3.354160534205505428e+03
3.460113473219215848e+03
3.562001676445934663e+03
3.667051187782805300e+03
3.772677456316241660e+03
3.874118039443155340e+03
3.981882007631347278e+03
4.092882510410469877e+03
4.201895275353595935e+03
4.314327328244275122e+03
4.429670482673267543e+03
4.539137261046694221e+03
4.658027619047618828e+03
4.766156370656371109e+03
4.864449025974025972e+03
5.003031023102310428e+03
5.102278868552412860e+03
5.232120986819871177e+03
5.356299657534246762e+03
5.481348958333333030e+03
5.571409583770549034e+03
5.701263923377084211e+03
5.830637900035958410e+03
5.974794665692364106e+03
6.086453101920235895e+03
6.198440924338427067e+03
6.346567424242423840e+03
6.480282208588957474e+03
3.159349786552828391e+03
3.252221055465804966e+03
3.355950640850831860e+03
3.449664279812723635e+03
3.555525362318840507e+03
3.656822234762979861e+03
3.758013980028530568e+03
3.861249204972535608e+03
3.966903480549868164e+03
4.077056626148828855e+03
4.190265085559892213e+03
4.287420940819423777e+03
4.410610785824344930e+03
4.513999377141077275e+03
4.631736027786549130e+03
4.738133674448353304e+03
4.839225921137685873e+03
4.973355198425713752e+03
5.078929400066291237e+03
5.214497641509434288e+03
5.319392990813201322e+03
5.447765619606489054e+03
5.544833565459610327e+03
5.680541696113074067e+03
5.810384587813619873e+03
5.934261611030478889e+03
6.049128487518355541e+03
6.161903261675314752e+03
6.288945154019534129e+03
6.428164446136277547e+03
6.540508272412465885e+03
3.347937431991294943e+03
3.445564236588720632e+03
3.547628165878096297e+03
3.645044163150492295e+03
3.753851112378779362e+03
3.850724336793541170e+03
3.956590895827254371e+03
4.060541937389250052e+03
4.180695626123427246e+03
4.276342718740538658e+03
4.389150567310641236e+03
4.490807071960297435e+03
4.609703645505971508e+03
4.722002868983105145e+03
4.822329252577319494e+03
4.946832898172323439e+03
5.056586001980851506e+03
5.175982608695651834e+03
5.287908998646819782e+03
5.420501030219780660e+03
5.533458651841556275e+03
5.652047501759324405e+03
5.769602349590601989e+03
5.902173347778981224e+03
6.022386189258311788e+03
6.121420626151012584e+03
6.261410774410774138e+03
6.399599317664898081e+03
6.516300996932515773e+03
6.631537359659310823e+03
3.546714325452016510e+03
3.641968793927466777e+03
3.749272079772079906e+03
3.840509059534081189e+03
3.945465075669383168e+03
4.050311137301119743e+03
4.167466547192353573e+03
4.262826441291880656e+03
4.369362248014661418e+03
4.491762953769779415e+03
4.595973040752351153e+03
4.697007614213198394e+03
4.810336547733847510e+03
4.922409681611436099e+03
5.038853851217906595e+03
5.164134223706177181e+03
5.288353955375253463e+03
5.385756913622396496e+03
5.500400483759502094e+03
5.624665966386554828e+03
5.753455094071707208e+03
5.870779734099892266e+03
5.982294224482382560e+03
6.101622475211163874e+03
6.236453969437196974e+03
6.371469233673084091e+03
6.452938853019369162e+03
6.611928957528957653e+03
6.756285546415981116e+03
3.743816785206258828e+03
3.844900143884892259e+03
3.941749636522245055e+03
4.043771991762283051e+03
4.157433979135618756e+03
4.258576899879372831e+03
4.363189749847468192e+03
4.474715301391035609e+03
4.582061894341982224e+03
4.694875039644783101e+03
4.790918667947486028e+03
4.910627431906615129e+03
5.016125860373647811e+03
5.140287898936169768e+03
5.262550505050505308e+03
5.362314965986394782e+03
5.491884403036577169e+03
5.798001740341106597e+03
5.723989045936395996e+03
5.841935264663805356e+03
5.952770870979399660e+03
6.073908592321755350e+03
6.204618464961067730e+03
6.331826641651032332e+03
6.437041303524061732e+03
6.569721412125863026e+03
6.704846811819596041e+03
6.828988202909948996e+03
3.937120243973279230e+03
4.037199706314243940e+03
4.151142261904761654e+03
4.252084286574352518e+03
4.358523316062176491e+03
4.453832307692307950e+03
4.571289145352464402e+03
4.670525717892079228e+03
4.773437779195915937e+03
4.906839974084871756e+03
5.000167320261438363e+03
5.119038728897716283e+03
5.243866778523490211e+03
5.357690686607749740e+03
5.464536744505494426e+03
5.573597222222222626e+03
5.698600633356791150e+03
5.815492165242165356e+03
5.933814774774774378e+03
6.054475027342326030e+03
6.183253604436229580e+03
6.315437500000000000e+03
6.411703284258210260e+03
6.552455032529659547e+03
6.675074719318621646e+03
6.763612777561355870e+03
6.910891304347826008e+03
4.155195056581298559e+03
4.247843561973525539e+03
4.358206276660573167e+03
4.455333846153846025e+03
4.562023349937733656e+03
4.664240151276394499e+03
4.762304680038204424e+03
4.885015806451612661e+03
4.991004892367905995e+03
5.114744209133024924e+03
5.215114190317195607e+03
5.334592554991540055e+03
5.439461538461538112e+03
5.572796251301630946e+03
5.676940063091482443e+03
5.807986837424404257e+03
5.918433656957929088e+03
6.037988359403419054e+03
6.150344244207429256e+03
6.293835074626866117e+03
6.396254237288135300e+03
6.536284186401833722e+03
6.660994590417310974e+03
6.759562305295949955e+03
6.884833005120126472e+03
7.008080143540670178e+03
4.351167072428484062e+03
4.449963725791577417e+03
4.560817870485679123e+03
4.667068726355611943e+03
4.755643152208452193e+03
4.883400645161290413e+03
4.988653733289859701e+03
5.115845746441576011e+03
5.209156385461820719e+03
5.316182799325463748e+03
5.436844497607655285e+03
5.571863541666666606e+03
5.660507692307692196e+03
5.788181914893617432e+03
5.889972440944881782e+03
6.008451846488052070e+03
6.128971774193548299e+03
6.277895794566430595e+03
6.376083740142696115e+03
6.515377380045696555e+03
6.644505782575173725e+03
6.741957248348231587e+03
6.869792059748428073e+03
6.998503385105535926e+03
7.133388240032219073e+03
4.556279315707620299e+03
4.661058897637794871e+03
4.752701620591039500e+03
4.876779961340205773e+03
4.989396411092985545e+03
5.105432298546895254e+03
5.211839786381842714e+03
5.306672727272727570e+03
5.430612837145783487e+03
5.549706085753803563e+03
5.651446578212290660e+03
5.778939093484419573e+03
5.886915593705292849e+03
5.996779544633176556e+03
6.122537532039546022e+03
6.240464100666173181e+03
6.361529588014981528e+03
6.489748861911987660e+03
6.612958940905602503e+03
6.716867544539117262e+03
6.854785406041584793e+03
6.974434523809523853e+03
7.117560289389067293e+03
7.230457606490872422e+03
4.751231893265565304e+03
4.876657216494845670e+03
4.975817116823950528e+03
5.101700561241334071e+03
5.199237429237428842e+03
5.293698354047699468e+03
5.406179469748470183e+03
5.533384482758620834e+03
5.646946266573621870e+03
5.759681256618425323e+03
5.855082918149466423e+03
5.993919797687861319e+03
6.091412900874635852e+03
6.225920605612998770e+03
6.339232176185143544e+03
6.469287821482602340e+03
6.604546952855500422e+03
6.700078438948995426e+03
6.834571596244131797e+03
6.948722815342032845e+03
7.093264823717948275e+03
7.207865291262135543e+03
7.333941513292433228e+03
4.980189902280129900e+03
5.094819320804484050e+03
5.188585576603522895e+03
5.305843434343434637e+03
5.409623469387754994e+03
5.514577518047439298e+03
5.647740404745289197e+03
5.754796897038081624e+03
5.858772792022791691e+03
5.978266306306306433e+03
6.088725318761384187e+03
6.213839292296351232e+03
6.318555638258280851e+03
6.458817598187310978e+03
6.593752774588595457e+03
6.693816216216216162e+03
6.822351171874999636e+03
6.929391321499013429e+03
7.080495600000000195e+03
7.183512499999999818e+03
7.307554015491235077e+03
7.440092034667767621e+03
5.184977084025240401e+03
5.307500505220613377e+03
5.407493881713120572e+03
5.527479669193659902e+03
5.626508692628651261e+03
5.741994720168954700e+03
5.850027027027026634e+03
5.959788793103448370e+03
6.115177094767655035e+03
6.210617679558011332e+03
6.312627604166666970e+03
6.436302220549491722e+03
6.577975181366933612e+03
6.694446545735237123e+03
6.786722502914884899e+03
6.928054416403785581e+03
7.052755378486055633e+03
7.167679275653923469e+03
7.282967492889069035e+03
7.429748969497114558e+03
7.544832916666666279e+03
5.405663834126444272e+03
5.521432897453544683e+03
5.625196316886726891e+03
5.735234797891036578e+03
5.846613361762615568e+03
5.951768568353068076e+03
6.094899343544857402e+03
6.199107024641411954e+03
6.293514836795252450e+03
6.430913501316284055e+03
6.564039603960395652e+03
6.653416506717850098e+03
6.778198369565217035e+03
6.916847244094487905e+03
7.041017899761336594e+03
7.148771979124849167e+03
7.264590595865423893e+03
7.406931388660640550e+03
7.541281549354435811e+03
7.686146043771043878e+03
5.622433831191386162e+03
5.735125879043600435e+03
5.839240241305890777e+03
5.958894434470376837e+03
6.070482382855067044e+03
6.207988950276243486e+03
6.302607726597325382e+03
6.428172556390977661e+03
6.534288694992413184e+03
6.631219586840092234e+03
6.777537267080745551e+03
6.910429583005507084e+03
7.035392047713718057e+03
7.132877804487179674e+03
7.257831105710813972e+03
7.400203696098562432e+03
7.528364241164241321e+03
7.657423657718120921e+03
7.757513330512060747e+03
5.831929836995039295e+03
5.952683417085427209e+03
6.061645266594124223e+03
6.188754038179148665e+03
6.299681143281365621e+03
6.425554678692221387e+03
6.543634118541033786e+03
6.623961391437308521e+03
6.773377812257564074e+03
6.889195763044331215e+03
7.034750298210735309e+03
7.121027200000000448e+03
7.259850891410048462e+03
7.386099590163934408e+03
7.509291580257155147e+03
7.647036866359447231e+03
7.730505272037114992e+03
7.879426068376068542e+03
6.068233115468409778e+03
6.194249173098125539e+03
6.292937685459940440e+03
6.430135765325309876e+03
6.545216185410334219e+03
6.635916507085407829e+03
6.753119922630560723e+03
6.891729199372056428e+03
7.023113140134973946e+03
7.118118752499000038e+03
7.253055870445344226e+03
7.367655355682747540e+03
7.499706710853355617e+03
7.636631380753137819e+03
7.729692534795444772e+03
7.861782942430703770e+03
7.977283376399655026e+03
6.292938427299703108e+03
6.420491926398798569e+03
6.551756181057436152e+03
6.640499041778459286e+03
6.755409829721362257e+03
6.875503132341425044e+03
7.011650416171224606e+03
7.117572570971611640e+03
7.237741414141413770e+03
7.364414554374488944e+03
7.490283822920976490e+03
7.631213628762541703e+03
7.719227042965459077e+03
7.851029386712095402e+03
7.969108387096774095e+03
8.103855652173912858e+03
6.535379506641365879e+03
6.624587155963302394e+03
6.755233746130031250e+03
6.867524442706296213e+03
7.008598652931854303e+03
7.113995603517186282e+03
7.217542707493956186e+03
7.357917075163398295e+03
7.481028512396694168e+03
7.625424153781863424e+03
7.718719039595619506e+03
7.857067348678601775e+03
7.956538230240549638e+03
8.099609300304215139e+03
8.206033318719859381e+03
6.755208978328173544e+03
6.866387260648691154e+03
6.997263449367088469e+03
7.116030387844862162e+03
7.226323517547398296e+03
7.369033128834355921e+03
7.471205773195876645e+03
7.602352499999999964e+03
7.692478589420655226e+03
7.833197620059498149e+03
7.962669961323592361e+03
8.091979157620495243e+03
8.187849081364829544e+03
8.346808425720621017e+03
6.991487747035573193e+03
7.109624850179784517e+03
7.209221327967807156e+03
7.357506944444444343e+03
7.458866200082338764e+03
7.595225645295587128e+03
7.704421185372005311e+03
7.829651656754460419e+03
7.960138805328749186e+03
8.063444829078321163e+03
8.201867659947414722e+03
8.349682342502217580e+03
8.467143240823634187e+03
7.216438985098670855e+03
7.348427172582619278e+03
7.462013591433278634e+03
7.584497297297297337e+03
7.692132661628883397e+03
7.824635398981324215e+03
7.933038115631691653e+03
8.063017741237559676e+03
8.183670747704416499e+03
8.343745567375886822e+03
8.447457347029923767e+03
8.569284941388637890e+03
7.462123970345964153e+03
7.587119384359401010e+03
7.695251574968500790e+03
7.820813322019515908e+03
7.926595635430038783e+03
8.069632308358596674e+03
8.165566753926701494e+03
8.325547787610619707e+03
8.435427297056199677e+03
8.568733994589720169e+03
8.691052799271734330e+03
7.704928931875525450e+03
7.812100423728813439e+03
7.937048414738645988e+03
8.052230769230769511e+03
8.172415720524017161e+03
8.317715296198055512e+03
8.440356091030789685e+03
8.552584158415842467e+03
8.674699227623807019e+03
8.826579044117646845e+03
7.947547833547833761e+03
8.055923043666234662e+03
8.171996943231441037e+03
8.320938965059707698e+03
8.423035634743875562e+03
8.551983798379838845e+03
8.670269300635785839e+03
8.818320477502295034e+03
8.937070037105751908e+03
8.171180349344977913e+03
8.313190013256738894e+03
8.415153538050733914e+03
8.551602160216021730e+03
8.677718181818181620e+03
8.798071919377003724e+03
8.920498611111110222e+03
9.086993902439024168e+03
8.415137961726746653e+03
8.551295679567956540e+03
8.653688576609247320e+03
8.814235888022029030e+03
8.912664199814986205e+03
9.082178621659633791e+03
9.189892249527410968e+03
8.653252493200363460e+03
8.814350619550252304e+03
8.918857341361741419e+03
9.081692451945616995e+03
9.174303916941953503e+03
9.312033349213910697e+03
8.931422077922077733e+03
9.059889616463984567e+03
9.178150141643060124e+03
9.320967572722936893e+03
9.441606833493744489e+03
9.197944181646167635e+03
9.316485700667302808e+03
9.439964870067373340e+03
9.553287584869058264e+03
9.445567645642753632e+03
9.543630813953488541e+03
9.714756133464181403e+03
9.715005888125613637e+03
9.823744680851063094e+03
9.959192307692308532e+03
