nan
nan
nan
nan
nan
nan
nan
nan
nan
nan
nan
nan
nan
nan
nan
nan
nan
nan
nan
nan
nan
nan
nan
nan
nan
nan
1.837636262060838362e+03
1.898865577835673321e+03
1.958875095598235703e+03
2.017786522994636471e+03
2.075699297801606917e+03
2.188816646477453105e+03
2.298849742502821300e+03
2.406089185494227422e+03
2.510993649341065975e+03
2.612683508846249424e+03
2.712372264492495560e+03
2.810050278468965189e+03
2.905589621139045448e+03
2.999285444757139885e+03
3.091654083657986575e+03
3.183570176892579184e+03
3.275328763548220650e+03
3.367300476536458973e+03
3.459178642516981199e+03
3.551554247824734375e+03
3.643454878806081069e+03
3.735522087184696375e+03
3.828401340559106302e+03
3.921591587919005178e+03
4.015707770089543374e+03
4.109604702156227177e+03
4.203624411067453366e+03
4.297604533512449052e+03
4.391700377457683317e+03
4.485603411525977208e+03
4.579677781643807066e+03
4.673810718450019522e+03
4.768204689280415550e+03
4.862468258465351028e+03
4.957311116604922063e+03
5.051888642266835632e+03
5.146819675833343354e+03
5.241909816913359464e+03
5.336969168790202275e+03
5.432607904466480250e+03
5.528202559093959280e+03
5.624579763376313167e+03
5.719988606815582898e+03
5.816000768704495385e+03
5.912064416663206430e+03
nan
nan
nan
nan
nan
nan
nan
nan
nan
nan
nan
nan
nan
nan
nan
nan
nan
nan
nan
nan
nan
nan
nan
nan
nan
1.837581212064691044e+03
1.898825385173497352e+03
1.958841620612280849e+03
2.017722350666382681e+03
2.075715806943650932e+03
2.188937470037725689e+03
2.298859115304632724e+03
2.406478656063245126e+03
2.511182002588922842e+03
2.612923363089234499e+03
2.712792100820842279e+03
2.810480269234848947e+03
2.906138609440929940e+03
2.999959088405416878e+03
3.092295190375729362e+03
3.184135435764679642e+03
3.275945816060824200e+03
3.367678574440109969e+03
3.459599782821867848e+03
3.551656930201387695e+03
3.643348538294563696e+03
3.735655866440942191e+03
3.828551061981530893e+03
3.921760961144321300e+03
4.015791820920057489e+03
4.109507683593699767e+03
4.203343301139721007e+03
4.297445265352034767e+03
4.391347351007420002e+03
4.485342641429390824e+03
4.579316780661631128e+03
4.673383323202304382e+03
4.767652178445374375e+03
4.862057793633188339e+03
4.956579439604013714e+03
5.051270382550927025e+03
5.146209157648652763e+03
5.241351543224269335e+03
5.336612079290096517e+03
5.432184125809390025e+03
5.527764555820559508e+03
5.623460087315095734e+03
5.719348297895488940e+03
5.815437683388448022e+03
5.911604822297947976e+03
nan
nan
nan
nan
nan
nan
nan
nan
nan
nan
nan
nan
nan
nan
nan
nan
nan
nan
nan
nan
nan
nan
nan
1.774537729717109869e+03
1.837520233497581557e+03
1.898757325356930096e+03
1.958760977309379768e+03
2.017681027278131296e+03
2.075539908919716254e+03
2.189088173006957732e+03
2.298956780190760583e+03
2.406775802541853409e+03
2.511312705522178476e+03
2.613264565384140951e+03
2.713175369777126889e+03
2.810911800164142733e+03
2.906704140489826386e+03
3.000593041152793376e+03
3.092896592089980913e+03
3.184662358275088081e+03
3.276378102936197138e+03
3.368097534948784869e+03
3.459875968846805790e+03
3.551775532140906762e+03
3.643565678783995736e+03
3.735808522122771137e+03
3.828772665912765660e+03
3.922163384863661122e+03
4.015938421438158912e+03
4.109890568772979350e+03
4.203571987283041381e+03
4.297356501783611748e+03
4.391240841211960287e+03
4.485085120435189310e+03
4.578928283966084564e+03
4.672777484825743159e+03
4.767106960445056757e+03
4.861402758990415350e+03
4.956096136725988799e+03
5.050795211876406029e+03
5.145735989659897314e+03
5.240899900898346459e+03
5.336113787710908582e+03
5.431619226724904365e+03
5.527234808073874774e+03
5.622922454676107009e+03
5.718856886580417267e+03
5.814826977452651590e+03
5.911125740565984415e+03
nan
nan
nan
nan
nan
nan
nan
nan
nan
nan
nan
nan
nan
nan
nan
nan
nan
nan
nan
nan
nan
nan
1.774501454478381675e+03
1.837483123235974517e+03
1.898701682862878897e+03
1.958703185309621858e+03
2.017674059444483419e+03
2.075333495677232349e+03
2.189157864144719497e+03
2.299162174019436861e+03
2.407038288151662073e+03
2.511380725986972720e+03
2.613574523430799672e+03
2.713534511503541580e+03
2.811394491868823934e+03
2.907225660488214999e+03
3.001240712540094592e+03
3.093575279637274434e+03
3.185279066492336824e+03
3.276814106149644431e+03
3.368451344448121745e+03
3.460248278315951211e+03
3.551872104132759887e+03
3.643466166206029357e+03
3.736017065987853130e+03
3.828914605904677956e+03
3.922343675250675915e+03
4.015980253209002058e+03
4.109827639118220759e+03
4.203541958642094869e+03
4.297225574211463936e+03
4.390894153896586431e+03
4.484623267339173253e+03
4.578544121474667008e+03
4.672471382058577547e+03
4.766632619961565069e+03
4.860947855042858464e+03
4.955644525679053913e+03
5.050290238669801511e+03
5.145292091345602785e+03
5.240340662604615318e+03
5.335645748274478137e+03
5.431226782739415285e+03
5.526742271821069153e+03
5.622481081955658738e+03
5.718428179022826953e+03
5.814295181009487351e+03
5.910978128630869833e+03
nan
nan
nan
nan
nan
nan
nan
nan
nan
nan
nan
nan
nan
nan
nan
nan
nan
nan
nan
nan
nan
1.774470388139968691e+03
1.837419479461305400e+03
1.898613727669156560e+03
1.958637437457411579e+03
2.017608504824798956e+03
2.075321382791878023e+03
2.189125718265202977e+03
2.299335925192930517e+03
2.407142590543729966e+03
2.511515650597096283e+03
2.613822609987813848e+03
2.713920412272098929e+03
2.811802866462005568e+03
2.907677070835222366e+03
3.001799492364295475e+03
3.094149876805424356e+03
3.185833631028689979e+03
3.277339715241346312e+03
3.368874024479021500e+03
3.460533101996687492e+03
3.551867477921998216e+03
3.643724769671073318e+03
3.736039104800263431e+03
3.829070596409403606e+03
3.922351092404099290e+03
4.015892951865828763e+03
4.109852333930866735e+03
4.203348384534818251e+03
4.297007678702910198e+03
4.390569946346868164e+03
4.484341962838387190e+03
4.578171685525703651e+03
4.671983316626268788e+03
4.766197116994630051e+03
4.860551275801498377e+03
4.954660998134379952e+03
5.049809609038551571e+03
5.144744033103409492e+03
5.239821724710076523e+03
5.335116999182386280e+03
5.430513951534028820e+03
5.526347921425586719e+03
5.621906811922981433e+03
5.717835875226137432e+03
5.813669645635460256e+03
5.909907963528876280e+03
nan
nan
nan
nan
nan
nan
nan
nan
nan
nan
nan
nan
nan
nan
nan
nan
nan
nan
nan
nan
1.774422511209266759e+03
1.837350818272510423e+03
1.898530979763768528e+03
1.958563807093272999e+03
2.017418515180746908e+03
2.075354258008320812e+03
2.189069848892044774e+03
2.299579147081213705e+03
2.407231036593742829e+03
2.511736904957127081e+03
2.614067272704990501e+03
2.714148084442174877e+03
2.812146283798460900e+03
2.908184775561484457e+03
3.002341703390090515e+03
3.094824426459026199e+03
3.186387045064852828e+03
3.277772230919297272e+03
3.369269691625038377e+03
3.460719385910161691e+03
3.551992963741852691e+03
3.643821489059694613e+03
3.736358601230301247e+03
3.829406012422415188e+03
3.922764164622655699e+03
4.016342190758671677e+03
4.109843504167612991e+03
4.203327395086227625e+03
4.296775565614021616e+03
4.390259907337514960e+03
4.483881287092569437e+03
4.577644901123563614e+03
4.671524410518190052e+03
4.765681213150388430e+03
4.860054846142505994e+03
4.954513974372226585e+03
5.049223706817007042e+03
5.144234456711108578e+03
5.239533932380983970e+03
5.334563954146176911e+03
5.430029890333222284e+03
5.525634303733113484e+03
5.620962366028104952e+03
5.717377969392645355e+03
5.813152228568526880e+03
5.909275041747155228e+03
nan
nan
nan
nan
nan
nan
nan
nan
nan
nan
nan
nan
nan
nan
nan
nan
nan
nan
nan
1.774412820280071628e+03
1.837286882485042042e+03
1.898477267563351234e+03
1.958503963937130266e+03
2.017279206821559228e+03
2.075366559290232544e+03
2.189001148226037913e+03
2.299705294210987631e+03
2.407290602738161397e+03
2.511839697236120628e+03
2.614280198301841210e+03
2.714493702775829661e+03
2.812560489444728773e+03
2.908594221172200378e+03
3.002791688963931847e+03
3.095369259051562040e+03
3.186923338268065891e+03
3.278233238207896193e+03
3.369599722463222406e+03
3.460881410486584173e+03
3.552073230621538642e+03
3.643861964297376289e+03
3.736425341733717687e+03
3.829481093285425231e+03
3.922899668495037531e+03
4.016352259117380981e+03
4.109723558710025827e+03
4.203154371723030636e+03
4.296468978352395425e+03
4.389881513179827380e+03
4.483401854592873860e+03
4.577198425857335678e+03
4.671191880160879919e+03
4.765216023912447781e+03
4.859501071457158105e+03
4.954003069041877097e+03
5.048777636489062388e+03
5.143819957229698957e+03
5.238835032292004144e+03
5.334101662449724245e+03
5.429509169550396109e+03
5.525149852098909832e+03
5.620866156303292883e+03
5.716541633497712610e+03
5.812710341372440780e+03
5.908803677725403759e+03
nan
nan
nan
nan
nan
nan
nan
nan
nan
nan
nan
nan
nan
nan
nan
nan
nan
nan
1.774349755073866163e+03
1.837183025901833844e+03
1.898388602524398721e+03
1.958424484452577417e+03
2.017169990978331953e+03
2.075446532759665388e+03
2.189029541123939453e+03
2.299920171489795393e+03
2.407307173159257218e+03
2.512031554844029415e+03
2.614518957723504627e+03
2.714770845272976203e+03
2.812869885893667742e+03
2.909061642802119422e+03
3.003401491032700505e+03
3.095955006987580873e+03
3.187397798597161454e+03
3.278722917495174897e+03
3.370029753097704997e+03
3.460943758060709115e+03
3.552274324728515239e+03
3.644106704558936144e+03
3.736826785199628830e+03
3.829840196614389697e+03
3.923089167974308566e+03
4.016350639703975503e+03
4.109701596140505899e+03
4.202995163911497912e+03
4.296185975850948125e+03
4.389547953251592844e+03
4.482647247075232372e+03
4.576705084870769497e+03
4.670607501501938714e+03
4.764488511587132962e+03
4.858927737285062904e+03
4.953458772806349771e+03
5.048376669722905717e+03
5.143175785687713869e+03
5.238318968514700828e+03
5.333544236970335987e+03
5.428986720096158024e+03
5.524391079395509223e+03
5.620259026516790072e+03
5.716150524342941026e+03
5.811803062411543578e+03
5.908210469987468969e+03
nan
nan
nan
nan
nan
nan
nan
nan
nan
nan
nan
nan
nan
nan
nan
nan
1.708145758025706982e+03
1.774302491161298121e+03
1.837115367691211304e+03
1.898310280390241132e+03
1.958309643637455565e+03
2.017073084746992663e+03
2.075485629837902707e+03
2.189072777242156008e+03
2.299972926634093710e+03
2.407234173189560806e+03
2.512139296971359272e+03
2.614717717907804399e+03
2.715069067121492026e+03
2.813201912296165119e+03
2.909431646472855391e+03
3.003880600462215625e+03
3.096577019942001698e+03
3.188000609809256275e+03
3.279178329065154685e+03
3.370309220389451184e+03
3.461104720830001497e+03
3.552488744577971374e+03
3.644398499553646616e+03
3.737008209188631099e+03
3.830102604702094595e+03
3.923157149581275917e+03
4.016790937770063465e+03
4.109588006121524813e+03
4.202667013493764898e+03
4.295896813006120283e+03
4.389128366529511368e+03
4.482620473304410552e+03
4.576421696892235559e+03
4.670095689679964380e+03
4.764184390028098278e+03
4.858570595254821455e+03
4.953088579572683557e+03
5.047761344513526637e+03
5.142719430605797243e+03
5.237767598243286557e+03
5.333020796033110855e+03
5.428410736289752094e+03
5.524010601034264255e+03
5.619761782612414208e+03
5.715568562866174943e+03
5.811545568315987111e+03
5.907587505127502482e+03
nan
nan
nan
nan
nan
nan
nan
nan
nan
nan
nan
nan
nan
nan
nan
1.708095581835570329e+03
1.774280450019455202e+03
1.837045924679645850e+03
1.898230274409587082e+03
1.958102571257524232e+03
2.017158286776139676e+03
2.075485127511213250e+03
2.189203504609499305e+03
2.299994900950346164e+03
2.407242816291723102e+03
2.512212283179983842e+03
2.614850164832223072e+03
2.715222363730214511e+03
2.813493434911684744e+03
2.909815288762463751e+03
3.004340530125980877e+03
3.097099716622002234e+03
3.188599975827792150e+03
3.279569472196946663e+03
3.370490899859195451e+03
3.461254108148280011e+03
3.552761748875889680e+03
3.644634516060223177e+03
3.737259591841964266e+03
3.830238100871600182e+03
3.923237558741760040e+03
4.016270157597623438e+03
4.109418436646645205e+03
4.202487250121937905e+03
4.295550075754620593e+03
4.388775070699638491e+03
4.482154646799632246e+03
4.575831684246024452e+03
4.669651203743377664e+03
4.763820099651024975e+03
4.857852335883115302e+03
4.952501844665477620e+03
5.047202813601068556e+03
5.142210029116231453e+03
5.237325551264451860e+03
5.332343457364313508e+03
5.427986400720687925e+03
5.523357390432389366e+03
5.619140607263831043e+03
5.715002020215940320e+03
5.810919403042600607e+03
5.906959613058499599e+03
nan
nan
nan
nan
nan
nan
nan
nan
nan
nan
nan
nan
nan
nan
nan
1.774148699969407517e+03
1.836825129450919121e+03
1.898023205312108075e+03
1.957827047541228239e+03
2.017120107597208062e+03
2.075226037126987649e+03
2.189315972641697044e+03
2.299811302813832299e+03
2.407322128918184717e+03
2.512426985572309150e+03
2.615217489192474659e+03
2.715670559021800727e+03
2.814150849751600617e+03
2.910701940269892930e+03
3.005364350092282621e+03
3.098413733465305995e+03
3.189847951670628845e+03
3.280658722867267443e+03
3.370987843301023986e+03
3.461866132467283478e+03
3.553306618826385147e+03
3.645266255326875125e+03
3.738008884073274203e+03
3.830705083724462384e+03
3.923487022120542861e+03
4.016206207167042521e+03
4.108897984254324001e+03
4.201695601254766189e+03
4.294671951092534073e+03
4.387842673018324604e+03
4.481117231703718062e+03
4.574453324981657715e+03
4.668417839714375077e+03
4.762585821370090343e+03
4.856800924902130646e+03
4.951139059478375202e+03
5.046029280932517395e+03
5.140977149868481320e+03
5.236020479816401348e+03
5.331173884215009821e+03
5.426493553016025544e+03
5.522160755922620410e+03
5.617652756967319874e+03
5.713362869221380606e+03
5.809451699585221832e+03
5.905414002171882203e+03
nan
nan
nan
nan
nan
nan
nan
nan
nan
nan
nan
nan
nan
nan
1.774040373588172770e+03
1.836649805603143477e+03
1.897576743472747239e+03
1.957782181216889967e+03
2.016893682362346226e+03
2.075189932026075439e+03
2.189233109202370088e+03
2.299484343863737195e+03
2.407267545884452829e+03
2.512536749195915036e+03
2.615324253892093111e+03
2.715968924103400241e+03
2.814607636898853343e+03
2.911417294758829939e+03
3.006304613559861991e+03
3.099550746986559716e+03
3.191095558104175325e+03
3.281416204552296222e+03
3.371698571185294895e+03
3.462604045362561010e+03
3.554151252042381657e+03
3.646149198771037845e+03
3.738482101540403619e+03
3.830957572614173841e+03
3.923323218437643845e+03
4.015832160419531192e+03
4.108354828017192631e+03
4.200939276255709956e+03
4.293672253498045393e+03
4.386769884823019311e+03
4.480251734194020173e+03
4.573517222091552867e+03
4.667336016061775808e+03
4.761330392128571475e+03
4.855616614267865771e+03
4.950046473833217533e+03
5.044750059577939282e+03
5.139660950092355051e+03
5.234943538003628419e+03
5.329923654420641469e+03
5.425189000696588664e+03
5.520753930855500585e+03
5.616310988294972958e+03
5.712068359981371032e+03
5.807964286128433741e+03
5.904989957219861026e+03
nan
nan
nan
nan
nan
nan
nan
nan
nan
nan
nan
nan
nan
1.773900897168846996e+03
1.836395636771268528e+03
1.897463020011946810e+03
1.957631775602249036e+03
2.016758700046526428e+03
2.075154446596256093e+03
2.188852033597250738e+03
2.299329876217722813e+03
2.407121685146036725e+03
2.512425453689838378e+03
2.615352165996455824e+03
2.716227537342777396e+03
2.814957042650016319e+03
2.911961118897455890e+03
3.007061761836595906e+03
3.100494333927779735e+03
3.191998158047661946e+03
3.282146046813431894e+03
3.372407599478476186e+03
3.463390890896955170e+03
3.554775132801914879e+03
3.646752761876305158e+03
3.738982223283382609e+03
3.830962780389424552e+03
3.923229139765880063e+03
4.015358981599230901e+03
4.107584712546072296e+03
4.200034008560684924e+03
4.292733929033613094e+03
4.385447440062952410e+03
4.478896405010590570e+03
4.572327174070045658e+03
4.666244565894488915e+03
4.760081156689066120e+03
4.854462227306541536e+03
4.948747339965388164e+03
5.043501486387845944e+03
5.138296169348664080e+03
5.233305555936076416e+03
5.328479534917534693e+03
5.423709357889327293e+03
5.519177090173287070e+03
5.614702564121399519e+03
5.710418666507750459e+03
5.806130017687131840e+03
5.902024789646983663e+03
nan
nan
nan
nan
nan
nan
nan
nan
nan
nan
nan
nan
1.773711843184421014e+03
1.836088814323588394e+03
1.897354731081261662e+03
1.957440036001192766e+03
2.016691138678529569e+03
2.074948117169320085e+03
2.188290471719951256e+03
2.298928570204854623e+03
2.406905381279907488e+03
2.512217680601689608e+03
2.615236766550098764e+03
2.716254687342300258e+03
2.815266358266285351e+03
2.912317350357220676e+03
3.007637992092991681e+03
3.101261632121567345e+03
3.192752104820054228e+03
3.283039623881123589e+03
3.373431921954937934e+03
3.464405857550370456e+03
3.555475408609208898e+03
3.647206371383190344e+03
3.739141141825185969e+03
3.830971852959468833e+03
3.922718104609460624e+03
4.014676163468147934e+03
4.106790551015863457e+03
4.198827855844371697e+03
4.291773747333847496e+03
4.384600235021440312e+03
4.477865068153731045e+03
4.571240352056329357e+03
4.664945114226627084e+03
4.759018057972136376e+03
4.853147331001231578e+03
4.947541018324553988e+03
5.042127924770118625e+03
5.136980528370599131e+03
5.231969014727902504e+03
5.326986970566741547e+03
5.422143339688729611e+03
5.517649744480420850e+03
5.613125956257964390e+03
5.708652365727548386e+03
5.804316495575470071e+03
5.899962817637590888e+03
nan
nan
nan
nan
nan
nan
nan
nan
nan
nan
nan
1.773539862007064130e+03
1.836001305071377828e+03
1.897118107847139754e+03
1.957326764330834521e+03
2.016450717964259638e+03
2.074475262668292089e+03
2.187898265807968528e+03
2.298515250131097673e+03
2.406417430917206275e+03
2.511867667236796478e+03
2.615024228662556652e+03
2.716154229314027361e+03
2.815397702656662659e+03
2.912605421716904402e+03
3.008179019498863909e+03
3.101554029357128002e+03
3.193308720685222397e+03
3.283992249516476477e+03
3.374468213136387931e+03
3.465105869627929678e+03
3.556264862527616970e+03
3.647827756244642842e+03
3.739326269451935332e+03
3.830924221493899950e+03
3.922361715809384805e+03
4.013974752444079513e+03
4.105883957469821326e+03
4.198087705972709955e+03
4.290695150604802620e+03
4.383411787068454032e+03
4.476635244411749227e+03
4.570061903253823402e+03
4.663724598200453329e+03
4.757741653510334800e+03
4.851999338486326451e+03
4.946245474666103291e+03
5.040736432480203803e+03
5.135631693511979392e+03
5.230487228448653696e+03
5.325430423352618163e+03
5.420676008411184739e+03
5.515894495009080856e+03
5.611237387796864823e+03
5.707367930727386010e+03
5.802473573233070965e+03
5.898115499428697149e+03
nan
nan
nan
nan
nan
nan
nan
nan
nan
nan
1.773284594794996337e+03
1.835836445208670739e+03
1.897009163645686840e+03
1.957114401149417745e+03
2.015977698227018664e+03
2.073869206818542807e+03
2.187411099091541473e+03
2.297954292040830296e+03
2.405905336357195210e+03
2.511384216294310136e+03
2.614708214116435101e+03
2.715958816962616766e+03
2.815284139752080591e+03
2.912683814727353820e+03
3.008282728347317970e+03
3.101700894280798366e+03
3.193753904500191311e+03
3.285112522278438519e+03
3.375338832404773711e+03
3.466183976729846563e+03
3.556964786906143217e+03
3.648160009164825624e+03
3.739273899128691482e+03
3.830664865753560662e+03
3.921665936407308891e+03
4.013151853607569137e+03
4.104926431049314488e+03
4.197064679926370445e+03
4.289579350180520123e+03
4.382391499842127814e+03
4.475436085098746844e+03
4.568810483785171527e+03
4.662583080839213835e+03
4.756466252451909895e+03
4.850571274783435001e+03
4.944929544626664210e+03
5.039194892199573587e+03
5.133998669430229711e+03
5.228948988563273815e+03
5.323955422227816598e+03
5.419250612873373939e+03
5.514062041359909017e+03
5.609558857001253273e+03
5.704926693629606234e+03
5.800453060953555905e+03
5.895965598514086196e+03
nan
nan
nan
nan
nan
nan
nan
nan
nan
1.773129763381731209e+03
1.835643635531218706e+03
1.896507957181124311e+03
1.956090749298656192e+03
2.014853726310378079e+03
2.072760942752302071e+03
2.186109955643888497e+03
2.296563420231446798e+03
2.404429948656793385e+03
2.510172610160333079e+03
2.613626706388307412e+03
2.715068848694504140e+03
2.814755128610074280e+03
2.912230518340203162e+03
3.007762433087248155e+03
3.101933599671346201e+03
3.194988931720895380e+03
3.286733542397526435e+03
3.377519626801785307e+03
3.467750693314944783e+03
3.557909264560538759e+03
3.648217158987715266e+03
3.738685622108558164e+03
3.829287753619953946e+03
3.920085306147441770e+03
4.011301626017910166e+03
4.102996855379389672e+03
4.194923266906550452e+03
4.287237722040968947e+03
4.380051971981931274e+03
4.473054781820570497e+03
4.566321247173809752e+03
4.659865860691335911e+03
4.753615456725347940e+03
4.847690654048940814e+03
4.942150181001185047e+03
5.036136929346667785e+03
5.130786044234589099e+03
5.225426240144986878e+03
5.320309200645373494e+03
5.414615738661490468e+03
5.510162079658453877e+03
5.605244493053132828e+03
5.700394841675954012e+03
5.795497442057964690e+03
5.891007392975197035e+03
nan
nan
nan
nan
nan
nan
nan
nan
1.772952039308359872e+03
1.835102164039664331e+03
1.895658383446075504e+03
1.955105186480474458e+03
2.013610019631344130e+03
2.071276529847783877e+03
2.184332896110801812e+03
2.294653853392722795e+03
2.402572698488047990e+03
2.508321175700382810e+03
2.612102424424207129e+03
2.713764390685266790e+03
2.813281687311217865e+03
2.910776709659226526e+03
3.006939023735402770e+03
3.101856627078405836e+03
3.195637120387681534e+03
3.287860085258277650e+03
3.378834055491000527e+03
3.468706591928102171e+03
3.558317215607618891e+03
3.647745968457886192e+03
3.737523263827785740e+03
3.827619747818761425e+03
3.918204648844005078e+03
4.009256453915452767e+03
4.100756889211344969e+03
4.192643251554567541e+03
4.284900926195108696e+03
4.377746448865675120e+03
4.470328051457130641e+03
4.563464117538167557e+03
4.656842603102991234e+03
4.750574478539595475e+03
4.843995223282208826e+03
4.938445628757881423e+03
5.032476155608096633e+03
5.126970434428021690e+03
5.221445427815906442e+03
5.315817167762452300e+03
5.410821133988077236e+03
5.505423350202086112e+03
5.600159439328685039e+03
5.695318390673145586e+03
5.790359783194907322e+03
5.885528828197066105e+03
nan
nan
nan
nan
nan
nan
nan
1.772754077232224063e+03
1.834533699317096534e+03
1.894684637414299686e+03
1.953786332880323016e+03
2.011993465637724057e+03
2.069407567003149779e+03
2.182066731095391333e+03
2.292243251840761332e+03
2.400111794468257358e+03
2.505961902340027791e+03
2.609756594008657885e+03
2.711396751119179498e+03
2.810847158694642530e+03
2.908920990169687684e+03
3.005629412771718307e+03
3.101268566698259747e+03
3.195349303092884384e+03
3.288134590027742433e+03
3.379355022050796833e+03
3.468881872214080431e+03
3.557913910318176931e+03
3.646628278973897977e+03
3.735934602752740830e+03
3.825748150153405732e+03
3.916131367263774791e+03
4.007022772205878937e+03
4.098368836624674259e+03
4.190062898816451707e+03
4.282158358907133334e+03
4.374537547895112766e+03
4.467292323651226980e+03
4.560179912307822633e+03
4.653409112191430722e+03
4.746992145920768962e+03
4.840424605651993261e+03
4.934230496863185181e+03
5.028268782803230351e+03
5.122310462847557574e+03
5.216553563212839435e+03
5.310783000747554979e+03
5.405349691989939856e+03
5.499920039134947729e+03
5.594530713745849425e+03
5.688829872239073666e+03
5.784269281539547592e+03
5.879149676238460415e+03
nan
nan
nan
nan
nan
nan
1.772474193430136665e+03
1.833756387644488768e+03
1.893404664330925243e+03
1.952105629900853501e+03
2.009948593141208676e+03
2.067066557469970576e+03
2.179274746815403432e+03
2.289212451904824775e+03
2.397104310262714534e+03
2.502919171100186304e+03
2.606423707698532780e+03
2.707860063153077135e+03
2.807880388581234911e+03
2.906515124351320537e+03
3.003870398692556591e+03
3.099846726655366183e+03
3.194127717922085594e+03
3.287071309683668915e+03
3.378456539288998101e+03
3.468217266835897135e+03
3.556567167557090670e+03
3.645098342207234055e+03
3.734004390276603772e+03
3.823524619636393709e+03
3.913586721996279266e+03
4.004290263562512337e+03
4.095438637706135523e+03
4.186978609505456916e+03
4.278855190765882071e+03
4.371037634439559042e+03
4.463457185338550516e+03
4.556139264414960053e+03
4.649189475065251827e+03
4.742496689853545831e+03
4.835790519819094698e+03
4.929195838625950273e+03
5.023008703871306352e+03
5.116891924773553910e+03
5.210769135462545819e+03
5.305280858547951539e+03
5.399216212033496049e+03
5.493543334744032109e+03
5.588022362732566762e+03
5.682576807202141936e+03
5.777226112626453869e+03
5.871951558953678614e+03
nan
nan
nan
nan
nan
1.772043932243202562e+03
1.832743021016279727e+03
1.891826150356835797e+03
1.949993424238928355e+03
2.007377180390902140e+03
2.064106894775878573e+03
2.175907258625920349e+03
2.285591656971491830e+03
2.393259103873169352e+03
2.498769649997874694e+03
2.602070926278047864e+03
2.703809313455830306e+03
2.804220623376886579e+03
2.903327423589898444e+03
3.000980856256783682e+03
3.097194811982593819e+03
3.191801748454454355e+03
3.284798908793261944e+03
3.376239739642058339e+03
3.466287901067263192e+03
3.554837019182537915e+03
3.642946610939024595e+03
3.731687679290683718e+03
3.820883351094904356e+03
3.910689833257473765e+03
4.001055314846721558e+03
4.091867895186065653e+03
4.183107044872596816e+03
4.274686535971943158e+03
4.366485820090169000e+03
4.458784303800056477e+03
4.551228316163009367e+03
4.644531563376498525e+03
4.736821275310633609e+03
4.829970106475224384e+03
4.923338808079927730e+03
5.016683948237449840e+03
5.110345206173098632e+03
5.204028718498205308e+03
5.298009834854738074e+03
5.392006047341242265e+03
5.486135795725655043e+03
5.580339802589664032e+03
5.674791496874633594e+03
5.769217524400552065e+03
5.863743631246642508e+03
nan
nan
nan
nan
1.771396014094761540e+03
1.831371637364133221e+03
1.889728205822500058e+03
1.947256962372427097e+03
2.004135216118320614e+03
2.060482327889751105e+03
2.171674718509838385e+03
2.280946063906369091e+03
2.388180570067348071e+03
2.493187950773695775e+03
2.596713463856991893e+03
2.698825992638865500e+03
2.799584383348985284e+03
2.899004316842503613e+03
2.996862303349279500e+03
3.093067201164076778e+03
3.187773876105054114e+03
3.280936673830694872e+03
3.372460010129197144e+03
3.462809231306130187e+03
3.552032147315655493e+03
3.640240626821005208e+03
3.728608355214993026e+03
3.817364790336231636e+03
3.906718863704228170e+03
3.996812405373140791e+03
4.087284402193946335e+03
4.178121395993756778e+03
4.269399235394985226e+03
4.360978852530849508e+03
4.452866161015093894e+03
4.545152669222191435e+03
4.637515873014709541e+03
4.730147341532804603e+03
4.822909676622319239e+03
4.916013726233892157e+03
5.009181152173395276e+03
5.102480005402891038e+03
5.196043061503807621e+03
5.289639868922769892e+03
5.383454701841618771e+03
5.477400421895541513e+03
5.571485272863412320e+03
5.665575697202328229e+03
5.760374692486293497e+03
5.854345359612905668e+03
nan
nan
nan
1.770383255573543465e+03
1.829438774860994727e+03
1.886863029313698689e+03
1.943619358627946667e+03
1.999899978081290101e+03
2.055702511009654700e+03
2.166115224453716110e+03
2.274781391336141496e+03
2.381360034157637529e+03
2.486326543613869489e+03
2.590005635313439598e+03
2.692342424491853308e+03
2.793390986018290278e+03
2.892793370324352509e+03
2.990832027982675754e+03
3.087204527969116953e+03
3.181917883831204108e+03
3.275127431256770251e+03
3.367053271761574251e+03
3.457816654228675361e+03
3.547469829297925116e+03
3.636061985774833374e+03
3.724086203314584964e+03
3.812424401737764128e+03
3.901386992163695595e+03
3.991005361303411973e+03
4.080988465145398550e+03
4.171609524191037963e+03
4.262739049206104028e+03
4.353751503476906692e+03
4.445304117816595863e+03
4.537127352564701141e+03
4.629282417675863144e+03
4.721644820743139462e+03
4.814230858475894820e+03
4.906883419338743806e+03
4.999911674497267995e+03
5.092988785743846165e+03
5.186417587069148794e+03
5.279675975923119950e+03
5.373231924049257941e+03
5.467010030572682808e+03
5.560875636802675217e+03
5.654809598412564810e+03
5.748839622308708385e+03
5.843129358949371635e+03
nan
nan
1.768536365481227676e+03
1.826313898813756396e+03
1.882499993616520214e+03
1.938206033613545287e+03
1.993613974432519626e+03
2.048778040364820299e+03
2.158106560605215691e+03
2.265801366476197472e+03
2.372205108622657463e+03
2.477349747579003633e+03
2.581195636306658344e+03
2.683700109180332674e+03
2.784736670532851349e+03
2.884200603444309309e+03
2.982092546192898681e+03
3.078443812635780887e+03
3.173284350491830992e+03
3.266749441394282258e+03
3.359010234414656679e+03
3.450201049653803693e+03
3.540198819721083510e+03
3.629234116037133390e+03
3.717347340718908526e+03
3.805159789986385476e+03
3.893728790609848147e+03
3.982837926341946513e+03
4.072435167211849603e+03
4.162474103279436349e+03
4.253070668093780114e+03
4.343974361575747935e+03
4.435362200747017596e+03
4.526813658275916168e+03
4.618558365002295432e+03
4.710626961678632142e+03
4.802887170453464023e+03
4.895325196037698333e+03
4.987976207547517333e+03
5.080883101479679681e+03
5.173923210242102869e+03
5.267087617666145889e+03
5.360414678973681475e+03
5.453866221744410723e+03
5.547637403215305312e+03
5.641373778446914002e+03
5.735322712617816251e+03
5.829484628450949458e+03
1.708920676659244691e+03
1.761924851497078635e+03
1.817595245710132076e+03
1.871584426170845745e+03
1.925842498973377815e+03
1.980272607663543795e+03
2.034671047330981310e+03
2.143116522016935050e+03
2.250865783915976863e+03
2.357603761621661306e+03
2.463133107155513244e+03
2.567335156250671389e+03
2.670017365332369081e+03
2.771004358740387033e+03
2.870593082675735332e+03
2.968473692382108311e+03
3.064815176187900761e+03
3.159797523319013635e+03
3.253568580242685130e+03
3.346184653405831796e+03
3.437658446195929628e+03
3.528112383888742443e+03
3.617493502054560850e+03
3.705781399312526446e+03
3.793471854029392034e+03
3.881441544354035614e+03
3.969882438422462656e+03
4.059200621763221534e+03
4.148843878498155391e+03
4.239027345120661266e+03
4.329518444367626216e+03
4.420286878604992125e+03
4.511562019026017879e+03
4.603044374316228641e+03
4.694812754918197243e+03
4.786805306971011305e+03
4.878981249837406722e+03
4.971383351645265975e+03
5.064138370588503676e+03
5.156868159578732048e+03
5.249778624043936361e+03
5.342944289946615754e+03
5.436254852442695665e+03
5.529712845568437842e+03
5.623255183938074879e+03
5.717007071061110764e+03
5.811049846153508042e+03
1.779497091415871409e+03
1.822178951804467488e+03
1.869885456937537128e+03
1.919629917768234918e+03
1.970495754396265056e+03
2.021988401880549645e+03
2.125998801269859996e+03
2.230446958144850214e+03
2.334739281330727863e+03
2.438479110903624132e+03
2.541369459415414894e+03
2.643273588233199007e+03
2.743916409952988943e+03
2.843188308368444723e+03
2.941095116491705085e+03
3.037677165624831559e+03
3.133083575002042380e+03
3.227385296393206772e+03
3.320548469360506260e+03
3.412563621920098285e+03
3.503433929504310072e+03
3.593217338627002391e+03
3.681906920363528116e+03
3.769710357629649479e+03
3.857350955343758869e+03
3.945375350857513240e+03
4.034110936900951856e+03
4.123399028904470470e+03
4.213126554224917527e+03
4.303344437121468218e+03
4.393917063302636961e+03
4.484776032497182314e+03
4.575926501782327250e+03
4.667425303898530728e+03
4.759143101132965967e+03
4.851089599858849397e+03
4.943293872897961592e+03
5.035670129006399293e+03
5.128306533442913860e+03
5.221063723810966621e+03
5.314069770078671354e+03
5.407228526145696378e+03
5.500610543350045191e+03
5.594065960588744929e+03
5.687680968715167182e+03
5.781441472664363573e+03
1.848731990791950238e+03
1.890721079075356556e+03
1.936105984273946433e+03
1.983426421121561134e+03
2.031993050508056740e+03
2.131307461039046302e+03
2.232137817649340832e+03
2.333495533454117322e+03
2.434841118852157706e+03
2.535813814044317041e+03
2.635933597327173629e+03
2.735204816198071057e+03
2.833310399023971058e+03
2.930272641038124675e+03
3.026210587910177310e+03
3.121135569191850664e+03
3.215079144415966311e+03
3.307973372596662102e+03
3.399877854281257441e+03
3.490830340912121756e+03
3.580708256540059210e+03
3.669657008446161853e+03
3.757719178856732924e+03
3.845033748352266230e+03
3.932734993943311110e+03
4.020973287381077625e+03
4.109820379379388214e+03
4.199195900922932196e+03
4.289038303499553876e+03
4.379302818015239609e+03
4.469947223958560244e+03
4.560924691756674292e+03
4.652162827755532817e+03
4.743685487255629596e+03
4.835469676207418161e+03
4.927476765785198040e+03
5.019728136430504492e+03
5.112230408557284136e+03
5.204865087569400202e+03
5.297709101001937597e+03
5.390763020458794927e+03
5.483889951904233385e+03
5.577250113633036563e+03
5.670867378788507267e+03
5.764380333122699085e+03
1.916770611741223547e+03
1.958786590056254227e+03
2.003272244261653668e+03
2.049384381547024987e+03
2.144667350630072178e+03
2.242321394070269434e+03
2.341114384346139559e+03
2.440270940024352058e+03
2.539406973019044017e+03
2.638028920421219482e+03
2.735908820759848822e+03
2.832941154882117644e+03
2.929163095391270872e+03
3.024506061890473575e+03
3.118982423595908585e+03
3.212502283891485149e+03
3.305164792671142550e+03
3.396920439742632425e+03
3.487738190567415131e+03
3.577555373333224452e+03
3.666602999999335680e+03
3.754664781784034858e+03
3.841797596351338143e+03
3.928874810279858139e+03
4.016433006960163766e+03
4.104637371327360597e+03
4.193498448312062465e+03
4.282872169695744560e+03
4.372653420256755453e+03
4.462840929827080799e+03
4.553406811622775422e+03
4.644277691198995853e+03
4.735459618867319477e+03
4.826917984942098883e+03
4.918593910526637956e+03
5.010597269644915286e+03
5.102724065887102370e+03
5.195132864663432883e+03
5.287734532120084623e+03
5.380563290007083197e+03
5.473498820704793616e+03
5.566614087293477496e+03
5.659898203549602840e+03
5.753333372677870102e+03
1.983735989509368210e+03
2.025869960048932626e+03
2.069912876357013374e+03
2.161685767846827730e+03
2.256451209215048038e+03
2.352848149177999858e+03
2.450052187009698173e+03
2.547387365189895718e+03
2.644564325765720241e+03
2.741207639705747624e+03
2.837257175612579886e+03
2.932656903214442991e+03
3.027349729096046758e+03
3.121320756468067884e+03
3.214440989725720101e+03
3.306742141483997329e+03
3.398256316062062979e+03
3.488824238348604467e+03
3.578566617967849197e+03
3.667516510872188064e+03
3.755529126455398909e+03
3.842788615489928816e+03
3.929371437299663739e+03
4.016214879674776967e+03
4.103695567092850069e+03
4.191864833932106194e+03
4.280636059916248087e+03
4.369918714090981666e+03
4.459636854241331093e+03
4.549726492747113298e+03
4.640169819284674304e+03
4.730953748882066066e+03
4.822010927265157079e+03
4.913372703879898836e+03
5.005038721606948457e+03
5.096870316439104499e+03
5.188954287597610346e+03
5.281285779884592557e+03
5.373733582386888884e+03
5.466422160432455712e+03
5.559408442266672864e+03
5.652316638322792642e+03
5.745653701268763143e+03
2.049733638369601067e+03
2.091995566488344139e+03
2.180696597339552227e+03
2.272901354366040323e+03
2.367089897020312492e+03
2.462418379455033573e+03
2.558155122577799375e+03
2.653888642813656134e+03
2.749372136756509462e+03
2.844522684249490339e+03
2.939147958769513025e+03
3.033203174171143019e+03
3.126549204967960122e+03
3.219250105609707134e+03
3.311209873702201548e+03
3.402383996471333376e+03
3.492691523030810913e+03
3.582343787384862480e+03
3.671115337700664440e+03
3.759033535257584390e+03
3.846227381198723378e+03
3.932599865733021943e+03
4.018810592111717597e+03
4.105570306039794559e+03
4.193060307298608677e+03
4.281186185899752672e+03
4.369880519783790078e+03
4.459062439609495414e+03
4.548664771820038368e+03
4.638671736722410060e+03
4.729024781654303297e+03
4.819652650376078782e+03
4.910693191332538845e+03
5.001888086367172036e+03
5.093412213419931504e+03
5.185189200929175058e+03
5.277211776451415062e+03
5.369385605359782858e+03
5.461773005058714261e+03
5.554360506755459937e+03
5.647128022920107469e+03
5.740053841579265281e+03
2.114854309258535068e+03
2.200829515673304741e+03
2.290705181745099253e+03
2.382930649592147347e+03
2.476471897765130507e+03
2.570713600762708211e+03
2.665155244582279465e+03
2.759568579091477204e+03
2.853763158345856937e+03
2.947601523962196552e+03
3.041006368471820224e+03
3.133820239560821392e+03
3.226005693509890989e+03
3.317595480690364639e+03
3.408395364312264064e+03
3.498501433011920653e+03
3.587913632684914319e+03
3.676511248962324771e+03
3.764418508789451153e+03
3.851534378647683297e+03
3.937866466582743669e+03
4.023601165665015287e+03
4.109617705389481671e+03
4.196333803446599632e+03
4.283803153549753006e+03
4.371893801930514201e+03
4.460513542210036576e+03
4.549595345721390913e+03
4.639122884033351511e+03
4.728998971092256397e+03
4.819257066449155900e+03
4.909882277259446710e+03
5.000726292853967607e+03
5.091874904191916357e+03
5.183316648808759055e+03
5.274926543942325225e+03
5.366795007734985120e+03
5.459005631903998619e+03
5.551174323946434924e+03
5.643797709620816931e+03
5.736346410226416992e+03
2.242767957852002837e+03
2.328655962905785600e+03
2.417348092322210960e+03
2.507811185859225589e+03
2.599323329308285793e+03
2.691449849618275039e+03
2.783866665054134501e+03
2.876336830559203918e+03
2.968704022637294656e+03
3.060774380563392697e+03
3.152455389952992846e+03
3.243746297261351174e+03
3.334437699492248612e+03
3.424583166703033839e+03
3.514163926577066832e+03
3.603061223858278936e+03
3.691353812633858070e+03
3.778963372838557007e+03
3.865863776194650200e+03
3.952075969024819642e+03
4.037624528343401380e+03
4.122579149790777592e+03
4.207845604092421127e+03
4.293815096234788143e+03
4.380579817316497611e+03
4.467999202802329819e+03
4.556018057678004880e+03
4.644498079341396078e+03
4.733460827184389927e+03
4.822876658127193878e+03
4.912579315139954815e+03
5.002653323731585260e+03
5.093074163526266602e+03
5.183722258245792545e+03
5.274663422615782110e+03
5.365992680662106977e+03
5.457319536792381768e+03
5.549135045820546111e+03
5.640924955033761762e+03
5.733059947656951408e+03
2.367996536653006387e+03
2.453743589408459684e+03
2.541564262127651546e+03
2.630761404846455662e+03
2.720838421272358119e+03
2.811451698365424818e+03
2.902349157704457866e+03
2.993288767513392486e+03
3.084112515106110550e+03
3.174780205848509468e+03
3.265062812781991397e+03
3.354971870769504676e+03
3.444463582857930305e+03
3.533414107859117848e+03
3.621873077620315598e+03
3.709748977795886276e+03
3.797027028273101678e+03
3.883695749856036855e+03
3.969765115826545298e+03
4.055207167277752433e+03
4.140013864499082956e+03
4.224278876172390483e+03
4.308823248571873592e+03
4.394099038846251460e+03
4.480238311022415473e+03
4.567043105058557558e+03
4.654474365151088023e+03
4.742493882903336271e+03
4.830889365410213031e+03
4.919738868755761359e+03
5.009011282383398793e+03
5.098580239248560247e+03
5.188484444414507379e+03
5.278830146736303504e+03
5.369229359257564283e+03
5.460148346946851234e+03
5.551098357791674061e+03
5.642399449842720969e+03
5.733971594085536708e+03
2.490945052014110388e+03
2.576514902609674664e+03
2.663682401195979764e+03
2.751947589499898640e+03
2.840948729349393034e+03
2.930377296618461514e+03
3.020010319091647943e+03
3.109743825999092223e+03
3.199337747590018807e+03
3.288754545234513898e+03
3.377916242819299441e+03
3.466698468229972605e+03
3.555116673182688828e+03
3.643069618876589630e+03
3.730533963344159929e+03
3.817487518278528114e+03
3.903908845792432658e+03
3.989790740289164660e+03
4.075112735137584423e+03
4.159840425499714001e+03
4.244006884762918162e+03
4.327622006917345061e+03
4.411540091487657264e+03
4.496184493319553440e+03
4.581728374113979044e+03
4.668064429323833792e+03
4.754936010256236841e+03
4.842386848194159029e+03
4.930348715668042132e+03
5.018683747480217789e+03
5.107454281037820692e+03
5.196712499169334478e+03
5.286080361227240246e+03
5.376017841644799773e+03
5.466044788903206609e+03
5.556441605324990633e+03
5.647157033846905506e+03
5.738069993261257878e+03
2.611935502109242861e+03
2.697329665048908282e+03
2.783990003476028505e+03
2.871521568493000814e+03
2.959626565502298035e+03
3.048119171027815355e+03
3.136750535547441359e+03
3.225421532577011931e+03
3.314027256700701400e+03
3.402427509436389300e+03
3.490601771098831250e+03
3.578452210440939780e+03
3.665927757614490474e+03
3.752993098512889901e+03
3.839628678687192860e+03
3.925792231462071413e+03
4.011476112252947132e+03
4.096627496931473615e+03
4.181291751135136110e+03
4.265391883429505469e+03
4.349001360945710985e+03
4.432041219980382266e+03
4.515385388036062977e+03
4.599531188510608445e+03
4.684510760611993646e+03
4.770280012032413651e+03
4.856723826262192233e+03
4.943699591744287318e+03
5.031139204223106390e+03
5.119177155204180053e+03
5.207410876316938811e+03
5.296263727855748584e+03
5.385273055589568685e+03
5.474692719421031143e+03
5.564474852442647716e+03
5.654496031282447802e+03
5.744725202166348026e+03
2.731228060436934356e+03
2.816455890661135527e+03
2.902679220794264438e+03
2.989621580953572447e+03
3.077011642219066289e+03
3.164688439741107686e+03
3.252507164901974647e+03
3.340317373184377630e+03
3.428060910039097507e+03
3.515621564664020298e+03
3.602938676033862976e+03
3.689962703264068296e+03
3.776649555858584790e+03
3.862965079964033066e+03
3.948875433681799223e+03
4.034336027006493168e+03
4.119363196011232503e+03
4.203897877230965605e+03
4.287970317803100443e+03
4.371516715017285605e+03
4.454586614481579090e+03
4.537220064444704803e+03
4.619988264804359460e+03
4.703593862045684546e+03
4.788137630424128474e+03
4.873451766270420194e+03
4.959371668705215598e+03
5.046021128915685040e+03
5.132972664387059922e+03
5.220618115585184569e+03
5.308510783029223603e+03
5.396845073369429883e+03
5.485612646606417002e+03
5.574669307334675977e+03
5.663974364589834295e+03
5.753839013827953750e+03
2.849035969468927760e+03
2.934102278164925337e+03
3.019962287683888462e+03
3.106387607715870217e+03
3.193192083487292621e+03
3.280201875794454281e+03
3.367313841793948995e+03
3.454413627647584235e+03
3.541407503509764865e+03
3.628231057419374793e+03
3.714832573509523627e+03
3.801156509679380179e+03
3.887165037086487700e+03
3.972804614884396869e+03
4.058083862748444517e+03
4.142928961376991538e+03
4.227394524945821104e+03
4.311367419248079386e+03
4.394916514050425576e+03
4.478039671554641245e+03
4.560624740894682873e+03
4.642711266193954543e+03
4.725099380244443637e+03
4.808227175386799900e+03
4.892276471363432393e+03
4.977255534345038541e+03
5.062710806573652008e+03
5.148978590969663856e+03
5.235607387372976518e+03
5.322747533274520720e+03
5.410394265858243671e+03
5.498392336950880235e+03
5.586694322636009019e+03
5.675629114250697057e+03
5.764551787902768410e+03
2.965536275990659306e+03
3.050441376203570144e+03
3.135992322667536882e+03
3.221985824036989015e+03
3.308278178604322875e+03
3.394733026198836342e+03
3.481239994517549803e+03
3.567711642855868377e+03
3.654079442438924616e+03
3.740276401819110106e+03
3.826258898546328965e+03
3.911955203477120904e+03
3.997372057553090599e+03
4.082432600389374784e+03
4.167164267034009754e+03
4.251477089777733454e+03
4.335419022877866155e+03
4.418965557342251486e+03
4.502029338755304707e+03
4.584534481219011468e+03
4.666876967183923625e+03
4.748580533883147837e+03
4.830456766033411441e+03
4.913259783419056475e+03
4.996834737987439439e+03
5.081444158365156909e+03
5.166587488422224851e+03
5.252373041140569512e+03
5.338758103718732855e+03
5.425577318039811871e+03
5.512779290216995832e+03
5.600672332075493614e+03
5.688606490948370265e+03
5.776949671212356407e+03
3.080877315396385256e+03
3.165632504541842536e+03
3.250904912166001850e+03
3.336533261138281887e+03
3.422384141360814283e+03
3.508349951538777987e+03
3.594340110022363660e+03
3.680281270305676117e+03
3.766108031700773608e+03
3.851750506464398313e+03
3.937189082189975124e+03
4.022356898583813290e+03
4.107253179722696586e+03
4.191805330907314783e+03
4.276032637572827298e+03
4.359933453221901800e+03
4.443390287244152205e+03
4.526392872110627650e+03
4.609154904063726462e+03
4.691394932619422434e+03
4.773175094105515200e+03
4.854643677855450733e+03
4.936040818974095600e+03
5.018473671160631056e+03
5.101725564076128649e+03
5.185871099201420293e+03
5.270785442699176201e+03
5.356255617398077447e+03
5.442216839154837544e+03
5.528935575228646485e+03
5.615791282881378720e+03
5.703109887404732945e+03
5.791097225954746136e+03
3.195184622646477692e+03
3.279799305495801036e+03
3.364823855300764080e+03
3.450126311738351887e+03
3.535598109907196431e+03
3.621147425759443649e+03
3.706692094252747665e+03
3.792162096961256793e+03
3.877514585171466479e+03
3.962681616509373725e+03
4.047648937864646996e+03
4.132342115062989251e+03
4.216770431006589206e+03
4.300927230237655749e+03
4.384702443942886930e+03
4.468100290304297232e+03
4.551231468798370770e+03
4.633923353467581364e+03
4.716179874882474905e+03
4.798153189921598823e+03
4.879539827909982705e+03
4.960684121959610820e+03
5.041784186639044492e+03
5.123757291545258340e+03
5.206774530196962587e+03
5.290622496335397955e+03
5.375123158620000140e+03
5.460488857246219595e+03
5.546134405656627678e+03
5.632309926604161774e+03
5.719211278165150361e+03
5.806100838856531482e+03
3.308565374962333408e+03
3.393044615340984819e+03
3.477849370552166874e+03
3.562870153856318211e+03
3.648010488213948975e+03
3.733187652113107106e+03
3.818344980662822763e+03
3.903406589382670973e+03
3.988348607271668698e+03
4.073091923847022372e+03
4.157636981772209765e+03
4.241957875589148898e+03
4.325966423358497195e+03
4.409675187487196126e+03
4.493111373181060117e+03
4.576167622579212548e+03
4.658850215369737271e+03
4.741250064778821979e+03
4.823144685939643750e+03
4.904802900467921063e+03
4.986075504657097554e+03
5.066682140754372085e+03
5.147553701320372966e+03
5.229231836594704873e+03
5.311851886095262671e+03
5.395583050315423861e+03
5.479789687128164587e+03
5.564658656357390100e+03
5.650322289197558348e+03
5.736089175992111450e+03
5.822550726215545183e+03
3.421111600402763543e+03
3.505464971801043703e+03
3.590073405222768997e+03
3.674839648799506904e+03
3.759689319999562485e+03
3.844543523642930722e+03
3.929359317823737001e+03
4.014060923497697331e+03
4.098634728973773235e+03
4.183042312915917137e+03
4.267202792724332539e+03
4.351122709810798369e+03
4.434806059899641696e+03
4.518160044764903432e+03
4.601200490567034649e+03
4.683965658796311800e+03
4.766296104295130135e+03
4.848406919543792355e+03
4.930137567397112434e+03
5.011297982488620619e+03
5.092247333242920831e+03
5.172768015586550064e+03
5.253253307542740004e+03
5.334802754696944248e+03
5.417136153189294419e+03
5.500398196481113700e+03
5.584614397954934248e+03
5.669084396985870626e+03
5.754340405180097150e+03
5.840133733317390579e+03
3.532903221026313986e+03
3.617137831895089221e+03
3.701568716438401680e+03
3.786110714951279533e+03
3.870703520614224999e+03
3.955270407448095284e+03
4.039782950346906546e+03
4.124194291530058763e+03
4.208430582421005965e+03
4.292479056305717677e+03
4.376344509309903515e+03
4.459934993136688718e+03
4.543253766666131924e+03
4.626338636066481740e+03
4.709038319243680235e+03
4.791534291642719836e+03
4.873653495221655248e+03
4.955327218259582878e+03
5.036754767876505866e+03
5.117792597778221534e+03
5.198399866805409147e+03
5.278860039866853185e+03
5.359069288737699026e+03
5.440161713645913551e+03
5.522482481675412600e+03
5.605360970126715983e+03
5.689188374204966749e+03
5.773691465234157477e+03
5.858652541293479771e+03
3.644009635614595936e+03
3.728133323775145072e+03
3.812404059875938401e+03
3.896744656105699505e+03
3.981107159779267022e+03
4.065440371864909139e+03
4.149672428333726202e+03
4.233780363476344064e+03
4.317753445379352343e+03
4.401512628872511414e+03
4.485045364779925876e+03
4.568400316978094452e+03
4.651389038611368960e+03
4.734211464128634361e+03
4.816675912820242047e+03
4.898793475686545207e+03
4.980654773683561871e+03
5.062157611688293400e+03
5.143259154162134109e+03
5.224216368134417280e+03
5.304599574043467328e+03
5.384644036009706724e+03
5.464858277048726450e+03
5.545571407922460821e+03
5.627525430863659494e+03
5.710429882213546080e+03
5.793980040004584225e+03
5.878185704221299602e+03
3.754491623783901559e+03
3.838511695413103098e+03
3.922636423384024965e+03
4.006808467441117955e+03
4.090958805809361365e+03
4.175051252955539894e+03
4.259061463138409636e+03
4.342921023542712646e+03
4.426604540292417369e+03
4.510157431145342343e+03
4.593384715327169033e+03
4.676478682492528606e+03
4.759253626149378761e+03
4.841737388547037881e+03
4.923980159168294449e+03
5.005889297555266239e+03
5.087451974895340754e+03
5.168854984182795306e+03
5.249751416361888914e+03
5.330312671053095983e+03
5.410681554792749921e+03
5.490429143431216289e+03
5.570301591978884971e+03
5.651032380398586611e+03
5.732708372322914329e+03
5.815330121861823500e+03
5.898923926930811831e+03
3.864402663502980431e+03
3.948330059630491633e+03
4.032320482780883140e+03
4.116322220795879730e+03
4.200298792221014082e+03
4.284191476258511102e+03
4.367962855630014928e+03
4.451642746597737641e+03
4.535059619768779157e+03
4.618367009929874257e+03
4.701403745630650519e+03
4.784194818799604946e+03
4.866768824750826752e+03
4.949042616067181370e+03
5.031009739165038809e+03
5.112817233009012853e+03
5.194167666035455113e+03
5.275207091847884840e+03
5.356067580153729978e+03
5.436339622200407575e+03
5.516428724190524008e+03
5.596207805461582211e+03
5.675827313550436884e+03
5.756271823751398188e+03
5.837985550397760562e+03
5.920479756511638698e+03
3.973790070958878005e+03
4.057625893276855550e+03
4.141499178894086072e+03
4.225356310298673634e+03
4.309152071767972302e+03
4.392894282934965304e+03
4.476445440619148940e+03
4.559910470783267556e+03
4.643156426691301021e+03
4.726198629851644000e+03
4.809053831554942917e+03
4.891648851503040532e+03
4.973971002199035865e+03
5.056136929233775845e+03
5.137893017254342340e+03
5.219369536542010792e+03
5.300675197179263705e+03
5.381431428751478961e+03
5.462020547607738081e+03
5.542313652336118139e+03
5.622176953195994429e+03
5.701719405763542454e+03
5.781382518466163674e+03
5.861697807711618225e+03
5.942977347674527664e+03
4.082696011366037965e+03
4.166449740865582498e+03
4.250205885842122370e+03
4.333947792235208908e+03
4.417576068436036621e+03
4.501143440229256157e+03
4.584545959959288666e+03
4.667788019448022169e+03
4.750873710311348077e+03
4.833738407867500428e+03
4.916366801779452544e+03
4.998850185127302211e+03
5.080973547562929525e+03
5.162842216904742600e+03
5.244546869021615748e+03
5.325749757690022307e+03
5.406795997866980542e+03
5.487563248163412936e+03
5.567934909069540481e+03
5.647998816434732362e+03
5.727930704322624479e+03
5.807356842719724227e+03
5.886667781968644704e+03
5.966720815583099466e+03
4.191158045904950995e+03
4.274838279404333662e+03
4.358486332886394848e+03
4.442100134936154973e+03
4.525607395546743646e+03
4.608997642373546114e+03
4.692263198389728132e+03
4.775350072746704427e+03
4.858238243546164995e+03
4.940995109824305473e+03
5.023442122202883183e+03
5.105661661591520897e+03
5.187722869128516322e+03
5.269340156612897772e+03
5.350804415777542090e+03
5.432008126757425998e+03
5.512847471239682818e+03
5.593394914008333217e+03
5.673810915105930690e+03
5.753760250414453367e+03
5.833255411489470134e+03
5.912583352001283856e+03
5.991655861216335325e+03
4.299210009099344461e+03
4.382814621728251950e+03
4.466374922259919913e+03
4.549861738602736295e+03
4.633258315461143866e+03
4.716520384390110848e+03
4.799622338766441317e+03
4.882608460290807670e+03
4.965336691960010285e+03
5.047864754660064136e+03
5.130246848806395064e+03
5.212237507417222332e+03
5.294082074776863010e+03
5.375684986189777192e+03
5.456953068304237604e+03
5.537950775541609801e+03
5.618818304417745821e+03
5.699256408168427697e+03
5.779283591129724300e+03
5.859110081360897311e+03
5.938498609538922210e+03
6.017723438658777013e+03
4.406881934016173545e+03
4.490414000256469990e+03
4.573892944953075130e+03
4.657282895532498515e+03
4.740553217013621179e+03
4.823725381859963818e+03
4.906692508336553146e+03
4.989487798904125157e+03
5.072150995569945735e+03
5.154477825991039936e+03
5.236664097872842831e+03
5.318632448350135746e+03
5.400292849190343986e+03
5.481707256347182920e+03
5.562993074283996975e+03
5.643881941366920728e+03
5.724403860577310297e+03
5.804705970764399353e+03
5.884603503386574630e+03
5.964344399883405458e+03
6.043942371349596215e+03
4.514200820092241884e+03
4.597671144079036821e+03
4.681065077491643024e+03
4.764380613947961137e+03
4.847545244436282701e+03
4.930567379376221652e+03
5.013471952021980542e+03
5.096097286557072948e+03
5.178589421569718979e+03
5.260885457040270921e+03
5.342907302556053764e+03
5.424702297538366111e+03
5.506373017788449943e+03
5.587680133189587650e+03
5.668658819116995801e+03
5.749411750194039996e+03
5.829790531829210522e+03
5.910013810809363349e+03
5.990099149455170846e+03
6.069705011318319521e+03
4.621191122686306699e+03
4.704607259814894860e+03
4.787928715514481155e+03
4.871137808505570320e+03
4.954244124407745403e+03
5.037131034982834535e+03
5.119892647347582169e+03
5.202481198219775251e+03
5.284830637432060030e+03
5.366972942502623482e+03
5.448993819684889786e+03
5.530689307400192774e+03
5.612088501820695456e+03
5.693265255596883435e+03
5.774101738530767761e+03
5.854774454163176415e+03
5.935318019975657080e+03
6.015407981643955281e+03
6.095025698917622321e+03
4.727875426334930125e+03
4.811231328063880937e+03
4.894500648121937047e+03
4.977613110514559594e+03
5.060608283922816554e+03
5.143454206700764189e+03
5.226097373228659308e+03
5.308554607766717709e+03
5.390892218967203007e+03
5.472945626377928420e+03
5.554731392271221011e+03
5.636303614545249729e+03
5.717569123025012232e+03
5.798665714430417211e+03
5.879638319094488907e+03
5.960184812767280164e+03
6.040302523504382407e+03
6.120280313944797854e+03
4.834274273440952129e+03
4.917575710528764830e+03
5.000768605476989251e+03
5.083837476341862384e+03
5.166740841857630585e+03
5.249480515923017265e+03
5.332102585250579068e+03
5.414482701461709439e+03
5.496623970841556002e+03
5.578563401110450286e+03
5.660228608086708846e+03
5.741721679601818323e+03
5.823095174966598279e+03
5.904073048081315392e+03
5.984666000584484209e+03
6.065114659068945912e+03
6.145425925546682265e+03
4.940405796929391727e+03
5.023662904170694674e+03
5.106793481677477757e+03
5.189783516513372888e+03
5.272658339786819852e+03
5.355333986314926733e+03
5.437800773488968844e+03
5.520079703822073498e+03
5.602115063157819350e+03
5.683977949708749293e+03
5.765723691705961755e+03
5.847109001143126079e+03
5.928149577879066783e+03
6.009041597634955906e+03
6.089790405147488855e+03
6.170075080764346239e+03
5.046286500771626379e+03
5.129494577355351794e+03
5.212591387474622024e+03
5.295532011629666158e+03
5.378294554772630363e+03
5.460885039448941825e+03
5.543261435361502663e+03
5.625468589756927031e+03
5.707558609067134967e+03
5.789327422644950275e+03
5.870788547245674636e+03
5.952097243066124065e+03
6.033259185155642626e+03
6.113998270354856686e+03
6.194611395309118961e+03
5.151932303266613417e+03
5.235107694849497420e+03
5.318136789431648140e+03
5.401010821236055563e+03
5.483699865794653306e+03
5.566225807999551762e+03
5.648630953921572655e+03
5.730760730553492976e+03
5.812616007265110056e+03
5.894315698411122867e+03
5.975867390241358407e+03
6.057037720617558080e+03
6.138077456674221139e+03
6.218693305718199554e+03
5.257357613913411114e+03
5.340487217699369467e+03
5.423461116324815521e+03
5.506280337240418703e+03
5.588974465250835237e+03
5.671440026585361920e+03
5.753664318337448094e+03
5.835729752860472217e+03
5.917647390588925191e+03
5.999226928874757505e+03
6.080669708692975291e+03
6.161731104586611764e+03
6.242700504862910748e+03
5.362574793042573219e+03
5.445661757269288501e+03
5.528619848422621544e+03
5.611395881024511255e+03
5.693963803587236725e+03
5.776370747625485819e+03
5.858630727394966925e+03
5.940596351408059490e+03
6.022419634790026976e+03
6.103903966073074116e+03
6.185278856000653832e+03
6.266389037440569155e+03
5.467596035984508489e+03
5.550657478321862982e+03
5.633543813413448333e+03
5.716268718748413448e+03
5.798847226698120721e+03
5.881176517634394258e+03
5.963357794283196199e+03
6.045242818375449133e+03
6.127002486766516995e+03
6.208517296518229159e+03
6.289824993503119913e+03
5.572432962768163634e+03
5.655452345991890979e+03
5.738326001318262570e+03
5.820996757130150399e+03
5.903513793778183754e+03
5.985777504712616974e+03
6.067901441065764629e+03
6.149800376342329400e+03
6.231502194298176619e+03
6.312951305118707751e+03
5.677095038049104005e+03
5.760085203344717229e+03
5.842916036378572244e+03
5.925536705087975861e+03
6.008004412960215632e+03
6.090267512488058856e+03
6.172342995268799314e+03
6.254185474756832264e+03
6.335775240234308512e+03
5.781592078285516436e+03
5.864547979813423808e+03
5.947339344507903661e+03
6.029946801678123848e+03
6.112375875504256328e+03
6.194592455210169646e+03
6.276577045315926625e+03
6.358426975803698042e+03
5.885933201166465551e+03
5.968865262993915167e+03
6.051627980476871016e+03
6.134199772602269150e+03
6.216560515280149048e+03
6.298773691439260801e+03
6.380822275714092029e+03
5.990125788886089140e+03
6.073033894088159286e+03
6.155752321795464013e+03
6.238310534529397046e+03
6.320707138734089312e+03
6.402752170606469917e+03
6.094178274835889169e+03
6.177063447467806327e+03
6.259790171470020141e+03
6.342247076374035714e+03
6.424615680844301096e+03
6.198097156089444070e+03
6.280948070187601843e+03
6.363645791609829757e+03
6.446126883970138806e+03
6.301889221906726561e+03
6.384731081666303908e+03
6.467392757369412720e+03
6.405560793592810114e+03
6.488367758837055590e+03
6.509117248855955040e+03
