nan
nan
nan
nan
nan
nan
nan
nan
nan
nan
nan
nan
nan
nan
nan
nan
nan
nan
nan
nan
nan
nan
nan
nan
2.572812500000000000e+02
1.819811912225705441e+02
2.150568561872909754e+02
2.981340579710144993e+02
3.515719557195571952e+02
4.055135135135134874e+02
4.376409266409266365e+02
5.194732510288065441e+02
5.613983050847457434e+02
5.351447811447811773e+02
6.613573033707865534e+02
9.327384615384615927e+02
1.223253164556962020e+03
1.436052696078431381e+03
1.575463169642857110e+03
1.666991471215351794e+03
1.702635706914344610e+03
1.730000000000000000e+03
1.772280538302277364e+03
1.785582726326742886e+03
1.808031678986272482e+03
1.838942702702702718e+03
1.872946725860155311e+03
1.917609142857142842e+03
1.943579439252336442e+03
1.984376654632972304e+03
2.042469413233458226e+03
2.079216666666666697e+03
2.099959317585301960e+03
2.150618918918919007e+03
2.162617606602475917e+03
2.209876595744680799e+03
2.248661337209302474e+03
2.307013574660633367e+03
2.295060698027314174e+03
2.309607418856259756e+03
2.330845553822152851e+03
2.360195512820512704e+03
2.340451923076922867e+03
2.392781967213114967e+03
2.391622516556291430e+03
2.409008403361344335e+03
2.423573630136986139e+03
2.419897084048027409e+03
2.436907216494845215e+03
2.469429319371727615e+03
2.459396126760563220e+03
nan
nan
nan
nan
nan
nan
nan
nan
nan
nan
nan
nan
nan
nan
nan
nan
nan
nan
nan
nan
nan
nan
nan
2.094642857142857224e+02
1.228794642857142918e+02
2.213347826086956616e+02
2.961844262295081762e+02
3.491115537848605754e+02
3.996923076923076792e+02
4.454395161290322562e+02
5.201483050847457434e+02
5.676069868995633669e+02
5.322439024390243958e+02
7.185371549893842484e+02
9.974377049180327504e+02
1.264412398921832846e+03
1.457813095238095229e+03
1.584081229418221710e+03
1.659027282266526754e+03
1.702408016443987663e+03
1.724974515800203790e+03
1.763628099173553665e+03
1.779306971904266447e+03
1.801626187961985124e+03
1.829347732181425499e+03
1.862238938053097399e+03
1.903761415525114217e+03
1.932213535589264893e+03
1.990702179176755408e+03
2.040634085213032677e+03
2.066171355498721368e+03
2.086267015706806433e+03
2.137229729729729570e+03
2.179765603328710313e+03
2.196864022662889511e+03
2.233514577259475118e+03
2.280913303437966988e+03
2.290195158850227017e+03
2.320692426584234909e+03
2.339935534591194937e+03
2.332568720379146725e+03
2.341744000000000142e+03
2.361482926829268308e+03
2.377342668863262134e+03
2.405503344481605382e+03
2.401231155778894390e+03
2.419657627118644086e+03
2.420836769759450362e+03
2.451244328097731341e+03
2.470809859154929654e+03
nan
nan
nan
nan
nan
nan
nan
nan
nan
nan
nan
nan
nan
nan
nan
nan
nan
nan
nan
nan
nan
nan
1.348461538461538396e+02
8.626562500000000000e+01
2.180932642487046564e+02
2.942590909090909008e+02
3.543930131004366899e+02
4.045151515151515014e+02
4.417148936170212892e+02
5.142606837606837189e+02
5.829910313901344807e+02
5.496846590909091219e+02
7.577948207171315289e+02
1.060715855572998407e+03
1.297761658031088018e+03
1.472791666666666742e+03
1.591200863930885589e+03
1.653957468879668113e+03
1.696415132924335467e+03
1.717858883248730990e+03
1.755314814814814781e+03
1.763730848861283675e+03
1.806192348565356042e+03
1.828802816901408505e+03
1.860460599334073322e+03
1.914020689655172418e+03
1.942266195524146042e+03
2.001889975550122244e+03
2.040375628140703611e+03
2.058748081841432395e+03
2.114506631299734636e+03
2.126171159029649516e+03
2.163256588072122213e+03
2.207773181169757663e+03
2.251838709677419502e+03
2.262364179104477444e+03
2.271258308157099691e+03
2.311822804314329915e+03
2.313221528861154638e+03
2.314537617554859025e+03
2.321685805422647718e+03
2.362518638573743829e+03
2.354242225859247355e+03
2.364918604651162696e+03
2.384879598662207172e+03
2.393466329966329795e+03
2.415552901023890627e+03
2.420993103448276088e+03
2.465996497373029797e+03
nan
nan
nan
nan
nan
nan
nan
nan
nan
nan
nan
nan
nan
nan
nan
nan
nan
nan
nan
nan
nan
4.325000000000000000e+01
8.293333333333333712e+01
2.141077844311377305e+02
2.905049504950495134e+02
3.541435185185185333e+02
3.990799999999999841e+02
4.486278026905829392e+02
5.232400000000000091e+02
5.527238493723849615e+02
5.833677248677248599e+02
8.111132075471698499e+02
1.108141369047619037e+03
1.338455120101137709e+03
1.505368301026225708e+03
1.598077908217716185e+03
1.655620867768594962e+03
1.673849949647532640e+03
1.711522796352583555e+03
1.740517948717948684e+03
1.756554291623578138e+03
1.794095541401273977e+03
1.821162689804772299e+03
1.863935340022296486e+03
1.901233944954128447e+03
1.942377804014167623e+03
1.999749693251533699e+03
2.021191250000000082e+03
2.057006418485237646e+03
2.089040735873850281e+03
2.142494565217391482e+03
2.182812849162011389e+03
2.204209401709401845e+03
2.226792700729927219e+03
2.249376296296296459e+03
2.275516666666666879e+03
2.281162079510703279e+03
2.270464506172839720e+03
2.286231366459627225e+03
2.327574840764331384e+03
2.332974193548387120e+03
2.368826229508196775e+03
2.363412151067323521e+03
2.382101497504159852e+03
2.396643097643097462e+03
2.403597623089983244e+03
2.448521588946459360e+03
2.449660245183888037e+03
nan
nan
nan
nan
nan
nan
nan
nan
nan
nan
nan
nan
nan
nan
nan
nan
nan
nan
nan
nan
nan
8.232692307692308020e+01
2.121020408163265358e+02
3.010167597765363325e+02
3.550294117647058556e+02
4.007069767441860222e+02
4.562976744186046290e+02
5.218687782805429833e+02
5.165976562500000000e+02
6.101654501216545441e+02
8.693971377459749874e+02
1.150782051282051270e+03
1.371845679012345727e+03
1.511909698996655607e+03
1.609443855932203405e+03
1.645699693564862173e+03
1.672286002014098585e+03
1.706953394123606813e+03
1.727165306122449010e+03
1.764202913631633692e+03
1.781648363252375930e+03
1.811575135135135042e+03
1.869087640449438140e+03
1.901820069204152333e+03
1.946021352313167199e+03
1.990868872549019670e+03
2.018794486215538882e+03
2.052223363286264430e+03
2.104212765957446663e+03
2.126175913396481519e+03
2.152961111111111222e+03
2.213433093525179629e+03
2.219313953488372135e+03
2.252252600297176741e+03
2.260311746987951665e+03
2.274081039755351867e+03
2.269720430107526681e+03
2.297155763239875341e+03
2.295572784810126450e+03
2.337036977491961352e+03
2.352587947882735989e+03
2.346140522875817169e+03
2.355711442786069711e+03
2.373306156405989896e+03
2.414319727891156617e+03
2.410883361921097730e+03
2.467912891986062732e+03
nan
nan
nan
nan
nan
nan
nan
nan
nan
nan
nan
nan
nan
nan
nan
nan
nan
nan
nan
nan
8.432500000000000284e+01
2.127846153846153925e+02
2.931345029239765836e+02
3.516580310880829074e+02
4.091666666666666856e+02
4.510141509433962028e+02
5.376729857819905192e+02
5.064647887323943678e+02
6.484155251141552299e+02
9.233606837606837416e+02
1.195045517241379230e+03
1.387684964200477225e+03
1.514030534351144979e+03
1.592264797507788217e+03
1.639209726443768886e+03
1.666858717434869732e+03
1.708501016260162714e+03
1.713394923857867980e+03
1.749293995859213283e+03
1.783737791932059508e+03
1.813614549402823059e+03
1.859881165919282466e+03
1.901765588914549653e+03
1.962109243697479087e+03
1.984852941176470495e+03
2.013754077791719055e+03
2.054440568475451983e+03
2.095393617021276441e+03
2.125482384823848406e+03
2.166494428969359433e+03
2.200386819484240732e+03
2.208881331403762488e+03
2.235867952522255109e+03
2.238795522388059908e+03
2.241832579185520444e+03
2.250109756097560876e+03
2.281613707165109190e+03
2.309229430379746645e+03
2.298498407643312021e+03
2.332842696629213606e+03
2.341008116883117054e+03
2.364446633825943991e+03
2.398219063545150675e+03
2.398167229729729570e+03
2.449857632933104469e+03
2.468166666666666515e+03
nan
nan
nan
nan
nan
nan
nan
nan
nan
nan
nan
nan
nan
nan
nan
nan
nan
nan
nan
8.306060606060606233e+01
2.144102564102564088e+02
2.956603773584905639e+02
3.570110497237569120e+02
4.133181818181818130e+02
4.551111111111110858e+02
5.443609756097561103e+02
5.093094462540716449e+02
6.969694323144104828e+02
9.836622950819671587e+02
1.227568783068782977e+03
1.406303135888501629e+03
1.520129828326180359e+03
1.589913669064748092e+03
1.639558139534883821e+03
1.665719879518072275e+03
1.693085771947527746e+03
1.714818552497451492e+03
1.751126041666666652e+03
1.778035069075451702e+03
1.810924918389553795e+03
1.853175280898876508e+03
1.897798843930635940e+03
1.960808433734939854e+03
1.974449877750611222e+03
2.004036340852130252e+03
2.058506493506493371e+03
2.085096306068601734e+03
2.130803814713896372e+03
2.155566248256624931e+03
2.183014285714285506e+03
2.206844250363901210e+03
2.230673559822747393e+03
2.244495522388059726e+03
2.229386806596701717e+03
2.238127465857359766e+03
2.290325038880248940e+03
2.299103937007873810e+03
2.323470400000000154e+03
2.309625000000000000e+03
2.304346774193548299e+03
2.342380327868852419e+03
2.364086235489220599e+03
2.395422110552764025e+03
2.420524871355059986e+03
2.474928819444444343e+03
nan
nan
nan
nan
nan
nan
nan
nan
nan
nan
nan
nan
nan
nan
nan
nan
nan
nan
7.770000000000000284e+01
2.170471698113207424e+02
2.921052631578947398e+02
3.521525423728813280e+02
4.131263157894736651e+02
4.628367346938775313e+02
5.332303921568627629e+02
5.262932098765431874e+02
7.376841046277666010e+02
1.025045031055900608e+03
1.253983375959079240e+03
1.423217787913340999e+03
1.532494155154091459e+03
1.586474059003051934e+03
1.623525000000000091e+03
1.654181636726546913e+03
1.679634904714142522e+03
1.712324159021406786e+03
1.747898641588296869e+03
1.763656779661017026e+03
1.823468131868131877e+03
1.857154279279279308e+03
1.896515679442508599e+03
1.953646634615384528e+03
1.978328009828009726e+03
1.989535580524344596e+03
2.057875486381322844e+03
2.101098798397863902e+03
2.115940136054421600e+03
2.163880952380952294e+03
2.180132290184921658e+03
2.204475362318840780e+03
2.209027818448023481e+03
2.209911634756995682e+03
2.220950892857142662e+03
2.235984871406958973e+03
2.269189522342064720e+03
2.281699059561128706e+03
2.292229559748427619e+03
2.297900000000000091e+03
2.335289644012944791e+03
2.339434853420195395e+03
2.370990131578947512e+03
2.386149328859060461e+03
2.427505922165820721e+03
2.443998275862069022e+03
nan
nan
nan
nan
nan
nan
nan
nan
nan
nan
nan
nan
nan
nan
nan
nan
nan
7.630769230769230660e+01
2.160000000000000000e+02
3.036170212765957217e+02
3.687500000000000000e+02
4.093586956521739353e+02
4.660628272251308886e+02
5.124210526315789593e+02
5.415320334261838298e+02
7.837153846153846644e+02
1.069032689450222961e+03
1.287400749063670446e+03
1.444413483146067392e+03
1.539866315789473674e+03
1.587143724696356230e+03
1.614660714285714221e+03
1.654128742514970099e+03
1.675485943775100395e+03
1.707705402650356746e+03
1.733048856548856520e+03
1.761817603393425316e+03
1.810800438596491176e+03
1.854266666666666652e+03
1.909747368421052670e+03
1.943787769784172724e+03
1.973089570552147279e+03
1.999060377358490541e+03
2.054826199740596621e+03
2.080992021276595551e+03
2.126038251366120221e+03
2.139412256267409248e+03
2.160106685633001234e+03
2.185312230215827185e+03
2.202572886297376044e+03
2.191259911894273046e+03
2.198630177514793104e+03
2.236437689969604889e+03
2.265129230769230617e+03
2.293388106416275605e+03
2.288747648902821311e+03
2.288076190476190277e+03
2.315650080256821639e+03
2.338261788617886396e+03
2.374224422442244304e+03
2.403546666666666624e+03
2.409741116751269146e+03
2.456116438356164508e+03
nan
nan
nan
nan
nan
nan
nan
nan
nan
nan
nan
nan
nan
nan
nan
nan
7.795652173913043725e+01
2.181413043478260931e+02
3.050666666666666629e+02
3.705562499999999773e+02
4.282914285714285825e+02
4.596648936170212778e+02
4.990401785714285552e+02
5.784058355437665568e+02
8.359779411764706083e+02
1.108042674253200630e+03
1.308792019347037467e+03
1.443555191256830540e+03
1.529565217391304259e+03
1.582473843058350212e+03
1.607891196834817038e+03
1.646383084577114460e+03
1.672444221105527731e+03
1.705850715746421201e+03
1.728877211238293512e+03
1.760121019108280279e+03
1.816725468577728861e+03
1.855045300113250278e+03
1.917891637220259099e+03
1.940079231692677013e+03
1.961761321909424623e+03
2.013756962025316398e+03
2.047747409326424759e+03
2.090885180240320551e+03
2.120415868673050682e+03
2.138041666666666515e+03
2.167080851063829869e+03
2.165135908440629464e+03
2.167136034732272037e+03
2.181918367346938794e+03
2.210805925925925749e+03
2.235859516616314068e+03
2.265156682027649822e+03
2.256642526964561057e+03
2.279147975077881711e+03
2.305390822784810098e+03
2.335827697262479887e+03
2.366417618270799267e+03
2.374853135313531311e+03
2.394869565217391482e+03
2.422780201342281998e+03
2.444396581196581337e+03
nan
nan
nan
nan
nan
nan
nan
nan
nan
nan
nan
nan
nan
nan
nan
7.484210526315789025e+01
2.159390243902439011e+02
3.045528455284552933e+02
3.674800000000000182e+02
4.195209580838323404e+02
4.800939226519337240e+02
4.816446886446886424e+02
6.700288888888889005e+02
9.566824104234527795e+02
1.182091027308192452e+03
1.351023999999999887e+03
1.464847619047618991e+03
1.523521169354838776e+03
1.559244094488188921e+03
1.590514201762977564e+03
1.619003937007874129e+03
1.661601405622489892e+03
1.692061349693251486e+03
1.705625000000000000e+03
1.777661272923408887e+03
1.811471760797342085e+03
1.859298745724059245e+03
1.898494724501758583e+03
1.922547305389221492e+03
1.964230579531442572e+03
2.010105597964376557e+03
2.046625000000000000e+03
2.081110814419225790e+03
2.097987771739130494e+03
2.114993074792243988e+03
2.139727910238429104e+03
2.132390691114245328e+03
2.155104285714285652e+03
2.159481910274963866e+03
2.195739644970414247e+03
2.221024096385542180e+03
2.216950375939849437e+03
2.245164634146341541e+03
2.255245370370370438e+03
2.269705148205928253e+03
2.297770078740157260e+03
2.326499202551834060e+03
2.356337662337662550e+03
2.362981907894736651e+03
2.431422370617696288e+03
2.443369308600337263e+03
nan
nan
nan
nan
nan
nan
nan
nan
nan
nan
nan
nan
nan
nan
7.818750000000000000e+01
2.330833333333333428e+02
3.160000000000000000e+02
3.867482014388489233e+02
4.261750000000000114e+02
4.846783625730994345e+02
5.148083832335329362e+02
7.843157894736841627e+02
1.042767341040462497e+03
1.243614077669902827e+03
1.373620652173912958e+03
1.453341810783316305e+03
1.507965483234713929e+03
1.540580582524271904e+03
1.576658560311283964e+03
1.609215339233038321e+03
1.648652958876629782e+03
1.677169215086646318e+03
1.719986373165618488e+03
1.765345945945945914e+03
1.807106666666666570e+03
1.856549425287356371e+03
1.879878362573099366e+03
1.917221419975932577e+03
1.974252801992528020e+03
2.015393861892583118e+03
2.039388235294117749e+03
2.051095364238410639e+03
2.065343665768194114e+03
2.091858904109588821e+03
2.093419532324621741e+03
2.111446304044630324e+03
2.116971830985915403e+03
2.156763005780346703e+03
2.179151026392961739e+03
2.192611192930780362e+03
2.184733630952380736e+03
2.222298192771084359e+03
2.263806153846153848e+03
2.277340062111801217e+03
2.286665620094191581e+03
2.303905660377358345e+03
2.351144694533762049e+03
2.364692182410423356e+03
2.414955518945634140e+03
2.413296357615894067e+03
nan
nan
nan
nan
nan
nan
nan
nan
nan
nan
nan
nan
nan
8.192857142857143060e+01
2.247826086956521863e+02
3.108715596330275162e+02
3.840902255639097689e+02
4.615099337748344510e+02
4.445517241379310462e+02
6.000248756218906010e+02
8.825551782682513249e+02
1.110770557029177780e+03
1.280774599542334045e+03
1.395546891464699684e+03
1.451850049652432972e+03
1.492406976744186068e+03
1.538127783155856832e+03
1.554939364773820898e+03
1.600277996070726886e+03
1.627301096709870308e+03
1.670137014314928365e+03
1.720705385427666215e+03
1.770604575163398749e+03
1.796382907880133189e+03
1.843271477663230144e+03
1.874668229777256784e+03
1.921019300361881733e+03
1.971691635455680398e+03
2.005873401534526920e+03
2.001625806451613016e+03
2.036259210526315883e+03
2.059623324396782664e+03
2.057240215924426593e+03
2.069781718963165076e+03
2.096922544951590680e+03
2.123296191819464184e+03
2.122450284090909008e+03
2.143227665706051994e+03
2.176928362573099548e+03
2.181027941176470449e+03
2.218159398496240556e+03
2.240624810892586993e+03
2.258001526717557226e+03
2.279675925925926094e+03
2.289120124804991974e+03
2.315055031446540852e+03
2.349372611464968031e+03
2.373504823151125493e+03
2.389185064935064929e+03
nan
nan
nan
nan
nan
nan
nan
nan
nan
nan
nan
nan
7.800000000000000000e+01
2.411060606060605949e+02
3.285673076923076792e+02
3.862977099236641152e+02
4.241533742331288295e+02
4.529420849420849322e+02
6.850618336886993802e+02
9.626762917933131121e+02
1.175630461922596851e+03
1.299781045751633883e+03
1.384596757852076962e+03
1.439259512195121943e+03
1.478489483747609938e+03
1.509177925784966646e+03
1.547617307692307804e+03
1.578922027290448341e+03
1.615831840796019833e+03
1.671346035015448024e+03
1.722272823779193232e+03
1.748616883116883173e+03
1.804457399103139096e+03
1.834272623138602512e+03
1.882440377804014133e+03
1.934803178484107548e+03
1.962216249999999945e+03
1.961531407035175789e+03
1.985719590268886122e+03
2.026219160104986940e+03
2.021161842105263077e+03
2.039248000000000047e+03
2.056757780784844272e+03
2.084080110497237456e+03
2.087677731673582457e+03
2.125925352112676137e+03
2.142921540656205252e+03
2.163792507204610956e+03
2.186972222222222172e+03
2.216448224852070780e+03
2.229998509687034129e+03
2.252996983408748292e+03
2.272474962063733074e+03
2.279490825688073528e+03
2.297194744976815855e+03
2.355559561128526639e+03
2.378765550239234472e+03
2.400213483146067574e+03
nan
nan
nan
nan
nan
nan
nan
nan
nan
nan
nan
8.253846153846153300e+01
2.418548387096774093e+02
3.436842105263157805e+02
4.048217054263565728e+02
4.053051643192488314e+02
5.122812500000000000e+02
7.769333333333332803e+02
1.027961165048543762e+03
1.201591334894613510e+03
1.316960929250263916e+03
1.384579365079365061e+03
1.427283524904214573e+03
1.466469194312796162e+03
1.502674264007597230e+03
1.543441233140655186e+03
1.563128875968992361e+03
1.613771457085828388e+03
1.677647302904564413e+03
1.707100316789862745e+03
1.755825517993456970e+03
1.793930726256983235e+03
1.836060919540229861e+03
1.879617298578199097e+03
1.924520146520146454e+03
1.924719557195571952e+03
1.939213930348258600e+03
1.972515883100381188e+03
1.993563307493540151e+03
1.994946614583333258e+03
2.022784960422163522e+03
2.044350806451612925e+03
2.060976995940460256e+03
2.071310013717421043e+03
2.118855539971949383e+03
2.123594632768361407e+03
2.151639087018545069e+03
2.191866473149491867e+03
2.178278260869565202e+03
2.199385630498533828e+03
2.224029498525073905e+03
2.256208955223880821e+03
2.279119335347431843e+03
2.297631901840490627e+03
2.369221528861154638e+03
2.367403124999999818e+03
2.359572100313479496e+03
nan
nan
nan
nan
nan
nan
nan
nan
nan
nan
1.174375000000000000e+02
2.589516129032257936e+02
3.442210526315789707e+02
3.631666666666666856e+02
4.394763636363636579e+02
5.787061855670102659e+02
8.608300330033002865e+02
1.077764478764478781e+03
1.220011086474501099e+03
1.307050709939147964e+03
1.363840077071291034e+03
1.419730805687203883e+03
1.448664172123479830e+03
1.496920379146919458e+03
1.525684813753581693e+03
1.563700097370983485e+03
1.613125000000000000e+03
1.666748707342295802e+03
1.699098308668076015e+03
1.751949781659388691e+03
1.793577528089887664e+03
1.829186421173762938e+03
1.880733015494636447e+03
1.882234730538922122e+03
1.902770352369380362e+03
1.936208955223880594e+03
1.955695707070707158e+03
1.954177890724269446e+03
1.981626288659793772e+03
2.011162516382699778e+03
2.022992063492063380e+03
2.035493991989319056e+03
2.086986263736263936e+03
2.108093055555555566e+03
2.132946853146853300e+03
2.129198871650211458e+03
2.147902404526166720e+03
2.153737588652482373e+03
2.187929292929292842e+03
2.208605263157894569e+03
2.244638643067846715e+03
2.277705970149253517e+03
2.307025835866261332e+03
2.338125000000000000e+03
2.350189230769230562e+03
2.372556765163296859e+03
nan
nan
nan
nan
nan
nan
nan
nan
nan
1.956153846153846132e+02
2.724912280701754526e+02
3.114661654135338154e+02
4.346691449814126145e+02
5.798673218673218344e+02
7.337709923664122016e+02
9.679904109589041354e+02
1.130582089552238813e+03
1.226990797546012345e+03
1.294229066410009636e+03
1.351929709465792030e+03
1.393559963099630977e+03
1.437678737233054790e+03
1.469370335820895434e+03
1.508345351043643177e+03
1.564331047992164486e+03
1.593441235059760857e+03
1.638304703476482700e+03
1.695069915254237230e+03
1.747141292442497161e+03
1.787938063063063055e+03
1.821120828538550086e+03
1.834154831199068667e+03
1.848831168831168725e+03
1.875314525810324085e+03
1.900341047503045047e+03
1.923745364647713131e+03
1.937961298377028697e+03
1.955498108448928178e+03
1.971830357142857110e+03
1.998722438391699143e+03
2.025328964613368271e+03
2.060079787234042669e+03
2.061101333333333514e+03
2.085429340511439932e+03
2.101870923913043498e+03
2.130687242798353964e+03
2.169670850767085085e+03
2.186018232819074456e+03
2.215087818696883915e+03
2.220496443812233338e+03
2.256394202898550702e+03
2.311465491923641821e+03
2.341651197604790468e+03
2.350716641679160603e+03
2.388155725190839803e+03
nan
nan
nan
nan
nan
nan
nan
nan
1.490000000000000000e+02
2.479268292682926926e+02
4.030040000000000191e+02
5.745361596009975074e+02
7.201335807050093081e+02
8.490369230769231308e+02
1.024055488540410124e+03
1.144154411764705856e+03
1.217643133462282321e+03
1.286983208955223972e+03
1.329333636363636288e+03
1.369589511754068781e+03
1.411895359417652344e+03
1.458124304267161506e+03
1.495795283018867849e+03
1.551299319727891088e+03
1.590759443339960171e+03
1.643334362139917630e+03
1.689958686440677866e+03
1.712811218985976211e+03
1.735683461117195975e+03
1.770946188340807112e+03
1.803301714285714297e+03
1.813888377445339529e+03
1.849271764705882333e+03
1.875258064516129025e+03
1.880992779783393416e+03
1.902118787878787771e+03
1.924779411764705856e+03
1.955397260273972506e+03
1.976217884130982384e+03
1.994944020356234205e+03
2.018273778920308587e+03
2.047812176165803066e+03
2.062036745406824139e+03
2.087586297760210982e+03
2.117129506008010594e+03
2.137723719676549990e+03
2.159881147540983420e+03
2.195096418732782240e+03
2.224408333333333303e+03
2.258090651558073660e+03
2.296767475035663210e+03
2.320906069364161795e+03
2.369709010339734050e+03
2.388191964285714221e+03
nan
nan
nan
nan
nan
nan
1.040000000000000000e+02
1.672941176470588118e+02
3.391414141414141454e+02
5.350052493438320198e+02
6.921804511278195378e+02
8.121022900763358621e+02
9.093705179282868585e+02
1.042062431544359242e+03
1.143174728529121467e+03
1.207799074074074042e+03
1.261178475336322890e+03
1.309548187444739142e+03
1.355738666666666631e+03
1.404416967509025199e+03
1.436262534184138531e+03
1.492666980244590832e+03
1.534661849710982551e+03
1.585873882820258132e+03
1.626150712830957218e+03
1.651107660455486439e+03
1.683980972515856138e+03
1.720374730021598225e+03
1.733752453653217117e+03
1.758118756936736872e+03
1.792870056497175028e+03
1.806179545454545405e+03
1.829857471264367859e+03
1.853981395348837168e+03
1.885434988179669062e+03
1.894754156769596193e+03
1.913749099639856013e+03
1.951192448233861114e+03
1.987998765432098708e+03
2.017415519399248979e+03
2.046757269279393086e+03
2.054313451776649799e+03
2.074748724489796132e+03
2.109058214747736201e+03
2.138701960784313542e+03
2.180144754316068884e+03
2.210236167341430701e+03
2.232300136425647906e+03
2.299866295264624114e+03
2.318637517630465481e+03
2.342677098150782513e+03
2.370425072046109563e+03
2.396713245997088961e+03
nan
nan
nan
nan
nan
nan
1.731666666666666572e+02
4.564504504504504325e+02
6.373858267716535693e+02
7.565409582689335366e+02
8.518029100529100788e+02
9.277889150943395862e+02
1.040965656565656673e+03
1.124546468401486891e+03
1.188603188662533285e+03
1.243604852686308504e+03
1.296306759098786870e+03
1.338390434782608736e+03
1.382953138815207694e+03
1.428261732851985471e+03
1.494136576239476199e+03
1.521678368121442190e+03
1.573023552502453413e+03
1.597192039800994962e+03
1.626344827586206975e+03
1.652267765190525324e+03
1.686772870662460491e+03
1.707352441613588098e+03
1.709436903499469736e+03
1.744088648648648586e+03
1.777920792079208013e+03
1.787333701657458505e+03
1.816031319910514640e+03
1.850763636363636351e+03
1.868423340961098347e+03
1.896455388180764885e+03
1.940443786982248412e+03
1.965040621266427706e+03
1.984095693779904195e+03
1.998000000000000000e+03
2.046157441574415770e+03
2.065265179677819106e+03
2.097139622641509504e+03
2.138897039897040031e+03
2.173134889753566767e+03
2.226821428571428442e+03
2.235881174899866437e+03
2.265432975871313829e+03
2.294353741496598559e+03
2.318081267217630739e+03
2.338759722222222081e+03
2.400877667140824997e+03
nan
nan
nan
nan
nan
3.032990654205607370e+02
5.451843817787419084e+02
6.894594155844156376e+02
7.854859060402684463e+02
8.661534828807556323e+02
9.271762820512821008e+02
1.031697740112994325e+03
1.108667251975417003e+03
1.170183206106870330e+03
1.235352148272957038e+03
1.278436868686868593e+03
1.330279487179487205e+03
1.376515230635335001e+03
1.429702775290958016e+03
1.472762603116407035e+03
1.512205248359887491e+03
1.546658699808795518e+03
1.575352769679300309e+03
1.599695566502462952e+03
1.630891891891891873e+03
1.641932595573440722e+03
1.665627551020408191e+03
1.697982401656314778e+03
1.717380604796663192e+03
1.750167195767195835e+03
1.775058823529411711e+03
1.803400866738894820e+03
1.826319474835886240e+03
1.841808370044052936e+03
1.878129464285714221e+03
1.918905895691609885e+03
1.950509195402298928e+03
1.977509280742459396e+03
1.997747652582159617e+03
2.031824228028503512e+03
2.060819711538461434e+03
2.097843902439024532e+03
2.115118872549019670e+03
2.138647204968944152e+03
2.172873577749684046e+03
2.211107279693486817e+03
2.242659297789336961e+03
2.255125326370757193e+03
2.297747003994673832e+03
2.329958164642375323e+03
2.374272976680384090e+03
nan
nan
nan
nan
4.000872093023255616e+02
5.930214285714286007e+02
7.061466480446927108e+02
7.898849347568208259e+02
8.584735729386892444e+02
9.203511673151750756e+02
1.015447460595446614e+03
1.092321991701244770e+03
1.155388978930307985e+03
1.211955537590945823e+03
1.267415849673202501e+03
1.314124481327800822e+03
1.360022881355932213e+03
1.421482486865148758e+03
1.452596975088968065e+03
1.489506375227686704e+03
1.509692095588235361e+03
1.539695611577964428e+03
1.559975494816211040e+03
1.591435282837967407e+03
1.619874878758486830e+03
1.640688845401174149e+03
1.663875494071146250e+03
1.700408450704225288e+03
1.731177551020408146e+03
1.766008281573499062e+03
1.783715920915712786e+03
1.809113564668769641e+03
1.827077248677248690e+03
1.862525862068965580e+03
1.889087145969498806e+03
1.940598224195338616e+03
1.948217633928571331e+03
1.973971846846846802e+03
2.008824942791761941e+03
2.040569767441860449e+03
2.065125147579693021e+03
2.092266033254156810e+03
2.138746376811594018e+03
2.157721813725490392e+03
2.207023631840796043e+03
2.221904642409033841e+03
2.249531210191082664e+03
2.288620466321243384e+03
2.330484848484848499e+03
2.360850666666666712e+03
nan
nan
1.280000000000000000e+02
4.508823529411764639e+02
6.075060975609756042e+02
7.061228710462287381e+02
7.802578288100208965e+02
8.489386792452829695e+02
9.038780701754385518e+02
1.002501216545012198e+03
1.078132031249999955e+03
1.143761574074074133e+03
1.199213343677269222e+03
1.248636577708006371e+03
1.296023980815347613e+03
1.348968724279835442e+03
1.383732830820770459e+03
1.413285471537808007e+03
1.442265517241379257e+03
1.477434591747146669e+03
1.502561278863232701e+03
1.535122633002705243e+03
1.566424381301558242e+03
1.588744207599629362e+03
1.616952247191011338e+03
1.647345023696682574e+03
1.665819999999999936e+03
1.699455512572533962e+03
1.727838393731635733e+03
1.755437500000000000e+03
1.781372864321607949e+03
1.820037793667007236e+03
1.843866117404737452e+03
1.874431106471816292e+03
1.905618393234672340e+03
1.930461373390558037e+03
1.971022900763358848e+03
1.998908388520971357e+03
2.041359955005624215e+03
2.066429057888762600e+03
2.097328323699422072e+03
2.131599999999999909e+03
2.169070238095237983e+03
2.188430639324487402e+03
2.215156479217604101e+03
2.235066584463625077e+03
2.273730238393977288e+03
2.303323604060913567e+03
2.343903225806451701e+03
nan
1.960127388535031798e+02
4.664112149532710418e+02
5.940667506297229465e+02
6.842218844984802217e+02
7.627950089126559305e+02
8.276226415094339472e+02
8.868414062499999773e+02
9.828514412416851656e+02
1.059744927536231899e+03
1.124246734397677756e+03
1.184491176470588243e+03
1.232073298429319266e+03
1.279775057383320473e+03
1.314588052754073033e+03
1.348268927444795054e+03
1.380051364365971040e+03
1.406110389610389575e+03
1.434841152263374397e+03
1.461809325562031745e+03
1.486384680134680139e+03
1.515950596252129571e+03
1.540501291989664196e+03
1.572897727272727252e+03
1.601880319148936223e+03
1.628491023339317735e+03
1.666180073126142588e+03
1.695396296296296214e+03
1.719621722846442026e+03
1.761086998087954044e+03
1.788739805825242684e+03
1.821313609467455535e+03
1.861801801801801730e+03
1.884172588832487236e+03
1.914912551440329253e+03
1.945316283924843447e+03
1.977017003188097760e+03
2.007644637053087763e+03
2.045890230515916528e+03
2.082061179087875644e+03
2.094645997745208660e+03
2.133749144811858514e+03
2.163548088064889726e+03
2.186840000000000146e+03
2.213498809523809541e+03
2.261051094890510740e+03
2.284094710947109434e+03
2.301932014833127141e+03
2.436578947368421098e+02
4.366967654986522689e+02
5.415545774647887356e+02
6.371171641791045204e+02
7.203777777777777374e+02
7.895488621151271218e+02
8.528710526315788911e+02
9.494581983149707867e+02
1.028244632400780802e+03
1.091058085808580927e+03
1.147261631827376959e+03
1.189168608636052113e+03
1.218397506925207836e+03
1.247934828311142155e+03
1.273854918612880283e+03
1.285920141342756096e+03
1.318389526542324347e+03
1.348027656477438086e+03
1.382619259259259252e+03
1.416697885196374727e+03
1.445521906225980047e+03
1.469989898989899075e+03
1.503185126582278372e+03
1.532310593900481535e+03
1.564335784313725526e+03
1.596233777038269636e+03
1.618392586352148328e+03
1.649899484536082582e+03
1.685836395450568716e+03
1.714193433895297176e+03
1.743623423423423446e+03
1.770620091324200985e+03
1.805111214953270974e+03
1.837390891840607310e+03
1.868717454194792708e+03
1.906209439528023495e+03
1.939247752247752260e+03
1.968272171253822535e+03
1.999056016597510279e+03
2.040416666666666742e+03
2.060598501070663588e+03
2.082849240780911259e+03
2.117267108167770402e+03
2.157602477477477350e+03
2.183189281641961315e+03
2.230031431897555194e+03
2.249742655699177249e+03
4.714936092513694348e+02
5.977000000000000455e+02
6.901167247386759982e+02
7.629336410848239893e+02
8.225192197360871660e+02
8.756275862068965807e+02
9.595920138888889142e+02
1.026722516166960531e+03
1.074396797153024863e+03
1.118151990349819016e+03
1.159370620774431472e+03
1.194395131086142328e+03
1.228692943420216125e+03
1.262555194805194787e+03
1.294183201058201121e+03
1.327325910931174121e+03
1.358014432989690704e+03
1.389097407147862668e+03
1.421750892219843081e+03
1.451604075691411936e+03
1.484467359050445111e+03
1.512455849056603711e+03
1.538453220858895747e+03
1.569126463700234126e+03
1.601135135135135215e+03
1.630661812297734741e+03
1.657535743631881587e+03
1.683994142259414275e+03
1.724829477292202228e+03
1.760172323759791198e+03
1.778548984995587034e+03
1.807183691756272310e+03
1.842384826325411268e+03
1.862548656163113947e+03
1.894281516587677743e+03
1.916508604206500877e+03
1.965700879765395939e+03
1.976834325396825307e+03
2.026888776541961533e+03
2.049275897435897605e+03
2.065324324324324152e+03
2.095406546990496281e+03
2.125174892703862497e+03
2.160743982494529519e+03
2.192252771618625502e+03
2.208902575587906085e+03
6.986289488799540095e+02
7.756051282051281532e+02
8.411352272727273203e+02
8.938888888888889142e+02
9.409011363636363967e+02
1.016658090337335580e+03
1.077103768115942103e+03
1.126842756183745678e+03
1.171038346315158833e+03
1.208571951219512130e+03
1.240786377708978307e+03
1.279842205323193866e+03
1.310625402965828471e+03
1.342703679369250949e+03
1.377107454667562024e+03
1.406496584699453479e+03
1.437554703832752693e+03
1.464429382540809002e+03
1.492391492429704385e+03
1.524965441176470677e+03
1.557532584269662948e+03
1.583945205479451943e+03
1.615954192546583954e+03
1.639864460204885745e+03
1.672174718196457434e+03
1.705327049180327776e+03
1.732003327787021590e+03
1.766669211195928710e+03
1.794428079242032709e+03
1.818478070175438688e+03
1.851573595004460230e+03
1.883264972776769582e+03
1.914367497691597464e+03
1.950467544684854147e+03
1.964754770992366502e+03
1.986755319148936223e+03
2.033996047430830004e+03
2.052507522567703290e+03
2.078673802242609781e+03
2.100124871001031806e+03
2.129403563941299581e+03
2.161454157782516177e+03
2.199762214983713420e+03
2.222683516483516541e+03
2.247092945128779320e+03
8.457539682539683099e+02
9.013337091319052661e+02
9.499622535211267405e+02
9.966181303116147774e+02
1.067241852487135475e+03
1.126146002317497050e+03
1.172163433274544332e+03
1.212319999999999936e+03
1.253046836982968443e+03
1.289883995037220757e+03
1.322655913978494709e+03
1.356161290322580726e+03
1.385871963230466235e+03
1.416361204013378028e+03
1.445339237057220771e+03
1.480591098748261402e+03
1.508951098511693772e+03
1.539263347763347838e+03
1.568174871418074872e+03
1.593512322628827405e+03
1.626178217821782255e+03
1.651846986089644588e+03
1.683672182821118895e+03
1.718732099758648474e+03
1.741929623567921453e+03
1.768040731504571795e+03
1.811715619694397219e+03
1.830897502153316054e+03
1.862752848378615226e+03
1.893806970509383291e+03
1.916442429737080602e+03
1.940959334565619201e+03
1.967159027128157049e+03
2.007983809523809441e+03
2.025750727449078568e+03
2.067247290640394112e+03
2.092545545545545338e+03
2.121881511746680189e+03
2.143971044467425145e+03
2.178223393045310786e+03
2.194824093816630921e+03
2.236786102062974805e+03
2.248187089715536331e+03
2.286885044642857338e+03
9.543037120359955452e+02
1.004117447769621663e+03
1.043249152542372940e+03
1.109490307867730962e+03
1.163440785673021310e+03
1.213918823529411839e+03
1.255280239520958048e+03
1.291880024360536027e+03
1.326645781637717164e+03
1.364010139416983520e+03
1.394493874919406835e+03
1.425180026281208939e+03
1.452909879839786299e+03
1.485274028629856957e+03
1.515784968684759860e+03
1.544888888888888914e+03
1.573299496040316853e+03
1.605908290535583319e+03
1.635967115097159876e+03
1.663829528158295261e+03
1.696616459627329277e+03
1.725672209026128257e+03
1.756143317230273851e+03
1.780394285714285616e+03
1.809080497925311192e+03
1.842613367174280938e+03
1.870483592400690895e+03
1.902535557506584837e+03
1.925390222222222292e+03
1.970436645396536051e+03
1.990557603686635957e+03
2.016074317968015066e+03
2.029566951566951502e+03
2.071026137463697978e+03
2.080289628180039017e+03
2.116626999999999953e+03
2.144932926829268126e+03
2.165338129496402871e+03
2.198086820083682142e+03
2.233933972310969239e+03
2.257634304207119840e+03
2.275918859649122624e+03
2.315998886414253775e+03
1.047703098591549406e+03
1.086613250283125808e+03
1.152091480846197783e+03
1.203798377752027818e+03
1.251694575471698045e+03
1.293486211031175117e+03
1.328737195121951117e+03
1.361130272952853602e+03
1.394955091714105038e+03
1.428400645161290413e+03
1.458865965834428380e+03
1.491636485580147564e+03
1.523391393442622984e+03
1.552442896935933049e+03
1.580892351274787643e+03
1.608958904109588957e+03
1.639669852941176487e+03
1.669940074906367045e+03
1.700059451219512084e+03
1.729687111801242281e+03
1.761424050632911303e+03
1.784674718196457434e+03
1.815512715340443037e+03
1.855102842809364574e+03
1.875535653650254744e+03
1.906606217616580352e+03
1.936045774647887356e+03
1.954680926916221097e+03
1.982719489981785046e+03
2.012428439519852191e+03
2.047008442776735365e+03
2.068375119617224755e+03
2.097803675048356126e+03
2.130155818540433756e+03
2.154632530120481988e+03
2.181727828746177238e+03
2.207623188405797009e+03
2.233632631578947439e+03
2.260775292864749645e+03
2.288704864864864703e+03
2.316100987925356549e+03
2.333857142857142662e+03
1.124250423968343739e+03
1.190406769936890441e+03
1.240256529309344160e+03
1.284592330383480885e+03
1.329052378085490773e+03
1.365053308823529505e+03
1.398563591022443916e+03
1.431500317460317547e+03
1.460596899224806293e+03
1.497869220607661873e+03
1.527526244952893649e+03
1.557970467032967008e+03
1.585554082344731341e+03
1.612560283687943183e+03
1.646821997105643959e+03
1.678526199261992588e+03
1.705770676691729250e+03
1.728853658536585272e+03
1.763709048361934492e+03
1.796132644956314607e+03
1.822341129032258095e+03
1.848824733824733812e+03
1.882573099415204751e+03
1.906533617021276541e+03
1.940820623916811201e+03
1.965557506584723342e+03
1.990950936663693028e+03
2.027809827115559528e+03
2.049982374768088903e+03
2.062575842696629024e+03
2.108943540669856247e+03
2.127749271137026426e+03
2.154508407517309479e+03
2.168396603396603496e+03
2.197413793103448370e+03
2.227000000000000000e+03
2.266086225026288048e+03
2.293171824973318962e+03
2.310830802603036773e+03
2.349754405286343626e+03
2.366143973214285779e+03
1.264017929438982037e+03
1.314781893004115318e+03
1.357359402985074667e+03
1.396150668286755717e+03
1.429846913580247019e+03
1.466731738035264470e+03
1.499510269576379869e+03
1.531251633986928027e+03
1.561288948069241087e+03
1.587373306233062294e+03
1.617984137931034411e+03
1.649488404778636777e+03
1.684403156384505110e+03
1.707986890021850058e+03
1.745929051530993320e+03
1.765312688821752317e+03
1.800064914992271952e+03
1.827367346938775427e+03
1.863258814102564202e+03
1.883081103000811027e+03
1.910614686468646823e+03
1.937265374894692513e+03
1.972907375643224668e+03
1.998784347826087014e+03
2.021631950573698077e+03
2.061348061316501571e+03
2.072673376029277279e+03
2.101801675977653758e+03
2.129945283018867940e+03
2.157821944177093428e+03
2.178070312500000000e+03
2.204932472691161820e+03
2.225340361445782946e+03
2.263645491803278674e+03
2.291893860561914607e+03
2.313021074815595512e+03
2.335131974248927236e+03
2.372445533769063331e+03
2.385750826901874461e+03
2.413534831460674013e+03
1.379738123515439383e+03
1.423915910465819707e+03
1.460101413644744980e+03
1.492211610486891459e+03
1.528997450605481163e+03
1.559131561892417267e+03
1.585210664911125832e+03
1.621157008086253427e+03
1.654317307692307622e+03
1.677747214484679716e+03
1.709930447125620958e+03
1.741661839246922455e+03
1.771531411677753113e+03
1.798724474474474391e+03
1.826160673297628136e+03
1.852936285936285913e+03
1.885266825019794169e+03
1.919577544426494342e+03
1.943963875205254453e+03
1.966107023411371301e+03
2.004564364876385298e+03
2.027110440034512521e+03
2.056584358523725768e+03
2.082880463871543270e+03
2.108155879671832281e+03
2.123691244239631487e+03
2.164891917293233291e+03
2.171620132953466509e+03
2.208987378640776569e+03
2.229998029556650181e+03
2.254360279441117655e+03
2.282760649087221282e+03
2.322003105590062205e+03
2.335005224660397289e+03
2.359223642172523796e+03
2.395224864864864685e+03
2.408364332603938692e+03
2.443378076062640048e+03
2.459726042841037270e+03
1.480078191814294541e+03
1.521765586034912758e+03
1.553465145754119249e+03
1.586314838709677360e+03
1.614615485564304436e+03
1.647381111855324889e+03
1.676087134104833240e+03
1.708748785565579510e+03
1.738328389830508513e+03
1.772215007215007290e+03
1.798457751653196283e+03
1.823978374347501813e+03
1.854130898021308894e+03
1.882050270688321689e+03
1.917139700078926580e+03
1.943165196471531772e+03
1.966290138549307358e+03
1.990085548172757399e+03
2.031608990670059484e+03
2.055956185567010380e+03
2.077751525719267647e+03
2.112806222222222004e+03
2.133841341795104199e+03
2.148372477064220220e+03
2.187351073762838496e+03
2.208410256410256352e+03
2.238506280193236762e+03
2.255426470588235134e+03
2.272883168316831870e+03
2.296039156626506156e+03
2.341309352517985644e+03
2.358437629937629936e+03
2.384945917285259839e+03
2.422387931034482790e+03
2.435763358778625843e+03
2.443342888643880997e+03
2.488824521934758195e+03
2.508883219954648666e+03
1.580792775665399176e+03
1.609717041800643074e+03
1.643827427821522406e+03
1.673488309953239877e+03
1.699335365853658459e+03
1.736692520775623279e+03
1.759966994382022449e+03
1.793073170731707251e+03
1.818570802919708058e+03
1.845898367952522221e+03
1.872232628398791576e+03
1.904151538461538394e+03
1.937496470588235297e+03
1.962921912350597722e+03
1.987063209076175099e+03
2.005816309719933997e+03
2.045451260504201628e+03
2.068903829787233917e+03
2.102898349261511612e+03
2.124336267605634021e+03
2.146589398023360445e+03
2.172446983546617957e+03
2.206854224698236067e+03
2.231621570482497646e+03
2.253553211888782243e+03
2.271324245374878501e+03
2.288606686332349909e+03
2.325247743229689149e+03
2.353168195718654260e+03
2.381859067357513140e+03
2.401034773445732299e+03
2.431853632478632335e+03
2.458757608695652380e+03
2.463010976948408370e+03
2.510878923766816115e+03
2.533485294117646845e+03
2.558034443168771304e+03
1.662847612818835842e+03
1.688637690776376985e+03
1.722849898580121817e+03
1.753923553719008169e+03
1.781997899159663802e+03
1.809343081312410732e+03
1.838045058139534831e+03
1.865709534368070990e+03
1.897284313725490165e+03
1.921777352716143923e+03
1.953357755261106831e+03
1.982885714285714357e+03
2.011565533980582586e+03
2.025320754716981128e+03
2.058468723936613969e+03
2.093330501274426297e+03
2.125232235701906575e+03
2.139228346456693089e+03
2.168655913978494482e+03
2.190520473157415836e+03
2.218108755760368695e+03
2.240328330206379178e+03
2.270750000000000000e+03
2.278871621621621671e+03
2.316375614552605839e+03
2.343267732267732299e+03
2.375973550356052783e+03
2.402921406411582211e+03
2.420658613445378251e+03
2.445653560042508161e+03
2.472473513513513353e+03
2.484076670317634125e+03
2.519816258351892884e+03
2.551189402480270473e+03
2.572438857142857159e+03
2.600101969872537666e+03
1.743250506414584834e+03
1.770562113932738612e+03
1.800020949720670387e+03
1.824674005681818244e+03
1.860297748729121167e+03
1.881133922001471774e+03
1.918460090361445737e+03
1.944418960244648360e+03
1.971359751359751272e+03
1.998916996047430757e+03
2.029059677419354784e+03
2.047695081967213127e+03
2.076626766417290128e+03
2.108807952622673383e+03
2.133089423903697480e+03
2.165444833625218962e+03
2.185074107142856974e+03
2.206980054397098684e+03
2.236295955882353155e+03
2.260235955056179591e+03
2.286630228136882124e+03
2.296516843118382894e+03
2.334144117647058920e+03
2.360670318725099605e+03
2.385640040444893657e+03
2.403516393442622757e+03
2.427006256517205202e+03
2.458760846560846403e+03
2.482824731182795858e+03
2.496866957470011130e+03
2.520284768211920436e+03
2.560223094170403783e+03
2.578056753688989829e+03
2.611242214532871913e+03
2.635643192488262684e+03
1.819385474860335307e+03
1.843177430801987157e+03
1.875120926864590956e+03
1.901445916114790180e+03
1.934851239669421375e+03
1.960671243325705518e+03
1.984623839009287849e+03
2.019833992094861742e+03
2.043383440514469385e+03
2.065621112929623450e+03
2.093763681592039575e+03
2.119410774410774593e+03
2.143426860564585240e+03
2.179177137870854949e+03
2.194616341030195599e+03
2.220484191508581716e+03
2.245466179159049261e+03
2.275195144724556485e+03
2.297444654683065437e+03
2.317852743022136565e+03
2.347056640625000000e+03
2.372523809523809632e+03
2.397312185297079395e+03
2.416924412665985528e+03
2.443405827263267383e+03
2.477038054968287724e+03
2.490809625668449371e+03
2.507046688382193224e+03
2.532607260726072582e+03
2.566481605351170401e+03
2.595650793650793730e+03
2.622714942528735719e+03
2.643933411214953139e+03
2.662629893238434306e+03
1.890789435600578827e+03
1.917388235294117749e+03
1.942417040358744316e+03
1.969590736522399311e+03
1.996493055555555657e+03
2.039682753164556971e+03
2.053197758206565140e+03
2.078939591836734508e+03
2.105409090909090992e+03
2.134302521008403346e+03
2.160243589743589837e+03
2.194190766550522767e+03
2.203455349248452876e+03
2.237493682310469467e+03
2.263169863013698432e+03
2.287567970204841913e+03
2.310178301886792269e+03
2.334443269230769147e+03
2.356650145772594897e+03
2.379850937808489562e+03
2.411286432160803997e+03
2.430672782874617951e+03
2.452167875647668552e+03
2.487788198103266495e+03
2.509712299465240449e+03
2.517906926406926232e+03
2.551259625962596147e+03
2.573947835738068989e+03
2.605115254237288354e+03
2.626227428571428391e+03
2.656524475524475747e+03
2.671982269503545922e+03
2.681931654676258859e+03
1.957496263079222672e+03
1.984772968868640874e+03
2.013549806949806907e+03
2.050501973164956780e+03
2.067134399999999914e+03
2.088057770545158746e+03
2.117918316831683114e+03
2.148516372795969801e+03
2.178207869974336973e+03
2.199001733102253183e+03
2.217833922261484076e+03
2.246007194244604307e+03
2.276610756608933571e+03
2.295538033395176171e+03
2.327238679245283038e+03
2.346637236084452979e+03
2.369071774975751850e+03
2.394466469428007713e+03
2.425736947791164766e+03
2.439865853658536707e+03
2.463957600827301121e+03
2.488854450261780130e+03
2.521296691568836650e+03
2.531892972972972984e+03
2.562635565312843028e+03
2.587594235033259338e+03
2.618655756207675040e+03
2.633765375854214199e+03
2.673062937062937181e+03
2.685978748524203183e+03
2.701484412470023926e+03
2.708506038647342848e+03
2.023718581341557410e+03
2.062231861198737988e+03
2.075496408619313570e+03
2.101963384865744501e+03
2.131875412541254263e+03
2.162488664987405627e+03
2.188556789069171828e+03
2.211409523809523762e+03
2.234129089301502972e+03
2.254625112107623409e+03
2.289042766151046180e+03
2.299306555863342510e+03
2.337867231638418161e+03
2.354626794258373138e+03
2.376960348162475839e+03
2.402180924287119069e+03
2.433332332332332498e+03
2.449484787018255702e+03
2.476663223140496029e+03
2.501574267782426887e+03
2.530691897654584409e+03
2.538801724137931160e+03
2.566549726775956060e+03
2.597061946902654654e+03
2.624473565804274585e+03
2.645696245733788601e+03
2.678506387921021997e+03
2.682645955451348073e+03
2.713674251497006026e+03
2.717138554216867306e+03
2.754997552019583964e+03
2.083607968127490039e+03
2.113854353132628148e+03
2.149110008271298739e+03
2.163512113617376599e+03
2.193211914893617177e+03
2.220025064822817512e+03
2.240625220458553940e+03
2.265491935483870748e+03
2.295718693284936307e+03
2.311895660203139414e+03
2.344603755868544795e+03
2.361145038167938765e+03
2.387982608695652289e+03
2.413175834970530559e+03
2.439483033932135640e+03
2.460046605876393187e+03
2.484808444902162591e+03
2.515549163179916377e+03
2.535177470775770416e+03
2.549312163616792077e+03
2.577373362445414841e+03
2.604976821192053194e+03
2.623232662192393946e+03
2.653205448354142845e+03
2.686016222479721819e+03
2.696694021101992803e+03
2.721183990442054892e+03
2.727424789410349149e+03
2.768649938800489508e+03
2.769691066997518647e+03
2.154083333333333485e+03
2.181105616093881054e+03
2.201849489795918544e+03
2.228652849740932652e+03
2.251287477954144833e+03
2.274533572068039575e+03
2.306953720508166953e+03
2.316665745856353624e+03
2.356229107981220750e+03
2.368016190476190332e+03
2.397500965250965237e+03
2.420034313725490392e+03
2.446393426294820529e+03
2.466875631951465948e+03
2.493370636550308063e+03
2.528911087866108574e+03
2.547104144527098924e+03
2.558897849462365684e+03
2.586681570338058918e+03
2.617413907284768356e+03
2.632675977653631435e+03
2.665485811577752429e+03
2.691982658959537730e+03
2.703450292397660633e+03
2.727300357568533855e+03
2.743153012048192977e+03
2.771020731707317282e+03
2.778877323420074390e+03
2.800379525593008566e+03
2.210735544217687220e+03
2.226401202749140793e+03
2.258592070484581654e+03
2.282016994633273498e+03
2.314699002719854889e+03
2.326418047882136307e+03
2.362090909090909008e+03
2.375901998097050637e+03
2.401113570741097192e+03
2.428134182174339003e+03
2.454537313432835617e+03
2.474816161616161480e+03
2.499040983606557347e+03
2.535494780793319478e+03
2.552654294803817720e+03
2.564489270386266071e+03
2.589009782608695787e+03
2.628321192052980223e+03
2.643938547486033713e+03
2.673460317460317583e+03
2.693769585253456171e+03
2.712712616822429936e+03
2.732029726516052506e+03
2.751164861612514869e+03
2.775540145985401523e+03
2.790428748451053252e+03
2.815505000000000109e+03
2.836713383838383834e+03
2.260357644991212510e+03
2.290252236135956991e+03
2.323106980961015324e+03
2.334695211786372056e+03
2.364561682242990628e+03
2.387149523809523998e+03
2.410011549566891063e+03
2.437321253672869716e+03
2.458958291956305857e+03
2.481676084762865685e+03
2.501145045965270583e+03
2.539733333333333121e+03
2.554536997885835262e+03
2.568542826552462429e+03
2.598868478260869779e+03
2.632288546255506390e+03
2.648376811594202991e+03
2.674337853107344472e+03
2.697465517241379530e+03
2.718749417249417093e+03
2.732844786729857788e+03
2.764745783132530050e+03
2.782430133657351234e+03
2.790566666666666606e+03
2.822344569288389721e+03
2.847506313131313163e+03
2.857679075738125903e+03
2.328091485507246489e+03
2.338080882352940989e+03
2.378838800374882794e+03
2.394797142857142717e+03
2.417975938402310021e+03
2.440380254154447812e+03
2.464750000000000000e+03
2.489497477295661156e+03
2.507347959183673538e+03
2.548238541666666606e+03
2.558236286919831400e+03
2.570414973262032163e+03
2.604729641693811118e+03
2.632161361141602811e+03
2.657918617614269806e+03
2.686153846153846189e+03
2.699900229357798253e+03
2.718354239256678284e+03
2.739118343195266334e+03
2.764189675870348310e+03
2.788303398058252242e+03
2.796717632552404666e+03
2.831784019975031242e+03
2.857353535353535335e+03
2.860366197183098393e+03
2.891677042801556581e+03
2.378710280373831665e+03
2.398287345385347180e+03
2.422602884615384482e+03
2.447343108504398970e+03
2.466847524752475238e+03
2.493811491935483900e+03
2.512272171253822762e+03
2.553236212278876337e+03
2.566050632911392313e+03
2.574584401709401845e+03
2.618268770402611608e+03
2.639806805708013144e+03
2.661046718576195872e+03
2.691178531073446266e+03
2.695582191780822086e+03
2.726623693379790893e+03
2.738221698113207367e+03
2.766111377245509175e+03
2.793277575757575960e+03
2.802128078817734149e+03
2.833419676214196897e+03
2.866488636363636488e+03
2.865790281329923346e+03
2.896708549222797956e+03
2.911292267365661701e+03
2.435402121504339448e+03
2.455626223091976499e+03
2.475294350842418226e+03
2.504924242424242493e+03
2.518929663608562805e+03
2.549111917098445701e+03
2.570265542676501354e+03
2.578418356456777019e+03
2.622755434782608518e+03
2.643912280701754298e+03
2.669697441601779701e+03
2.695075620767494456e+03
2.702818493150684844e+03
2.737230232558139505e+03
2.743174322732626479e+03
2.770679425837320650e+03
2.797522424242424222e+03
2.803088452088451959e+03
2.837552238805970319e+03
2.867692695214105697e+03
2.866991071428571558e+03
2.901014230271669021e+03
2.915744764397905783e+03
2.927588079470198863e+03
2.482868055555555657e+03
2.502518630412890161e+03
2.527377551020408191e+03
2.549644260599793142e+03
2.576282402528977855e+03
2.592688436830835144e+03
2.626166123778501515e+03
2.644188183807439600e+03
2.675874304783092157e+03
2.698244644870349475e+03
2.712069714285714326e+03
2.737409512761020778e+03
2.747155294117646918e+03
2.777489234449760716e+03
2.806594660194174594e+03
2.803334558823529278e+03
2.844501243781094672e+03
2.874779596977330129e+03
2.878954022988505585e+03
2.912009067357512777e+03
2.923462041884816699e+03
2.932182539682539755e+03
2.956841121495327116e+03
2.537486707566461973e+03
2.551892561983471296e+03
2.578545263157894624e+03
2.597936830835117689e+03
2.625569880823401945e+03
2.646478688524590325e+03
2.675431742508324078e+03
2.700688063063063055e+03
2.714291095890410816e+03
2.736832175925926094e+03
2.753389411764705983e+03
2.783644736842105431e+03
2.812076456310679532e+03
2.809854166666666515e+03
2.843983870967741950e+03
2.881440806045340196e+03
2.891264705882353155e+03
2.918704663212435207e+03
2.926916339869280819e+03
2.933150594451783491e+03
2.959345333333333201e+03
3.013370420624151848e+03
2.591046462513199458e+03
2.602399357601712836e+03
2.627191558441558300e+03
2.654268052516411444e+03
2.677080931263858020e+03
2.702448818897637921e+03
2.719265981735160040e+03
2.741989583333333485e+03
2.755631022326674611e+03
2.785771804062126648e+03
2.813899393939394031e+03
2.808966992665036742e+03
2.843115099009900860e+03
2.887586901763223977e+03
2.899135549872122738e+03
2.924923575129533674e+03
2.929772845953002616e+03
2.942895502645502802e+03
2.969368491321762576e+03
3.015651761517615341e+03
3.022292984869326119e+03
2.625138228941684702e+03
2.661412924424972516e+03
2.684030000000000200e+03
2.706568053993250942e+03
2.720254566210045596e+03
2.743249710982659053e+03
2.763925882352941244e+03
2.787284009546539437e+03
2.805000000000000000e+03
2.814238386308068584e+03
2.848376237623762336e+03
2.889467924528301864e+03
2.904955242966751939e+03
2.919006451612903220e+03
2.928235677083333485e+03
2.949775132275132364e+03
2.974869158878504550e+03
3.021573170731707251e+03
3.015782191780821904e+03
3.044260083449235026e+03
2.683188679245282856e+03
2.709820022497187892e+03
2.722573059360730440e+03
2.744122401847575020e+03
2.768231764705882142e+03
2.781489892984542166e+03
2.815904474002418283e+03
2.815352869352869220e+03
2.852853960396039383e+03
2.890518844221105610e+03
2.906297573435504546e+03
2.923948387096774240e+03
2.933507812500000000e+03
2.955937830687830683e+03
2.972388814913448641e+03
3.023255751014884936e+03
3.021176712328767280e+03
3.045226388888888778e+03
3.060332865168539229e+03
2.734257731958763088e+03
2.750509826589595377e+03
2.771769411764706092e+03
2.785126040428061970e+03
2.819607013301088045e+03
2.812534713763702712e+03
2.853305315203955615e+03
2.894822864321607994e+03
2.910550446998722691e+03
2.920870012870012943e+03
2.930414285714285597e+03
2.956375165125495187e+03
2.977197070572569828e+03
3.028139377537212567e+03
3.026053424657534379e+03
3.045667128987517117e+03
3.060977559607293188e+03
3.095838801711840006e+03
2.784728453364817142e+03
2.784916864608076139e+03
2.819502415458937321e+03
2.819559756097561149e+03
2.856630407911001384e+03
2.891583959899749516e+03
2.914104725415070334e+03
2.924868725868725960e+03
2.934262337662337814e+03
2.960110964332893218e+03
2.985505333333333510e+03
3.032351826792963493e+03
3.030367123287671347e+03
3.046042936288088640e+03
3.061264705882353155e+03
3.091706970128022931e+03
3.133300144300144439e+03
2.822346618357487841e+03
2.825929181929182050e+03
2.859415327564895051e+03
2.887625000000000000e+03
2.917401021711366411e+03
2.924435732647814802e+03
2.937772727272727479e+03
2.955691699604743008e+03
2.985589880159786844e+03
3.019425302826379720e+03
3.034316438356164326e+03
3.050066481994459991e+03
3.069931276297334989e+03
3.095819345661450825e+03
3.138152958152958035e+03
3.152784256559766618e+03
2.858133333333333212e+03
2.890326250000000073e+03
2.920106002554278348e+03
2.927228791773778994e+03
2.940928571428571558e+03
2.966931307793923224e+03
2.994823765020026713e+03
3.022382234185733523e+03
3.041919067215363611e+03
3.045296961325967004e+03
3.069507002801120507e+03
3.095171875000000000e+03
3.142219336219336128e+03
3.152245997088791682e+03
3.154878120411160126e+03
2.922344827586206975e+03
2.929874035989717413e+03
2.936196891191709710e+03
2.970210039630118899e+03
2.996559412550066554e+03
3.025219380888290743e+03
3.048978021978021843e+03
3.052948824343015076e+03
3.076995792426367643e+03
3.094188652482269390e+03
3.145871572871572880e+03
3.155809315866084489e+03
3.159104258443465369e+03
3.168883408071748818e+03
2.935076326002587393e+03
2.965247694334650987e+03
3.002538770053476128e+03
3.028144010767160125e+03
3.043342465753424676e+03
3.055774550484094107e+03
3.079725105189340866e+03
3.097260992907801210e+03
3.149265512265512371e+03
3.154444767441860677e+03
3.162881057268722543e+03
3.167753731343283562e+03
3.198862745098039341e+03
3.000185580774365917e+03
3.034545822102425973e+03
3.049779149519890325e+03
3.058226832641770216e+03
3.082141654978961924e+03
3.100143262411347678e+03
3.152575757575757507e+03
3.148105797101449298e+03
3.166306901615271727e+03
3.166274217585692895e+03
3.192348872180451053e+03
3.221097264437689773e+03
3.047572602739725880e+03
3.060253112033195066e+03
3.084287517531556659e+03
3.093762376237623812e+03
3.155757575757575978e+03
3.155159651669085633e+03
3.173995588235294235e+03
3.173916417910447763e+03
3.185406296851574098e+03
3.228820395738203842e+03
3.218707692307692469e+03
3.086084151472650774e+03
3.099980169971671330e+03
3.158546897546897526e+03
3.157223512336719978e+03
3.176708823529411802e+03
3.176425373134328311e+03
3.192426426426426588e+03
3.221707132018209450e+03
3.226491525423728945e+03
3.243780373831775705e+03
3.160604617604617488e+03
3.159039187227866478e+03
3.179014705882353155e+03
3.178711940298507670e+03
3.204016566265060192e+03
3.223949924127465692e+03
3.229010785824345021e+03
3.246362928348909463e+03
3.318701726844583845e+03
3.176424375917767975e+03
3.180671641791044749e+03
3.205632530120481988e+03
3.220819696969696906e+03
3.231197226502311423e+03
3.248464174454828481e+03
3.320084772370486462e+03
3.290593301435406829e+03
3.202299248120300945e+03
3.222398484848484713e+03
3.233000000000000000e+03
3.245262830482115078e+03
3.314322884012539362e+03
3.292800637958532661e+03
3.345746006389776539e+03
3.229589230769230653e+03
3.246970451010886336e+03
3.313956112852664774e+03
3.294706539074960347e+03
3.347226837060703019e+03
3.351273322422258389e+03
3.308530516431924752e+03
3.291143312101910851e+03
3.348313099041533405e+03
3.351977086743044310e+03
3.361436781609195350e+03
3.349055910543131176e+03
3.347192810457516316e+03
3.354034426229507972e+03
3.395432612312812125e+03
3.352427868852459142e+03
3.396788685524126322e+03
3.377711666666666588e+03
3.378593333333333248e+03
3.438097103918228186e+03
3.429662691652470130e+03
