nan
nan
nan
nan
nan
nan
nan
nan
nan
nan
nan
nan
nan
nan
nan
nan
nan
nan
nan
nan
nan
nan
nan
nan
nan
nan
1.772304528115258108e+03
1.795098786029365328e+03
1.816992572552905131e+03
1.838562315708737970e+03
1.860061297279223254e+03
1.901994457924979088e+03
1.945726224370690261e+03
1.988856031894646776e+03
2.029018472250185823e+03
2.067448823990966957e+03
2.104276049647335640e+03
2.138638955642325982e+03
2.170181200335743597e+03
2.198825175638534802e+03
2.224868936092222611e+03
2.249047488939258074e+03
2.271878335963805512e+03
2.293588380915077323e+03
2.314179955290814178e+03
2.333892268908045480e+03
2.352384098018699660e+03
2.369725629031797325e+03
2.386180738505269346e+03
2.401858343389873426e+03
2.417054778598873781e+03
2.431671015364844607e+03
2.445970841368052788e+03
2.459957969563549341e+03
2.473669253116353957e+03
2.487105288507476416e+03
2.500343079970858980e+03
2.513514766831651286e+03
2.526422641907875459e+03
2.538987081117581511e+03
2.550991972631459248e+03
2.562781477865705710e+03
2.573579524607649091e+03
2.583975767235388048e+03
2.593939685676661611e+03
2.604093302780976956e+03
2.612735134344576181e+03
2.621996393470488329e+03
2.631261092627656581e+03
2.639069563316434142e+03
2.647180420256315301e+03
nan
nan
nan
nan
nan
nan
nan
nan
nan
nan
nan
nan
nan
nan
nan
nan
nan
nan
nan
nan
nan
nan
nan
nan
nan
1.772136023746217234e+03
1.794948108720061100e+03
1.816903281508516557e+03
1.838579325910388206e+03
1.860267182037821158e+03
1.902552690536454975e+03
1.946942705091471453e+03
1.990049972626578437e+03
2.030284407118079798e+03
2.069155499998073537e+03
2.106255826555046951e+03
2.140841916353393117e+03
2.172663403417880545e+03
2.201596867590522834e+03
2.227865867341154171e+03
2.252181013962834186e+03
2.275205114447761844e+03
2.296997511021329956e+03
2.317757717223147665e+03
2.337537219398519483e+03
2.355975529986141737e+03
2.373394876512069004e+03
2.390015985183306839e+03
2.405879014640921014e+03
2.421119577018671862e+03
2.436037995801470061e+03
2.450422628127505504e+03
2.464735308918491683e+03
2.478640784029047609e+03
2.492346568282982389e+03
2.505739597005298492e+03
2.519042652965607886e+03
2.531995447158197749e+03
2.544818673462325933e+03
2.556906219156804582e+03
2.568787292328338481e+03
2.579404149170838537e+03
2.590404019872870776e+03
2.600856568905771383e+03
2.610519878337212049e+03
2.618902801268653548e+03
2.627785906227318719e+03
2.636964899865912230e+03
2.644945531891431983e+03
2.652481578174700189e+03
nan
nan
nan
nan
nan
nan
nan
nan
nan
nan
nan
nan
nan
nan
nan
nan
nan
nan
nan
nan
nan
nan
nan
1.745101092782074375e+03
1.771947948286672727e+03
1.794781438007779343e+03
1.816804834903960227e+03
1.838629225189636145e+03
1.860343027471064033e+03
1.903257313109310417e+03
1.948138585946097919e+03
1.991064071488869786e+03
2.031536073834242870e+03
2.070882604659265780e+03
2.108204297805142232e+03
2.143016384607854434e+03
2.175124118868300229e+03
2.204333697141654739e+03
2.230844439004855303e+03
2.255314246836941948e+03
2.278452810950265302e+03
2.300409184392519819e+03
2.321283944218806027e+03
2.341149553002070206e+03
2.359702986831326143e+03
2.377099736601227050e+03
2.393856431110534231e+03
2.409901130836290577e+03
2.425343227693323570e+03
2.440466296192164464e+03
2.455152039725148825e+03
2.469559286243449151e+03
2.483787169754064507e+03
2.497664675278071172e+03
2.511156825984569423e+03
2.524605494487807846e+03
2.537925981254581075e+03
2.550572113470212571e+03
2.562848447400384430e+03
2.574829168626790306e+03
2.585500994824989903e+03
2.595954860356823247e+03
2.606048943196512482e+03
2.615932330484729391e+03
2.624985022053002922e+03
2.633915516455861507e+03
2.642459756040866523e+03
2.650725938458706423e+03
2.659656345506623438e+03
nan
nan
nan
nan
nan
nan
nan
nan
nan
nan
nan
nan
nan
nan
nan
nan
nan
nan
nan
nan
nan
nan
1.744881369676377062e+03
1.771758891943688468e+03
1.794614737719107325e+03
1.816723222496897961e+03
1.838714588128690821e+03
1.860316460344681218e+03
1.904061947519480782e+03
1.949242368971435553e+03
1.992126204170712299e+03
2.032876115361629218e+03
2.072581720969461458e+03
2.110119488985854332e+03
2.145187302836069648e+03
2.177533980142936343e+03
2.207047626770632178e+03
2.233809470573533417e+03
2.258469223202102512e+03
2.281717090753331831e+03
2.303811698110995167e+03
2.324860362818184512e+03
2.344733332387824703e+03
2.363244256860975383e+03
2.380890204581304715e+03
2.397636522203285949e+03
2.413899177043747841e+03
2.429553366424619526e+03
2.444870745008278391e+03
2.459780513724846514e+03
2.474463075837757970e+03
2.488731605305591074e+03
2.502876678935472228e+03
2.516673016612686297e+03
2.530346490390628787e+03
2.543741412880136522e+03
2.556673674954403396e+03
2.569085834083609825e+03
2.580799391400534660e+03
2.591947541940110568e+03
2.602108866943403882e+03
2.611985815620630547e+03
2.621692234519232443e+03
2.631007346967100602e+03
2.640391703670249626e+03
2.648649301515133629e+03
2.658068898720551260e+03
2.665175150479968579e+03
nan
nan
nan
nan
nan
nan
nan
nan
nan
nan
nan
nan
nan
nan
nan
nan
nan
nan
nan
nan
nan
1.744827613377246507e+03
1.771564249238486127e+03
1.794439116294770884e+03
1.816664070745869594e+03
1.838812525104155839e+03
1.860379731515852654e+03
1.904944597177443711e+03
1.950253101678180883e+03
1.993141579158252171e+03
2.034281189024212836e+03
2.074237957821849250e+03
2.112013335237646061e+03
2.147288681733428348e+03
2.179899108660309594e+03
2.209711997383638391e+03
2.236733012959161897e+03
2.261578546718071721e+03
2.284984817557136012e+03
2.307229980516641263e+03
2.328404079877761433e+03
2.348195585315148037e+03
2.366842816700915137e+03
2.384568416397811234e+03
2.401577962449089227e+03
2.417898477329214984e+03
2.433822528499286818e+03
2.449334984470504423e+03
2.464430749075116182e+03
2.479333495807639338e+03
2.493958536961373284e+03
2.508201878150466200e+03
2.522182460975125650e+03
2.536152434460037512e+03
2.549542795803998160e+03
2.562443177667068085e+03
2.574714359092558880e+03
2.586263270974889565e+03
2.597144004337837032e+03
2.607798716156243700e+03
2.618688638079809607e+03
2.627667185774134396e+03
2.637069916199564432e+03
2.646928037556353047e+03
2.655748155122999378e+03
2.663098140472577597e+03
2.671661437165155803e+03
nan
nan
nan
nan
nan
nan
nan
nan
nan
nan
nan
nan
nan
nan
nan
nan
nan
nan
nan
nan
1.744736764632160430e+03
1.771365673709609382e+03
1.794274121069852072e+03
1.816621749197455301e+03
1.838832151725646327e+03
1.860543202890481552e+03
1.905882275977377503e+03
1.951217712190873954e+03
1.994121887696990825e+03
2.035725312839714206e+03
2.075870167408276757e+03
2.113831466496860685e+03
2.149350270852771246e+03
2.182239983172993107e+03
2.212345538462039258e+03
2.239671237079518050e+03
2.264701600798908657e+03
2.288234808034567322e+03
2.310641394496965859e+03
2.331896018177510996e+03
2.351742161535056766e+03
2.370402825051580294e+03
2.388372934878357228e+03
2.405422243514905858e+03
2.422038084565104327e+03
2.438124742060515018e+03
2.453845496454495333e+03
2.469214547462856899e+03
2.484223346279116413e+03
2.498981826586397347e+03
2.513605765708102354e+03
2.527728819364026549e+03
2.541866129416156582e+03
2.555260439928100823e+03
2.567897219744902031e+03
2.580601546663486261e+03
2.591831976406777358e+03
2.602885813774314556e+03
2.613706835171672992e+03
2.623818822810981601e+03
2.634137840110097386e+03
2.643069902341527722e+03
2.652865930522085819e+03
2.661212870813595146e+03
2.669744445436457681e+03
2.677576464641972962e+03
nan
nan
nan
nan
nan
nan
nan
nan
nan
nan
nan
nan
nan
nan
nan
nan
nan
nan
nan
1.744622683263498402e+03
1.771154543381162284e+03
1.794127462060090238e+03
1.816615985728529722e+03
1.838825465454447112e+03
1.860814178848111169e+03
1.906802618908256591e+03
1.952106708327432898e+03
1.995130082258294806e+03
2.037115989110985083e+03
2.077475147293437203e+03
2.115650224859025457e+03
2.151398569699897962e+03
2.184528269359716433e+03
2.214923072630968818e+03
2.242550319186374963e+03
2.267815048470042711e+03
2.291509719630270411e+03
2.314043622121908356e+03
2.335335374395715917e+03
2.355146876861272176e+03
2.374036365198488966e+03
2.392031416028902640e+03
2.409427106989993263e+03
2.426147587978745833e+03
2.442466791351362190e+03
2.458395263787358545e+03
2.473983083981685468e+03
2.489271460802853653e+03
2.504329279591032900e+03
2.519065114260703012e+03
2.533334197660529753e+03
2.547396414608474970e+03
2.561090528543541495e+03
2.573763046266827587e+03
2.586315010207860269e+03
2.597591051071034144e+03
2.609437545266161578e+03
2.619546638978423744e+03
2.629716759064470352e+03
2.640548675667817406e+03
2.649048689990392631e+03
2.658669124133234618e+03
2.667043967839008474e+03
2.675642624086918659e+03
2.683611303992146532e+03
nan
nan
nan
nan
nan
nan
nan
nan
nan
nan
nan
nan
nan
nan
nan
nan
nan
nan
1.744463167453608094e+03
1.770948764940225146e+03
1.793987332125924922e+03
1.816628263530440108e+03
1.838803454125667940e+03
1.861193749607877180e+03
1.907671006563728497e+03
1.952986975587337156e+03
1.996205782006943082e+03
2.038517761427374126e+03
2.079060900661153028e+03
2.117421113773155412e+03
2.153382080311143909e+03
2.186798869572409785e+03
2.217510325179473512e+03
2.245432192703534383e+03
2.270903776487688447e+03
2.294775919915040504e+03
2.317476402050713659e+03
2.338725589204098469e+03
2.358703087826587307e+03
2.377688687358104744e+03
2.395789836224399096e+03
2.413351390237218766e+03
2.430286217669188318e+03
2.446841109285820949e+03
2.462979463255224800e+03
2.478807131392550218e+03
2.494352978057056134e+03
2.509460203475466187e+03
2.524375280458641100e+03
2.538984575522543309e+03
2.553299966520032740e+03
2.566528064711425031e+03
2.579881703227135404e+03
2.591959464238040709e+03
2.603326986973139810e+03
2.614568621165484728e+03
2.625556947888716422e+03
2.636502369698355324e+03
2.646172279622531278e+03
2.654995416762159948e+03
2.664213224589289894e+03
2.673569697432752491e+03
2.681527109244274470e+03
2.690666259615759373e+03
nan
nan
nan
nan
nan
nan
nan
nan
nan
nan
nan
nan
nan
nan
nan
nan
1.703717015421244014e+03
1.744403640099272707e+03
1.770747131141156615e+03
1.793869936325686922e+03
1.816655606901673764e+03
1.838862899995048338e+03
1.861696534899164817e+03
1.908520144263366547e+03
1.953783462188302110e+03
1.997272438017396780e+03
2.039876539803328342e+03
2.080606980913226835e+03
2.119182310485896323e+03
2.155347469486452610e+03
2.189015716655936558e+03
2.220039989262158088e+03
2.248278927735149409e+03
2.274023728093364753e+03
2.298043367336683332e+03
2.320843168676359710e+03
2.342110969457289684e+03
2.362108326426666281e+03
2.381313802223727180e+03
2.399630613064703539e+03
2.417298067378327687e+03
2.434489328830914019e+03
2.451341530724235781e+03
2.467606651507358038e+03
2.483605832072242265e+03
2.499275548731259732e+03
2.514753215070663828e+03
2.529827828168927226e+03
2.544707159318189042e+03
2.558801585998329756e+03
2.572564893416167706e+03
2.585392372239024098e+03
2.597712508327548676e+03
2.609356809201070973e+03
2.620293051923412349e+03
2.631097088368446748e+03
2.641538590109393226e+03
2.651630554966202453e+03
2.661023086483945917e+03
2.670294653069482138e+03
2.679994086022608826e+03
2.688594708524830367e+03
2.696103657639821904e+03
nan
nan
nan
nan
nan
nan
nan
nan
nan
nan
nan
nan
nan
nan
nan
1.703401511551918247e+03
1.744315736652760734e+03
1.770549531742709405e+03
1.793774977834529636e+03
1.816572892245654657e+03
1.839051689799169480e+03
1.862276498811568672e+03
1.909334535389563598e+03
1.954575127404631985e+03
1.998410413917361893e+03
2.041213708681695380e+03
2.082107071442132110e+03
2.120860886876904260e+03
2.157271707782158046e+03
2.191210030748973622e+03
2.222536094879686061e+03
2.251100057005006420e+03
2.277137610627101367e+03
2.301284934891202283e+03
2.324140837859478779e+03
2.345480422687621285e+03
2.365691205117002937e+03
2.384934857193702101e+03
2.403381622381592024e+03
2.421295827899199594e+03
2.438724323997755164e+03
2.455681931849981993e+03
2.472296369056465664e+03
2.488466639434313947e+03
2.504421827609698994e+03
2.520057005832039977e+03
2.535241482833811460e+03
2.550324000439080464e+03
2.564206642743555676e+03
2.577734937675080801e+03
2.590660300299217852e+03
2.603350694776601358e+03
2.615491480939347184e+03
2.626868608274935013e+03
2.637496023508722374e+03
2.647405503804006912e+03
2.657246724413335869e+03
2.666993993420915103e+03
2.676344623421289725e+03
2.685294896186981532e+03
2.693981593791912474e+03
2.703338010216578368e+03
nan
nan
nan
nan
nan
nan
nan
nan
nan
nan
nan
nan
nan
nan
nan
1.744002859464813355e+03
1.770084388236578889e+03
1.793666407692201574e+03
1.816515432941293511e+03
1.839916012361497906e+03
1.863828309698104476e+03
1.911106566660831504e+03
1.956565842603096144e+03
2.001247796516341850e+03
2.044453883623612455e+03
2.085778895251327413e+03
2.124959343149143024e+03
2.161935811287711658e+03
2.196550454955645819e+03
2.228623855086582353e+03
2.258047781318723992e+03
2.284790760132153082e+03
2.309428854260867411e+03
2.332248972959980620e+03
2.353890258431857546e+03
2.374403880998105706e+03
2.394031029159999889e+03
2.413021738383960837e+03
2.431462795527889284e+03
2.449411968265389987e+03
2.466901940142925469e+03
2.484005689820690350e+03
2.500812589243929324e+03
2.517254788549060322e+03
2.533270735527457873e+03
2.549157081639057651e+03
2.563895061037593678e+03
2.578312811113512453e+03
2.591595265736641522e+03
2.604669189205106704e+03
2.617642349639348140e+03
2.628934297040736055e+03
2.641132407379887354e+03
2.651383272511489849e+03
2.661883537550336314e+03
2.672844548558911356e+03
2.682737522952123072e+03
2.691502827238839018e+03
2.701026220881570680e+03
2.709284077738206179e+03
2.718583762245463731e+03
nan
nan
nan
nan
nan
nan
nan
nan
nan
nan
nan
nan
nan
nan
1.743746769402102700e+03
1.769739395690972742e+03
1.793392940994050150e+03
1.816986840870604283e+03
1.841155793352496403e+03
1.865387136423925540e+03
1.912693528896625821e+03
1.958734908686788003e+03
2.003953843237221463e+03
2.047535154759937996e+03
2.089197544452179500e+03
2.128849645412225527e+03
2.166378397899226911e+03
2.201679269700531677e+03
2.234534949286980464e+03
2.264816285833930124e+03
2.292387434234158718e+03
2.317294122248522399e+03
2.340346312277270954e+03
2.362173332681678403e+03
2.383126262898081222e+03
2.403316206397242240e+03
2.422843264663693844e+03
2.441815541490316264e+03
2.460316674891401817e+03
2.478378075664872995e+03
2.496034506315160797e+03
2.513365306551627327e+03
2.530308736300924465e+03
2.546638832295943303e+03
2.562358472638809872e+03
2.577776955464024468e+03
2.591898572164217967e+03
2.605685271994794221e+03
2.619074917672485753e+03
2.631278936820332092e+03
2.643029270606564296e+03
2.654770547333628201e+03
2.666510704148707191e+03
2.676357415258403307e+03
2.686714225079855169e+03
2.697366505890264307e+03
2.707041167639641571e+03
2.715637663712711401e+03
2.725203704815046876e+03
2.733660478231854540e+03
nan
nan
nan
nan
nan
nan
nan
nan
nan
nan
nan
nan
nan
1.743292896505628960e+03
1.769500672141008181e+03
1.793480408159513900e+03
1.817884917343329107e+03
1.842433134868822890e+03
1.866765612313787869e+03
1.914223121390937195e+03
1.961004295929162026e+03
2.006525441668694839e+03
2.050407268680205561e+03
2.092440216182773838e+03
2.132567587300643936e+03
2.170634929543537510e+03
2.206609263949164870e+03
2.240245836124294328e+03
2.271393043534657409e+03
2.299667917259940623e+03
2.325012933598821292e+03
2.348416645652925581e+03
2.370694686206382357e+03
2.392100404610712758e+03
2.412756362732483467e+03
2.432841896375316537e+03
2.452359321217991692e+03
2.471465746544918147e+03
2.489971483157480179e+03
2.508205903937079711e+03
2.526003454574970419e+03
2.543276738518089587e+03
2.559633281254704798e+03
2.575801106641793012e+03
2.590752017412104578e+03
2.605093443193901294e+03
2.619092791845299871e+03
2.632548528227896895e+03
2.644817037662119219e+03
2.657672656968223237e+03
2.668722851759947844e+03
2.680061588063797444e+03
2.690907973474189475e+03
2.701682425383409281e+03
2.711605094657679729e+03
2.722001363029370623e+03
2.731449650759824181e+03
2.740813684889909382e+03
2.748851462230365087e+03
nan
nan
nan
nan
nan
nan
nan
nan
nan
nan
nan
nan
1.742751357178768330e+03
1.769183322047563479e+03
1.793996227994738547e+03
1.818900800330860875e+03
1.843629316182581761e+03
1.867987826755052993e+03
1.915885939679788862e+03
1.963116537773541040e+03
2.008960999199917524e+03
2.053109388528053387e+03
2.095492090034648299e+03
2.136087651334652946e+03
2.174750394451068587e+03
2.211340041432438738e+03
2.245751427197249541e+03
2.277756589429828637e+03
2.306648241505602527e+03
2.332563176091753121e+03
2.356491169272117077e+03
2.379252294302914834e+03
2.401108177893473567e+03
2.422366299327948127e+03
2.443004575758624014e+03
2.463038114407524972e+03
2.482601590850303182e+03
2.501840955546415898e+03
2.520459349545638361e+03
2.538682529132224317e+03
2.556298188877719895e+03
2.572760707003167227e+03
2.589102111332515960e+03
2.603857222000050569e+03
2.618403941164143816e+03
2.632340373763186562e+03
2.646070968071240713e+03
2.659228893109922865e+03
2.671628322846619994e+03
2.683157267024959765e+03
2.694269794934233687e+03
2.705363394950463771e+03
2.716002370300036091e+03
2.726374476947044059e+03
2.736280192475618605e+03
2.746005569668040152e+03
2.756081659170268267e+03
2.764431711370088578e+03
nan
nan
nan
nan
nan
nan
nan
nan
nan
nan
nan
1.742300941297528652e+03
1.769261106981313333e+03
1.794713705929624666e+03
1.819887500064183087e+03
1.844701048002370499e+03
1.869165689749677767e+03
1.917656731348332869e+03
1.965140892557317329e+03
2.011180817328609010e+03
2.055628393079653051e+03
2.098385949578287182e+03
2.139428284664812054e+03
2.178679333382361619e+03
2.215929681637501744e+03
2.251128168399812239e+03
2.283685112454566024e+03
2.313265504163178775e+03
2.340044059243282845e+03
2.364661483515541477e+03
2.387858448772332849e+03
2.410360153343847742e+03
2.432153595220790976e+03
2.453354787327834401e+03
2.474000251533840128e+03
2.494032769099732832e+03
2.513557123175374727e+03
2.532772542476985109e+03
2.551280634434024705e+03
2.568722963192811221e+03
2.585895065792949026e+03
2.601931531158994403e+03
2.617192462271483237e+03
2.631593845070023235e+03
2.645712373259141714e+03
2.659848746366615160e+03
2.672251209707195358e+03
2.685444000096186755e+03
2.696806027842862932e+03
2.708429782239984888e+03
2.720215809453525253e+03
2.731266194073456063e+03
2.741112237192962766e+03
2.751351956144393625e+03
2.761017447569912747e+03
2.771208696659317866e+03
2.780057008303790099e+03
nan
nan
nan
nan
nan
nan
nan
nan
nan
nan
1.741779091105537645e+03
1.769644117332060432e+03
1.795496158335738528e+03
1.820815823540821839e+03
1.845707673122477445e+03
1.870419924184349156e+03
1.919345553481873367e+03
1.967012882252069176e+03
2.013272288225419743e+03
2.057975981941740883e+03
2.101119757228145318e+03
2.142625920655961636e+03
2.182418461978397318e+03
2.220334463487415633e+03
2.256187763045991233e+03
2.289259682102238457e+03
2.319688300727651949e+03
2.347517561064580150e+03
2.372837817236207229e+03
2.396650135113668057e+03
2.419675201040904994e+03
2.442061140041034378e+03
2.463800236477536600e+03
2.484999332883662646e+03
2.505526729070180409e+03
2.525670222489899515e+03
2.545146572365479187e+03
2.563873529353756112e+03
2.581280517113171300e+03
2.598189854574814944e+03
2.614765451050566298e+03
2.630024180707339383e+03
2.644968612072319956e+03
2.659509060019548542e+03
2.673009042217663591e+03
2.685810096807501395e+03
2.698652805883512428e+03
2.711255051219511188e+03
2.722542014952807222e+03
2.733991220776129921e+03
2.745342564402334574e+03
2.756025126373157491e+03
2.766010404374058453e+03
2.776572430081118455e+03
2.785643797066124080e+03
2.795209312121701259e+03
nan
nan
nan
nan
nan
nan
nan
nan
nan
1.741613849528063838e+03
1.770717517725035577e+03
1.797003316338395962e+03
1.822606302231218706e+03
1.848001523451616322e+03
1.873112016842814000e+03
1.922387829579095978e+03
1.970356345932561908e+03
2.016950202887491741e+03
2.062257474799445845e+03
2.106124218346077214e+03
2.148550657471202612e+03
2.189501052470714967e+03
2.228557290118995752e+03
2.265293618354785849e+03
2.299866346831228839e+03
2.332100778583951069e+03
2.361979253075732231e+03
2.389427835185244021e+03
2.414710299606570516e+03
2.438917940524733694e+03
2.462279891306809077e+03
2.484994985303843805e+03
2.507120089521475165e+03
2.528830310641458709e+03
2.549356976467073764e+03
2.569139783824158258e+03
2.588134500937635494e+03
2.605757833223950001e+03
2.623428691887761033e+03
2.639543145166953764e+03
2.655355180070900133e+03
2.670563558133774677e+03
2.685331991725094213e+03
2.699785586574103036e+03
2.713441043757636180e+03
2.726000296814312605e+03
2.738490349753112241e+03
2.750760417126306493e+03
2.762490304122037742e+03
2.774032995578254486e+03
2.784971011186940814e+03
2.795704249833383074e+03
2.806651349907593612e+03
2.816187481452509928e+03
2.825950471410077625e+03
nan
nan
nan
nan
nan
nan
nan
nan
1.742122052375011663e+03
1.772021885951061222e+03
1.798757691767321830e+03
1.824728431326121608e+03
1.850267378293443016e+03
1.875466666107054152e+03
1.924899814318265044e+03
1.973090886988511329e+03
2.020084672677833851e+03
2.065936284429111765e+03
2.110639446012444296e+03
2.154022801719951531e+03
2.195833075336762704e+03
2.235669401224650755e+03
2.273663528838069396e+03
2.309807170077853698e+03
2.344013075118907182e+03
2.376041779839095398e+03
2.405678746976934235e+03
2.432974967038772775e+03
2.458391700366216355e+03
2.482878629952261690e+03
2.506489429541366917e+03
2.529560598815761296e+03
2.551527491336558796e+03
2.572493458741086670e+03
2.592690428810387857e+03
2.611568740895246265e+03
2.629891711169875634e+03
2.647959734924472286e+03
2.664381952391107006e+03
2.680682716747522136e+03
2.696529804505449647e+03
2.711456963014121811e+03
2.725370472895826879e+03
2.739766598005273863e+03
2.753246093189573003e+03
2.765975290376543853e+03
2.778593170262372041e+03
2.790893120717496458e+03
2.802703878720901230e+03
2.814012757310043526e+03
2.825533740626865438e+03
2.835787653792815945e+03
2.846338104498602661e+03
2.856582436319323733e+03
nan
nan
nan
nan
nan
nan
nan
1.743395159677125321e+03
1.773717188947148315e+03
1.800579909745184068e+03
1.826608364491879911e+03
1.852171274305712814e+03
1.877377796408931772e+03
1.926859713266888093e+03
1.975268171731134771e+03
2.022676024084702703e+03
2.069152613965341516e+03
2.114600832152143994e+03
2.158773445024717148e+03
2.201189403170901187e+03
2.242135257067663133e+03
2.281566363457352963e+03
2.319376475907811255e+03
2.355413067416687227e+03
2.389504383504224734e+03
2.421345510213775015e+03
2.450763858941473245e+03
2.477979505685389540e+03
2.503436615318920303e+03
2.527916559628443792e+03
2.551482309095686105e+03
2.573620241219814488e+03
2.594949280579797232e+03
2.615503740558074696e+03
2.634733135723957275e+03
2.653799573523715480e+03
2.671446148982483010e+03
2.688712883225784481e+03
2.705307706061426416e+03
2.721364508692477102e+03
2.737186847996937104e+03
2.752049141174797569e+03
2.766085289834152718e+03
2.779869107083522067e+03
2.793337246884078013e+03
2.806287019898489689e+03
2.818964638558458319e+03
2.831097596530603369e+03
2.842939626335251887e+03
2.854786233416305095e+03
2.865515660998185922e+03
2.876404932164363345e+03
2.886923932137911379e+03
nan
nan
nan
nan
nan
nan
1.745017466123886152e+03
1.775324373945337584e+03
1.802122492370831424e+03
1.828099569055221764e+03
1.853605935569865323e+03
1.878776677817434347e+03
1.928279922392978278e+03
1.976925449570845103e+03
2.024825699438368019e+03
2.071914405970485859e+03
2.117920696705460614e+03
2.162568232887701924e+03
2.206040462043208663e+03
2.248215379536891305e+03
2.289114098049481072e+03
2.328577888376852570e+03
2.366363574637622605e+03
2.402376518633829619e+03
2.436323987515690533e+03
2.467850573584856647e+03
2.497010754916849692e+03
2.523560891494874340e+03
2.548654996413517438e+03
2.572443486556066091e+03
2.595116157432336422e+03
2.617025700773375775e+03
2.637586868757623961e+03
2.657513654081449204e+03
2.676959718890484510e+03
2.695064008221751010e+03
2.712764312103149678e+03
2.730059469775578236e+03
2.746511566155371838e+03
2.762116495581714844e+03
2.777591866689756898e+03
2.792235398993482249e+03
2.806378424724164233e+03
2.820264550037650224e+03
2.833817372027443071e+03
2.847032824303424604e+03
2.859292036014745918e+03
2.871941159310187686e+03
2.883347258601496378e+03
2.894920075539112986e+03
2.906237144236753920e+03
2.916971546693075652e+03
nan
nan
nan
nan
nan
1.746537488489889711e+03
1.776628760334614071e+03
1.803275933945537872e+03
1.829116292251150298e+03
1.854512515098418589e+03
1.879611022227159083e+03
1.929207356347830228e+03
1.978146074878039144e+03
2.026486307969816380e+03
2.074063479037867182e+03
2.120514873625595101e+03
2.165948585253286183e+03
2.210456921217842137e+03
2.253958530358137978e+03
2.296246822725364837e+03
2.337228145480289641e+03
2.376700892039310020e+03
2.414408507328384985e+03
2.450168107630917802e+03
2.483793768486360023e+03
2.514579510911280067e+03
2.542518959552728120e+03
2.568485828654571378e+03
2.592702085333784453e+03
2.615875125285394461e+03
2.638260354986407947e+03
2.659331988625304348e+03
2.679962607179676070e+03
2.699314553722438177e+03
2.718013655755934451e+03
2.736307020689602723e+03
2.753835351315786284e+03
2.771163492562256579e+03
2.787243409030152634e+03
2.802809904152723902e+03
2.817935533446498084e+03
2.832714221659984105e+03
2.846950013607528035e+03
2.860860889044043688e+03
2.874323073252120594e+03
2.887244419685603134e+03
2.900092802058213238e+03
2.912116759769106466e+03
2.924057580146652072e+03
2.935631305760640771e+03
2.946761385672350116e+03
nan
nan
nan
nan
1.747622617452453142e+03
1.777461634452033650e+03
1.803901802694086882e+03
1.829567304435078995e+03
1.854851528106621572e+03
1.879914729452501433e+03
1.929589584722553354e+03
1.978817698048771035e+03
2.027522693162306041e+03
2.075374408750521980e+03
2.122503212995539798e+03
2.168919683785971756e+03
2.214512342975613592e+03
2.259236667782356562e+03
2.302865157699004158e+03
2.345207088616376495e+03
2.386205561962950924e+03
2.425618558491878503e+03
2.463004059274426709e+03
2.498187885675463349e+03
2.530485253167770679e+03
2.560081582854784756e+03
2.587006232083901978e+03
2.611983942454820863e+03
2.635943382635560738e+03
2.658535991901948819e+03
2.680326686924860041e+03
2.701470930062500429e+03
2.721366463330041370e+03
2.740721266119086522e+03
2.759520836726704601e+03
2.777643812874694504e+03
2.794702723744842842e+03
2.811648971631889253e+03
2.827712120961822166e+03
2.843252285294102421e+03
2.858432833560274048e+03
2.873282622161023937e+03
2.887575147138330522e+03
2.901229518937073863e+03
2.915041863885539897e+03
2.927711743471527370e+03
2.940390799985884769e+03
2.952840109436146577e+03
2.964780168953936027e+03
2.976210338738693736e+03
nan
nan
nan
1.748007817613768111e+03
1.777678083141209754e+03
1.803872668476792796e+03
1.829348444624607964e+03
1.854528076175847673e+03
1.879524969015378247e+03
1.929290802190151680e+03
1.978776718438234184e+03
2.027673322905121040e+03
2.076063190977645718e+03
2.123988225280765619e+03
2.171320965263759717e+03
2.217981927053027903e+03
2.263790642568744261e+03
2.308625445727393526e+03
2.352315469812841911e+03
2.394565372015985758e+03
2.435231486185064568e+03
2.474086967806177199e+03
2.510621815301949027e+03
2.544547444907007957e+03
2.575813583177347937e+03
2.604071977580046223e+03
2.630027222856720073e+03
2.654625003119289886e+03
2.677928012293192296e+03
2.700441171321961065e+03
2.721787285394855644e+03
2.742529643433727415e+03
2.762305489644998488e+03
2.781529731443262790e+03
2.800066087571035496e+03
2.817996075735469731e+03
2.835183701708961507e+03
2.851769939146017350e+03
2.867950440463984705e+03
2.883567378775626366e+03
2.898805525621073684e+03
2.913520974420593575e+03
2.927731151816505644e+03
2.941690015618628422e+03
2.955069295664722631e+03
2.968108171722762563e+03
2.980792513098050676e+03
2.993065105632122595e+03
3.004990538792952066e+03
nan
nan
1.747298219073682731e+03
1.776916202295677522e+03
1.802833358001861598e+03
1.828062974625404877e+03
1.853074747309582563e+03
1.878033725591637904e+03
1.927859659356892735e+03
1.977410625027499236e+03
2.026798789907281844e+03
2.075875610044194673e+03
2.124600002280925764e+03
2.172828622716205246e+03
2.220434842726065654e+03
2.267247966609794275e+03
2.313067490577268472e+03
2.357862352995221499e+03
2.401423263689081068e+03
2.443240201432807226e+03
2.483206200757988881e+03
2.520966396944578264e+03
2.556371519843974056e+03
2.589118023106117562e+03
2.619094833240035769e+03
2.646512459232191759e+03
2.671705354973433714e+03
2.695800461664978684e+03
2.719003091991088240e+03
2.740950868648174946e+03
2.762251770118134573e+03
2.782775866060465887e+03
2.802629970064063855e+03
2.821523744377681396e+03
2.840053233453480061e+03
2.857714960480605441e+03
2.874764155809503791e+03
2.891419933608911379e+03
2.907677468805389253e+03
2.923354574889766809e+03
2.938408450127630658e+03
2.953362820874962381e+03
2.967394461132678771e+03
2.981232606842339010e+03
2.994892120485620580e+03
3.007834658196552482e+03
3.020544871203821003e+03
3.032708384232942990e+03
1.701830698978075588e+03
1.742373628347768090e+03
1.772404591094508078e+03
1.797924673633956218e+03
1.822963461713766719e+03
1.847974244153495420e+03
1.872996693049663463e+03
1.923137343485089559e+03
1.973386543246745077e+03
2.023561853995730417e+03
2.073534405209733450e+03
2.123141033337067711e+03
2.172197592739813444e+03
2.220654830916630090e+03
2.268362982289162574e+03
2.315171962681676632e+03
2.360865505338181720e+03
2.405240987978321755e+03
2.448135947548455988e+03
2.489215478636048374e+03
2.528220391493337047e+03
2.565116405935116745e+03
2.599309525164741444e+03
2.630880692712502423e+03
2.659820335742114821e+03
2.686257425338478242e+03
2.711193418168437347e+03
2.734927034518074834e+03
2.757704934415817661e+03
2.779656094012957965e+03
2.800776615607001077e+03
2.821118436066855338e+03
2.840808507479157015e+03
2.859742054713143261e+03
2.877991950266800359e+03
2.895761994247786788e+03
2.912923799271712596e+03
2.929639903905073879e+03
2.945774184667271584e+03
2.961424800597083959e+03
2.976720665377684782e+03
2.991402916907196868e+03
3.005703968802906275e+03
3.019666778256217640e+03
3.033172260356122933e+03
3.046228039600256579e+03
3.059105348861492530e+03
1.754833151766620631e+03
1.776620109491526364e+03
1.799149479846566919e+03
1.822308181028112585e+03
1.845914229731912428e+03
1.869836127050096593e+03
1.918381247852094930e+03
1.967559175661950576e+03
2.017065128887588799e+03
2.066716800069050805e+03
2.116320621554539684e+03
2.165697095225074463e+03
2.214663297364936625e+03
2.262946388053609553e+03
2.310547031628535024e+03
2.357194954118835994e+03
2.402509574242951203e+03
2.446407335886731289e+03
2.488555591760136394e+03
2.528850948708353826e+03
2.566994500071083166e+03
2.602806004781806223e+03
2.636199962973515539e+03
2.666683571435793510e+03
2.694711879954242249e+03
2.720750933666269702e+03
2.745362844855868843e+03
2.769005509563796295e+03
2.791718136991871688e+03
2.813736538587227642e+03
2.834644177773495358e+03
2.855101183550720179e+03
2.874614482417339786e+03
2.893509205005177137e+03
2.911865031078315951e+03
2.929777941820603701e+03
2.947056528492676989e+03
2.963635395188201073e+03
2.980145071727968570e+03
2.995714683598269403e+03
3.011015898298944194e+03
3.026006425441215924e+03
3.040345808849400782e+03
3.054356118687954677e+03
3.067905031459082238e+03
3.081207794083744375e+03
1.793055848014125331e+03
1.812734521780113482e+03
1.833861650642167433e+03
1.855884211330331027e+03
1.878537968694665778e+03
1.925164321304804162e+03
1.972961031577011227e+03
2.021495425859864554e+03
2.070463594116014065e+03
2.119613327820859922e+03
2.168734518663254676e+03
2.217603950828211964e+03
2.266033864806972360e+03
2.313757129947026442e+03
2.360579472780649667e+03
2.406318672284543482e+03
2.450776524971339313e+03
2.493639551066156855e+03
2.534864099500762222e+03
2.574022233658660298e+03
2.611114015790583835e+03
2.645876175202384275e+03
2.678058034920892169e+03
2.707673437187738273e+03
2.734880361402279959e+03
2.760412586847061903e+03
2.784843533927712542e+03
2.808310354373672453e+03
2.830905315844010147e+03
2.852656415765231941e+03
2.873617753550164252e+03
2.893801920854754826e+03
2.913448853726912603e+03
2.932393396957290406e+03
2.950839318969594387e+03
2.968590869099860811e+03
2.985887552465337649e+03
3.002789305650647293e+03
3.018983275617687468e+03
3.034755246468566838e+03
3.050156576076883539e+03
3.065067049584628876e+03
3.079474972302647984e+03
3.093661693913990348e+03
3.107245229896210731e+03
1.830219276835265191e+03
1.849693435547544595e+03
1.870378455841047980e+03
1.891920931781170339e+03
1.936805944842418285e+03
1.983329437846676228e+03
2.030932162014943742e+03
2.079232971283010556e+03
2.127935736946452380e+03
2.176772852569507904e+03
2.225441909230202782e+03
2.273864293981969240e+03
2.321774958980577139e+03
2.368831260899576591e+03
2.414916822692754067e+03
2.459737338482771065e+03
2.503232398304065555e+03
2.545122200857436837e+03
2.585237823872270383e+03
2.623480873376935051e+03
2.659384866621704532e+03
2.692977348699724644e+03
2.724046678201646500e+03
2.752591988173816389e+03
2.779041330455596380e+03
2.804174850103161589e+03
2.828386552766988643e+03
2.851427149582735183e+03
2.873824545324469000e+03
2.895255795744377792e+03
2.915988499976936055e+03
2.936098789409573783e+03
2.955641695040006198e+03
2.974528049302291038e+03
2.992701151385149387e+03
3.010636556191522686e+03
3.027716710766730557e+03
3.044366767836760118e+03
3.060760013285579134e+03
3.076427633264745964e+03
3.091704222798254705e+03
3.106546165725229912e+03
3.121110186814077679e+03
3.135083701265743912e+03
1.867776929635999750e+03
1.887311025605521991e+03
1.907872455619386528e+03
1.951170293115646928e+03
1.996493868352852360e+03
2.043185619797702202e+03
2.090800776012362348e+03
2.138998112843627041e+03
2.187491820056781762e+03
2.236027033166201363e+03
2.284323119139876326e+03
2.332166707170944846e+03
2.379363623374037616e+03
2.425721502627664904e+03
2.470951463049140330e+03
2.514978630742160021e+03
2.557458480330401471e+03
2.598352462968477994e+03
2.637450565374775579e+03
2.674530624360118964e+03
2.709406878601545031e+03
2.741778522471561246e+03
2.771670982268532953e+03
2.799237146969017886e+03
2.825144683590464410e+03
2.849782048933437636e+03
2.873511445775403445e+03
2.896314386646735784e+03
2.918276392727296297e+03
2.939600876034181965e+03
2.960115045383563483e+03
2.980137378121429720e+03
2.999383910143487356e+03
3.018112247536889299e+03
3.036396153694574878e+03
3.053943065632296566e+03
3.071034458679367617e+03
3.087687195823751608e+03
3.103838493823179306e+03
3.119451756592814945e+03
3.134787118958055544e+03
3.149490457955672355e+03
3.164013515427977381e+03
1.905840033194475836e+03
1.925526631569881374e+03
1.967382640232894346e+03
2.011581997339402051e+03
2.057395559545640026e+03
2.104335600364284801e+03
2.152018225216459086e+03
2.200085288805851178e+03
2.248359410466020108e+03
2.296576614986707227e+03
2.344400188444064952e+03
2.391681266756925197e+03
2.438145276515463138e+03
2.483702260417547222e+03
2.528096141978729975e+03
2.571163720714974261e+03
2.612792282153155156e+03
2.652646195033251388e+03
2.690695050903016636e+03
2.726715122065815194e+03
2.760390247644082592e+03
2.791624571877927337e+03
2.820425616321765119e+03
2.847199637841711137e+03
2.872413574613738547e+03
2.896754726022406430e+03
2.919997319718180734e+03
2.942456194939775742e+03
2.964195354072888222e+03
2.985277463417579838e+03
3.005649066245791346e+03
3.025241950906392503e+03
3.044565288971565678e+03
3.063023606460888914e+03
3.080968255875667637e+03
3.098613059714919928e+03
3.115504154242047207e+03
3.131940029283503463e+03
3.147980859356379369e+03
3.163567800818861542e+03
3.178724747664005918e+03
3.193459824163494432e+03
1.944412227756852644e+03
1.984951394211709385e+03
2.028091984471520391e+03
2.073057399661618092e+03
2.119313461103473401e+03
2.166466083534103745e+03
2.214181315464873933e+03
2.262145433589571894e+03
2.310110145988314343e+03
2.357857351063594251e+03
2.405181835966187464e+03
2.451808871202780210e+03
2.497626525292818314e+03
2.542352683222072756e+03
2.585899333321943232e+03
2.628087074269924415e+03
2.668722680407805910e+03
2.707656814504456634e+03
2.744631522713683353e+03
2.779485072080148257e+03
2.811988547952801127e+03
2.842084308051966673e+03
2.869844095766783994e+03
2.895826579697740272e+03
2.920581787028173494e+03
2.944360492725482800e+03
2.967374575160315089e+03
2.989520355412379558e+03
3.011040293968674632e+03
3.031750041859429984e+03
3.051871064702492731e+03
3.071506960393387999e+03
3.090365060995803105e+03
3.108729538049582516e+03
3.126590806235238688e+03
3.143915779138808375e+03
3.160693501226799526e+03
3.177159616009763795e+03
3.192966245352187798e+03
3.208558215132663008e+03
3.223520810335703118e+03
2.023016525337281564e+03
2.064248159875924102e+03
2.107630439766100608e+03
2.152589543127812703e+03
2.198686060730567988e+03
2.245548171787176670e+03
2.292877062712001134e+03
2.340418797592481496e+03
2.387945490472825441e+03
2.435184835141965323e+03
2.481986273069119306e+03
2.528112016816600772e+03
2.573424001375813532e+03
2.617760214998180345e+03
2.660940758208823809e+03
2.702828098346823026e+03
2.743200776353462061e+03
2.781929578816984758e+03
2.818826752042682983e+03
2.853675277241320146e+03
2.886219575907196941e+03
2.916372354940351670e+03
2.944226476581076895e+03
2.970178588799279623e+03
2.995079025440444639e+03
3.018950312039902201e+03
3.042060935794797842e+03
3.064286238529307411e+03
3.085858205067250765e+03
3.106838279003936350e+03
3.127006128579074812e+03
3.146622846468754688e+03
3.165721651858141286e+03
3.184275339844008158e+03
3.202149335522572983e+03
3.219736974569187623e+03
3.236618343827572517e+03
3.253242735570812329e+03
3.269277597920705375e+03
3.284944926181042320e+03
2.103410794729753434e+03
2.145373033860957548e+03
2.189122974714809516e+03
2.234196325016187075e+03
2.280224630771064767e+03
2.326905226124226829e+03
2.373977777933261677e+03
2.421163000420687240e+03
2.468270990855902710e+03
2.515090709658235937e+03
2.561439162325974394e+03
2.607161382580058671e+03
2.652082256172078814e+03
2.696064219490081541e+03
2.738908357221799633e+03
2.780495526954698107e+03
2.820666617899611992e+03
2.859244786968564767e+03
2.896032149567476608e+03
2.930804124358107856e+03
2.963316019287460676e+03
2.993422347264715427e+03
3.021403429990366931e+03
3.047432958017812325e+03
3.072362926793597580e+03
3.096239067096377767e+03
3.119233790993661387e+03
3.141766589298036706e+03
3.163285133869594574e+03
3.184204720663249645e+03
3.204559250061824514e+03
3.224142108632185682e+03
3.243341406511865443e+03
3.262023840321367516e+03
3.279997446216050776e+03
3.297696765697557566e+03
3.314719933875399875e+03
3.331406337931228336e+03
3.347658256975497807e+03
2.185412424968639243e+03
2.228061480420673433e+03
2.272188714875852384e+03
2.317425626047347123e+03
2.363467801275752208e+03
2.410020115744433497e+03
2.456852368749079687e+03
2.503762737574298626e+03
2.550531423945604729e+03
2.597001093092095289e+03
2.642995833656010291e+03
2.688371539348569968e+03
2.732943775800259118e+03
2.776592840576960043e+03
2.819173942666130642e+03
2.860531836404406931e+03
2.900498995699124862e+03
2.938892935502151886e+03
2.975512245032047758e+03
3.010131182408508266e+03
3.042661601317990062e+03
3.072818104685615708e+03
3.100864997449110888e+03
3.126887720555158921e+03
3.151834909145457459e+03
3.175791506566028147e+03
3.198806132945784157e+03
3.221110013279706891e+03
3.242725813781598845e+03
3.263723762636856009e+03
3.283980046197444153e+03
3.303825892998959716e+03
3.322895366921589812e+03
3.341645279321000089e+03
3.359763408289571089e+03
3.377395394065972141e+03
3.394636936200517994e+03
3.411363810452829057e+03
2.268853421817981143e+03
2.312119432213470645e+03
2.356618236133435857e+03
2.402028645363003761e+03
2.448079904808812444e+03
2.494556444259394993e+03
2.541216398239845148e+03
2.587889171019877267e+03
2.634393894789851856e+03
2.680576135439924656e+03
2.726260090894526911e+03
2.771319803667926863e+03
2.815616928654497769e+03
2.859007749089958907e+03
2.901341405334281262e+03
2.942458031211261186e+03
2.982186506787928920e+03
3.020341835096678551e+03
3.056878502197037960e+03
3.091439370882538242e+03
3.123938462468230682e+03
3.154082463230778558e+03
3.182100040795793120e+03
3.208272884159916885e+03
3.233043887693169381e+03
3.256889418622183257e+03
3.280002855119135347e+03
3.302419270719950418e+03
3.323819129688646626e+03
3.344862645517208875e+03
3.365072634575659322e+03
3.384935358211556377e+03
3.404063542712694471e+03
3.422752748768002675e+03
3.440993146518233516e+03
3.458698076986869637e+03
3.475892373666327785e+03
2.353579938914757349e+03
2.397397360107151599e+03
2.442225310176432231e+03
2.487810686472066209e+03
2.533904700321123528e+03
2.580312564675240083e+03
2.626844949196749440e+03
2.673335017370140122e+03
2.719610484656983317e+03
2.765536069002693694e+03
2.810974766086982527e+03
2.855788490366574024e+03
2.899835766613559827e+03
2.942969880795091740e+03
2.985037072639789585e+03
3.025874715934434334e+03
3.065453954465843253e+03
3.103472121564244844e+03
3.139893753713226943e+03
3.174350054980346158e+03
3.206777644999517179e+03
3.237027160277705207e+03
3.264957368538497121e+03
3.290946345145415307e+03
3.315820947905135654e+03
3.339684096460116962e+03
3.362611595248527465e+03
3.384913910189921353e+03
3.406352507670151681e+03
3.427383927360043344e+03
3.447643311115677079e+03
3.467378693412599205e+03
3.486615685797415608e+03
3.505305214825597432e+03
3.523452078521096155e+03
3.541318889191314156e+03
2.439462667821449941e+03
2.483763312743813913e+03
2.528896108086407366e+03
2.574636134921309349e+03
2.620782296835282978e+03
2.667154399634294805e+03
2.713578793258383484e+03
2.759909398354986024e+03
2.806006814609416324e+03
2.851734619045633735e+03
2.896956278617144562e+03
2.941532874027552680e+03
2.985321234202320284e+03
3.028172309182117715e+03
3.070059860399368517e+03
3.110719303725978534e+03
3.150131891145496866e+03
3.187982463744142024e+03
3.224246571697984109e+03
3.258733299255422025e+03
3.291018214907751371e+03
3.321166120195451640e+03
3.349129681240957780e+03
3.375195212556384831e+03
3.399774083861801046e+03
3.423669431024032747e+03
3.446468561622826201e+03
3.468748991841488987e+03
3.490274818971382047e+03
3.511077441030200589e+03
3.531437744314242082e+03
3.551113104578094863e+03
3.570259005189721847e+03
3.589043397976853157e+03
3.607265012723984455e+03
2.526380924780970872e+03
2.571108245788002478e+03
2.616514501166143418e+03
2.662405957908529217e+03
2.708602591200705319e+03
2.754947258826052348e+03
2.801295212472123694e+03
2.847508745702948545e+03
2.893453192062355811e+03
2.938994076063493594e+03
2.983994869448472400e+03
3.028315388495017942e+03
3.071923718681425271e+03
3.114588528903893348e+03
3.156287331368307150e+03
3.196749388901522252e+03
3.235964359197789236e+03
3.273782776764826849e+03
3.309850195422936849e+03
3.344159974836132278e+03
3.376435125063218948e+03
3.406561447002301975e+03
3.434363217130077373e+03
3.460442355793727984e+03
3.484957213212615898e+03
3.508731403212734222e+03
3.531537193598062004e+03
3.553638104113894769e+03
3.575118744744549986e+03
3.595956752466279795e+03
3.616148620659661901e+03
3.636013192326023272e+03
3.655097785958703298e+03
3.673727259572521689e+03
2.614233786981957564e+03
2.659339064489952762e+03
2.704989866396530033e+03
2.751018695124918850e+03
2.797273010271866042e+03
2.843611483553249855e+03
2.889899058563917606e+03
2.936003380785015906e+03
2.981792065554076544e+03
3.027132016801552709e+03
3.071977504411144764e+03
3.116129523142730250e+03
3.159554047376574999e+03
3.202016958351674475e+03
3.243508716748274765e+03
3.283904315893160856e+03
3.322892843582258593e+03
3.360475870648528144e+03
3.396487537793931551e+03
3.430716258206085513e+03
3.462791657200829832e+03
3.492887332204219547e+03
3.520638015302261465e+03
3.546675028612768074e+03
3.571079469024055015e+03
3.594748660103746261e+03
3.617539964589703686e+03
3.639619872637621484e+03
3.660941371593494750e+03
3.681908465911460553e+03
3.702002901442637267e+03
3.721618107183327083e+03
3.740929340661408332e+03
2.702930266478049816e+03
2.748369149398938134e+03
2.794243074290518052e+03
2.840405189461085683e+03
2.886718296535314948e+03
2.933050502525510183e+03
2.979271906159068749e+03
3.025253969905129907e+03
3.070936308964811360e+03
3.116146683530844712e+03
3.160838320740741892e+03
3.204807746544825932e+03
3.248039370932930069e+03
3.290424155925723881e+03
3.331685580353888326e+03
3.371832652643150141e+03
3.410730312692136977e+03
3.448206245271904663e+03
3.483957825615342699e+03
3.518132394534911327e+03
3.550107283212592847e+03
3.580150980648805216e+03
3.607804415757778770e+03
3.633756584031341845e+03
3.658262892106414256e+03
3.681769662741246975e+03
3.704398904873286028e+03
3.726559895167756622e+03
3.747792844995998621e+03
3.768458517735560235e+03
3.788740428536824766e+03
3.808200918626958810e+03
2.792390380362041014e+03
2.838129593550695972e+03
2.884206668696822817e+03
2.930488983148054103e+03
2.976848021328629329e+03
3.023158131859470814e+03
3.069344216727048206e+03
3.115256489618526302e+03
3.160835395306385180e+03
3.205904060262379062e+03
3.250436749532085742e+03
3.294335658506587606e+03
3.337354998830796376e+03
3.379501012466023440e+03
3.420658059383188174e+03
3.460678053549927427e+03
3.499300034916872391e+03
3.536685748152171982e+03
3.572290668063981229e+03
3.606355981175257511e+03
3.638264561412225703e+03
3.668156969727437172e+03
3.695950234552308757e+03
3.721748485030751453e+03
3.746071316551022846e+03
3.769661401316969204e+03
3.792226798463059367e+03
3.814062512676624010e+03
3.835466427025425673e+03
3.855936258438061486e+03
3.876023171633318270e+03
2.882543794845409593e+03
2.928551870999273888e+03
2.974807904853610580e+03
3.021188165587009280e+03
3.067603340161017513e+03
3.113922570126202118e+03
3.160074159600615985e+03
3.205904897653511853e+03
3.251376311336433901e+03
3.296398958188917732e+03
3.340756443296093494e+03
3.384445994357092786e+03
3.427365494081517227e+03
3.469383679456788741e+03
3.510271737833773841e+03
3.550185662288943604e+03
3.588638899582706927e+03
3.625885544149464295e+03
3.661443722003738458e+03
3.695257864010966841e+03
3.727211213553531707e+03
3.757005019485352932e+03
3.784646233761161056e+03
3.810533939210470635e+03
3.834800095945721296e+03
3.858085954681034309e+03
3.880778543902820275e+03
3.902408488433029561e+03
3.923575629197336639e+03
3.944209544287901736e+03
2.973325263984427238e+03
3.019569860394966781e+03
3.065992657318427064e+03
3.112478759244099365e+03
3.158945312867106168e+03
3.205260618748825436e+03
3.251371938833935019e+03
3.297196221001401227e+03
3.342546288600779917e+03
3.387406259789466731e+03
3.431684044210438060e+03
3.475261546515012014e+03
3.517937513928464341e+03
3.559850659971786627e+03
3.600567010315985044e+03
3.640331240851714028e+03
3.678715542622477187e+03
3.715690230364459694e+03
3.751193761232790166e+03
3.784940310295578456e+03
3.816716118914770959e+03
3.846584489266253513e+03
3.874170227517519379e+03
3.899811235715083058e+03
3.924179082057590676e+03
3.947248190748077832e+03
3.969707677915422209e+03
3.991492434160758421e+03
4.012524655303592681e+03
3.064679995363298076e+03
3.111143943936658161e+03
3.157719657111931156e+03
3.204295268278151525e+03
3.250803139241862482e+03
3.297165303248252712e+03
3.343224061803608492e+03
3.388947611423041508e+03
3.434251903550812585e+03
3.479030145770793752e+03
3.523106065767000473e+03
3.566593757269523849e+03
3.609111339344049156e+03
3.650880401991379586e+03
3.691520204790500429e+03
3.731013767371922313e+03
3.769322226412495638e+03
3.806205398749833876e+03
3.841501915795613968e+03
3.875294497488403067e+03
3.906979270202164116e+03
3.936593770104840587e+03
3.964311494815673086e+03
3.989744002197671762e+03
4.013891550399597691e+03
4.037120199074115135e+03
4.059408073912956752e+03
4.081005740274056734e+03
3.156559655830246811e+03
3.203220952022464189e+03
3.249932750470377869e+03
3.296621246821698151e+03
3.343158658086831565e+03
3.389495649245553977e+03
3.435554810515603094e+03
3.481240080689336992e+03
3.526398266530071851e+03
3.571114098547642243e+03
3.615059227324543826e+03
3.658422350623268358e+03
3.700868700688089120e+03
3.742385594494611269e+03
3.782944265598666789e+03
3.822336642192355612e+03
3.860429560945815865e+03
3.897330933754646139e+03
3.932510937048406049e+03
3.966014067696791244e+03
3.997805817239695898e+03
4.027210759103926648e+03
4.054730407676983305e+03
4.080354015444268498e+03
4.104337185817295904e+03
4.127359420457640226e+03
4.149763216335004472e+03
3.248918080931463010e+03
3.295770242371643690e+03
3.342605562045911938e+03
3.389356511649621098e+03
3.435951640986472285e+03
3.482305669601460067e+03
3.528286750378767465e+03
3.573947514438296821e+03
3.619015268276852566e+03
3.663638051167962658e+03
3.707528542149829718e+03
3.750672733163791236e+03
3.793045079366157552e+03
3.834463986946516798e+03
3.874814284444940768e+03
3.914209909147612962e+03
3.952175731254101720e+03
3.988780885587919329e+03
4.024025754944355413e+03
4.057301248749654405e+03
4.088887114426953758e+03
4.118451443232167549e+03
4.145827088136708880e+03
4.171275702649754749e+03
4.195381028633865753e+03
4.218386981958201432e+03
3.341717450220571664e+03
3.388730350671297856e+03
3.435690798839593754e+03
3.482525109783568951e+03
3.529120719354164521e+03
3.575497207510534281e+03
3.621439794427203651e+03
3.667049639210887108e+03
3.712089258473838981e+03
3.756539215102912749e+03
3.800373230871543001e+03
3.843433658221865699e+03
3.885618178102256024e+03
3.927035786588051451e+03
3.967261347912977726e+03
4.006371127339932173e+03
4.044378916777416634e+03
4.080744935119107140e+03
4.115772535161600899e+03
4.149172186353441248e+03
4.180593290622781751e+03
4.209988188205281403e+03
4.237491041084542303e+03
4.262942922587228168e+03
4.286822297513987905e+03
3.434920683205703426e+03
3.482093444535133585e+03
3.529141820734300381e+03
3.576053339352533840e+03
3.622672975741332266e+03
3.669049984390195732e+03
3.714999898119878708e+03
3.760494124026548434e+03
3.805503681184326524e+03
3.849893793828146045e+03
3.893572163974338764e+03
3.936635358046068177e+03
3.978708503038135404e+03
4.019864452914867798e+03
4.060119757228951130e+03
4.098993485380708080e+03
4.136783500079567602e+03
4.173246968486691912e+03
4.208092732938406698e+03
4.241300842967315475e+03
4.272840872569846397e+03
4.302220152959083862e+03
4.329463324661594015e+03
4.354743805630969291e+03
3.528494207072933932e+03
3.575805499618356407e+03
3.622950196058889560e+03
3.669921880310594588e+03
3.716592452488100207e+03
3.762920639797805052e+03
3.808874410172255011e+03
3.854341358953340205e+03
3.899237894004602822e+03
3.943641867451811322e+03
3.987231762436896133e+03
4.030069364976387988e+03
4.072168561077672166e+03
4.113104671537077593e+03
4.153153961085202354e+03
4.192107816150512917e+03
4.229714209586231846e+03
4.265978928723619902e+03
4.300921142670134941e+03
4.334078627695913383e+03
4.365278633015524065e+03
4.394557598640280048e+03
4.421609627373489275e+03
3.622411780275561796e+03
3.669850037692052865e+03
3.717096272378704271e+03
3.764094548282527285e+03
3.810809162521810322e+03
3.857150498395238628e+03
3.903044632264443862e+03
3.948540938373044810e+03
3.993380097874198327e+03
4.037605063700831579e+03
4.081224334003374679e+03
4.123869859579624062e+03
4.165785254112221082e+03
4.206790964050012917e+03
4.246666626403583905e+03
4.285426809828184560e+03
4.323111367652498302e+03
4.359311642220684917e+03
4.393869287702316797e+03
4.426944245528256033e+03
4.458018859014340705e+03
4.487233000703524340e+03
3.716648086149912160e+03
3.764195936909845841e+03
3.811532084743433188e+03
3.858590531719755745e+03
3.905305554252310230e+03
3.951698246344279596e+03
3.997571840494515527e+03
4.042946427645994845e+03
4.087824071036298392e+03
4.131895063121650310e+03
4.175361771087877059e+03
4.218071850599328172e+03
4.259833525019825174e+03
4.300661335081503239e+03
4.340603657873214615e+03
4.379297233207313184e+03
4.416608606648705063e+03
4.452716075453276972e+03
4.487169875532802507e+03
4.520144013678012925e+03
4.551477245980336193e+03
3.811176766246695479e+03
3.858837377053222554e+03
3.906239643472117677e+03
3.953377085514932332e+03
4.000116364876289026e+03
4.046451096836397937e+03
4.092376952645393430e+03
4.137645039565956722e+03
4.182409268697822881e+03
4.226544211953933882e+03
4.269885668699860616e+03
4.312442748552030025e+03
4.354265079847550624e+03
4.395032252509023238e+03
4.434626950857897100e+03
4.473226067833471461e+03
4.510429560803453569e+03
4.546427911799441063e+03
4.581109859639926981e+03
4.613990072620164938e+03
3.905977421772967318e+03
3.953749519289041928e+03
4.001227593589069329e+03
4.048376604220470654e+03
4.095185652273074993e+03
4.141469823519217243e+03
4.187328357132610108e+03
4.232663487460615215e+03
4.277338252661243132e+03
4.321353038565374845e+03
4.364753583594705560e+03
4.407262819107366340e+03
4.448774768274603957e+03
4.489453780556515994e+03
4.528948994901480546e+03
4.567434820470026352e+03
4.604843698913471599e+03
4.640744701351937692e+03
4.674935856133755806e+03
4.001033185475218488e+03
4.048891284082368657e+03
4.096459839179353366e+03
4.143621492931609282e+03
4.190415380735925282e+03
4.236772740885020539e+03
4.282583909206247881e+03
4.327838545174814499e+03
4.372574501873826193e+03
4.416560022946756362e+03
4.459697869549119787e+03
4.502131938164838175e+03
4.543559608865880364e+03
4.584129295891882066e+03
4.623806280177745066e+03
4.662204630562240709e+03
4.699142076034432648e+03
4.734879228734321259e+03
4.096324616651081669e+03
4.144264822508843281e+03
4.191875640875618046e+03
4.239119155869630049e+03
4.285913083852144155e+03
4.332235482841638259e+03
4.378112944370124751e+03
4.423361816032309434e+03
4.467892186450611916e+03
4.511821256875513427e+03
4.554894762736652410e+03
4.597231466797860776e+03
4.638820098551977935e+03
4.679319282923091123e+03
4.718557295781060020e+03
4.756794020377574270e+03
4.793934071939918795e+03
4.191831603757584162e+03
4.239864311732459100e+03
4.287527042466358580e+03
4.334786053755986359e+03
4.381653846904555394e+03
4.427998137346930889e+03
4.473735656553829358e+03
4.518951695625582943e+03
4.563441450834774514e+03
4.607292251634048625e+03
4.650508849514458234e+03
4.692797161445652819e+03
4.733990465892856264e+03
4.774337526906565472e+03
4.813761434932577686e+03
4.851848768097102948e+03
4.287545899774391728e+03
4.335648667796570408e+03
4.383394709694464837e+03
4.430706715228922803e+03
4.477507920322542304e+03
4.523847164549118133e+03
4.569570817736339450e+03
4.614734057654771277e+03
4.659351319461914500e+03
4.703180169042921989e+03
4.746055083965796257e+03
4.788206811704452775e+03
4.829571572292098608e+03
4.869783380640206815e+03
4.909057340494678101e+03
4.383453487095910532e+03
4.431643112163365913e+03
4.479402823546062791e+03
4.526741074466925056e+03
4.573557488688382364e+03
4.619875108650183392e+03
4.665718139080845503e+03
4.710883780235501035e+03
4.755221974257365218e+03
4.798934855294522094e+03
4.841968376157781677e+03
4.884005188994164200e+03
4.925237354812097692e+03
4.965292820664592000e+03
4.479536161431689834e+03
4.527786177823822072e+03
4.575591861409496232e+03
4.622944740541919600e+03
4.669874036046335277e+03
4.716221046355818544e+03
4.761849908548138046e+03
4.806930210022035681e+03
4.851415237786859507e+03
4.895038936335388826e+03
4.937962926228213291e+03
4.979868909173688735e+03
5.021020321157257968e+03
4.575787731627133326e+03
4.624093060037565920e+03
4.672005443134872621e+03
4.719417648749522414e+03
4.766204401049331864e+03
4.812500648225633995e+03
4.858265217907810438e+03
4.903286781972203244e+03
4.947690351315681255e+03
4.991212659105634884e+03
5.034068867166512064e+03
5.076027040781594224e+03
4.672224465105187846e+03
4.720621419795305883e+03
4.768469568929800516e+03
4.815868021925412904e+03
4.862779605536461531e+03
4.909051688687603018e+03
4.954767304475223682e+03
4.999720085121679404e+03
5.044073508395249519e+03
5.087641790714133094e+03
5.130440145423405738e+03
4.768755559316812651e+03
4.817177614242827985e+03
4.865139643913401414e+03
4.912552048544337595e+03
4.959450977896109180e+03
5.005689496728313316e+03
5.051376674687016020e+03
5.096372805131529276e+03
5.140688449223915086e+03
5.184223475040082121e+03
4.865453790819053211e+03
4.913930916336983501e+03
4.961919898633605044e+03
5.009335947224353731e+03
5.056231790475869275e+03
5.102514091675674536e+03
5.148186116765511542e+03
5.193167702889858447e+03
5.237352157746380726e+03
4.962280879990024914e+03
5.010800329887909356e+03
5.058814688058647334e+03
5.106277636001689643e+03
5.153183042806726007e+03
5.199471589726056663e+03
5.245054858727707142e+03
5.290083023896446321e+03
5.059230670429536985e+03
5.107802342373304782e+03
5.155852630662709998e+03
5.203344210705304249e+03
5.250206978947249809e+03
5.296546070530559518e+03
5.342202767405415216e+03
5.156298812166224707e+03
5.204922639071158301e+03
5.252979477707025580e+03
5.300526909033058473e+03
5.347465908474823664e+03
5.393602348848100519e+03
5.253474804691596546e+03
5.302160794210050881e+03
5.350297471803889493e+03
5.397722190640532972e+03
5.444694055917078003e+03
5.350798714150564592e+03
5.399446081203211179e+03
5.447607244872830051e+03
5.495130445314381177e+03
5.448138947735217698e+03
5.496881571004558282e+03
5.545050381221915814e+03
5.545612153352789392e+03
5.594371384834792480e+03
5.643226703667123729e+03
