nan
nan
nan
nan
nan
nan
nan
nan
nan
nan
nan
nan
nan
nan
nan
nan
nan
nan
nan
nan
nan
nan
nan
nan
nan
nan
1.794538478717243606e+03
1.830256027995939576e+03
1.865362954214849196e+03
1.900145800663369982e+03
1.934977467645972183e+03
2.004440699703757218e+03
2.075627328023314931e+03
2.147360036646908611e+03
2.218657997452685777e+03
2.289855997305614437e+03
2.361464635570085193e+03
2.433075528794702223e+03
2.504388155726675905e+03
2.575739638522419682e+03
2.647103349458457615e+03
2.718326564257672544e+03
2.789521778415495646e+03
2.860876739526589517e+03
2.932101652643977104e+03
3.003712374485154669e+03
3.074882225935166844e+03
3.145801094778016704e+03
3.217225426763500764e+03
3.288629857996999817e+03
3.360715211484688098e+03
3.432781477690103202e+03
3.504999051088217129e+03
3.577689201007729025e+03
3.650462144680075653e+03
3.723245777819823161e+03
3.796187140931822796e+03
3.869276514970947574e+03
3.942688084276668633e+03
4.015541993990364972e+03
4.088741087356978824e+03
4.162089507163426788e+03
4.235320035251691479e+03
4.308600547263570661e+03
4.381879962290407093e+03
4.455538484245645122e+03
4.528850057501707852e+03
4.602859600168338147e+03
4.676363930220155453e+03
4.749889124482201623e+03
4.823759706125364573e+03
nan
nan
nan
nan
nan
nan
nan
nan
nan
nan
nan
nan
nan
nan
nan
nan
nan
nan
nan
nan
nan
nan
nan
nan
nan
1.794336994217131178e+03
1.830031104722199871e+03
1.865069822051726533e+03
1.899919420117261780e+03
1.934853444960108391e+03
2.004450196381366823e+03
2.075827377781032283e+03
2.147488609011971675e+03
2.218613208267478058e+03
2.289854245152050680e+03
2.361425081498327927e+03
2.432924877430914421e+03
2.504273861099931310e+03
2.575569115553397296e+03
2.646835123943123108e+03
2.717938147565691452e+03
2.789184402376734397e+03
2.860522866342380439e+03
2.931695526216601593e+03
3.003129621227344160e+03
3.074203020174748417e+03
3.145236860903968591e+03
3.216471008574171265e+03
3.288123137205009698e+03
3.360142163884268484e+03
3.432165321460460746e+03
3.504482988999410281e+03
3.577202366640241507e+03
3.649867189152806077e+03
3.722915079808289647e+03
3.795724827038588046e+03
3.868804305737120103e+03
3.941815379068581933e+03
4.015057116599555229e+03
4.088234034001277905e+03
4.161550175964852315e+03
4.234780429848278800e+03
4.308115454379245421e+03
4.381623278342515732e+03
4.455159460449282051e+03
4.528505308754272846e+03
4.601922329878128039e+03
4.675780796470308815e+03
4.749272646477361377e+03
4.822784353288565399e+03
nan
nan
nan
nan
nan
nan
nan
nan
nan
nan
nan
nan
nan
nan
nan
nan
nan
nan
nan
nan
nan
nan
nan
1.755339017134741880e+03
1.794122652946038897e+03
1.829802404945155786e+03
1.864785274708242923e+03
1.899683445361961958e+03
1.934491172441973049e+03
2.004421017858705682e+03
2.076004412712421981e+03
2.147505725252184675e+03
2.218608731917160640e+03
2.290013624134647671e+03
2.361485684720199060e+03
2.432908865589680772e+03
2.504160743689828450e+03
2.575419463532549344e+03
2.646513881621497603e+03
2.717630105236114105e+03
2.788850632062413752e+03
2.860095402302855291e+03
2.931235302950975893e+03
3.002593768300341708e+03
3.073605305720329397e+03
3.144602615312041507e+03
3.215914423041604550e+03
3.287615067305748198e+03
3.359642906219391534e+03
3.431939316366065214e+03
3.504254612925950823e+03
3.576824008646237417e+03
3.649809831432994088e+03
3.722577365434280637e+03
3.795336249704660531e+03
3.868274798789800570e+03
3.941505950245740678e+03
4.014463752928278154e+03
4.087877674356554962e+03
4.161259047646681211e+03
4.234373826271259531e+03
4.307627785093731291e+03
4.380987397094336302e+03
4.454476437873850955e+03
4.527920932671509036e+03
4.601267582074650818e+03
4.675035953465854618e+03
4.748457089380504840e+03
4.822723867408547449e+03
nan
nan
nan
nan
nan
nan
nan
nan
nan
nan
nan
nan
nan
nan
nan
nan
nan
nan
nan
nan
nan
nan
1.755167288729565598e+03
1.793938355596463452e+03
1.829583920232597393e+03
1.864577282765120344e+03
1.899476681894773265e+03
1.934210878097654131e+03
2.004547356530615161e+03
2.076091493040400564e+03
2.147539569296831814e+03
2.218584275065794827e+03
2.290114428272744590e+03
2.361550567292865708e+03
2.432727763462542043e+03
2.503997132631981003e+03
2.575163294659108942e+03
2.646254636571329684e+03
2.717340523667394336e+03
2.788380169899659450e+03
2.859547393364811796e+03
2.930893627934342476e+03
3.002018678385547901e+03
3.072754589315021803e+03
3.143921172196382031e+03
3.215374586689249554e+03
3.287125617340662757e+03
3.358986553833824473e+03
3.431260844137022104e+03
3.503769958701341238e+03
3.576566145256058462e+03
3.649160261514098693e+03
3.721873809511449053e+03
3.794954781963666392e+03
3.867898329922080848e+03
3.941002901495901824e+03
4.014148947829111421e+03
4.087553179794296284e+03
4.160693909417390387e+03
4.234029669654388272e+03
4.307190056248587098e+03
4.380691400420002537e+03
4.454078868580978451e+03
4.527542765717826114e+03
4.601018474239192983e+03
4.674434720956227466e+03
4.748424013340498277e+03
4.822040192420643507e+03
nan
nan
nan
nan
nan
nan
nan
nan
nan
nan
nan
nan
nan
nan
nan
nan
nan
nan
nan
nan
nan
1.755098747563178222e+03
1.793734550805367462e+03
1.829316535965029743e+03
1.864355649235422106e+03
1.899310849242942368e+03
1.934049922316244647e+03
2.004691535426591145e+03
2.076289593383147803e+03
2.147625017156749436e+03
2.218606869776272106e+03
2.290106678265603477e+03
2.361432012021357878e+03
2.432688073472785618e+03
2.503768828898090305e+03
2.574900069115503356e+03
2.645855653350668945e+03
2.717006153003453619e+03
2.788189477537105631e+03
2.859215124889085928e+03
2.930436545420806851e+03
3.001254732782711471e+03
3.072224181929982478e+03
3.143133096080206087e+03
3.214829980393626101e+03
3.286368482617073823e+03
3.358470353642602277e+03
3.430883928363711675e+03
3.503382732063448657e+03
3.576120054769572562e+03
3.648739958060710251e+03
3.721647818976064627e+03
3.794578426832197692e+03
3.867609284483206920e+03
3.940579275680729552e+03
4.013895437928460979e+03
4.086801135963589331e+03
4.160190612317956948e+03
4.233430287313229201e+03
4.306837148350203279e+03
4.380349870832647866e+03
4.453469031099973108e+03
4.527016771497203081e+03
4.600705246054585587e+03
4.674195879199505725e+03
4.747406967309718311e+03
4.821397619745925113e+03
nan
nan
nan
nan
nan
nan
nan
nan
nan
nan
nan
nan
nan
nan
nan
nan
nan
nan
nan
nan
1.755000876914918081e+03
1.793480089837738433e+03
1.829069369921935049e+03
1.864093181069240472e+03
1.899031729906175997e+03
1.933845325616146283e+03
2.004803153020935952e+03
2.076467008795407764e+03
2.147585417171991139e+03
2.218687471090109284e+03
2.290077596861086022e+03
2.361490376461932101e+03
2.432550132899362325e+03
2.503648609949721504e+03
2.574592659842466674e+03
2.645540741185448496e+03
2.716585599954076315e+03
2.787663903231481072e+03
2.858840949304052174e+03
2.929958948835473620e+03
3.000631040037614639e+03
3.071415576838929155e+03
3.142781804384746010e+03
3.214235741402461372e+03
3.286072189804648588e+03
3.358193180258710527e+03
3.430511955992217736e+03
3.503037552684740149e+03
3.575591757763493661e+03
3.648245048591469185e+03
3.721228044659041643e+03
3.794062511553456716e+03
3.867138030296509896e+03
3.940196409327761558e+03
4.013138065903277948e+03
4.086548999544349954e+03
4.159592354144639103e+03
4.232857063307335920e+03
4.306383313274089232e+03
4.379461725727040175e+03
4.453153797141361792e+03
4.526263243642837551e+03
4.600010958554102217e+03
4.673638535845295337e+03
4.747005425915916931e+03
4.820554145383130162e+03
nan
nan
nan
nan
nan
nan
nan
nan
nan
nan
nan
nan
nan
nan
nan
nan
nan
nan
nan
1.754890089522479229e+03
1.793269867486435032e+03
1.828843293065071975e+03
1.863957439363507092e+03
1.898833903202544661e+03
1.933762354730526795e+03
2.005016175983231733e+03
2.076490722959816139e+03
2.147541546382717570e+03
2.218722127435758011e+03
2.290091732055112971e+03
2.361406457231175864e+03
2.432465233465302845e+03
2.503381905996827300e+03
2.574312432304920549e+03
2.645222504732143534e+03
2.716196112471493961e+03
2.787221173519671538e+03
2.858314881030003562e+03
2.929319562716663313e+03
2.999913693774491549e+03
3.070841929393118335e+03
3.141974017650152291e+03
3.213646540794956763e+03
3.285577117875047406e+03
3.357665688745357329e+03
3.430088013877178582e+03
3.502602139138918119e+03
3.575173475868714377e+03
3.648141272262602342e+03
3.720797977203942537e+03
3.793568608341154686e+03
3.866623335416844839e+03
3.939706338134446924e+03
4.012701381960071558e+03
4.085993035008844345e+03
4.159058197914672746e+03
4.232588067787581167e+03
4.305785703236539121e+03
4.379117557681011021e+03
4.452592548718579565e+03
4.525850751457021943e+03
4.599447728978928353e+03
4.672732169516815702e+03
4.746326709233167094e+03
4.820016958696920483e+03
nan
nan
nan
nan
nan
nan
nan
nan
nan
nan
nan
nan
nan
nan
nan
nan
nan
nan
1.754747744614543990e+03
1.793043676158096559e+03
1.828617649373205040e+03
1.863727856789028010e+03
1.898599210184142066e+03
1.933737815821974664e+03
2.005140776681712396e+03
2.076641446335971523e+03
2.147578731889497249e+03
2.218828938078802821e+03
2.290118096922019504e+03
2.361392000543346512e+03
2.432292550229563858e+03
2.503217714159752177e+03
2.574071549696285729e+03
2.644891012786609281e+03
2.715758211489919177e+03
2.786870552717059127e+03
2.857923184130265327e+03
2.928640781705826157e+03
2.999408642509896708e+03
3.070222646062812601e+03
3.141519615059001808e+03
3.213096536255564388e+03
3.285111260921487428e+03
3.357252722506130794e+03
3.429655735203356016e+03
3.502179994501778765e+03
3.574820350185610550e+03
3.647407356163816530e+03
3.720142092434640290e+03
3.793158292943958259e+03
3.866254035749359446e+03
3.939084251156373739e+03
4.012357627820760626e+03
4.085461835979910120e+03
4.158633970768754807e+03
4.231923221991839455e+03
4.305238176418219155e+03
4.378695680987155356e+03
4.452028486055322901e+03
4.525240894654862132e+03
4.598659078664348272e+03
4.672384501685028226e+03
4.745652853418726409e+03
4.819536262262737182e+03
nan
nan
nan
nan
nan
nan
nan
nan
nan
nan
nan
nan
nan
nan
nan
nan
1.705510516618432121e+03
1.754663329948379669e+03
1.792823544987939385e+03
1.828426224919405286e+03
1.863573163059188346e+03
1.898373387816609920e+03
1.933773058502330969e+03
2.005282272732215915e+03
2.076680427366554795e+03
2.147587945574334299e+03
2.218927668489292046e+03
2.290183504898966476e+03
2.361257093322207766e+03
2.432131766161352971e+03
2.502853528179224668e+03
2.573782792526740650e+03
2.644589769748259641e+03
2.715442141676038773e+03
2.786325703733559749e+03
2.857371669402401039e+03
2.928021954253088552e+03
2.998711611417911627e+03
3.069712903263683074e+03
3.141038029417454709e+03
3.212698778297294666e+03
3.284590386468118595e+03
3.357123065457291432e+03
3.429443831632834190e+03
3.501642044361772605e+03
3.574335250679578621e+03
3.647118607020865511e+03
3.719884859060770850e+03
3.792869690098276806e+03
3.865743067128042185e+03
3.938829786744749981e+03
4.011951108592500532e+03
4.085047339388780529e+03
4.158195594151064142e+03
4.231293013956954383e+03
4.304508260946918199e+03
4.377919172902084028e+03
4.451378237051563701e+03
4.524793892690631765e+03
4.598175441258944375e+03
4.672008009556937395e+03
4.745455369345945655e+03
4.818636783714500780e+03
nan
nan
nan
nan
nan
nan
nan
nan
nan
nan
nan
nan
nan
nan
nan
1.705308762242005059e+03
1.754585381023945956e+03
1.792604209558970297e+03
1.828184458017021825e+03
1.863314570284323281e+03
1.898310212632610728e+03
1.933930300075031028e+03
2.005418351873970551e+03
2.076712617138475707e+03
2.147676446341505653e+03
2.218904636873534400e+03
2.290038736318576412e+03
2.361034988455706298e+03
2.431882655390978016e+03
2.502611009464133531e+03
2.573473094024078819e+03
2.644229352235997339e+03
2.715054933179450927e+03
2.785920640582873602e+03
2.856844739547464087e+03
2.927311998105565181e+03
2.998177095308353273e+03
3.069096255952777483e+03
3.140474321077032982e+03
3.212220005081026102e+03
3.284144455121489500e+03
3.356255047001734511e+03
3.428831829302695951e+03
3.501261111333841200e+03
3.573901755686011711e+03
3.646653381893199366e+03
3.719387206565770612e+03
3.792346532974940601e+03
3.865177002076490226e+03
3.938309397787191756e+03
4.011169856631548100e+03
4.084427556379175257e+03
4.157735970582123628e+03
4.231183963011691048e+03
4.304325526429360252e+03
4.377239584639994973e+03
4.450679814651221022e+03
4.524103580866041739e+03
4.597592102603732201e+03
4.671053197416546027e+03
4.744502814748546371e+03
4.818429525520036805e+03
nan
nan
nan
nan
nan
nan
nan
nan
nan
nan
nan
nan
nan
nan
nan
1.754283656700165238e+03
1.792101366329661232e+03
1.827833548705775684e+03
1.862888241000295693e+03
1.898348558263749737e+03
1.934171986281927730e+03
2.005753389381011402e+03
2.076718905831649863e+03
2.147894393842018872e+03
2.219074547818390329e+03
2.289962013886923160e+03
2.360739325465159709e+03
2.431476111499786384e+03
2.501989950018849413e+03
2.572653977542002849e+03
2.643327395250361405e+03
2.714031592027214174e+03
2.784823707774954073e+03
2.855199621765671509e+03
2.925860754336898935e+03
2.996637795147807083e+03
3.067733726396911152e+03
3.139201740661316762e+03
3.211052173695358306e+03
3.283142352744127038e+03
3.355268417522076561e+03
3.427682481509323225e+03
3.500111758008636116e+03
3.572887184064640678e+03
3.645584493035089508e+03
3.718404184082897700e+03
3.791149147677898327e+03
3.864166744337539967e+03
3.936985307337131871e+03
4.010142852604697509e+03
4.083186989067408831e+03
4.156247349109948118e+03
4.229783030763060196e+03
4.302812052052981926e+03
4.376046818905151667e+03
4.449528122260823693e+03
4.523024817285684549e+03
4.595980462542531313e+03
4.669516521892575838e+03
4.742950006294604464e+03
4.816722560763577349e+03
nan
nan
nan
nan
nan
nan
nan
nan
nan
nan
nan
nan
nan
nan
1.754016507625308577e+03
1.791678489182976136e+03
1.827334519214264446e+03
1.862841688918926138e+03
1.898611529429419534e+03
1.934595553071494578e+03
2.005927505088455518e+03
2.076845037838244934e+03
2.148043788385562493e+03
2.219000554325678422e+03
2.289666683172453304e+03
2.360225037468030678e+03
2.430777951934984230e+03
2.501232485014350459e+03
2.571739908557985018e+03
2.642444231608785230e+03
2.713032020791750256e+03
2.783357143536605690e+03
2.853748380859356985e+03
2.924289701584491922e+03
2.995160845889092343e+03
3.066554429120939858e+03
3.138051178989505843e+03
3.209910213135755839e+03
3.281991350691139360e+03
3.354210378096041040e+03
3.426782688188381144e+03
3.499165196323144755e+03
3.571778353981647342e+03
3.644444293646170081e+03
3.717257194528189302e+03
3.790133389923294089e+03
3.862944586017971687e+03
3.935847203443774561e+03
4.009032768396850770e+03
4.082030495283089749e+03
4.154925260891694052e+03
4.228237308959231086e+03
4.301736843989977388e+03
4.374581763214294369e+03
4.447722967255189360e+03
4.521354493588682089e+03
4.594635815067782460e+03
4.667810479840969492e+03
4.741439164245222855e+03
4.815421768806270848e+03
nan
nan
nan
nan
nan
nan
nan
nan
nan
nan
nan
nan
nan
1.753630449747927969e+03
1.791301231377577324e+03
1.827140786464756275e+03
1.863040642394454608e+03
1.899039336830907814e+03
1.934883589785184768e+03
2.006045779247925793e+03
2.077089809273913033e+03
2.148070075990876830e+03
2.218840767807598695e+03
2.289384908103483667e+03
2.359757322564618335e+03
2.429941149051142020e+03
2.500420194965857263e+03
2.570770951398737907e+03
2.641309357891873333e+03
2.711660886029636458e+03
2.781813815925312156e+03
2.852167230906832629e+03
2.922919563372230186e+03
2.993847307403356808e+03
3.065242670990926854e+03
3.136985485885156777e+03
3.208770123522910581e+03
3.281069447223505904e+03
3.353251239859278030e+03
3.425667241137889960e+03
3.498086394780929822e+03
3.570620693876649966e+03
3.643101198481082974e+03
3.716052933846043743e+03
3.788801397344772340e+03
3.861802838961118141e+03
3.934574904452724240e+03
4.007685809069418610e+03
4.080430742281768744e+03
4.153766773788716819e+03
4.226696244636493248e+03
4.299841168677327914e+03
4.372952731885227877e+03
4.446181630345256053e+03
4.519340770069398786e+03
4.592856191476977983e+03
4.666206582908420387e+03
4.739573104272817545e+03
4.812654586938200737e+03
nan
nan
nan
nan
nan
nan
nan
nan
nan
nan
nan
nan
1.753194483983233567e+03
1.790932666599137747e+03
1.827221252569765056e+03
1.863385844330744703e+03
1.899349423256825958e+03
1.935133596454292274e+03
2.006168539762314595e+03
2.077192850592064133e+03
2.148111964294640529e+03
2.218632070432811815e+03
2.288930308606943981e+03
2.359179279228716496e+03
2.429345855304977704e+03
2.499508133301503221e+03
2.569859326494995912e+03
2.640187717493991840e+03
2.710259982840098928e+03
2.780336513340501369e+03
2.850749128891098735e+03
2.921567115688467311e+03
2.992496402047614993e+03
3.063986937853096606e+03
3.135764722962007454e+03
3.207731755607678679e+03
3.279762833604515436e+03
3.352143757965609439e+03
3.424524876701429093e+03
3.496712848700598443e+03
3.569563606994126530e+03
3.642073216131162553e+03
3.714890689631727582e+03
3.787428782823300025e+03
3.860265056043833738e+03
3.933194353698500890e+03
4.006287695258353324e+03
4.079322292903217203e+03
4.152284113466823328e+03
4.225222819104017617e+03
4.298110480664754505e+03
4.371237811130971750e+03
4.444300704786604001e+03
4.517706255896431685e+03
4.590827503254789008e+03
4.664160040446510720e+03
4.737705663208906117e+03
4.810483787944940559e+03
nan
nan
nan
nan
nan
nan
nan
nan
nan
nan
nan
1.752796046157931187e+03
1.790845620255150607e+03
1.827446205628117696e+03
1.863704936142197539e+03
1.899581950230524399e+03
1.935342470020657856e+03
2.006452704565052045e+03
2.077421500622486292e+03
2.147998170534337078e+03
2.218319002669262318e+03
2.288491111455411556e+03
2.358374250796083288e+03
2.428573204268314839e+03
2.498575843618365070e+03
2.568760764627736989e+03
2.638823466743888275e+03
2.708695091213550768e+03
2.778834287224135096e+03
2.849396281550688400e+03
2.920181759584050269e+03
2.991401544293351435e+03
3.062951893794273929e+03
3.134784947290062973e+03
3.206849106445742109e+03
3.278818149659386108e+03
3.350914765636838638e+03
3.423278300624585427e+03
3.495726797034241827e+03
3.568242956109885199e+03
3.640863794399401741e+03
3.713734578961521038e+03
3.786279707699799474e+03
3.858858208331716924e+03
3.931707988409948030e+03
4.004851060131519716e+03
4.077635290387448549e+03
4.150659112034190912e+03
4.223496201575019768e+03
4.296466407370354318e+03
4.369701512282016665e+03
4.442961172293742493e+03
4.515744289480770021e+03
4.588927875752846376e+03
4.662373745750091985e+03
4.735534163190042818e+03
4.808730269433671310e+03
nan
nan
nan
nan
nan
nan
nan
nan
nan
nan
1.752285072963926950e+03
1.790961105978622754e+03
1.827783913131540430e+03
1.864024866135348475e+03
1.899781000502701545e+03
1.935551107392702761e+03
2.006701259474412154e+03
2.077403462683446378e+03
2.147795476825929654e+03
2.217873507205750684e+03
2.287796358746667465e+03
2.357727008283871328e+03
2.427678109797440811e+03
2.497567839228597677e+03
2.567675728605162476e+03
2.637319876635368018e+03
2.707203974935823680e+03
2.777460533002112243e+03
2.847914685849946181e+03
2.918970228864898218e+03
2.990189579316461732e+03
3.061893721995302258e+03
3.133697707776424068e+03
3.205800377588576339e+03
3.277557831910672576e+03
3.349894601698988481e+03
3.422208997130830539e+03
3.494761345436473221e+03
3.566964359463227083e+03
3.639490329319990451e+03
3.712195851173200936e+03
3.784750346297413671e+03
3.857539859105180312e+03
3.930388099333559694e+03
4.003151810499691237e+03
4.075974327638005889e+03
4.148763356426808969e+03
4.221844016486767941e+03
4.294750729845829483e+03
4.367741599435090393e+03
4.441065838439868457e+03
4.513677818295244833e+03
4.586857582769367582e+03
4.660235437881722646e+03
4.732985705534512817e+03
4.806353143909319442e+03
nan
nan
nan
nan
nan
nan
nan
nan
nan
1.752108814920372424e+03
1.791461300943109109e+03
1.828327026381638916e+03
1.864500340033998782e+03
1.900421620822507975e+03
1.936120727528657198e+03
2.006934411354417534e+03
2.077237392852804078e+03
2.147042298055705487e+03
2.216816684991838429e+03
2.286428670860412240e+03
2.356017932841174570e+03
2.425699841012514298e+03
2.495346721527740556e+03
2.564835146773756605e+03
2.634499411130065710e+03
2.704471318728024926e+03
2.774745145527682780e+03
2.845617602743234329e+03
2.916686332956076058e+03
2.988049248485262979e+03
3.059571316559911793e+03
3.131408576199123672e+03
3.203247620024895241e+03
3.275438591944323889e+03
3.347308518691230347e+03
3.419616914667053152e+03
3.491855192114835518e+03
3.564065178590625692e+03
3.636824386513932950e+03
3.709018582400110063e+03
3.781559954646269034e+03
3.854225311028616488e+03
3.926882949438374453e+03
3.999827951242774361e+03
4.072722930327580798e+03
4.145031780626120053e+03
4.217793532818255699e+03
4.290816709300390357e+03
4.363575772612046421e+03
4.436110798241382327e+03
4.509482091138156648e+03
4.582453042848823316e+03
4.655619547583755775e+03
4.728284745517215015e+03
4.801488137966291106e+03
nan
nan
nan
nan
nan
nan
nan
nan
1.752362366607943841e+03
1.792081478969128057e+03
1.829096820976414620e+03
1.865293381895203311e+03
1.901060753880125503e+03
1.936514995209562585e+03
2.006846346144108793e+03
2.076615561210262968e+03
2.146044263752933148e+03
2.215306357306204063e+03
2.284753326961934363e+03
2.354116318931714886e+03
2.423401848687002257e+03
2.492558754109006259e+03
2.561855910998632680e+03
2.631626756858576755e+03
2.701836565207378953e+03
2.772296993500060125e+03
2.843131317579096503e+03
2.914364151586420121e+03
2.985838664756301114e+03
3.057286636456192355e+03
3.128843714213062412e+03
3.200721853694824858e+03
3.272517758573109859e+03
3.344623194241876263e+03
3.416738353100468885e+03
3.488869199318386563e+03
3.561062855897085683e+03
3.633763787961078833e+03
3.705716693005391789e+03
3.778078977046428918e+03
3.850723822649951217e+03
3.923262689055995907e+03
3.995316422791834611e+03
4.068406123777555877e+03
4.141031336440257292e+03
4.213642282748744037e+03
4.286334636455445434e+03
4.359094763350569337e+03
4.432022856818473883e+03
4.504531779388946234e+03
4.577538322877846440e+03
4.650200460166355697e+03
4.723179399018868935e+03
4.796278933414540006e+03
nan
nan
nan
nan
nan
nan
nan
1.753174435458301559e+03
1.793019221309206614e+03
1.829896833012929164e+03
1.865892008262921991e+03
1.901379701542775365e+03
1.936587658461480260e+03
2.006344958408296407e+03
2.075620664433053662e+03
2.144625860011013629e+03
2.213668069221188944e+03
2.282756319064487343e+03
2.351840563326310530e+03
2.420570632435317748e+03
2.489648995563127755e+03
2.559001005628042094e+03
2.628902033721969929e+03
2.699186531586981346e+03
2.769772768371247366e+03
2.840647269579346357e+03
2.911693752341748223e+03
2.983163938230091844e+03
3.054521358316954320e+03
3.126067686039750242e+03
3.197824425093256650e+03
3.269575526182326939e+03
3.341396480499966401e+03
3.413429591690785855e+03
3.485455703632986115e+03
3.557638734364419179e+03
3.629601162549165110e+03
3.701911886941038574e+03
3.774129035413825477e+03
3.846416953338136409e+03
3.919076538046303540e+03
3.991346132895823757e+03
4.063632394416225907e+03
4.136142859412354483e+03
4.208673507327173866e+03
4.281281120210478548e+03
4.353839417370054434e+03
4.426554312459720677e+03
4.499204237559350986e+03
4.572048060816379802e+03
4.644463923929744851e+03
4.717578843846546988e+03
4.790426142027456081e+03
nan
nan
nan
nan
nan
nan
1.754216197177645427e+03
1.793887731308660477e+03
1.830478984487185699e+03
1.866167691347253822e+03
1.901359948694238028e+03
1.936307262956636805e+03
2.005425354488609855e+03
2.074265478794501178e+03
2.143001642133169298e+03
2.211750658521186779e+03
2.280313041191518096e+03
2.348805269961796512e+03
2.417622695088663932e+03
2.486702985878851905e+03
2.556260471944520759e+03
2.626253097391781921e+03
2.696432601071271165e+03
2.767032358872515033e+03
2.837948588611418018e+03
2.908924020787329937e+03
2.980108072973277558e+03
3.051466476303984564e+03
3.122909558144987386e+03
3.194330611131136266e+03
3.265945809897886647e+03
3.337741649730708104e+03
3.409555584529550288e+03
3.481435995110784916e+03
3.553482945537660271e+03
3.625307437779948486e+03
3.697361836441271407e+03
3.769556222564198833e+03
3.841833648401752725e+03
3.913910354096285573e+03
3.986198096638225252e+03
4.058392514614998618e+03
4.130555631667637499e+03
4.203118316718991991e+03
4.275666952613903959e+03
4.348437808164882881e+03
4.420566958948669708e+03
4.493404472881520633e+03
4.565756787670917220e+03
4.638534574805660668e+03
4.711158311569732177e+03
4.783962855081585076e+03
nan
nan
nan
nan
nan
1.755196964917000287e+03
1.794516403236519182e+03
1.830767049856610356e+03
1.866090363102167203e+03
1.900917535405650142e+03
1.935517709245125843e+03
2.004148841036261274e+03
2.072540425690196571e+03
2.140943148197934988e+03
2.209273460398143925e+03
2.277390813888895536e+03
2.345712310626288854e+03
2.414527120343887873e+03
2.483703399838119367e+03
2.553270745156579324e+03
2.623255249713809462e+03
2.693505585653792878e+03
2.764065282379384371e+03
2.834705846468049458e+03
2.905691775183552636e+03
2.976592358828737815e+03
3.047542830864500502e+03
3.119110944952782120e+03
3.190433262555345209e+03
3.261807240736374297e+03
3.333532878485126275e+03
3.404943080885640484e+03
3.476818245761781327e+03
3.548408159337855523e+03
3.620245876336352012e+03
3.692084682827491633e+03
3.764056882490300268e+03
3.836556671014084259e+03
3.908248909029082824e+03
3.980345718465691334e+03
4.052434909968181728e+03
4.124608224069847893e+03
4.196762486452806115e+03
4.269103098707004392e+03
4.341483840988367774e+03
4.413940679037890732e+03
4.486528566349695211e+03
4.558979017113391819e+03
4.631610362102695944e+03
4.704182260450452304e+03
4.776870508996839817e+03
nan
nan
nan
nan
1.755810219354818400e+03
1.794773129226987294e+03
1.830565816728762002e+03
1.865522528586242515e+03
1.899962735488587441e+03
1.934258895868299987e+03
2.002369523024513910e+03
2.070397898368412370e+03
2.138321320865385132e+03
2.206058393895217250e+03
2.274044256583732022e+03
2.342388270041486066e+03
2.411220424418742368e+03
2.480410303813649080e+03
2.549988299028805613e+03
2.619768989423358562e+03
2.690011849619414534e+03
2.760319083530579519e+03
2.830893360007753472e+03
2.901622166023546924e+03
2.972361501636278263e+03
3.043352307169560845e+03
3.114465789345465510e+03
3.185585118956792940e+03
3.256911136008036920e+03
3.328220562000738028e+03
3.399579092159625361e+03
3.471240779993643628e+03
3.542746752151972487e+03
3.614245947962079299e+03
3.686132265025789366e+03
3.757975729644095736e+03
3.829679258756330910e+03
3.901693640357310869e+03
3.973502595082268272e+03
4.045455334734899679e+03
4.117575790326923197e+03
4.189693616598411609e+03
4.261886663030685668e+03
4.334085042211845575e+03
4.406519774390892053e+03
4.478782589403817838e+03
4.551313476104472102e+03
4.623648325811383984e+03
4.696498104301869716e+03
4.768754493531966546e+03
nan
nan
nan
1.755853771684625372e+03
1.794487873119989672e+03
1.829798963432066557e+03
1.864284923928803209e+03
1.898386934847942030e+03
1.932326212573171006e+03
1.999877926382581336e+03
2.067445142852336630e+03
2.134784584461343911e+03
2.202313645416843428e+03
2.270216614143332208e+03
2.338529743464262992e+03
2.407289443046453016e+03
2.476432306152579258e+03
2.545859838906951154e+03
2.615621104104657206e+03
2.685634026415611515e+03
2.755575360067582096e+03
2.826085127156734870e+03
2.896550339849241027e+03
2.967182071241125414e+03
3.037973632538059064e+03
3.108658894748412877e+03
3.179571272356282861e+03
3.250720081410850980e+03
3.321848782409504111e+03
3.393075762797023344e+03
3.464297811671213367e+03
3.535824526568041165e+03
3.607108662689259745e+03
3.678655279918823908e+03
3.750241730353674484e+03
3.821996467411715003e+03
3.893657027412216848e+03
3.965409629136143849e+03
4.037253766801248275e+03
4.109248975773695747e+03
4.181201442664052593e+03
4.253370570168941413e+03
4.325343958625724554e+03
4.397694491170684159e+03
4.469826888079304808e+03
4.542174008061323548e+03
4.614472342431950892e+03
4.686895135226790444e+03
4.759336862403533814e+03
nan
nan
1.754955792282777111e+03
1.793223896519016762e+03
1.827978543875712148e+03
1.861911902064112837e+03
1.895555213848047515e+03
1.929108442942860165e+03
1.996065685705183796e+03
2.062976831281552222e+03
2.130101844619296571e+03
2.197550803204812382e+03
2.265438757909390006e+03
2.333719120902716440e+03
2.402296229942381615e+03
2.471265562319999844e+03
2.540480984123554208e+03
2.609946828047808594e+03
2.679793960715608137e+03
2.749618411191355335e+03
2.819741123410288310e+03
2.889934931669773505e+03
2.960214581481679943e+03
3.030717371099014144e+03
3.101290414277600121e+03
3.172034659857356473e+03
3.242779927201997452e+03
3.313676176227205360e+03
3.384702362553178318e+03
3.455641353884863747e+03
3.526860063864565745e+03
3.598156127283336446e+03
3.669679443891922347e+03
3.740914191830180698e+03
3.812467060706014308e+03
3.884021668296177268e+03
3.955448896443323065e+03
4.027129007018618267e+03
4.099037357913958658e+03
4.170955483515437663e+03
4.242707371638725817e+03
4.314867907101103810e+03
4.386749833017760466e+03
4.458891220396630160e+03
4.531317299557482329e+03
4.603476186646912538e+03
4.675699328286436867e+03
4.748192943141410069e+03
1.705280232971441819e+03
1.749798396596217572e+03
1.787795714586601662e+03
1.821610057756897504e+03
1.854977549177349374e+03
1.888243794419762253e+03
1.921497348450495110e+03
1.988141630232632451e+03
2.055092113915624850e+03
2.122367648208512037e+03
2.189997335477126398e+03
2.257908726674201262e+03
2.326083690531385400e+03
2.394542257792814326e+03
2.463344134644792575e+03
2.532289866197036645e+03
2.601485498146499594e+03
2.670840784389467444e+03
2.740491445480170114e+03
2.810201448190779047e+03
2.880105574818951482e+03
2.950236431548864402e+03
3.020313329619776596e+03
3.090602250848619406e+03
3.161027481471481224e+03
3.231541920860313439e+03
3.302178500790830185e+03
3.372979550813071455e+03
3.443724190082533823e+03
3.514667787252157723e+03
3.585757630730724486e+03
3.656832787905915666e+03
3.728062524980909529e+03
3.799300312387907070e+03
3.870669540940305978e+03
3.942086994598227648e+03
4.013623155365547518e+03
4.085331102088232456e+03
4.157095207827915146e+03
4.228871636505917195e+03
4.300769993563751086e+03
4.372663816122770186e+03
4.444739977173230727e+03
4.516698574075062425e+03
4.588874624240897901e+03
4.660909994066842046e+03
4.733456432823446448e+03
1.765245676938561246e+03
1.793261206404357381e+03
1.822979452495524129e+03
1.853542217625547892e+03
1.884648073923537140e+03
1.916128790560350808e+03
1.979939842014254737e+03
2.044738589526547003e+03
2.110296380189904994e+03
2.176579511471923979e+03
2.243475816388157455e+03
2.310886107880961845e+03
2.378789030095867020e+03
2.447022563559238733e+03
2.515641955892250280e+03
2.584562156268786566e+03
2.653647922428037418e+03
2.722994943683845577e+03
2.792501340425137641e+03
2.862180633168586610e+03
2.931897833423105112e+03
3.001739905842069675e+03
3.071768194762313215e+03
3.141835580576685061e+03
3.212105046296752334e+03
3.282407791868282402e+03
3.352870915209824034e+03
3.423483360499852097e+03
3.494153470668269620e+03
3.565018112024346919e+03
3.635929971206909613e+03
3.707007992514402758e+03
3.778002686025210096e+03
3.849184150958851205e+03
3.920421239085098023e+03
3.991920439870489645e+03
4.063383128654692882e+03
4.134778210614026648e+03
4.206667077660522409e+03
4.278308283441791900e+03
4.350139661750061350e+03
4.422156782941534402e+03
4.494108409839419437e+03
4.566119867403544049e+03
4.638244309462868841e+03
4.710452278124628720e+03
1.815087941411934935e+03
1.840767765918593113e+03
1.868318210834369211e+03
1.897006902133457515e+03
1.926514329739235109e+03
1.987136950266757140e+03
2.049403873971279609e+03
2.112923497761858471e+03
2.177450968851844664e+03
2.242809972154054776e+03
2.308896940128586266e+03
2.375568269349008006e+03
2.442758272789624243e+03
2.510369512980225409e+03
2.578285194375584069e+03
2.646620974648173160e+03
2.715272070675404393e+03
2.783983912543670158e+03
2.853168072472461063e+03
2.922330639515971598e+03
2.991779523409786634e+03
3.061297965063240554e+03
3.131160265800195702e+03
3.201107406720295330e+03
3.271230379984379397e+03
3.341411067622328119e+03
3.411837371559727217e+03
3.482265200695272142e+03
3.552938002035223690e+03
3.623697149414907017e+03
3.694576071212242823e+03
3.765405854504499530e+03
3.836541660959346245e+03
3.907714966679939607e+03
3.978963425647522854e+03
4.050409226621932248e+03
4.121837688115517267e+03
4.193533473384647550e+03
4.265207687900363453e+03
4.336930542349643474e+03
4.408829906789391316e+03
4.480638190025166296e+03
4.552664545667146740e+03
4.624842475673897752e+03
4.696693325482174259e+03
1.863493848366364546e+03
1.888553761041150210e+03
1.915182127084441618e+03
1.942944118598408750e+03
2.000651640015938938e+03
2.060597922950156317e+03
2.122196452208414939e+03
2.185065792716985925e+03
2.249017931707615389e+03
2.313788958424333487e+03
2.379304262647861833e+03
2.445476108010204825e+03
2.512181514798976423e+03
2.579216228428028444e+03
2.646775200374119777e+03
2.714579630141546659e+03
2.782688276971824507e+03
2.851209823806492750e+03
2.919905166884601840e+03
2.988847703366906899e+03
3.057939470852893464e+03
3.127296724924852242e+03
3.196780260788858413e+03
3.266535177723506422e+03
3.336433423884942385e+03
3.406444758103457389e+03
3.476761003037137925e+03
3.547006388646109372e+03
3.617568294721987513e+03
3.688101366733686518e+03
3.758765406744641950e+03
3.829589544278106587e+03
3.900563488467972093e+03
3.971693229789841098e+03
4.042827540091333958e+03
4.114184652817800270e+03
4.185485181019887023e+03
4.257027666581273479e+03
4.328791470016585663e+03
4.400417998038778023e+03
4.472076850923052916e+03
4.543950635222785422e+03
4.615882662448411793e+03
4.687878135607518743e+03
1.911680502186665990e+03
1.936456893516557329e+03
1.962657540617847644e+03
2.017680777996079541e+03
2.075438197025899171e+03
2.135158480273831628e+03
2.196425353604060547e+03
2.258912470263245268e+03
2.322435762047841763e+03
2.386804549454669086e+03
2.451859352430169565e+03
2.517613274484023350e+03
2.583846115997480410e+03
2.650568668824374072e+03
2.717653877872141493e+03
2.785185974636311585e+03
2.852958628667959601e+03
2.921042106352504561e+03
2.989406865072396613e+03
3.058072506790926582e+03
3.126910544782721900e+03
3.195978388212928621e+03
3.265297134862953953e+03
3.334761918842515115e+03
3.404450136891827242e+03
3.474300290341036998e+03
3.544312659364067713e+03
3.614447346401628693e+03
3.684690660508338169e+03
3.755149492997479683e+03
3.825634528509276606e+03
3.896433360366502257e+03
3.967265636203473150e+03
4.038257889161955063e+03
4.109448969439798930e+03
4.180580019373453069e+03
4.251847859627153412e+03
4.323206881098589292e+03
4.394799228758885874e+03
4.466336856032961805e+03
4.538100766865196420e+03
4.609716540692951639e+03
4.681719045887377433e+03
1.959573600214525413e+03
1.984449158536383493e+03
2.037016549527423649e+03
2.092739375895480407e+03
2.150673412138499771e+03
2.210385261899381931e+03
2.271487954443149192e+03
2.333702320653927018e+03
2.396939002733074631e+03
2.461063752634022421e+03
2.525782169206438539e+03
2.591128374138394975e+03
2.656979793726514799e+03
2.723349995168582609e+03
2.790156660285109865e+03
2.857324014265229380e+03
2.924800492561890678e+03
2.992554728709119445e+03
3.060641455325639072e+03
3.129052487475309135e+03
3.197657370027516663e+03
3.266488739629012343e+03
3.335604847489674285e+03
3.404873547267121467e+03
3.474321469324151622e+03
3.543988396388192996e+03
3.613803980204811523e+03
3.683799928242913666e+03
3.753856198410742309e+03
3.824175932417136210e+03
3.894629662871264827e+03
3.965101568392488844e+03
4.035945036954884017e+03
4.106705133146226217e+03
4.177614408737577833e+03
4.248771184917196479e+03
4.319970399283240113e+03
4.391235073467942129e+03
4.462631080671240852e+03
4.534150230736510821e+03
4.605614206835948607e+03
4.677188523932052703e+03
2.007930338428718187e+03
2.058101054981818379e+03
2.111902326632011864e+03
2.168148490093090004e+03
2.226297260691880638e+03
2.286045231685372983e+03
2.347071771555603846e+03
2.409170393154756766e+03
2.472142261465649881e+03
2.535933692525180049e+03
2.600421769372759172e+03
2.665483092027602652e+03
2.731066198766633988e+03
2.797110821001852855e+03
2.863583990493737929e+03
2.930478941328925885e+03
2.997733245119393359e+03
3.065269538275336345e+03
3.133077778495979146e+03
3.201199638368560500e+03
3.269578422556640362e+03
3.338214835774468156e+03
3.407060634866490091e+03
3.476179537451261695e+03
3.545396685155320029e+03
3.614771442031149491e+03
3.684462471615844152e+03
3.754271056234581465e+03
3.824349840051726915e+03
3.894420312807170376e+03
3.964680832064363585e+03
4.035245470263950665e+03
4.105805503131567093e+03
4.176409210248925774e+03
4.247413344063282238e+03
4.318290647430703757e+03
4.389314640432345186e+03
4.460559414502391519e+03
4.531770394868864969e+03
4.603246398803064949e+03
4.674594930745128295e+03
2.103878588925075746e+03
2.154192918204118996e+03
2.207214406170744951e+03
2.262534340021737989e+03
2.319688095926599090e+03
2.378296588325872108e+03
2.438173292373271579e+03
2.499145719764516343e+03
2.561079594585808081e+03
2.623776076110517351e+03
2.687224794179168839e+03
2.751260913622555563e+03
2.815856643210404854e+03
2.881017278052267102e+03
2.946621998183679807e+03
3.012645040903995323e+03
3.079057826166224004e+03
3.145812733247852975e+03
3.212948365412771182e+03
3.280357830176201787e+03
3.348077048137870406e+03
3.415962252425605584e+03
3.484308499116908934e+03
3.552719591423516249e+03
3.621478805869123335e+03
3.690385075168705043e+03
3.759536406216076102e+03
3.828824133325204002e+03
3.898379738352472486e+03
3.968208599909993154e+03
4.037958387702082291e+03
4.108002990089939885e+03
4.178190419571723396e+03
4.248543893415038838e+03
4.318860974733299372e+03
4.389514759655205125e+03
4.460059741046877207e+03
4.531144566655811104e+03
4.601961095889428179e+03
4.672952967465719667e+03
2.200638800520240693e+03
2.250685260692038355e+03
2.303276360177160313e+03
2.357923325632469641e+03
2.414264603390294724e+03
2.472026150946833241e+03
2.531041718663448592e+03
2.591107615382071344e+03
2.652074535461750656e+03
2.713895165552753042e+03
2.776372491170586272e+03
2.839626283873953071e+03
2.903411129136525233e+03
2.967724802241526049e+03
3.032547920473463819e+03
3.097825808298805896e+03
3.163488159335478485e+03
3.229574843164810318e+03
3.295981597533866534e+03
3.362792687570695762e+03
3.429840790779463987e+03
3.497174781534079557e+03
3.564946408926308322e+03
3.632836758069979624e+03
3.701047820772563227e+03
3.769408528441596445e+03
3.837999960598442158e+03
3.907094107913495463e+03
3.975982847592369581e+03
4.045211874992521189e+03
4.114678696256718467e+03
4.184244377169092331e+03
4.253968845779245385e+03
4.324002320547343515e+03
4.393878280487677330e+03
4.464161625079139412e+03
4.534435079319971919e+03
4.604783387657275853e+03
4.675585379677261699e+03
2.297240342311876702e+03
2.347315011005556698e+03
2.399650073167199480e+03
2.453851067078872347e+03
2.509614780202407928e+03
2.566706489290909303e+03
2.624975724960763728e+03
2.684402048893173742e+03
2.744553555793573196e+03
2.805571897041661487e+03
2.867360848892686136e+03
2.929783675080707326e+03
2.992841404604242598e+03
3.056479808766291626e+03
3.120554109889187202e+03
3.185179686796032001e+03
3.250196421990073759e+03
3.315671494262122906e+03
3.381457013834598001e+03
3.447568240240041632e+03
3.514129806130977613e+03
3.580914646415256357e+03
3.648075648514685327e+03
3.715449667618263447e+03
3.783197849608127399e+03
3.851180434277609038e+03
3.919205745783419843e+03
3.987664086855506866e+03
4.056377628943598211e+03
4.125070356635369535e+03
4.194020128786597525e+03
4.263315172250156138e+03
4.332464408367692158e+03
4.402119251391472062e+03
4.471740837810586527e+03
4.541538611429718912e+03
4.611509693403879282e+03
4.681609078201458033e+03
2.394075147603715777e+03
2.444216674390766457e+03
2.496381037041066520e+03
2.550214056719349173e+03
2.605506951960439437e+03
2.662088549289062030e+03
2.719757953204285968e+03
2.778463742968014685e+03
2.838038693801859154e+03
2.898441691551961867e+03
2.959515239731468228e+03
3.021356890637469405e+03
3.083775690795706396e+03
3.146744573945738921e+03
3.210237368228465130e+03
3.274252904043129547e+03
3.338624782709555802e+03
3.403456709053430131e+03
3.468755296583465679e+03
3.534343342601493987e+03
3.600270036778505528e+03
3.666577181894715068e+03
3.733138879165799153e+03
3.800238713997156992e+03
3.867380424689582014e+03
3.934739918720000333e+03
4.002447900517967355e+03
4.070457884610669225e+03
4.138504437540214894e+03
4.206994210830975135e+03
4.275366545396171205e+03
4.344271109280010933e+03
4.413203555211283856e+03
4.482240227413336470e+03
4.551634985294709622e+03
4.621039771379964805e+03
4.690569844104617005e+03
2.491150273286053562e+03
2.541389905326662756e+03
2.593382968558819812e+03
2.646937736223942920e+03
2.701851900604870480e+03
2.757978019629412302e+03
2.815186043847037581e+03
2.873336586338207780e+03
2.932416905915009011e+03
2.992205905540408367e+03
3.052724729936659060e+03
3.113947430714916663e+03
3.175788670278648169e+03
3.238192508327089854e+03
3.301138131274694388e+03
3.364512718621601380e+03
3.428402333624290350e+03
3.492741276389161612e+03
3.557490080090295123e+03
3.622538573756138248e+03
3.687996647306827526e+03
3.753951832911787278e+03
3.819945420100778392e+03
3.886413627169763458e+03
3.953143080678408296e+03
4.020286916249750448e+03
4.087334978333763502e+03
4.154918408228004409e+03
4.222575173783125138e+03
4.290667284965547879e+03
4.358737131491769105e+03
4.427148600285930115e+03
4.495611818425451929e+03
4.564299697509753969e+03
4.633199437298346311e+03
4.702552838774480733e+03
2.588419326388459012e+03
2.638773636174877083e+03
2.690646318201881513e+03
2.743999632886283052e+03
2.798623427091640224e+03
2.854360728101679342e+03
2.911128744197183096e+03
2.968799141778037665e+03
3.027347486812551324e+03
3.086642888964900521e+03
3.146688702037166877e+03
3.207416829204438727e+03
3.268719601469670124e+03
3.330537765206582662e+03
3.393010463553132013e+03
3.455914955389015631e+03
3.519322160260667260e+03
3.583113911876318070e+03
3.647341175622563242e+03
3.712054427742009466e+03
3.776998269937196710e+03
3.842344622075775987e+03
3.908091569364481984e+03
3.974078470737264070e+03
4.040328068317640827e+03
4.106944171014989479e+03
4.173642509154924483e+03
4.240839711409495067e+03
4.308119748839278145e+03
4.375590121197928056e+03
4.443421404904503106e+03
4.511364071342219177e+03
4.579497201698307435e+03
4.648054222538770773e+03
4.716476123209464276e+03
2.685945867311722395e+03
2.736387922317973789e+03
2.788230984051555879e+03
2.841371487219414121e+03
2.895649831383188030e+03
2.951024967571765956e+03
3.007443725015781638e+03
3.064722455283954787e+03
3.122805528222880639e+03
3.181737625433032008e+03
3.241294944871242478e+03
3.301502475122208125e+03
3.362368479630012189e+03
3.423775680220272079e+03
3.485821183035562171e+03
3.548168453133421281e+03
3.611180710737367917e+03
3.674610153232254561e+03
3.738339293282231665e+03
3.802486782600258266e+03
3.867086173508745560e+03
3.932072294347226944e+03
3.997159548042801816e+03
4.062854298872408890e+03
4.128567963199649057e+03
4.194798367245739428e+03
4.261240071555515897e+03
4.327806603923236253e+03
4.394727405616156830e+03
4.461887441160419257e+03
4.529253476899555608e+03
4.597002676307547517e+03
4.664764158897864945e+03
4.732658075994360843e+03
2.784023197652960789e+03
2.834318372233442915e+03
2.885952936503298133e+03
2.938848059675452987e+03
2.992892752713863047e+03
3.048046297731792038e+03
3.104100072190238279e+03
3.161059792280105285e+03
3.218756431247886212e+03
3.277225384935260081e+03
3.336410432270170986e+03
3.396255085540049549e+03
3.456747844893091951e+03
3.517683625375802876e+03
3.579251588217894550e+03
3.641330497145321715e+03
3.703799619044717474e+03
3.766897286886009169e+03
3.830126897066849779e+03
3.893945801243504320e+03
3.957907654215827733e+03
4.022546451816106583e+03
4.087235144931333707e+03
4.152555939113495697e+03
4.217940210628569730e+03
4.283628605191748647e+03
4.349707221600798221e+03
4.415919958114249312e+03
4.482455523980390353e+03
4.549481330405040353e+03
4.616363890268006799e+03
4.683532698372660889e+03
4.751257355784238825e+03
2.882069327972970768e+03
2.932211532788443947e+03
2.983762202618222545e+03
3.036577366976365738e+03
3.090445108698457261e+03
3.145273770683274051e+03
3.201097429901957184e+03
3.257693191343315448e+03
3.315133076928544142e+03
3.373238070607908412e+03
3.432098665263891235e+03
3.491517132222354121e+03
3.551590774003077513e+03
3.612206442213471291e+03
3.673333879650657764e+03
3.734951519951775481e+03
3.797107008639628475e+03
3.859672853475695774e+03
3.922563866797184346e+03
3.986000318559835250e+03
4.049659558355069294e+03
4.113908305331963675e+03
4.178305497120627479e+03
4.243028503470085525e+03
4.308120417459943383e+03
4.373459837820000757e+03
4.439002184189205764e+03
4.505141987497316222e+03
4.571258927721870350e+03
4.637612027093875440e+03
4.704546826213048917e+03
4.771131817577514084e+03
2.979882972337533374e+03
3.030206863021467143e+03
3.081821199169516149e+03
3.134506974272608204e+03
3.188197712824559403e+03
3.242845836381912704e+03
3.298335899629565574e+03
3.354686740479651235e+03
3.411786579279144462e+03
3.469569063241038293e+03
3.528040862592347366e+03
3.587246051135355629e+03
3.646891338781228114e+03
3.707191373434905927e+03
3.767968997120678068e+03
3.829296033510477628e+03
3.890939665700497244e+03
3.953179023395919558e+03
4.015688256581355745e+03
4.078757488846685192e+03
4.142086935525809167e+03
4.205810160472622556e+03
4.269876145236750745e+03
4.334280327315043905e+03
4.398890338867302489e+03
4.464098458771748483e+03
4.529342013266578761e+03
4.594869391732865552e+03
4.660862406057384760e+03
4.726723327354324283e+03
4.793072433555475072e+03
3.078240265690950309e+03
3.128656947890983247e+03
3.180038340491688814e+03
3.232591532849524810e+03
3.286089546392260218e+03
3.340532992420680785e+03
3.395800378922215714e+03
3.451937799053919662e+03
3.508759012177611112e+03
3.566336859504208405e+03
3.624490963437689970e+03
3.683419494395989659e+03
3.742669657356128027e+03
3.802625506362198394e+03
3.862930919891407939e+03
3.923953942883237687e+03
3.985288026769106182e+03
4.047197824310800115e+03
4.109454413948054935e+03
4.171980110108539520e+03
4.235013880969970160e+03
4.298425464212858060e+03
4.362034023670087663e+03
4.426303844982342525e+03
4.490575690808083891e+03
4.555190676610211085e+03
4.620363380191181932e+03
4.685343765787529264e+03
4.750871545785819762e+03
4.816784201279480840e+03
3.176651129855500130e+03
3.226844641491453331e+03
3.278351405509228243e+03
3.330755982107411910e+03
3.384218162031020256e+03
3.438450987509170773e+03
3.493542723065934297e+03
3.549454265662573562e+03
3.606001331015428150e+03
3.663364029782576836e+03
3.721142229013379165e+03
3.779715367220682310e+03
3.838693139886564040e+03
3.898365325005185696e+03
3.958514424485148083e+03
4.019115762330571670e+03
4.080204334930129335e+03
4.141557107894373985e+03
4.203474907340347272e+03
4.265810551542446774e+03
4.328439406962088469e+03
4.391601569443917469e+03
4.454945639500431753e+03
4.518637157052372459e+03
4.582922876776300654e+03
4.647046506043510817e+03
4.711675220359541527e+03
4.776694861699932517e+03
4.841780569211425245e+03
3.275124495894102438e+03
3.325504793114932454e+03
3.376808496906938672e+03
3.429165276124192587e+03
3.482421554122689940e+03
3.536508736140475776e+03
3.591423987433231559e+03
3.647088257500431155e+03
3.703452749322505952e+03
3.760514089320100993e+03
3.818093868195019240e+03
3.876361574336169724e+03
3.935092016118658648e+03
3.994440958409866198e+03
4.054256930078955520e+03
4.114524013154646127e+03
4.175255094706471937e+03
4.236481194343979951e+03
4.298023680870282988e+03
4.360183109907234211e+03
4.422485760901232425e+03
4.485152833641008328e+03
4.548319157490532234e+03
4.611589103599663758e+03
4.675367768987762247e+03
4.739517888089969347e+03
4.803771892899771046e+03
4.868330946289474923e+03
3.373606103012793483e+03
3.424056489639054234e+03
3.475382753039229101e+03
3.527716437679363480e+03
3.580821177892564720e+03
3.634758874353962256e+03
3.689476211695074653e+03
3.744966191230719687e+03
3.801042356359804216e+03
3.857933911266888572e+03
3.915230507562295770e+03
3.973286813454171352e+03
4.031725194959272812e+03
4.090774179710847875e+03
4.150296043235236539e+03
4.210293098997007291e+03
4.270744755878055912e+03
4.331804559891875215e+03
4.393108978300615490e+03
4.454722814125487275e+03
4.516904376306276390e+03
4.579205683734016930e+03
4.641992547134535926e+03
4.705184597380472951e+03
4.768477844361485040e+03
4.832166321259170218e+03
4.896428269076680408e+03
3.472580171342123776e+03
3.522719295713205156e+03
3.574036094783304179e+03
3.626236494930301888e+03
3.679348213200183636e+03
3.733171603032140411e+03
3.787662112204126970e+03
3.842979486635215380e+03
3.898834748040669183e+03
3.955490054901010353e+03
4.012727573640759147e+03
4.070378923043573650e+03
4.128703369194616243e+03
4.187474224325827890e+03
4.246662810246223671e+03
4.306573898179555727e+03
4.366699718590587509e+03
4.427265080133842275e+03
4.488486541065867641e+03
4.549672088668106881e+03
4.611518858780736991e+03
4.673751480214772528e+03
4.736150727328646099e+03
4.798922845659051745e+03
4.862280382382296921e+03
4.925772978531454100e+03
3.571441892251666104e+03
3.621563304207636975e+03
3.672837997072885628e+03
3.724958202031240489e+03
3.777905234981154535e+03
3.831669475478250206e+03
3.886083782427419919e+03
3.941155434075134053e+03
3.996886216717810839e+03
4.053220996370835564e+03
4.110228737382874897e+03
4.167712153026066517e+03
4.225759041446540323e+03
4.284413070985491686e+03
4.343426224794107839e+03
4.402863469358524526e+03
4.462894663778446557e+03
4.523088469182330300e+03
4.583846767432394699e+03
4.645150451595573031e+03
4.706600156795588191e+03
4.768424227337464799e+03
4.830815885644735317e+03
4.893462596935023612e+03
4.956156032581482577e+03
3.670136046612233713e+03
3.720502957169060664e+03
3.771705229518413034e+03
3.823744637615718602e+03
3.876562521243255560e+03
3.930203825541404512e+03
3.984501839276942974e+03
4.039422920073249315e+03
4.095016068716368864e+03
4.151150610971749302e+03
4.207934458355035531e+03
4.265349742271680952e+03
4.323150462853249337e+03
4.381429288855751111e+03
4.440359066213866754e+03
4.499441277027610340e+03
4.559088901986215205e+03
4.619343828845133430e+03
4.679799016222392311e+03
4.740673838120542314e+03
4.802081938659342995e+03
4.863751872454480690e+03
4.925697549029731817e+03
4.987884670675123743e+03
3.769032806675108532e+03
3.819463319210934060e+03
3.870624191716706264e+03
3.922605097712469615e+03
3.975348517647737026e+03
4.028848999149469364e+03
4.083033190416229445e+03
4.137838175771295937e+03
4.193222216631529591e+03
4.249320922182560025e+03
4.305872673722931722e+03
4.362996247529958055e+03
4.420627488665343662e+03
4.478696660372606857e+03
4.537243751426291055e+03
4.596357263626759959e+03
4.655761073207417212e+03
4.715622771035828919e+03
4.776088303926664594e+03
4.836758786284643975e+03
4.897682445421436569e+03
4.958993192770023597e+03
5.020484226054392821e+03
3.868158164501638566e+03
3.918463511060054770e+03
3.969596803752229789e+03
4.021535984912197819e+03
4.074239607989331489e+03
4.127674486455521219e+03
4.181681320863675865e+03
4.236378568593394448e+03
4.291629542211303487e+03
4.347464614528569655e+03
4.404044050816897652e+03
4.460821092927601057e+03
4.518225775884797258e+03
4.576216869302596024e+03
4.634513896975840908e+03
4.693322366759719444e+03
4.752759285955806263e+03
4.812394476386441056e+03
4.872365641401918765e+03
4.932773211397870909e+03
4.993424778077265728e+03
5.054555126302258032e+03
3.967412962503301060e+03
4.017619199651224335e+03
4.068709644920985738e+03
4.120604586562107215e+03
4.173236136275781973e+03
4.226527380383249692e+03
4.280416847295412481e+03
4.334967146930430317e+03
4.390148587587424117e+03
4.445840011286734807e+03
4.502047281388220654e+03
4.558866174709824008e+03
4.616037739044328191e+03
4.673739521620675077e+03
4.732080932638952618e+03
4.790713224461635946e+03
4.849564389887960715e+03
4.909077714094839394e+03
4.968778189045182444e+03
5.029001807709464629e+03
5.089820378138480010e+03
4.066481642275527520e+03
4.116726378345812918e+03
4.167836656614746971e+03
4.219758953160683632e+03
4.272232185789896903e+03
4.325435626251455687e+03
4.379291832800086013e+03
4.433683751508482601e+03
4.488705221722844726e+03
4.544295472166773834e+03
4.600323050981338383e+03
4.656917592573230650e+03
4.714092826846495882e+03
4.771652073778624981e+03
4.829534468289917641e+03
4.887991731236282249e+03
4.946715159726909405e+03
5.005962455148232948e+03
5.065810284551135737e+03
5.125808309085212386e+03
4.165465734888299266e+03
4.215964257549001559e+03
4.267064998409143300e+03
4.318855676188439247e+03
4.371334729076375879e+03
4.424406535762665953e+03
4.478190358889042727e+03
4.532504241885705596e+03
4.587363246277147482e+03
4.642748688741491605e+03
4.698807750397203563e+03
4.755285965484564258e+03
4.812022580860055314e+03
4.869470462847693852e+03
4.927162179611381362e+03
4.985447005166546660e+03
5.044255840647658260e+03
5.103328122051540959e+03
5.162529236951978419e+03
4.265002479873573975e+03
4.315253003759033163e+03
4.366288797606388471e+03
4.418009681050515610e+03
4.470507474867441488e+03
4.523500717381195500e+03
4.577125515232684847e+03
4.631299096424399977e+03
4.686201747472337956e+03
4.741493459217186683e+03
4.797140498219372603e+03
4.853495093516898123e+03
4.910187969605718536e+03
4.967392122144930909e+03
5.025194909873889628e+03
5.083288771039313360e+03
5.141574006491511682e+03
5.200418195075430958e+03
4.364134391530426001e+03
4.414478810756734674e+03
4.465656108482769923e+03
4.517312310104272001e+03
4.569621319534262511e+03
4.622622975962312921e+03
4.676264370392204000e+03
4.730327249219628357e+03
4.784987041853128176e+03
4.840141713696352781e+03
4.895742139684476570e+03
4.951885278463488248e+03
5.008586372089625002e+03
5.065717298686585309e+03
5.123049581423333620e+03
5.180894157549487318e+03
5.239315966129192020e+03
4.463707729747979101e+03
4.513899999031049447e+03
4.564844137689052332e+03
4.616665274629463966e+03
4.668928717874470749e+03
4.721831397341406046e+03
4.775293115244443470e+03
4.829297467688727920e+03
4.883793099828251798e+03
4.938838912975234052e+03
4.994494640614571836e+03
5.050562163050431991e+03
5.106906883561443465e+03
5.163766224607528784e+03
5.221175692322362011e+03
5.278837575905698031e+03
4.562783207713240699e+03
4.613376113955418987e+03
4.664290187250148847e+03
4.715976942551789762e+03
4.768209336564940713e+03
4.821062307748279636e+03
4.874362611325699618e+03
4.928299853053065817e+03
4.982965484625364297e+03
5.037826115842693980e+03
5.093123458915640185e+03
5.148991683334832487e+03
5.205409452055144357e+03
5.262121599610894918e+03
5.319358404472297480e+03
4.662337556105805561e+03
4.712723388135128516e+03
4.763744684005562704e+03
4.815335592549401554e+03
4.867460822749151703e+03
4.920307771525836870e+03
4.973667979762796676e+03
5.027541436619627348e+03
5.081816634084760153e+03
5.136653089247833122e+03
5.192014380433764018e+03
5.247699607477165046e+03
5.303951211801302634e+03
5.360433610956011762e+03
4.761922612468507396e+03
4.812119509426172954e+03
4.863189804603708581e+03
4.914778543296810312e+03
4.966923311172167814e+03
5.019691045345623934e+03
5.072854219231418938e+03
5.126568748543006222e+03
5.180902451299001768e+03
5.235621097154144991e+03
5.290835635155945056e+03
5.346335179918364702e+03
5.402439114268154299e+03
4.861422211775004143e+03
4.911609038750982108e+03
4.962715620727876740e+03
5.014292502471234911e+03
5.066309907151238804e+03
5.118983837066170963e+03
5.172183097099632505e+03
5.225813564236921593e+03
5.280028184311537188e+03
5.334576408148732298e+03
5.389670606547609168e+03
5.445208575426479001e+03
4.960998322374402051e+03
5.011191519052474177e+03
5.062170235896754093e+03
5.113664490691695391e+03
5.165763692570554667e+03
5.218372358935661396e+03
5.271482397543326442e+03
5.324942194260847828e+03
5.379098591225561904e+03
5.433689427838153279e+03
5.488722555779660979e+03
5.060488503028456762e+03
5.110775471344666585e+03
5.161716941760352711e+03
5.213138239593474282e+03
5.265219215980533590e+03
5.317740724989344017e+03
5.370770080252788830e+03
5.424331153459213056e+03
5.478424045290278627e+03
5.532871858453256209e+03
5.159962349482519130e+03
5.210406879109399597e+03
5.261310309143253107e+03
5.312705666531153838e+03
5.364715606369591114e+03
5.417224754781870615e+03
5.470244588572970315e+03
5.523723606788800680e+03
5.577579787875062721e+03
5.259480446611264597e+03
5.309919206570287315e+03
5.360776630585121893e+03
5.412307876156752172e+03
5.464241536962592363e+03
5.516728815390340060e+03
5.569654468067858033e+03
5.623109505471898956e+03
5.359314953918908941e+03
5.409573207208273743e+03
5.460535341835300642e+03
5.511917051925775013e+03
5.563777423631225247e+03
5.616269435710431935e+03
5.669220724561413590e+03
5.458822086830225999e+03
5.509266212075332078e+03
5.560065141746916197e+03
5.611525496352232949e+03
5.663536520802372252e+03
5.715694604435666406e+03
5.558657711929675315e+03
5.608928879097149547e+03
5.659870554919251845e+03
5.711095920476423998e+03
5.763024100694110530e+03
5.658175872415726190e+03
5.708561799726910976e+03
5.759457631820387178e+03
5.810826755713342209e+03
5.757988726885816504e+03
5.808299799523640104e+03
5.859128742077645256e+03
5.857763421935148472e+03
5.907979193352550283e+03
5.957415424292175885e+03
