nan
nan
nan
nan
nan
nan
nan
nan
nan
nan
nan
nan
nan
nan
nan
nan
nan
nan
nan
nan
nan
nan
nan
nan
5.220000000000000000e+02
3.546510000000000000e+05
7.648360000000000000e+05
8.531650000000000000e+05
8.311580000000000000e+05
7.880030000000000000e+05
7.695830000000000000e+05
7.645790000000000000e+05
8.828620000000000000e+05
1.193210000000000000e+06
1.540993000000000000e+06
1.852982000000000000e+06
2.113190000000000000e+06
2.399406000000000000e+06
2.677413000000000000e+06
2.967471000000000000e+06
3.255237000000000000e+06
3.500964000000000000e+06
3.730214000000000000e+06
3.927514000000000000e+06
4.076308000000000000e+06
4.207438000000000000e+06
4.313860000000000000e+06
4.403522000000000000e+06
4.470205000000000000e+06
4.529473000000000000e+06
4.587597000000000000e+06
4.649138000000000000e+06
4.724843000000000000e+06
4.791084000000000000e+06
4.873412000000000000e+06
4.950241000000000000e+06
5.042742000000000000e+06
5.127116000000000000e+06
5.205009000000000000e+06
5.314057000000000000e+06
5.411425000000000000e+06
5.502808000000000000e+06
5.598405000000000000e+06
5.717364000000000000e+06
5.772700000000000000e+06
5.886231000000000000e+06
5.966300000000000000e+06
6.084102000000000000e+06
6.171395000000000000e+06
6.261614000000000000e+06
6.359234000000000000e+06
nan
nan
nan
nan
nan
nan
nan
nan
nan
nan
nan
nan
nan
nan
nan
nan
nan
nan
nan
nan
nan
nan
nan
6.017000000000000000e+03
3.822350000000000000e+05
7.057700000000000000e+05
7.704450000000000000e+05
7.512570000000000000e+05
7.295560000000000000e+05
7.280230000000000000e+05
7.312330000000000000e+05
8.983890000000000000e+05
1.228679000000000000e+06
1.572351000000000000e+06
1.868584000000000000e+06
2.139470000000000000e+06
2.419323000000000000e+06
2.701558000000000000e+06
2.986971000000000000e+06
3.265454000000000000e+06
3.514960000000000000e+06
3.744732000000000000e+06
3.915970000000000000e+06
4.071555000000000000e+06
4.189351000000000000e+06
4.291655000000000000e+06
4.397226000000000000e+06
4.450852000000000000e+06
4.514195000000000000e+06
4.576809000000000000e+06
4.636684000000000000e+06
4.717416000000000000e+06
4.786143000000000000e+06
4.856333000000000000e+06
4.952813000000000000e+06
5.035976000000000000e+06
5.127455000000000000e+06
5.231148000000000000e+06
5.312436000000000000e+06
5.409393000000000000e+06
5.499759000000000000e+06
5.592315000000000000e+06
5.704138000000000000e+06
5.785516000000000000e+06
5.892988000000000000e+06
5.984073000000000000e+06
6.074290000000000000e+06
6.176654000000000000e+06
6.271358000000000000e+06
6.371080000000000000e+06
nan
nan
nan
nan
nan
nan
nan
nan
nan
nan
nan
nan
nan
nan
nan
nan
nan
nan
nan
nan
nan
nan
1.466800000000000000e+04
3.869410000000000000e+05
6.477460000000000000e+05
6.958210000000000000e+05
6.849990000000000000e+05
6.847510000000000000e+05
6.937880000000000000e+05
7.158680000000000000e+05
9.206360000000000000e+05
1.270788000000000000e+06
1.604605000000000000e+06
1.888570000000000000e+06
2.158550000000000000e+06
2.447930000000000000e+06
2.734412000000000000e+06
3.018423000000000000e+06
3.286469000000000000e+06
3.536669000000000000e+06
3.743003000000000000e+06
3.909863000000000000e+06
4.057201000000000000e+06
4.184610000000000000e+06
4.280665000000000000e+06
4.355347000000000000e+06
4.432940000000000000e+06
4.483166000000000000e+06
4.548152000000000000e+06
4.619192000000000000e+06
4.685176000000000000e+06
4.765302000000000000e+06
4.847560000000000000e+06
4.942277000000000000e+06
5.033867000000000000e+06
5.133697000000000000e+06
5.216955000000000000e+06
5.308964000000000000e+06
5.408180000000000000e+06
5.511955000000000000e+06
5.607911000000000000e+06
5.703403000000000000e+06
5.799254000000000000e+06
5.905452000000000000e+06
5.995482000000000000e+06
6.085945000000000000e+06
6.197333000000000000e+06
6.286738000000000000e+06
6.374164000000000000e+06
nan
nan
nan
nan
nan
nan
nan
nan
nan
nan
nan
nan
nan
nan
nan
nan
nan
nan
nan
nan
nan
2.034400000000000000e+04
3.674310000000000000e+05
5.836210000000000000e+05
6.260040000000000000e+05
6.319060000000000000e+05
6.453750000000000000e+05
6.592540000000000000e+05
7.043040000000000000e+05
9.561460000000000000e+05
1.302942000000000000e+06
1.633266000000000000e+06
1.904823000000000000e+06
2.183495000000000000e+06
2.468370000000000000e+06
2.752510000000000000e+06
3.046807000000000000e+06
3.314133000000000000e+06
3.542597000000000000e+06
3.744295000000000000e+06
3.907817000000000000e+06
4.061057000000000000e+06
4.161927000000000000e+06
4.257716000000000000e+06
4.334030000000000000e+06
4.400248000000000000e+06
4.471336000000000000e+06
4.530873000000000000e+06
4.611622000000000000e+06
4.676035000000000000e+06
4.769162000000000000e+06
4.844183000000000000e+06
4.934896000000000000e+06
5.035566000000000000e+06
5.118612000000000000e+06
5.232065000000000000e+06
5.317321000000000000e+06
5.420052000000000000e+06
5.483380000000000000e+06
5.609857000000000000e+06
5.713625000000000000e+06
5.803030000000000000e+06
5.890900000000000000e+06
6.023666000000000000e+06
6.086118000000000000e+06
6.193122000000000000e+06
6.282209000000000000e+06
6.386815000000000000e+06
nan
nan
nan
nan
nan
nan
nan
nan
nan
nan
nan
nan
nan
nan
nan
nan
nan
nan
nan
nan
2.072500000000000000e+04
3.369260000000000000e+05
5.217200000000000000e+05
5.610710000000000000e+05
5.888140000000000000e+05
6.095550000000000000e+05
6.285820000000000000e+05
7.039050000000000000e+05
9.883210000000000000e+05
1.338257000000000000e+06
1.653977000000000000e+06
1.927467000000000000e+06
2.203674000000000000e+06
2.499493000000000000e+06
2.783151000000000000e+06
3.060703000000000000e+06
3.332720000000000000e+06
3.545585000000000000e+06
3.746732000000000000e+06
3.894133000000000000e+06
4.036007000000000000e+06
4.126035000000000000e+06
4.236345000000000000e+06
4.315519000000000000e+06
4.378861000000000000e+06
4.445349000000000000e+06
4.517285000000000000e+06
4.585218000000000000e+06
4.667658000000000000e+06
4.748500000000000000e+06
4.852738000000000000e+06
4.937160000000000000e+06
5.028484000000000000e+06
5.130663000000000000e+06
5.218453000000000000e+06
5.321328000000000000e+06
5.421277000000000000e+06
5.519019000000000000e+06
5.619850000000000000e+06
5.713020000000000000e+06
5.813977000000000000e+06
5.926839000000000000e+06
6.016838000000000000e+06
6.113623000000000000e+06
6.211312000000000000e+06
6.298828000000000000e+06
6.387694000000000000e+06
nan
nan
nan
nan
nan
nan
nan
nan
nan
nan
nan
nan
nan
nan
nan
nan
nan
nan
nan
2.269600000000000000e+04
3.009540000000000000e+05
4.642270000000000000e+05
5.132260000000000000e+05
5.551520000000000000e+05
5.818250000000000000e+05
6.014390000000000000e+05
7.115200000000000000e+05
1.014574000000000000e+06
1.368577000000000000e+06
1.673870000000000000e+06
1.941058000000000000e+06
2.226292000000000000e+06
2.510906000000000000e+06
2.805243000000000000e+06
3.086766000000000000e+06
3.335633000000000000e+06
3.556234000000000000e+06
3.743125000000000000e+06
3.891181000000000000e+06
4.019586000000000000e+06
4.128129000000000000e+06
4.216073000000000000e+06
4.286482000000000000e+06
4.357653000000000000e+06
4.425340000000000000e+06
4.493024000000000000e+06
4.578999000000000000e+06
4.652025000000000000e+06
4.736665000000000000e+06
4.826971000000000000e+06
4.931699000000000000e+06
5.027612000000000000e+06
5.126481000000000000e+06
5.209116000000000000e+06
5.319120000000000000e+06
5.426097000000000000e+06
5.514821000000000000e+06
5.620202000000000000e+06
5.745652000000000000e+06
5.822809000000000000e+06
5.923958000000000000e+06
6.036704000000000000e+06
6.120579000000000000e+06
6.227053000000000000e+06
6.310448000000000000e+06
6.412171000000000000e+06
nan
nan
nan
nan
nan
nan
nan
nan
nan
nan
nan
nan
nan
nan
nan
nan
nan
nan
2.107500000000000000e+04
2.592870000000000000e+05
4.108920000000000000e+05
4.768410000000000000e+05
5.252650000000000000e+05
5.550650000000000000e+05
5.772530000000000000e+05
7.224770000000000000e+05
1.057045000000000000e+06
1.394206000000000000e+06
1.687936000000000000e+06
1.960056000000000000e+06
2.238956000000000000e+06
2.532478000000000000e+06
2.823086000000000000e+06
3.105009000000000000e+06
3.354681000000000000e+06
3.565484000000000000e+06
3.739426000000000000e+06
3.897810000000000000e+06
4.003144000000000000e+06
4.110008000000000000e+06
4.200237000000000000e+06
4.266567000000000000e+06
4.337426000000000000e+06
4.407147000000000000e+06
4.494009000000000000e+06
4.567511000000000000e+06
4.648274000000000000e+06
4.729656000000000000e+06
4.817507000000000000e+06
4.913947000000000000e+06
5.040626000000000000e+06
5.122122000000000000e+06
5.228541000000000000e+06
5.332401000000000000e+06
5.429515000000000000e+06
5.528165000000000000e+06
5.637472000000000000e+06
5.742716000000000000e+06
5.825058000000000000e+06
5.933057000000000000e+06
6.029093000000000000e+06
6.122202000000000000e+06
6.215609000000000000e+06
6.319711000000000000e+06
6.412368000000000000e+06
nan
nan
nan
nan
nan
nan
nan
nan
nan
nan
nan
nan
nan
nan
nan
nan
nan
1.579700000000000000e+04
2.250360000000000000e+05
3.719590000000000000e+05
4.491880000000000000e+05
4.978750000000000000e+05
5.314440000000000000e+05
5.569380000000000000e+05
7.480010000000000000e+05
1.088568000000000000e+06
1.423399000000000000e+06
1.702163000000000000e+06
1.977854000000000000e+06
2.268784000000000000e+06
2.561356000000000000e+06
2.850289000000000000e+06
3.121520000000000000e+06
3.357481000000000000e+06
3.564747000000000000e+06
3.734917000000000000e+06
3.878624000000000000e+06
3.990404000000000000e+06
4.085882000000000000e+06
4.177762000000000000e+06
4.241318000000000000e+06
4.316191000000000000e+06
4.383804000000000000e+06
4.479916000000000000e+06
4.555141000000000000e+06
4.639618000000000000e+06
4.733369000000000000e+06
4.829587000000000000e+06
4.924644000000000000e+06
5.028537000000000000e+06
5.128776000000000000e+06
5.224959000000000000e+06
5.338472000000000000e+06
5.434368000000000000e+06
5.552015000000000000e+06
5.645635000000000000e+06
5.735988000000000000e+06
5.834688000000000000e+06
5.953309000000000000e+06
6.047469000000000000e+06
6.139820000000000000e+06
6.238900000000000000e+06
6.326428000000000000e+06
6.438456000000000000e+06
nan
nan
nan
nan
nan
nan
nan
nan
nan
nan
nan
nan
nan
nan
nan
nan
8.222000000000000000e+03
1.970380000000000000e+05
3.441960000000000000e+05
4.248680000000000000e+05
4.732660000000000000e+05
5.091770000000000000e+05
5.411340000000000000e+05
7.733860000000000000e+05
1.117240000000000000e+06
1.447383000000000000e+06
1.720097000000000000e+06
2.004654000000000000e+06
2.292980000000000000e+06
2.584993000000000000e+06
2.865887000000000000e+06
3.132912000000000000e+06
3.366665000000000000e+06
3.568636000000000000e+06
3.719783000000000000e+06
3.862327000000000000e+06
3.974557000000000000e+06
4.073983000000000000e+06
4.152738000000000000e+06
4.230420000000000000e+06
4.302403000000000000e+06
4.378657000000000000e+06
4.470719000000000000e+06
4.542552000000000000e+06
4.636340000000000000e+06
4.735203000000000000e+06
4.827248000000000000e+06
4.932543000000000000e+06
5.029423000000000000e+06
5.126456000000000000e+06
5.238696000000000000e+06
5.334896000000000000e+06
5.438569000000000000e+06
5.549519000000000000e+06
5.657051000000000000e+06
5.744774000000000000e+06
5.855672000000000000e+06
5.979064000000000000e+06
6.047141000000000000e+06
6.153484000000000000e+06
6.234464000000000000e+06
6.336208000000000000e+06
6.425975000000000000e+06
nan
nan
nan
nan
nan
nan
nan
nan
nan
nan
nan
nan
nan
nan
nan
2.354000000000000000e+03
1.756220000000000000e+05
3.203250000000000000e+05
4.012240000000000000e+05
4.495090000000000000e+05
4.891320000000000000e+05
5.367610000000000000e+05
7.984180000000000000e+05
1.151707000000000000e+06
1.466252000000000000e+06
1.733958000000000000e+06
2.021746000000000000e+06
2.312633000000000000e+06
2.617564000000000000e+06
2.895829000000000000e+06
3.149742000000000000e+06
3.376459000000000000e+06
3.558213000000000000e+06
3.719535000000000000e+06
3.854242000000000000e+06
3.959994000000000000e+06
4.046253000000000000e+06
4.126381000000000000e+06
4.205612000000000000e+06
4.271308000000000000e+06
4.367351000000000000e+06
4.450944000000000000e+06
4.532116000000000000e+06
4.629253000000000000e+06
4.730366000000000000e+06
4.839133000000000000e+06
4.932494000000000000e+06
5.032552000000000000e+06
5.138965000000000000e+06
5.234482000000000000e+06
5.341946000000000000e+06
5.440839000000000000e+06
5.563101000000000000e+06
5.660386000000000000e+06
5.736429000000000000e+06
5.856684000000000000e+06
5.958846000000000000e+06
6.062435000000000000e+06
6.159004000000000000e+06
6.243469000000000000e+06
6.332906000000000000e+06
6.433238000000000000e+06
nan
nan
nan
nan
nan
nan
nan
nan
nan
nan
nan
nan
nan
nan
nan
1.455660000000000000e+05
2.767810000000000000e+05
3.544380000000000000e+05
4.083110000000000000e+05
4.551100000000000000e+05
5.450640000000000000e+05
8.730930000000000000e+05
1.211904000000000000e+06
1.494893000000000000e+06
1.777454000000000000e+06
2.074395000000000000e+06
2.367174000000000000e+06
2.658469000000000000e+06
2.933883000000000000e+06
3.172563000000000000e+06
3.383188000000000000e+06
3.558515000000000000e+06
3.691281000000000000e+06
3.819788000000000000e+06
3.912305000000000000e+06
4.011848000000000000e+06
4.086500000000000000e+06
4.164503000000000000e+06
4.252588000000000000e+06
4.332015000000000000e+06
4.429873000000000000e+06
4.516678000000000000e+06
4.618508000000000000e+06
4.729725000000000000e+06
4.829370000000000000e+06
4.933809000000000000e+06
5.043372000000000000e+06
5.140233000000000000e+06
5.258598000000000000e+06
5.362532000000000000e+06
5.461459000000000000e+06
5.580530000000000000e+06
5.674820000000000000e+06
5.772657000000000000e+06
5.888816000000000000e+06
5.984324000000000000e+06
6.078528000000000000e+06
6.177728000000000000e+06
6.287826000000000000e+06
6.392116000000000000e+06
6.467769000000000000e+06
nan
nan
nan
nan
nan
nan
nan
nan
nan
nan
nan
nan
nan
nan
1.202630000000000000e+05
2.419810000000000000e+05
3.147710000000000000e+05
3.722890000000000000e+05
4.512940000000000000e+05
5.914400000000000000e+05
9.406810000000000000e+05
1.260188000000000000e+06
1.531282000000000000e+06
1.828854000000000000e+06
2.119994000000000000e+06
2.426380000000000000e+06
2.708745000000000000e+06
2.960006000000000000e+06
3.196893000000000000e+06
3.371495000000000000e+06
3.539040000000000000e+06
3.670640000000000000e+06
3.784015000000000000e+06
3.862216000000000000e+06
3.964077000000000000e+06
4.050785000000000000e+06
4.137387000000000000e+06
4.219923000000000000e+06
4.315428000000000000e+06
4.404929000000000000e+06
4.516320000000000000e+06
4.617903000000000000e+06
4.737176000000000000e+06
4.837238000000000000e+06
4.945150000000000000e+06
5.054713000000000000e+06
5.157627000000000000e+06
5.275411000000000000e+06
5.378120000000000000e+06
5.489145000000000000e+06
5.598938000000000000e+06
5.694880000000000000e+06
5.805362000000000000e+06
5.920738000000000000e+06
6.015597000000000000e+06
6.114348000000000000e+06
6.214715000000000000e+06
6.301152000000000000e+06
6.397597000000000000e+06
6.499159000000000000e+06
nan
nan
nan
nan
nan
nan
nan
nan
nan
nan
nan
nan
nan
1.019440000000000000e+05
2.153420000000000000e+05
2.892800000000000000e+05
3.590970000000000000e+05
4.797520000000000000e+05
6.531480000000000000e+05
9.963750000000000000e+05
1.292248000000000000e+06
1.579088000000000000e+06
1.872736000000000000e+06
2.172277000000000000e+06
2.465766000000000000e+06
2.743481000000000000e+06
2.994451000000000000e+06
3.200277000000000000e+06
3.365273000000000000e+06
3.516635000000000000e+06
3.646519000000000000e+06
3.751011000000000000e+06
3.826958000000000000e+06
3.927475000000000000e+06
4.011931000000000000e+06
4.108126000000000000e+06
4.194690000000000000e+06
4.305509000000000000e+06
4.401012000000000000e+06
4.518756000000000000e+06
4.617885000000000000e+06
4.731801000000000000e+06
4.839533000000000000e+06
4.933688000000000000e+06
5.075842000000000000e+06
5.181517000000000000e+06
5.303755000000000000e+06
5.409501000000000000e+06
5.510690000000000000e+06
5.623402000000000000e+06
5.712825000000000000e+06
5.822455000000000000e+06
5.934009000000000000e+06
6.030326000000000000e+06
6.137300000000000000e+06
6.235085000000000000e+06
6.325996000000000000e+06
6.420042000000000000e+06
6.516318000000000000e+06
nan
nan
nan
nan
nan
nan
nan
nan
nan
nan
nan
nan
8.888700000000000000e+04
1.927970000000000000e+05
2.679190000000000000e+05
3.710860000000000000e+05
5.350830000000000000e+05
7.120740000000000000e+05
1.043464000000000000e+06
1.317742000000000000e+06
1.616543000000000000e+06
1.917877000000000000e+06
2.220268000000000000e+06
2.516801000000000000e+06
2.771171000000000000e+06
2.997491000000000000e+06
3.194093000000000000e+06
3.354869000000000000e+06
3.493253000000000000e+06
3.612787000000000000e+06
3.706321000000000000e+06
3.794636000000000000e+06
3.889161000000000000e+06
3.989985000000000000e+06
4.077825000000000000e+06
4.195452000000000000e+06
4.301788000000000000e+06
4.405037000000000000e+06
4.523389000000000000e+06
4.636371000000000000e+06
4.752597000000000000e+06
4.860074000000000000e+06
4.969564000000000000e+06
5.082617000000000000e+06
5.196998000000000000e+06
5.313648000000000000e+06
5.415693000000000000e+06
5.541105000000000000e+06
5.644513000000000000e+06
5.724975000000000000e+06
5.849702000000000000e+06
5.954297000000000000e+06
6.058564000000000000e+06
6.160726000000000000e+06
6.248569000000000000e+06
6.341227000000000000e+06
6.436277000000000000e+06
6.535133000000000000e+06
nan
nan
nan
nan
nan
nan
nan
nan
nan
nan
nan
7.966700000000000000e+04
1.793290000000000000e+05
2.661230000000000000e+05
4.087010000000000000e+05
5.909990000000000000e+05
7.650120000000000000e+05
1.072116000000000000e+06
1.349488000000000000e+06
1.658261000000000000e+06
1.963624000000000000e+06
2.263538000000000000e+06
2.541288000000000000e+06
2.793772000000000000e+06
3.004042000000000000e+06
3.188457000000000000e+06
3.344987000000000000e+06
3.462277000000000000e+06
3.582129000000000000e+06
3.670659000000000000e+06
3.777564000000000000e+06
3.870665000000000000e+06
3.971038000000000000e+06
4.080799000000000000e+06
4.186005000000000000e+06
4.298312000000000000e+06
4.410453000000000000e+06
4.525150000000000000e+06
4.646619000000000000e+06
4.754296000000000000e+06
4.875741000000000000e+06
4.991919000000000000e+06
5.105125000000000000e+06
5.227145000000000000e+06
5.335065000000000000e+06
5.440053000000000000e+06
5.566717000000000000e+06
5.661434000000000000e+06
5.765442000000000000e+06
5.882483000000000000e+06
5.983026000000000000e+06
6.075454000000000000e+06
6.180534000000000000e+06
6.291072000000000000e+06
6.399222000000000000e+06
6.476821000000000000e+06
6.608525000000000000e+06
nan
nan
nan
nan
nan
nan
nan
nan
nan
nan
7.240800000000000000e+04
1.669520000000000000e+05
2.840830000000000000e+05
4.626230000000000000e+05
6.413880000000000000e+05
8.067340000000000000e+05
1.095288000000000000e+06
1.391805000000000000e+06
1.702690000000000000e+06
2.007886000000000000e+06
2.311186000000000000e+06
2.571127000000000000e+06
2.802096000000000000e+06
3.014795000000000000e+06
3.167517000000000000e+06
3.320572000000000000e+06
3.447908000000000000e+06
3.551325000000000000e+06
3.637293000000000000e+06
3.752119000000000000e+06
3.859375000000000000e+06
3.968236000000000000e+06
4.068794000000000000e+06
4.185655000000000000e+06
4.292214000000000000e+06
4.419114000000000000e+06
4.538039000000000000e+06
4.663656000000000000e+06
4.771627000000000000e+06
4.896395000000000000e+06
5.015835000000000000e+06
5.125225000000000000e+06
5.248550000000000000e+06
5.351476000000000000e+06
5.467988000000000000e+06
5.583408000000000000e+06
5.682842000000000000e+06
5.800637000000000000e+06
5.914636000000000000e+06
6.014254000000000000e+06
6.115424000000000000e+06
6.215300000000000000e+06
6.304827000000000000e+06
6.407579000000000000e+06
6.507126000000000000e+06
6.596387000000000000e+06
nan
nan
nan
nan
nan
nan
nan
nan
nan
6.485200000000000000e+04
1.808510000000000000e+05
3.697500000000000000e+05
5.505890000000000000e+05
7.113350000000000000e+05
8.573320000000000000e+05
1.153020000000000000e+06
1.473559000000000000e+06
1.787159000000000000e+06
2.089801000000000000e+06
2.366245000000000000e+06
2.604397000000000000e+06
2.814613000000000000e+06
2.994921000000000000e+06
3.149760000000000000e+06
3.277619000000000000e+06
3.395954000000000000e+06
3.497966000000000000e+06
3.604144000000000000e+06
3.720898000000000000e+06
3.842205000000000000e+06
3.956044000000000000e+06
4.084833000000000000e+06
4.207284000000000000e+06
4.323587000000000000e+06
4.453211000000000000e+06
4.579402000000000000e+06
4.700011000000000000e+06
4.819894000000000000e+06
4.934948000000000000e+06
5.050236000000000000e+06
5.171108000000000000e+06
5.291655000000000000e+06
5.398651000000000000e+06
5.523898000000000000e+06
5.634599000000000000e+06
5.717046000000000000e+06
5.843824000000000000e+06
5.951090000000000000e+06
6.055991000000000000e+06
6.161958000000000000e+06
6.256085000000000000e+06
6.351293000000000000e+06
6.443210000000000000e+06
6.547347000000000000e+06
6.647622000000000000e+06
nan
nan
nan
nan
nan
nan
nan
nan
5.977900000000000000e+04
2.509710000000000000e+05
4.395840000000000000e+05
6.006960000000000000e+05
7.442160000000000000e+05
9.000750000000000000e+05
1.230062000000000000e+06
1.552914000000000000e+06
1.861812000000000000e+06
2.155219000000000000e+06
2.405866000000000000e+06
2.622403000000000000e+06
2.823806000000000000e+06
2.971616000000000000e+06
3.117765000000000000e+06
3.250877000000000000e+06
3.361281000000000000e+06
3.471688000000000000e+06
3.603827000000000000e+06
3.731307000000000000e+06
3.858540000000000000e+06
3.971686000000000000e+06
4.099752000000000000e+06
4.221573000000000000e+06
4.358262000000000000e+06
4.485861000000000000e+06
4.621280000000000000e+06
4.732751000000000000e+06
4.866296000000000000e+06
4.986576000000000000e+06
5.100229000000000000e+06
5.229799000000000000e+06
5.334265000000000000e+06
5.455221000000000000e+06
5.573056000000000000e+06
5.674753000000000000e+06
5.798371000000000000e+06
5.912834000000000000e+06
6.015772000000000000e+06
6.119146000000000000e+06
6.222804000000000000e+06
6.313209000000000000e+06
6.417558000000000000e+06
6.515358000000000000e+06
6.607468000000000000e+06
6.695642000000000000e+06
nan
nan
nan
nan
nan
nan
nan
8.278000000000000000e+04
3.029240000000000000e+05
4.723330000000000000e+05
6.220350000000000000e+05
7.926070000000000000e+05
9.644880000000000000e+05
1.306410000000000000e+06
1.627150000000000000e+06
1.927285000000000000e+06
2.196287000000000000e+06
2.426258000000000000e+06
2.629875000000000000e+06
2.808050000000000000e+06
2.963222000000000000e+06
3.096026000000000000e+06
3.225655000000000000e+06
3.350287000000000000e+06
3.474911000000000000e+06
3.608232000000000000e+06
3.743968000000000000e+06
3.873574000000000000e+06
4.012644000000000000e+06
4.146298000000000000e+06
4.272906000000000000e+06
4.411237000000000000e+06
4.545958000000000000e+06
4.664057000000000000e+06
4.792791000000000000e+06
4.910637000000000000e+06
5.028107000000000000e+06
5.154033000000000000e+06
5.277946000000000000e+06
5.388524000000000000e+06
5.512880000000000000e+06
5.630963000000000000e+06
5.714612000000000000e+06
5.844575000000000000e+06
5.954270000000000000e+06
6.058727000000000000e+06
6.170068000000000000e+06
6.264163000000000000e+06
6.362986000000000000e+06
6.450307000000000000e+06
6.555181000000000000e+06
6.657345000000000000e+06
6.756394000000000000e+06
nan
nan
nan
nan
nan
nan
1.292870000000000000e+05
3.245180000000000000e+05
4.890680000000000000e+05
6.758960000000000000e+05
8.577020000000000000e+05
1.039219000000000000e+06
1.378240000000000000e+06
1.692982000000000000e+06
1.984069000000000000e+06
2.233664000000000000e+06
2.447337000000000000e+06
2.649012000000000000e+06
2.800506000000000000e+06
2.954224000000000000e+06
3.100208000000000000e+06
3.228529000000000000e+06
3.360137000000000000e+06
3.505122000000000000e+06
3.646272000000000000e+06
3.786596000000000000e+06
3.912231000000000000e+06
4.047932000000000000e+06
4.179463000000000000e+06
4.321513000000000000e+06
4.452368000000000000e+06
4.590255000000000000e+06
4.708647000000000000e+06
4.846963000000000000e+06
4.969080000000000000e+06
5.084832000000000000e+06
5.216222000000000000e+06
5.327155000000000000e+06
5.449884000000000000e+06
5.566838000000000000e+06
5.678628000000000000e+06
5.804445000000000000e+06
5.919616000000000000e+06
6.023262000000000000e+06
6.125539000000000000e+06
6.232501000000000000e+06
6.325417000000000000e+06
6.430516000000000000e+06
6.527611000000000000e+06
6.622058000000000000e+06
6.712934000000000000e+06
6.803096000000000000e+06
nan
nan
nan
nan
nan
1.547930000000000000e+05
3.389140000000000000e+05
5.442840000000000000e+05
7.408660000000000000e+05
9.330000000000000000e+05
1.114773000000000000e+06
1.449953000000000000e+06
1.753896000000000000e+06
2.025717000000000000e+06
2.261204000000000000e+06
2.468628000000000000e+06
2.649457000000000000e+06
2.816643000000000000e+06
2.964600000000000000e+06
3.111029000000000000e+06
3.252976000000000000e+06
3.392172000000000000e+06
3.538414000000000000e+06
3.685630000000000000e+06
3.826626000000000000e+06
3.973176000000000000e+06
4.111899000000000000e+06
4.242345000000000000e+06
4.385991000000000000e+06
4.526395000000000000e+06
4.645663000000000000e+06
4.779103000000000000e+06
4.899032000000000000e+06
5.018046000000000000e+06
5.148960000000000000e+06
5.276289000000000000e+06
5.391590000000000000e+06
5.515733000000000000e+06
5.640516000000000000e+06
5.726109000000000000e+06
5.857794000000000000e+06
5.965906000000000000e+06
6.070723000000000000e+06
6.184303000000000000e+06
6.280952000000000000e+06
6.384604000000000000e+06
6.471262000000000000e+06
6.576127000000000000e+06
6.677775000000000000e+06
6.777417000000000000e+06
6.858435000000000000e+06
nan
nan
nan
5.739000000000000000e+03
1.695330000000000000e+05
3.932280000000000000e+05
6.099640000000000000e+05
8.166610000000000000e+05
1.009452000000000000e+06
1.187644000000000000e+06
1.517593000000000000e+06
1.816493000000000000e+06
2.078360000000000000e+06
2.297863000000000000e+06
2.504953000000000000e+06
2.672686000000000000e+06
2.841339000000000000e+06
3.004020000000000000e+06
3.151317000000000000e+06
3.299075000000000000e+06
3.452147000000000000e+06
3.602778000000000000e+06
3.752196000000000000e+06
3.885945000000000000e+06
4.023003000000000000e+06
4.161831000000000000e+06
4.305654000000000000e+06
4.440960000000000000e+06
4.583485000000000000e+06
4.702674000000000000e+06
4.844495000000000000e+06
4.970707000000000000e+06
5.089205000000000000e+06
5.224130000000000000e+06
5.339886000000000000e+06
5.465392000000000000e+06
5.581874000000000000e+06
5.696516000000000000e+06
5.825307000000000000e+06
5.940937000000000000e+06
6.044108000000000000e+06
6.146625000000000000e+06
6.255935000000000000e+06
6.349640000000000000e+06
6.456471000000000000e+06
6.549702000000000000e+06
6.644899000000000000e+06
6.735117000000000000e+06
6.823417000000000000e+06
6.920477000000000000e+06
nan
nan
1.506600000000000000e+04
2.120740000000000000e+05
4.577850000000000000e+05
6.885840000000000000e+05
8.983120000000000000e+05
1.087859000000000000e+06
1.268379000000000000e+06
1.594681000000000000e+06
1.880585000000000000e+06
2.128958000000000000e+06
2.345206000000000000e+06
2.541735000000000000e+06
2.724862000000000000e+06
2.892737000000000000e+06
3.059475000000000000e+06
3.216221000000000000e+06
3.364573000000000000e+06
3.518823000000000000e+06
3.670447000000000000e+06
3.818046000000000000e+06
3.969929000000000000e+06
4.109360000000000000e+06
4.242919000000000000e+06
4.387159000000000000e+06
4.533395000000000000e+06
4.654838000000000000e+06
4.793300000000000000e+06
4.916484000000000000e+06
5.039486000000000000e+06
5.173318000000000000e+06
5.301688000000000000e+06
5.418985000000000000e+06
5.542058000000000000e+06
5.668197000000000000e+06
5.755785000000000000e+06
5.887511000000000000e+06
5.994392000000000000e+06
6.099295000000000000e+06
6.213035000000000000e+06
6.309574000000000000e+06
6.414610000000000000e+06
6.500667000000000000e+06
6.607615000000000000e+06
6.706305000000000000e+06
6.805695000000000000e+06
6.885623000000000000e+06
6.977123000000000000e+06
nan
1.883100000000000000e+04
2.665460000000000000e+05
5.406570000000000000e+05
7.825960000000000000e+05
9.945700000000000000e+05
1.188880000000000000e+06
1.366938000000000000e+06
1.691406000000000000e+06
1.972891000000000000e+06
2.205711000000000000e+06
2.428035000000000000e+06
2.616124000000000000e+06
2.804076000000000000e+06
2.984438000000000000e+06
3.146411000000000000e+06
3.304666000000000000e+06
3.461429000000000000e+06
3.617334000000000000e+06
3.770724000000000000e+06
3.907241000000000000e+06
4.046240000000000000e+06
4.187617000000000000e+06
4.331901000000000000e+06
4.471231000000000000e+06
4.619320000000000000e+06
4.741578000000000000e+06
4.883558000000000000e+06
5.010974000000000000e+06
5.129258000000000000e+06
5.265409000000000000e+06
5.381596000000000000e+06
5.508496000000000000e+06
5.623958000000000000e+06
5.739691000000000000e+06
5.866361000000000000e+06
5.980707000000000000e+06
6.082388000000000000e+06
6.184204000000000000e+06
6.294640000000000000e+06
6.389349000000000000e+06
6.496541000000000000e+06
6.587416000000000000e+06
6.683974000000000000e+06
6.771998000000000000e+06
6.858000000000000000e+06
6.958391000000000000e+06
7.038153000000000000e+06
5.547400000000000000e+04
3.590790000000000000e+05
6.945360000000000000e+05
9.417200000000000000e+05
1.159143000000000000e+06
1.353785000000000000e+06
1.532124000000000000e+06
1.840979000000000000e+06
2.102319000000000000e+06
2.333796000000000000e+06
2.547560000000000000e+06
2.747518000000000000e+06
2.930085000000000000e+06
3.110881000000000000e+06
3.280415000000000000e+06
3.432230000000000000e+06
3.590627000000000000e+06
3.743447000000000000e+06
3.894026000000000000e+06
4.047233000000000000e+06
4.187893000000000000e+06
4.325274000000000000e+06
4.470274000000000000e+06
4.618010000000000000e+06
4.737610000000000000e+06
4.876475000000000000e+06
4.997123000000000000e+06
5.118520000000000000e+06
5.249304000000000000e+06
5.377412000000000000e+06
5.493211000000000000e+06
5.613587000000000000e+06
5.738598000000000000e+06
5.826607000000000000e+06
5.954633000000000000e+06
6.059346000000000000e+06
6.162841000000000000e+06
6.275443000000000000e+06
6.369770000000000000e+06
6.476435000000000000e+06
6.562112000000000000e+06
6.665197000000000000e+06
6.763087000000000000e+06
6.860970000000000000e+06
6.939753000000000000e+06
7.025401000000000000e+06
7.123194000000000000e+06
7.889520000000000000e+05
1.072183000000000000e+06
1.292954000000000000e+06
1.480386000000000000e+06
1.646325000000000000e+06
1.802064000000000000e+06
2.082706000000000000e+06
2.326426000000000000e+06
2.559102000000000000e+06
2.754231000000000000e+06
2.943640000000000000e+06
3.124942000000000000e+06
3.287357000000000000e+06
3.447548000000000000e+06
3.602279000000000000e+06
3.756393000000000000e+06
3.909247000000000000e+06
4.046099000000000000e+06
4.186201000000000000e+06
4.326256000000000000e+06
4.466860000000000000e+06
4.603044000000000000e+06
4.748539000000000000e+06
4.869163000000000000e+06
5.005152000000000000e+06
5.130651000000000000e+06
5.244213000000000000e+06
5.377610000000000000e+06
5.491857000000000000e+06
5.617534000000000000e+06
5.729692000000000000e+06
5.843776000000000000e+06
5.967732000000000000e+06
6.077819000000000000e+06
6.177656000000000000e+06
6.277717000000000000e+06
6.386360000000000000e+06
6.478327000000000000e+06
6.583431000000000000e+06
6.669718000000000000e+06
6.767011000000000000e+06
6.851693000000000000e+06
6.934509000000000000e+06
7.035186000000000000e+06
7.114076000000000000e+06
7.210866000000000000e+06
1.331606000000000000e+06
1.529986000000000000e+06
1.701064000000000000e+06
1.861802000000000000e+06
2.005594000000000000e+06
2.267973000000000000e+06
2.499484000000000000e+06
2.709923000000000000e+06
2.903748000000000000e+06
3.080395000000000000e+06
3.254202000000000000e+06
3.418776000000000000e+06
3.566744000000000000e+06
3.726292000000000000e+06
3.878755000000000000e+06
4.026041000000000000e+06
4.176660000000000000e+06
4.314055000000000000e+06
4.449582000000000000e+06
4.591087000000000000e+06
4.735289000000000000e+06
4.851569000000000000e+06
4.987974000000000000e+06
5.107576000000000000e+06
5.226868000000000000e+06
5.352893000000000000e+06
5.480833000000000000e+06
5.594715000000000000e+06
5.711413000000000000e+06
5.835338000000000000e+06
5.924060000000000000e+06
6.046570000000000000e+06
6.149984000000000000e+06
6.251032000000000000e+06
6.362316000000000000e+06
6.454456000000000000e+06
6.562246000000000000e+06
6.645839000000000000e+06
6.745496000000000000e+06
6.843799000000000000e+06
6.939724000000000000e+06
7.015101000000000000e+06
7.097034000000000000e+06
7.196724000000000000e+06
7.264718000000000000e+06
1.714685000000000000e+06
1.882831000000000000e+06
2.031442000000000000e+06
2.175342000000000000e+06
2.419196000000000000e+06
2.649394000000000000e+06
2.844818000000000000e+06
3.034194000000000000e+06
3.214957000000000000e+06
3.378897000000000000e+06
3.539700000000000000e+06
3.694417000000000000e+06
3.848490000000000000e+06
4.000607000000000000e+06
4.136899000000000000e+06
4.277039000000000000e+06
4.415730000000000000e+06
4.553930000000000000e+06
4.687635000000000000e+06
4.831999000000000000e+06
4.952350000000000000e+06
5.084740000000000000e+06
5.209309000000000000e+06
5.319561000000000000e+06
5.451912000000000000e+06
5.564421000000000000e+06
5.689940000000000000e+06
5.800347000000000000e+06
5.912603000000000000e+06
6.037850000000000000e+06
6.143136000000000000e+06
6.242130000000000000e+06
6.340852000000000000e+06
6.448971000000000000e+06
6.537646000000000000e+06
6.644214000000000000e+06
6.726291000000000000e+06
6.824270000000000000e+06
6.906382000000000000e+06
6.987193000000000000e+06
7.088749000000000000e+06
7.166540000000000000e+06
7.260796000000000000e+06
7.321593000000000000e+06
2.041527000000000000e+06
2.190913000000000000e+06
2.320207000000000000e+06
2.560291000000000000e+06
2.775441000000000000e+06
2.973144000000000000e+06
3.152405000000000000e+06
3.327702000000000000e+06
3.494544000000000000e+06
3.642823000000000000e+06
3.803422000000000000e+06
3.956079000000000000e+06
4.102815000000000000e+06
4.252289000000000000e+06
4.388506000000000000e+06
4.523159000000000000e+06
4.663254000000000000e+06
4.805413000000000000e+06
4.920116000000000000e+06
5.055752000000000000e+06
5.174885000000000000e+06
5.291716000000000000e+06
5.414721000000000000e+06
5.542176000000000000e+06
5.657135000000000000e+06
5.770418000000000000e+06
5.893885000000000000e+06
5.983389000000000000e+06
6.101911000000000000e+06
6.204614000000000000e+06
6.304474000000000000e+06
6.414354000000000000e+06
6.504813000000000000e+06
6.614647000000000000e+06
6.696557000000000000e+06
6.793887000000000000e+06
6.892584000000000000e+06
6.987200000000000000e+06
7.059909000000000000e+06
7.139116000000000000e+06
7.240634000000000000e+06
7.308177000000000000e+06
7.400576000000000000e+06
2.331573000000000000e+06
2.457837000000000000e+06
2.697752000000000000e+06
2.900945000000000000e+06
3.095193000000000000e+06
3.278419000000000000e+06
3.445969000000000000e+06
3.607455000000000000e+06
3.763623000000000000e+06
3.917964000000000000e+06
4.069018000000000000e+06
4.205150000000000000e+06
4.345002000000000000e+06
4.483007000000000000e+06
4.619469000000000000e+06
4.751254000000000000e+06
4.894231000000000000e+06
5.014364000000000000e+06
5.144165000000000000e+06
5.267968000000000000e+06
5.375371000000000000e+06
5.507442000000000000e+06
5.618890000000000000e+06
5.743811000000000000e+06
5.853371000000000000e+06
5.963984000000000000e+06
6.088131000000000000e+06
6.190987000000000000e+06
6.290298000000000000e+06
6.385699000000000000e+06
6.494849000000000000e+06
6.582560000000000000e+06
6.689554000000000000e+06
6.768566000000000000e+06
6.866282000000000000e+06
6.946863000000000000e+06
7.026205000000000000e+06
7.128453000000000000e+06
7.204646000000000000e+06
7.298882000000000000e+06
7.357908000000000000e+06
7.459428000000000000e+06
2.593801000000000000e+06
2.819557000000000000e+06
3.024603000000000000e+06
3.208956000000000000e+06
3.386665000000000000e+06
3.556639000000000000e+06
3.706008000000000000e+06
3.867293000000000000e+06
4.020177000000000000e+06
4.166058000000000000e+06
4.314179000000000000e+06
4.450103000000000000e+06
4.582891000000000000e+06
4.721644000000000000e+06
4.862049000000000000e+06
4.975595000000000000e+06
5.111300000000000000e+06
5.229554000000000000e+06
5.344354000000000000e+06
5.464556000000000000e+06
5.591779000000000000e+06
5.707659000000000000e+06
5.817750000000000000e+06
5.940867000000000000e+06
6.031922000000000000e+06
6.145886000000000000e+06
6.248524000000000000e+06
6.347450000000000000e+06
6.456126000000000000e+06
6.545137000000000000e+06
6.656672000000000000e+06
6.737351000000000000e+06
6.832181000000000000e+06
6.931063000000000000e+06
7.024935000000000000e+06
7.095732000000000000e+06
7.171858000000000000e+06
7.275356000000000000e+06
7.342870000000000000e+06
7.434781000000000000e+06
7.499834000000000000e+06
3.065533000000000000e+06
3.257466000000000000e+06
3.438780000000000000e+06
3.612227000000000000e+06
3.762601000000000000e+06
3.924799000000000000e+06
4.077811000000000000e+06
4.222687000000000000e+06
4.370000000000000000e+06
4.505052000000000000e+06
4.635801000000000000e+06
4.773284000000000000e+06
4.912015000000000000e+06
5.024264000000000000e+06
5.159537000000000000e+06
5.277346000000000000e+06
5.390200000000000000e+06
5.507612000000000000e+06
5.634521000000000000e+06
5.751790000000000000e+06
5.859167000000000000e+06
5.983704000000000000e+06
6.073373000000000000e+06
6.184269000000000000e+06
6.286020000000000000e+06
6.384162000000000000e+06
6.491597000000000000e+06
6.579786000000000000e+06
6.692616000000000000e+06
6.772301000000000000e+06
6.863862000000000000e+06
6.963178000000000000e+06
7.056282000000000000e+06
7.125196000000000000e+06
7.199626000000000000e+06
7.304410000000000000e+06
7.371956000000000000e+06
7.464086000000000000e+06
7.526763000000000000e+06
7.625499000000000000e+06
3.485701000000000000e+06
3.663277000000000000e+06
3.815375000000000000e+06
3.978453000000000000e+06
4.131401000000000000e+06
4.274867000000000000e+06
4.422083000000000000e+06
4.555920000000000000e+06
4.684907000000000000e+06
4.820913000000000000e+06
4.957709000000000000e+06
5.068434000000000000e+06
5.202835000000000000e+06
5.320554000000000000e+06
5.432458000000000000e+06
5.546510000000000000e+06
5.672752000000000000e+06
5.791429000000000000e+06
5.896922000000000000e+06
6.019812000000000000e+06
6.110470000000000000e+06
6.218194000000000000e+06
6.319034000000000000e+06
6.416325000000000000e+06
6.522788000000000000e+06
6.609498000000000000e+06
6.724301000000000000e+06
6.802824000000000000e+06
6.891071000000000000e+06
6.990030000000000000e+06
7.083747000000000000e+06
7.151161000000000000e+06
7.223500000000000000e+06
7.329288000000000000e+06
7.397050000000000000e+06
7.489188000000000000e+06
7.550706000000000000e+06
7.648818000000000000e+06
7.708732000000000000e+06
3.865015000000000000e+06
4.029464000000000000e+06
4.182483000000000000e+06
4.324209000000000000e+06
4.472142000000000000e+06
4.603916000000000000e+06
4.731546000000000000e+06
4.865682000000000000e+06
5.000578000000000000e+06
5.110196000000000000e+06
5.243001000000000000e+06
5.360646000000000000e+06
5.471032000000000000e+06
5.582350000000000000e+06
5.707733000000000000e+06
5.827509000000000000e+06
5.930977000000000000e+06
6.052801000000000000e+06
6.144054000000000000e+06
6.248963000000000000e+06
6.349150000000000000e+06
6.445462000000000000e+06
6.550586000000000000e+06
6.639263000000000000e+06
6.752778000000000000e+06
6.829844000000000000e+06
6.912516000000000000e+06
7.014254000000000000e+06
7.107750000000000000e+06
7.173787000000000000e+06
7.244841000000000000e+06
7.351324000000000000e+06
7.419149000000000000e+06
7.511382000000000000e+06
7.572791000000000000e+06
7.668971000000000000e+06
7.730341000000000000e+06
7.808519000000000000e+06
4.231742000000000000e+06
4.371945000000000000e+06
4.520435000000000000e+06
4.650494000000000000e+06
4.775954000000000000e+06
4.908846000000000000e+06
5.041542000000000000e+06
5.150837000000000000e+06
5.281448000000000000e+06
5.399220000000000000e+06
5.507431000000000000e+06
5.616104000000000000e+06
5.740595000000000000e+06
5.861086000000000000e+06
5.962006000000000000e+06
6.082863000000000000e+06
6.174303000000000000e+06
6.277089000000000000e+06
6.376624000000000000e+06
6.472631000000000000e+06
6.575967000000000000e+06
6.663826000000000000e+06
6.778691000000000000e+06
6.854751000000000000e+06
6.934793000000000000e+06
7.036525000000000000e+06
7.129690000000000000e+06
7.194140000000000000e+06
7.264394000000000000e+06
7.371575000000000000e+06
7.438827000000000000e+06
7.531285000000000000e+06
7.592680000000000000e+06
7.686745000000000000e+06
7.749299000000000000e+06
7.826135000000000000e+06
7.888519000000000000e+06
4.567445000000000000e+06
4.695107000000000000e+06
4.818672000000000000e+06
4.950941000000000000e+06
5.081120000000000000e+06
5.190267000000000000e+06
5.318276000000000000e+06
5.436634000000000000e+06
5.541924000000000000e+06
5.648202000000000000e+06
5.771667000000000000e+06
5.892727000000000000e+06
5.991377000000000000e+06
6.111127000000000000e+06
6.202369000000000000e+06
6.303413000000000000e+06
6.402593000000000000e+06
6.497775000000000000e+06
6.599843000000000000e+06
6.686359000000000000e+06
6.802601000000000000e+06
6.877490000000000000e+06
6.955468000000000000e+06
7.056817000000000000e+06
7.149749000000000000e+06
7.212995000000000000e+06
7.281969000000000000e+06
7.391085000000000000e+06
7.456847000000000000e+06
7.549052000000000000e+06
7.611075000000000000e+06
7.703461000000000000e+06
7.767151000000000000e+06
7.842264000000000000e+06
7.904884000000000000e+06
7.996764000000000000e+06
4.861012000000000000e+06
4.992407000000000000e+06
5.119977000000000000e+06
5.228321000000000000e+06
5.354303000000000000e+06
5.471668000000000000e+06
5.575563000000000000e+06
5.679164000000000000e+06
5.801725000000000000e+06
5.923114000000000000e+06
6.019442000000000000e+06
6.138294000000000000e+06
6.228619000000000000e+06
6.328199000000000000e+06
6.426795000000000000e+06
6.521581000000000000e+06
6.622166000000000000e+06
6.707563000000000000e+06
6.824644000000000000e+06
6.898654000000000000e+06
6.974701000000000000e+06
7.075621000000000000e+06
7.168493000000000000e+06
7.229875000000000000e+06
7.298616000000000000e+06
7.409063000000000000e+06
7.473185000000000000e+06
7.565427000000000000e+06
7.628220000000000000e+06
7.718663000000000000e+06
7.783439000000000000e+06
7.856731000000000000e+06
7.919783000000000000e+06
8.011262000000000000e+06
8.061129000000000000e+06
5.158717000000000000e+06
5.266103000000000000e+06
5.390051000000000000e+06
5.506011000000000000e+06
5.608566000000000000e+06
5.709450000000000000e+06
5.830833000000000000e+06
5.952199000000000000e+06
6.046916000000000000e+06
6.164278000000000000e+06
6.253267000000000000e+06
6.351811000000000000e+06
6.449670000000000000e+06
6.544297000000000000e+06
6.643331000000000000e+06
6.727687000000000000e+06
6.845358000000000000e+06
6.918416000000000000e+06
6.992658000000000000e+06
7.093502000000000000e+06
7.185920000000000000e+06
7.245997000000000000e+06
7.314200000000000000e+06
7.425156000000000000e+06
7.488342000000000000e+06
7.580633000000000000e+06
7.643707000000000000e+06
7.732714000000000000e+06
7.798124000000000000e+06
7.870269000000000000e+06
7.933983000000000000e+06
8.025041000000000000e+06
8.074760000000000000e+06
8.139243000000000000e+06
5.425919000000000000e+06
5.540252000000000000e+06
5.641335000000000000e+06
5.739134000000000000e+06
5.859534000000000000e+06
5.980468000000000000e+06
6.073852000000000000e+06
6.189909000000000000e+06
6.278285000000000000e+06
6.374711000000000000e+06
6.471948000000000000e+06
6.565965000000000000e+06
6.663720000000000000e+06
6.746935000000000000e+06
6.864121000000000000e+06
6.937261000000000000e+06
7.009351000000000000e+06
7.110565000000000000e+06
7.200945000000000000e+06
7.261118000000000000e+06
7.329025000000000000e+06
7.440168000000000000e+06
7.502926000000000000e+06
7.594854000000000000e+06
7.658332000000000000e+06
7.745827000000000000e+06
7.811723000000000000e+06
7.882339000000000000e+06
7.947409000000000000e+06
8.037525000000000000e+06
8.087302000000000000e+06
8.150653000000000000e+06
8.233151000000000000e+06
5.674309000000000000e+06
5.768833000000000000e+06
5.888102000000000000e+06
6.008415000000000000e+06
6.100435000000000000e+06
6.214856000000000000e+06
6.302778000000000000e+06
6.397202000000000000e+06
6.493874000000000000e+06
6.587113000000000000e+06
6.683414000000000000e+06
6.765702000000000000e+06
6.882045000000000000e+06
6.955771000000000000e+06
7.025600000000000000e+06
7.126703000000000000e+06
7.217022000000000000e+06
7.275917000000000000e+06
7.343041000000000000e+06
7.454408000000000000e+06
7.516695000000000000e+06
7.608031000000000000e+06
7.672197000000000000e+06
7.758744000000000000e+06
7.824344000000000000e+06
7.894080000000000000e+06
7.959960000000000000e+06
8.049345000000000000e+06
8.099423000000000000e+06
8.161148000000000000e+06
8.241628000000000000e+06
8.287457000000000000e+06
5.916673000000000000e+06
6.036217000000000000e+06
6.126994000000000000e+06
6.239368000000000000e+06
6.326711000000000000e+06
6.419436000000000000e+06
6.515155000000000000e+06
6.607650000000000000e+06
6.702758000000000000e+06
6.783904000000000000e+06
6.898346000000000000e+06
6.973842000000000000e+06
7.041451000000000000e+06
7.142562000000000000e+06
7.232809000000000000e+06
7.290806000000000000e+06
7.356903000000000000e+06
7.468266000000000000e+06
7.529724000000000000e+06
7.620316000000000000e+06
7.688478000000000000e+06
7.771265000000000000e+06
7.836408000000000000e+06
7.904899000000000000e+06
7.972026000000000000e+06
8.060551000000000000e+06
8.111040000000000000e+06
8.171245000000000000e+06
8.251388000000000000e+06
8.297643000000000000e+06
8.379677000000000000e+06
6.153639000000000000e+06
6.263795000000000000e+06
6.350540000000000000e+06
6.441686000000000000e+06
6.536442000000000000e+06
6.627924000000000000e+06
6.721943000000000000e+06
6.801841000000000000e+06
6.916298000000000000e+06
6.991352000000000000e+06
7.056740000000000000e+06
7.158207000000000000e+06
7.247754000000000000e+06
7.305020000000000000e+06
7.370228000000000000e+06
7.481619000000000000e+06
7.540044000000000000e+06
7.631946000000000000e+06
7.702199000000000000e+06
7.783615000000000000e+06
7.847936000000000000e+06
7.915355000000000000e+06
7.983302000000000000e+06
8.071046000000000000e+06
8.121840000000000000e+06
8.180936000000000000e+06
8.260593000000000000e+06
8.307434000000000000e+06
8.388950000000000000e+06
8.441425000000000000e+06
6.374278000000000000e+06
6.463725000000000000e+06
6.557787000000000000e+06
6.648394000000000000e+06
6.741125000000000000e+06
6.819697000000000000e+06
6.934062000000000000e+06
7.008087000000000000e+06
7.072026000000000000e+06
7.173989000000000000e+06
7.262214000000000000e+06
7.319143000000000000e+06
7.383488000000000000e+06
7.494405000000000000e+06
7.548082000000000000e+06
7.642460000000000000e+06
7.714813000000000000e+06
7.794881000000000000e+06
7.859101000000000000e+06
7.925216000000000000e+06
7.993917000000000000e+06
8.081013000000000000e+06
8.132205000000000000e+06
8.189974000000000000e+06
8.269472000000000000e+06
8.317029000000000000e+06
8.397708000000000000e+06
8.449970000000000000e+06
8.504833000000000000e+06
6.579292000000000000e+06
6.668575000000000000e+06
6.760197000000000000e+06
6.837380000000000000e+06
6.951510000000000000e+06
7.024638000000000000e+06
7.087157000000000000e+06
7.189441000000000000e+06
7.276205000000000000e+06
7.332691000000000000e+06
7.396518000000000000e+06
7.507002000000000000e+06
7.560012000000000000e+06
7.652789000000000000e+06
7.726832000000000000e+06
7.806103000000000000e+06
7.869942000000000000e+06
7.935088000000000000e+06
8.004178000000000000e+06
8.090697000000000000e+06
8.141997000000000000e+06
8.198004000000000000e+06
8.278238000000000000e+06
8.326290000000000000e+06
8.406426000000000000e+06
8.458118000000000000e+06
8.513034000000000000e+06
8.573296000000000000e+06
6.779619000000000000e+06
6.855120000000000000e+06
6.969034000000000000e+06
7.041324000000000000e+06
7.102272000000000000e+06
7.204671000000000000e+06
7.290519000000000000e+06
7.346458000000000000e+06
7.409682000000000000e+06
7.519207000000000000e+06
7.571738000000000000e+06
7.663962000000000000e+06
7.738414000000000000e+06
7.817413000000000000e+06
7.880264000000000000e+06
7.944932000000000000e+06
8.014187000000000000e+06
8.099926000000000000e+06
8.151638000000000000e+06
8.204881000000000000e+06
8.286672000000000000e+06
8.335340000000000000e+06
8.414845000000000000e+06
8.466060000000000000e+06
8.521250000000000000e+06
8.580429000000000000e+06
8.651313000000000000e+06
6.986940000000000000e+06
7.057425000000000000e+06
7.117779000000000000e+06
7.220107000000000000e+06
7.304533000000000000e+06
7.360517000000000000e+06
7.422778000000000000e+06
7.531727000000000000e+06
7.583228000000000000e+06
7.675212000000000000e+06
7.749488000000000000e+06
7.832176000000000000e+06
7.890628000000000000e+06
7.954758000000000000e+06
8.023951000000000000e+06
8.109081000000000000e+06
8.161295000000000000e+06
8.213531000000000000e+06
8.295024000000000000e+06
8.344043000000000000e+06
8.423101000000000000e+06
8.473744000000000000e+06
8.529197000000000000e+06
8.587391000000000000e+06
8.658028000000000000e+06
8.711407000000000000e+06
7.133512000000000000e+06
7.236307000000000000e+06
7.318494000000000000e+06
7.374444000000000000e+06
7.436221000000000000e+06
7.544228000000000000e+06
7.594993000000000000e+06
7.686370000000000000e+06
7.760698000000000000e+06
7.843702000000000000e+06
7.900749000000000000e+06
7.964397000000000000e+06
8.033145000000000000e+06
8.117951000000000000e+06
8.170502000000000000e+06
8.222237000000000000e+06
8.303042000000000000e+06
8.352564000000000000e+06
8.431024000000000000e+06
8.481583000000000000e+06
8.537035000000000000e+06
8.593879000000000000e+06
8.664476000000000000e+06
8.718503000000000000e+06
8.738962000000000000e+06
7.332658000000000000e+06
7.388821000000000000e+06
7.449853000000000000e+06
7.556608000000000000e+06
7.606699000000000000e+06
7.697780000000000000e+06
7.771696000000000000e+06
7.854635000000000000e+06
7.910689000000000000e+06
7.973566000000000000e+06
8.041802000000000000e+06
8.127000000000000000e+06
8.179605000000000000e+06
8.230876000000000000e+06
8.310769000000000000e+06
8.360988000000000000e+06
8.441553000000000000e+06
8.489327000000000000e+06
8.544882000000000000e+06
8.600355000000000000e+06
8.670581000000000000e+06
8.725449000000000000e+06
8.744445000000000000e+06
8.804231000000000000e+06
7.463624000000000000e+06
7.569128000000000000e+06
7.618421000000000000e+06
7.709037000000000000e+06
7.782801000000000000e+06
7.865453000000000000e+06
7.920844000000000000e+06
7.982846000000000000e+06
8.051660000000000000e+06
8.135953000000000000e+06
8.188855000000000000e+06
8.239684000000000000e+06
8.318826000000000000e+06
8.369691000000000000e+06
8.450235000000000000e+06
8.496903000000000000e+06
8.552564000000000000e+06
8.607215000000000000e+06
8.676224000000000000e+06
8.732261000000000000e+06
8.749746000000000000e+06
8.808790000000000000e+06
8.888825000000000000e+06
7.630402000000000000e+06
7.720522000000000000e+06
7.794232000000000000e+06
7.876227000000000000e+06
7.931314000000000000e+06
7.992714000000000000e+06
8.061361000000000000e+06
8.144914000000000000e+06
8.198203000000000000e+06
8.248729000000000000e+06
8.327097000000000000e+06
8.378342000000000000e+06
8.458458000000000000e+06
8.504326000000000000e+06
8.559954000000000000e+06
8.613922000000000000e+06
8.681134000000000000e+06
8.738811000000000000e+06
8.755072000000000000e+06
8.815617000000000000e+06
8.895462000000000000e+06
8.929065000000000000e+06
7.805701000000000000e+06
7.887199000000000000e+06
7.941704000000000000e+06
8.002354000000000000e+06
8.071263000000000000e+06
8.153857000000000000e+06
8.207256000000000000e+06
8.257737000000000000e+06
8.335480000000000000e+06
8.386978000000000000e+06
8.466373000000000000e+06
8.511709000000000000e+06
8.566975000000000000e+06
8.620567000000000000e+06
8.686335000000000000e+06
8.745126000000000000e+06
8.760522000000000000e+06
8.821227000000000000e+06
8.901782000000000000e+06
8.935159000000000000e+06
8.999276000000000000e+06
7.952362000000000000e+06
8.011982000000000000e+06
8.083868000000000000e+06
8.162980000000000000e+06
8.219138000000000000e+06
8.266843000000000000e+06
8.343723000000000000e+06
8.395602000000000000e+06
8.474453000000000000e+06
8.519218000000000000e+06
8.574024000000000000e+06
8.627232000000000000e+06
8.692803000000000000e+06
8.751443000000000000e+06
8.765941000000000000e+06
8.825846000000000000e+06
8.908172000000000000e+06
8.941094000000000000e+06
9.005413000000000000e+06
9.069666000000000000e+06
8.094983000000000000e+06
8.172525000000000000e+06
8.229177000000000000e+06
8.275865000000000000e+06
8.352171000000000000e+06
8.404347000000000000e+06
8.482496000000000000e+06
8.527001000000000000e+06
8.581238000000000000e+06
8.634116000000000000e+06
8.699492000000000000e+06
8.757750000000000000e+06
8.771612000000000000e+06
8.830610000000000000e+06
8.914222000000000000e+06
8.946794000000000000e+06
9.011521000000000000e+06
9.075421000000000000e+06
9.110336000000000000e+06
8.238907000000000000e+06
8.285193000000000000e+06
8.360711000000000000e+06
8.413231000000000000e+06
8.490556000000000000e+06
8.534857000000000000e+06
8.588371000000000000e+06
8.640919000000000000e+06
8.706329000000000000e+06
8.764206000000000000e+06
8.777505000000000000e+06
8.836358000000000000e+06
8.920340000000000000e+06
8.952744000000000000e+06
9.017595000000000000e+06
9.081175000000000000e+06
9.115693000000000000e+06
9.174377000000000000e+06
8.369175000000000000e+06
8.422231000000000000e+06
8.498561000000000000e+06
8.542699000000000000e+06
8.595728000000000000e+06
8.647724000000000000e+06
8.713340000000000000e+06
8.770680000000000000e+06
8.783581000000000000e+06
8.842231000000000000e+06
8.926293000000000000e+06
8.958887000000000000e+06
9.023599000000000000e+06
9.086638000000000000e+06
9.121002000000000000e+06
9.179546000000000000e+06
9.204203000000000000e+06
8.506640000000000000e+06
8.550965000000000000e+06
8.603201000000000000e+06
8.654860000000000000e+06
8.720256000000000000e+06
8.777439000000000000e+06
8.789614000000000000e+06
8.848203000000000000e+06
8.932296000000000000e+06
8.965184000000000000e+06
9.029604000000000000e+06
9.092217000000000000e+06
9.126271000000000000e+06
9.184753000000000000e+06
9.209868000000000000e+06
9.280612000000000000e+06
8.611001000000000000e+06
8.662190000000000000e+06
8.727477000000000000e+06
8.784406000000000000e+06
8.795648000000000000e+06
8.853835000000000000e+06
8.940114000000000000e+06
8.971858000000000000e+06
9.035722000000000000e+06
9.097784000000000000e+06
9.131717000000000000e+06
9.189971000000000000e+06
9.215562000000000000e+06
9.285459000000000000e+06
9.322772000000000000e+06
8.734811000000000000e+06
8.791204000000000000e+06
8.801678000000000000e+06
8.859149000000000000e+06
8.947313000000000000e+06
8.978598000000000000e+06
9.042003000000000000e+06
9.103234000000000000e+06
9.137398000000000000e+06
9.195372000000000000e+06
9.221173000000000000e+06
9.290444000000000000e+06
9.327653000000000000e+06
9.370405000000000000e+06
8.807629000000000000e+06
8.864525000000000000e+06
8.953910000000000000e+06
8.985383000000000000e+06
9.048149000000000000e+06
9.108933000000000000e+06
9.143157000000000000e+06
9.201016000000000000e+06
9.226774000000000000e+06
9.295241000000000000e+06
9.332591000000000000e+06
9.375527000000000000e+06
9.433185000000000000e+06
8.960512000000000000e+06
8.992383000000000000e+06
9.054459000000000000e+06
9.114674000000000000e+06
9.148912000000000000e+06
9.206602000000000000e+06
9.232178000000000000e+06
9.300122000000000000e+06
9.337557000000000000e+06
9.380710000000000000e+06
9.437761000000000000e+06
9.456861000000000000e+06
9.060788000000000000e+06
9.120678000000000000e+06
9.154642000000000000e+06
9.212304000000000000e+06
9.237500000000000000e+06
9.305041000000000000e+06
9.342673000000000000e+06
9.386150000000000000e+06
9.442501000000000000e+06
9.461224000000000000e+06
9.524216000000000000e+06
9.160491000000000000e+06
9.218048000000000000e+06
9.242923000000000000e+06
9.310100000000000000e+06
9.347786000000000000e+06
9.391643000000000000e+06
9.447290000000000000e+06
9.465127000000000000e+06
9.528974000000000000e+06
9.584073000000000000e+06
9.248676000000000000e+06
9.315210000000000000e+06
9.352869000000000000e+06
9.397006000000000000e+06
9.452151000000000000e+06
9.469163000000000000e+06
9.533812000000000000e+06
9.588797000000000000e+06
9.603385000000000000e+06
9.357957000000000000e+06
9.402367000000000000e+06
9.457127000000000000e+06
9.473544000000000000e+06
9.538621000000000000e+06
9.593689000000000000e+06
9.608194000000000000e+06
9.667276000000000000e+06
9.462202000000000000e+06
9.477961000000000000e+06
9.543570000000000000e+06
9.598560000000000000e+06
9.613841000000000000e+06
9.671824000000000000e+06
9.655852000000000000e+06
9.548566000000000000e+06
9.603351000000000000e+06
9.619235000000000000e+06
9.676441000000000000e+06
9.659816000000000000e+06
9.758187000000000000e+06
9.624660000000000000e+06
9.681067000000000000e+06
9.663913000000000000e+06
9.764005000000000000e+06
9.795851000000000000e+06
9.668204000000000000e+06
9.769711000000000000e+06
9.802175000000000000e+06
9.846007000000000000e+06
9.808273000000000000e+06
9.850351000000000000e+06
9.907192000000000000e+06
9.911662000000000000e+06
9.979276000000000000e+06
9.973293000000000000e+06
