3.142544700000000000e+07
3.142544700000000000e+07
3.142544700000000000e+07
3.142544700000000000e+07
3.142544700000000000e+07
3.142544700000000000e+07
3.142544700000000000e+07
3.142544700000000000e+07
3.142544700000000000e+07
3.142544700000000000e+07
3.142544700000000000e+07
3.142544700000000000e+07
3.142544700000000000e+07
3.142544700000000000e+07
3.142544700000000000e+07
3.142544700000000000e+07
3.142544700000000000e+07
3.142544700000000000e+07
3.142544700000000000e+07
3.142544700000000000e+07
3.142544700000000000e+07
3.142544700000000000e+07
3.142544700000000000e+07
3.142544700000000000e+07
3.142492500000000000e+07
3.107079600000000000e+07
3.066061100000000000e+07
3.057228200000000000e+07
3.059428900000000000e+07
3.063744400000000000e+07
3.065586400000000000e+07
3.066086800000000000e+07
3.054258500000000000e+07
3.023223700000000000e+07
2.988445400000000000e+07
2.957246500000000000e+07
2.931225700000000000e+07
2.902604100000000000e+07
2.874803400000000000e+07
2.845797600000000000e+07
2.817021000000000000e+07
2.792448300000000000e+07
2.769523300000000000e+07
2.749793300000000000e+07
2.734913900000000000e+07
2.721800900000000000e+07
2.711158700000000000e+07
2.702192500000000000e+07
2.695524200000000000e+07
2.689597400000000000e+07
2.683785000000000000e+07
2.677630900000000000e+07
2.670060400000000000e+07
2.663436300000000000e+07
2.655203500000000000e+07
2.647520600000000000e+07
2.638270500000000000e+07
2.629833100000000000e+07
2.622043800000000000e+07
2.611139000000000000e+07
2.601402200000000000e+07
2.592263900000000000e+07
2.582704200000000000e+07
2.570808300000000000e+07
2.565274700000000000e+07
2.553921600000000000e+07
2.545914700000000000e+07
2.534134500000000000e+07
2.525405200000000000e+07
2.516383300000000000e+07
2.506621300000000000e+07
3.142544700000000000e+07
3.142544700000000000e+07
3.142544700000000000e+07
3.142544700000000000e+07
3.142544700000000000e+07
3.142544700000000000e+07
3.142544700000000000e+07
3.142544700000000000e+07
3.142544700000000000e+07
3.142544700000000000e+07
3.142544700000000000e+07
3.142544700000000000e+07
3.142544700000000000e+07
3.142544700000000000e+07
3.142544700000000000e+07
3.142544700000000000e+07
3.142544700000000000e+07
3.142544700000000000e+07
3.142544700000000000e+07
3.142544700000000000e+07
3.142544700000000000e+07
3.142544700000000000e+07
3.142544700000000000e+07
3.141943000000000000e+07
3.104321200000000000e+07
3.071967700000000000e+07
3.065500200000000000e+07
3.067419000000000000e+07
3.069589100000000000e+07
3.069742400000000000e+07
3.069421400000000000e+07
3.052705800000000000e+07
3.019676800000000000e+07
2.985309600000000000e+07
2.955686300000000000e+07
2.928597700000000000e+07
2.900612400000000000e+07
2.872388900000000000e+07
2.843847600000000000e+07
2.815999300000000000e+07
2.791048700000000000e+07
2.768071500000000000e+07
2.750947700000000000e+07
2.735389200000000000e+07
2.723609600000000000e+07
2.713379200000000000e+07
2.702822100000000000e+07
2.697459500000000000e+07
2.691125200000000000e+07
2.684863800000000000e+07
2.678876300000000000e+07
2.670803100000000000e+07
2.663930400000000000e+07
2.656911400000000000e+07
2.647263400000000000e+07
2.638947100000000000e+07
2.629799200000000000e+07
2.619429900000000000e+07
2.611301100000000000e+07
2.601605400000000000e+07
2.592568800000000000e+07
2.583313200000000000e+07
2.572130900000000000e+07
2.563993100000000000e+07
2.553245900000000000e+07
2.544137400000000000e+07
2.535115700000000000e+07
2.524879300000000000e+07
2.515408900000000000e+07
2.505436700000000000e+07
3.142544700000000000e+07
3.142544700000000000e+07
3.142544700000000000e+07
3.142544700000000000e+07
3.142544700000000000e+07
3.142544700000000000e+07
3.142544700000000000e+07
3.142544700000000000e+07
3.142544700000000000e+07
3.142544700000000000e+07
3.142544700000000000e+07
3.142544700000000000e+07
3.142544700000000000e+07
3.142544700000000000e+07
3.142544700000000000e+07
3.142544700000000000e+07
3.142544700000000000e+07
3.142544700000000000e+07
3.142544700000000000e+07
3.142544700000000000e+07
3.142544700000000000e+07
3.142544700000000000e+07
3.141077900000000000e+07
3.103850600000000000e+07
3.077770100000000000e+07
3.072962600000000000e+07
3.074044800000000000e+07
3.074069600000000000e+07
3.073165900000000000e+07
3.070957900000000000e+07
3.050481100000000000e+07
3.015465900000000000e+07
2.982084200000000000e+07
2.953687700000000000e+07
2.926689700000000000e+07
2.897751700000000000e+07
2.869103500000000000e+07
2.840702400000000000e+07
2.813897800000000000e+07
2.788877800000000000e+07
2.768244400000000000e+07
2.751558400000000000e+07
2.736824600000000000e+07
2.724083700000000000e+07
2.714478200000000000e+07
2.707010000000000000e+07
2.699250700000000000e+07
2.694228100000000000e+07
2.687729500000000000e+07
2.680625500000000000e+07
2.674027100000000000e+07
2.666014500000000000e+07
2.657788700000000000e+07
2.648317000000000000e+07
2.639158000000000000e+07
2.629175000000000000e+07
2.620849200000000000e+07
2.611648300000000000e+07
2.601726700000000000e+07
2.591349200000000000e+07
2.581753600000000000e+07
2.572204400000000000e+07
2.562619300000000000e+07
2.551999500000000000e+07
2.542996500000000000e+07
2.533950200000000000e+07
2.522811400000000000e+07
2.513870900000000000e+07
2.505128300000000000e+07
3.142544700000000000e+07
3.142544700000000000e+07
3.142544700000000000e+07
3.142544700000000000e+07
3.142544700000000000e+07
3.142544700000000000e+07
3.142544700000000000e+07
3.142544700000000000e+07
3.142544700000000000e+07
3.142544700000000000e+07
3.142544700000000000e+07
3.142544700000000000e+07
3.142544700000000000e+07
3.142544700000000000e+07
3.142544700000000000e+07
3.142544700000000000e+07
3.142544700000000000e+07
3.142544700000000000e+07
3.142544700000000000e+07
3.142544700000000000e+07
3.142544700000000000e+07
3.140510300000000000e+07
3.105801600000000000e+07
3.084182600000000000e+07
3.079944300000000000e+07
3.079354100000000000e+07
3.078007200000000000e+07
3.076619300000000000e+07
3.072114300000000000e+07
3.046930100000000000e+07
3.012250500000000000e+07
2.979218100000000000e+07
2.952062400000000000e+07
2.924195200000000000e+07
2.895707700000000000e+07
2.867293700000000000e+07
2.837864000000000000e+07
2.811131400000000000e+07
2.788285000000000000e+07
2.768115200000000000e+07
2.751763000000000000e+07
2.736439000000000000e+07
2.726352000000000000e+07
2.716773100000000000e+07
2.709141700000000000e+07
2.702519900000000000e+07
2.695411100000000000e+07
2.689457400000000000e+07
2.681382500000000000e+07
2.674941200000000000e+07
2.665628500000000000e+07
2.658126400000000000e+07
2.649055100000000000e+07
2.638988100000000000e+07
2.630683500000000000e+07
2.619338200000000000e+07
2.610812600000000000e+07
2.600539500000000000e+07
2.594206700000000000e+07
2.581559000000000000e+07
2.571182200000000000e+07
2.562241700000000000e+07
2.553454700000000000e+07
2.540178100000000000e+07
2.533932900000000000e+07
2.523232500000000000e+07
2.514323800000000000e+07
2.503863200000000000e+07
3.142544700000000000e+07
3.142544700000000000e+07
3.142544700000000000e+07
3.142544700000000000e+07
3.142544700000000000e+07
3.142544700000000000e+07
3.142544700000000000e+07
3.142544700000000000e+07
3.142544700000000000e+07
3.142544700000000000e+07
3.142544700000000000e+07
3.142544700000000000e+07
3.142544700000000000e+07
3.142544700000000000e+07
3.142544700000000000e+07
3.142544700000000000e+07
3.142544700000000000e+07
3.142544700000000000e+07
3.142544700000000000e+07
3.142544700000000000e+07
3.140472200000000000e+07
3.108852100000000000e+07
3.090372700000000000e+07
3.086437600000000000e+07
3.083663300000000000e+07
3.081589200000000000e+07
3.079686500000000000e+07
3.072154200000000000e+07
3.043712600000000000e+07
3.008719000000000000e+07
2.977147000000000000e+07
2.949798000000000000e+07
2.922177300000000000e+07
2.892595400000000000e+07
2.864229600000000000e+07
2.836474400000000000e+07
2.809272700000000000e+07
2.787986200000000000e+07
2.767871500000000000e+07
2.753131400000000000e+07
2.738944000000000000e+07
2.729941200000000000e+07
2.718910200000000000e+07
2.710992800000000000e+07
2.704658600000000000e+07
2.698009800000000000e+07
2.690816200000000000e+07
2.684022900000000000e+07
2.675778900000000000e+07
2.667694700000000000e+07
2.657270900000000000e+07
2.648828700000000000e+07
2.639696300000000000e+07
2.629478400000000000e+07
2.620699400000000000e+07
2.610411900000000000e+07
2.600417000000000000e+07
2.590642800000000000e+07
2.580559700000000000e+07
2.571242700000000000e+07
2.561147000000000000e+07
2.549860800000000000e+07
2.540860900000000000e+07
2.531182400000000000e+07
2.521413500000000000e+07
2.512661900000000000e+07
2.503775300000000000e+07
3.142544700000000000e+07
3.142544700000000000e+07
3.142544700000000000e+07
3.142544700000000000e+07
3.142544700000000000e+07
3.142544700000000000e+07
3.142544700000000000e+07
3.142544700000000000e+07
3.142544700000000000e+07
3.142544700000000000e+07
3.142544700000000000e+07
3.142544700000000000e+07
3.142544700000000000e+07
3.142544700000000000e+07
3.142544700000000000e+07
3.142544700000000000e+07
3.142544700000000000e+07
3.142544700000000000e+07
3.142544700000000000e+07
3.140275100000000000e+07
3.112449300000000000e+07
3.096122000000000000e+07
3.091222100000000000e+07
3.087029500000000000e+07
3.084362200000000000e+07
3.082400800000000000e+07
3.071392700000000000e+07
3.041087300000000000e+07
3.005687000000000000e+07
2.975157700000000000e+07
2.948438900000000000e+07
2.919915500000000000e+07
2.891454100000000000e+07
2.862020400000000000e+07
2.833868100000000000e+07
2.808981400000000000e+07
2.786921300000000000e+07
2.768232200000000000e+07
2.753426600000000000e+07
2.740586100000000000e+07
2.729731800000000000e+07
2.720937400000000000e+07
2.713896500000000000e+07
2.706779400000000000e+07
2.700010700000000000e+07
2.693242300000000000e+07
2.684644800000000000e+07
2.677342200000000000e+07
2.668878200000000000e+07
2.659847600000000000e+07
2.649374800000000000e+07
2.639783500000000000e+07
2.629896600000000000e+07
2.621633100000000000e+07
2.610632700000000000e+07
2.599935000000000000e+07
2.591062600000000000e+07
2.580524500000000000e+07
2.567979500000000000e+07
2.560263800000000000e+07
2.550148900000000000e+07
2.538874300000000000e+07
2.530486800000000000e+07
2.519839400000000000e+07
2.511499900000000000e+07
2.501327600000000000e+07
3.142544700000000000e+07
3.142544700000000000e+07
3.142544700000000000e+07
3.142544700000000000e+07
3.142544700000000000e+07
3.142544700000000000e+07
3.142544700000000000e+07
3.142544700000000000e+07
3.142544700000000000e+07
3.142544700000000000e+07
3.142544700000000000e+07
3.142544700000000000e+07
3.142544700000000000e+07
3.142544700000000000e+07
3.142544700000000000e+07
3.142544700000000000e+07
3.142544700000000000e+07
3.142544700000000000e+07
3.140437200000000000e+07
3.116616000000000000e+07
3.101455500000000000e+07
3.094860600000000000e+07
3.090018200000000000e+07
3.087038200000000000e+07
3.084819400000000000e+07
3.070297000000000000e+07
3.036840200000000000e+07
3.003124100000000000e+07
2.973751100000000000e+07
2.946539100000000000e+07
2.918649100000000000e+07
2.889296900000000000e+07
2.860236100000000000e+07
2.832043800000000000e+07
2.807076600000000000e+07
2.785996300000000000e+07
2.768602100000000000e+07
2.752763700000000000e+07
2.742230300000000000e+07
2.731543900000000000e+07
2.722521000000000000e+07
2.715888000000000000e+07
2.708802100000000000e+07
2.701830000000000000e+07
2.693143800000000000e+07
2.685793600000000000e+07
2.677717300000000000e+07
2.669579100000000000e+07
2.660794000000000000e+07
2.651150000000000000e+07
2.638482100000000000e+07
2.630332500000000000e+07
2.619690600000000000e+07
2.609304600000000000e+07
2.599593200000000000e+07
2.589728200000000000e+07
2.578797500000000000e+07
2.568273100000000000e+07
2.560038900000000000e+07
2.549239000000000000e+07
2.539635400000000000e+07
2.530324500000000000e+07
2.520983800000000000e+07
2.510573600000000000e+07
2.501307900000000000e+07
3.142544700000000000e+07
3.142544700000000000e+07
3.142544700000000000e+07
3.142544700000000000e+07
3.142544700000000000e+07
3.142544700000000000e+07
3.142544700000000000e+07
3.142544700000000000e+07
3.142544700000000000e+07
3.142544700000000000e+07
3.142544700000000000e+07
3.142544700000000000e+07
3.142544700000000000e+07
3.142544700000000000e+07
3.142544700000000000e+07
3.142544700000000000e+07
3.142544700000000000e+07
3.140965000000000000e+07
3.120041100000000000e+07
3.105348800000000000e+07
3.097625900000000000e+07
3.092757200000000000e+07
3.089400300000000000e+07
3.086850900000000000e+07
3.067744600000000000e+07
3.033687900000000000e+07
3.000204800000000000e+07
2.972328400000000000e+07
2.944759300000000000e+07
2.915666300000000000e+07
2.886409100000000000e+07
2.857515800000000000e+07
2.830392700000000000e+07
2.806796600000000000e+07
2.786070000000000000e+07
2.769053000000000000e+07
2.754682300000000000e+07
2.743504300000000000e+07
2.733956500000000000e+07
2.724768500000000000e+07
2.718412900000000000e+07
2.710925600000000000e+07
2.704164300000000000e+07
2.694553100000000000e+07
2.687030600000000000e+07
2.678582900000000000e+07
2.669207800000000000e+07
2.659586000000000000e+07
2.650080300000000000e+07
2.639691000000000000e+07
2.629667100000000000e+07
2.620048800000000000e+07
2.608697500000000000e+07
2.599107900000000000e+07
2.587343200000000000e+07
2.577981200000000000e+07
2.568945900000000000e+07
2.559075900000000000e+07
2.547213800000000000e+07
2.537797800000000000e+07
2.528562700000000000e+07
2.518654700000000000e+07
2.509901900000000000e+07
2.498699100000000000e+07
3.142544700000000000e+07
3.142544700000000000e+07
3.142544700000000000e+07
3.142544700000000000e+07
3.142544700000000000e+07
3.142544700000000000e+07
3.142544700000000000e+07
3.142544700000000000e+07
3.142544700000000000e+07
3.142544700000000000e+07
3.142544700000000000e+07
3.142544700000000000e+07
3.142544700000000000e+07
3.142544700000000000e+07
3.142544700000000000e+07
3.142544700000000000e+07
3.141722500000000000e+07
3.122840900000000000e+07
3.108125100000000000e+07
3.100057900000000000e+07
3.095218100000000000e+07
3.091627000000000000e+07
3.088431300000000000e+07
3.065206100000000000e+07
3.030820700000000000e+07
2.997806400000000000e+07
2.970535000000000000e+07
2.942079300000000000e+07
2.913246700000000000e+07
2.884045400000000000e+07
2.855956000000000000e+07
2.829253500000000000e+07
2.805878200000000000e+07
2.785681100000000000e+07
2.770566400000000000e+07
2.756312000000000000e+07
2.745089000000000000e+07
2.735146400000000000e+07
2.727270900000000000e+07
2.719502700000000000e+07
2.712304400000000000e+07
2.704679000000000000e+07
2.695472800000000000e+07
2.688289500000000000e+07
2.678910700000000000e+07
2.669024400000000000e+07
2.659819900000000000e+07
2.649290400000000000e+07
2.639602400000000000e+07
2.629899100000000000e+07
2.618675100000000000e+07
2.609055100000000000e+07
2.598687800000000000e+07
2.587592800000000000e+07
2.576839600000000000e+07
2.568067300000000000e+07
2.556977500000000000e+07
2.544638300000000000e+07
2.537830600000000000e+07
2.527196300000000000e+07
2.519098300000000000e+07
2.508923900000000000e+07
2.499947200000000000e+07
3.142544700000000000e+07
3.142544700000000000e+07
3.142544700000000000e+07
3.142544700000000000e+07
3.142544700000000000e+07
3.142544700000000000e+07
3.142544700000000000e+07
3.142544700000000000e+07
3.142544700000000000e+07
3.142544700000000000e+07
3.142544700000000000e+07
3.142544700000000000e+07
3.142544700000000000e+07
3.142544700000000000e+07
3.142544700000000000e+07
3.142309300000000000e+07
3.124982500000000000e+07
3.110512200000000000e+07
3.102422300000000000e+07
3.097593800000000000e+07
3.093631500000000000e+07
3.088868600000000000e+07
3.062702900000000000e+07
3.027374000000000000e+07
2.995919500000000000e+07
2.969148900000000000e+07
2.940370100000000000e+07
2.911281400000000000e+07
2.880788300000000000e+07
2.852961800000000000e+07
2.827570500000000000e+07
2.804898800000000000e+07
2.786723400000000000e+07
2.770591200000000000e+07
2.757120500000000000e+07
2.746545300000000000e+07
2.737919400000000000e+07
2.729906600000000000e+07
2.721983500000000000e+07
2.715413900000000000e+07
2.705809600000000000e+07
2.697450300000000000e+07
2.689333100000000000e+07
2.679619400000000000e+07
2.669508100000000000e+07
2.658631400000000000e+07
2.649295300000000000e+07
2.639289500000000000e+07
2.628648200000000000e+07
2.619096500000000000e+07
2.608350100000000000e+07
2.598460800000000000e+07
2.586234600000000000e+07
2.576506100000000000e+07
2.568901800000000000e+07
2.556876300000000000e+07
2.546660100000000000e+07
2.536301200000000000e+07
2.526644300000000000e+07
2.518197800000000000e+07
2.509254100000000000e+07
2.499220900000000000e+07
3.142544700000000000e+07
3.142544700000000000e+07
3.142544700000000000e+07
3.142544700000000000e+07
3.142544700000000000e+07
3.142544700000000000e+07
3.142544700000000000e+07
3.142544700000000000e+07
3.142544700000000000e+07
3.142544700000000000e+07
3.142544700000000000e+07
3.142544700000000000e+07
3.142544700000000000e+07
3.142544700000000000e+07
3.142544700000000000e+07
3.127988100000000000e+07
3.114866600000000000e+07
3.107100900000000000e+07
3.101713600000000000e+07
3.097033700000000000e+07
3.088038300000000000e+07
3.055235400000000000e+07
3.021354300000000000e+07
2.993055400000000000e+07
2.964799300000000000e+07
2.935105200000000000e+07
2.905827300000000000e+07
2.876697800000000000e+07
2.849156400000000000e+07
2.825288400000000000e+07
2.804225900000000000e+07
2.786693200000000000e+07
2.773416600000000000e+07
2.760565900000000000e+07
2.751314200000000000e+07
2.741359900000000000e+07
2.733894700000000000e+07
2.726094400000000000e+07
2.717285900000000000e+07
2.709343200000000000e+07
2.699557400000000000e+07
2.690876900000000000e+07
2.680693900000000000e+07
2.669572200000000000e+07
2.659607700000000000e+07
2.649163800000000000e+07
2.638207500000000000e+07
2.628521400000000000e+07
2.616684900000000000e+07
2.606291500000000000e+07
2.596398800000000000e+07
2.584491700000000000e+07
2.575062700000000000e+07
2.565279000000000000e+07
2.553663100000000000e+07
2.544112300000000000e+07
2.534691900000000000e+07
2.524771900000000000e+07
2.513762100000000000e+07
2.503333100000000000e+07
2.495767800000000000e+07
3.142544700000000000e+07
3.142544700000000000e+07
3.142544700000000000e+07
3.142544700000000000e+07
3.142544700000000000e+07
3.142544700000000000e+07
3.142544700000000000e+07
3.142544700000000000e+07
3.142544700000000000e+07
3.142544700000000000e+07
3.142544700000000000e+07
3.142544700000000000e+07
3.142544700000000000e+07
3.142544700000000000e+07
3.130518400000000000e+07
3.118346600000000000e+07
3.111067600000000000e+07
3.105315800000000000e+07
3.097415300000000000e+07
3.083400700000000000e+07
3.048476600000000000e+07
3.016525900000000000e+07
2.989416500000000000e+07
2.959659300000000000e+07
2.930545300000000000e+07
2.899906700000000000e+07
2.871670200000000000e+07
2.846544100000000000e+07
2.822855400000000000e+07
2.805395200000000000e+07
2.788640700000000000e+07
2.775480700000000000e+07
2.764143200000000000e+07
2.756323100000000000e+07
2.746137000000000000e+07
2.737466200000000000e+07
2.728806000000000000e+07
2.720552400000000000e+07
2.711001900000000000e+07
2.702051800000000000e+07
2.690912700000000000e+07
2.680754400000000000e+07
2.668827100000000000e+07
2.658820900000000000e+07
2.648029700000000000e+07
2.637073400000000000e+07
2.626782000000000000e+07
2.615003600000000000e+07
2.604732700000000000e+07
2.593630200000000000e+07
2.582650900000000000e+07
2.573056700000000000e+07
2.562008500000000000e+07
2.550470900000000000e+07
2.540985000000000000e+07
2.531109900000000000e+07
2.521073200000000000e+07
2.512429500000000000e+07
2.502785000000000000e+07
2.492628800000000000e+07
3.142544700000000000e+07
3.142544700000000000e+07
3.142544700000000000e+07
3.142544700000000000e+07
3.142544700000000000e+07
3.142544700000000000e+07
3.142544700000000000e+07
3.142544700000000000e+07
3.142544700000000000e+07
3.142544700000000000e+07
3.142544700000000000e+07
3.142544700000000000e+07
3.142544700000000000e+07
3.132350300000000000e+07
3.121010500000000000e+07
3.113616700000000000e+07
3.106635000000000000e+07
3.094569500000000000e+07
3.077229900000000000e+07
3.042907200000000000e+07
3.013319900000000000e+07
2.984635900000000000e+07
2.955271100000000000e+07
2.925317000000000000e+07
2.895968100000000000e+07
2.868196600000000000e+07
2.843099600000000000e+07
2.822517000000000000e+07
2.806017400000000000e+07
2.790881200000000000e+07
2.777892800000000000e+07
2.767443600000000000e+07
2.759848900000000000e+07
2.749797200000000000e+07
2.741351600000000000e+07
2.731732100000000000e+07
2.723075700000000000e+07
2.711993800000000000e+07
2.702443500000000000e+07
2.690669100000000000e+07
2.680756200000000000e+07
2.669364600000000000e+07
2.658591400000000000e+07
2.649175900000000000e+07
2.634960500000000000e+07
2.624393000000000000e+07
2.612169200000000000e+07
2.601594600000000000e+07
2.591475700000000000e+07
2.580204500000000000e+07
2.571262200000000000e+07
2.560299200000000000e+07
2.549143800000000000e+07
2.539512100000000000e+07
2.528814700000000000e+07
2.519036200000000000e+07
2.509945100000000000e+07
2.500540500000000000e+07
2.490912900000000000e+07
3.142544700000000000e+07
3.142544700000000000e+07
3.142544700000000000e+07
3.142544700000000000e+07
3.142544700000000000e+07
3.142544700000000000e+07
3.142544700000000000e+07
3.142544700000000000e+07
3.142544700000000000e+07
3.142544700000000000e+07
3.142544700000000000e+07
3.142544700000000000e+07
3.133656000000000000e+07
3.123265000000000000e+07
3.115752800000000000e+07
3.105436100000000000e+07
3.089036400000000000e+07
3.071337300000000000e+07
3.038198300000000000e+07
3.010770500000000000e+07
2.980890400000000000e+07
2.950757000000000000e+07
2.920517900000000000e+07
2.890864600000000000e+07
2.865427600000000000e+07
2.842795600000000000e+07
2.823135400000000000e+07
2.807057800000000000e+07
2.793219400000000000e+07
2.781266000000000000e+07
2.771912600000000000e+07
2.763081100000000000e+07
2.753628600000000000e+07
2.743546200000000000e+07
2.734762200000000000e+07
2.722999500000000000e+07
2.712365900000000000e+07
2.702041000000000000e+07
2.690205800000000000e+07
2.678907600000000000e+07
2.667285000000000000e+07
2.656537300000000000e+07
2.645588300000000000e+07
2.634283000000000000e+07
2.622844900000000000e+07
2.611179900000000000e+07
2.600975400000000000e+07
2.588434200000000000e+07
2.578093400000000000e+07
2.570047200000000000e+07
2.557574500000000000e+07
2.547115000000000000e+07
2.536688300000000000e+07
2.526472100000000000e+07
2.517687800000000000e+07
2.508422000000000000e+07
2.498917000000000000e+07
2.489031400000000000e+07
3.142544700000000000e+07
3.142544700000000000e+07
3.142544700000000000e+07
3.142544700000000000e+07
3.142544700000000000e+07
3.142544700000000000e+07
3.142544700000000000e+07
3.142544700000000000e+07
3.142544700000000000e+07
3.142544700000000000e+07
3.142544700000000000e+07
3.134578000000000000e+07
3.124611800000000000e+07
3.115932400000000000e+07
3.101674600000000000e+07
3.083444800000000000e+07
3.066043500000000000e+07
3.035333100000000000e+07
3.007595900000000000e+07
2.976718600000000000e+07
2.946182300000000000e+07
2.916190900000000000e+07
2.888415900000000000e+07
2.863167500000000000e+07
2.842140500000000000e+07
2.823699000000000000e+07
2.808046000000000000e+07
2.796317000000000000e+07
2.784331800000000000e+07
2.775478800000000000e+07
2.764788300000000000e+07
2.755478200000000000e+07
2.745440900000000000e+07
2.734464800000000000e+07
2.723944200000000000e+07
2.712713500000000000e+07
2.701499400000000000e+07
2.690029700000000000e+07
2.677882800000000000e+07
2.667115100000000000e+07
2.654970600000000000e+07
2.643352800000000000e+07
2.632032200000000000e+07
2.619830200000000000e+07
2.609038200000000000e+07
2.598539400000000000e+07
2.585873000000000000e+07
2.576401300000000000e+07
2.566000500000000000e+07
2.554296400000000000e+07
2.544242100000000000e+07
2.534999300000000000e+07
2.524491300000000000e+07
2.513437500000000000e+07
2.502622500000000000e+07
2.494862600000000000e+07
2.481692200000000000e+07
3.142544700000000000e+07
3.142544700000000000e+07
3.142544700000000000e+07
3.142544700000000000e+07
3.142544700000000000e+07
3.142544700000000000e+07
3.142544700000000000e+07
3.142544700000000000e+07
3.142544700000000000e+07
3.142544700000000000e+07
3.135303900000000000e+07
3.125849500000000000e+07
3.114136400000000000e+07
3.096282400000000000e+07
3.078405900000000000e+07
3.061871300000000000e+07
3.033015900000000000e+07
3.003364200000000000e+07
2.972275700000000000e+07
2.941756100000000000e+07
2.911426100000000000e+07
2.885432000000000000e+07
2.862335100000000000e+07
2.841065200000000000e+07
2.825793000000000000e+07
2.810487500000000000e+07
2.797753900000000000e+07
2.787412200000000000e+07
2.778815400000000000e+07
2.767332800000000000e+07
2.756607200000000000e+07
2.745721100000000000e+07
2.735665300000000000e+07
2.723979200000000000e+07
2.713323300000000000e+07
2.700633300000000000e+07
2.688740800000000000e+07
2.676179100000000000e+07
2.665382000000000000e+07
2.652905200000000000e+07
2.640961200000000000e+07
2.630022200000000000e+07
2.617689700000000000e+07
2.607397100000000000e+07
2.595745900000000000e+07
2.584203900000000000e+07
2.574260500000000000e+07
2.562481000000000000e+07
2.551081100000000000e+07
2.541119300000000000e+07
2.531002300000000000e+07
2.521014700000000000e+07
2.512062000000000000e+07
2.501786800000000000e+07
2.491832100000000000e+07
2.482906000000000000e+07
3.142544700000000000e+07
3.142544700000000000e+07
3.142544700000000000e+07
3.142544700000000000e+07
3.142544700000000000e+07
3.142544700000000000e+07
3.142544700000000000e+07
3.142544700000000000e+07
3.142544700000000000e+07
3.136059500000000000e+07
3.124459600000000000e+07
3.105569700000000000e+07
3.087485800000000000e+07
3.071411200000000000e+07
3.056811500000000000e+07
3.027242700000000000e+07
2.995188800000000000e+07
2.963828800000000000e+07
2.933564600000000000e+07
2.905920200000000000e+07
2.882105000000000000e+07
2.861083400000000000e+07
2.843052600000000000e+07
2.827568700000000000e+07
2.814782800000000000e+07
2.802949300000000000e+07
2.792748100000000000e+07
2.782130300000000000e+07
2.770454900000000000e+07
2.758324200000000000e+07
2.746940300000000000e+07
2.734061400000000000e+07
2.721816300000000000e+07
2.710186000000000000e+07
2.697223600000000000e+07
2.684604500000000000e+07
2.672543600000000000e+07
2.660555300000000000e+07
2.649049900000000000e+07
2.637521100000000000e+07
2.625433900000000000e+07
2.613379200000000000e+07
2.602679600000000000e+07
2.590154900000000000e+07
2.579084800000000000e+07
2.570840100000000000e+07
2.558162300000000000e+07
2.547435700000000000e+07
2.536945600000000000e+07
2.526348900000000000e+07
2.516936200000000000e+07
2.507415400000000000e+07
2.498223700000000000e+07
2.487810000000000000e+07
2.477782500000000000e+07
3.142544700000000000e+07
3.142544700000000000e+07
3.142544700000000000e+07
3.142544700000000000e+07
3.142544700000000000e+07
3.142544700000000000e+07
3.142544700000000000e+07
3.142544700000000000e+07
3.136566800000000000e+07
3.117447600000000000e+07
3.098586300000000000e+07
3.082475100000000000e+07
3.068123100000000000e+07
3.052537200000000000e+07
3.019538500000000000e+07
2.987253300000000000e+07
2.956363500000000000e+07
2.927022800000000000e+07
2.901958100000000000e+07
2.880304400000000000e+07
2.860164100000000000e+07
2.845383100000000000e+07
2.830768200000000000e+07
2.817457000000000000e+07
2.806416600000000000e+07
2.795375900000000000e+07
2.782162000000000000e+07
2.769414000000000000e+07
2.756690700000000000e+07
2.745376100000000000e+07
2.732569500000000000e+07
2.720387400000000000e+07
2.706718500000000000e+07
2.693958600000000000e+07
2.680416700000000000e+07
2.669269600000000000e+07
2.655915100000000000e+07
2.643887100000000000e+07
2.632521800000000000e+07
2.619564800000000000e+07
2.609118200000000000e+07
2.597022600000000000e+07
2.585239100000000000e+07
2.575069400000000000e+07
2.562707600000000000e+07
2.551261300000000000e+07
2.540967500000000000e+07
2.530630100000000000e+07
2.520264300000000000e+07
2.511223800000000000e+07
2.500788900000000000e+07
2.491008900000000000e+07
2.481797900000000000e+07
2.472980500000000000e+07
3.142544700000000000e+07
3.142544700000000000e+07
3.142544700000000000e+07
3.142544700000000000e+07
3.142544700000000000e+07
3.142544700000000000e+07
3.142544700000000000e+07
3.134266700000000000e+07
3.112252300000000000e+07
3.095311400000000000e+07
3.080341200000000000e+07
3.063284000000000000e+07
3.046095900000000000e+07
3.011903700000000000e+07
2.979829700000000000e+07
2.949816200000000000e+07
2.922916000000000000e+07
2.899918900000000000e+07
2.879557200000000000e+07
2.861739700000000000e+07
2.846222500000000000e+07
2.832942100000000000e+07
2.819979200000000000e+07
2.807516000000000000e+07
2.795053600000000000e+07
2.781721500000000000e+07
2.768147900000000000e+07
2.755187300000000000e+07
2.741280300000000000e+07
2.727914900000000000e+07
2.715254100000000000e+07
2.701421000000000000e+07
2.687948900000000000e+07
2.676139000000000000e+07
2.663265600000000000e+07
2.651481000000000000e+07
2.639734000000000000e+07
2.627141400000000000e+07
2.614750100000000000e+07
2.603692300000000000e+07
2.591256700000000000e+07
2.579448400000000000e+07
2.571083500000000000e+07
2.558087200000000000e+07
2.547117700000000000e+07
2.536672000000000000e+07
2.525537900000000000e+07
2.516128400000000000e+07
2.506246100000000000e+07
2.497514000000000000e+07
2.487026600000000000e+07
2.476810200000000000e+07
2.466905300000000000e+07
3.142544700000000000e+07
3.142544700000000000e+07
3.142544700000000000e+07
3.142544700000000000e+07
3.142544700000000000e+07
3.142544700000000000e+07
3.129616000000000000e+07
3.110092900000000000e+07
3.093637900000000000e+07
3.074955100000000000e+07
3.056774500000000000e+07
3.038622800000000000e+07
3.004720700000000000e+07
2.973246500000000000e+07
2.944137800000000000e+07
2.919178300000000000e+07
2.897811000000000000e+07
2.877643500000000000e+07
2.862494100000000000e+07
2.847122300000000000e+07
2.832523900000000000e+07
2.819691800000000000e+07
2.806531000000000000e+07
2.792032500000000000e+07
2.777917500000000000e+07
2.763885100000000000e+07
2.751321600000000000e+07
2.737751500000000000e+07
2.724598400000000000e+07
2.710393400000000000e+07
2.697307900000000000e+07
2.683519200000000000e+07
2.671680000000000000e+07
2.657848400000000000e+07
2.645636700000000000e+07
2.634061500000000000e+07
2.620922500000000000e+07
2.609829200000000000e+07
2.597556300000000000e+07
2.585860900000000000e+07
2.574681900000000000e+07
2.562100200000000000e+07
2.550583100000000000e+07
2.540218500000000000e+07
2.529990800000000000e+07
2.519294600000000000e+07
2.510003000000000000e+07
2.499493100000000000e+07
2.489783600000000000e+07
2.480338900000000000e+07
2.471251300000000000e+07
2.462235100000000000e+07
3.142544700000000000e+07
3.142544700000000000e+07
3.142544700000000000e+07
3.142544700000000000e+07
3.142544700000000000e+07
3.127065400000000000e+07
3.108653300000000000e+07
3.088116300000000000e+07
3.068458100000000000e+07
3.049244700000000000e+07
3.031067400000000000e+07
2.997549400000000000e+07
2.967155100000000000e+07
2.939973000000000000e+07
2.916424300000000000e+07
2.895681900000000000e+07
2.877599000000000000e+07
2.860880400000000000e+07
2.846084700000000000e+07
2.831441800000000000e+07
2.817247100000000000e+07
2.803327500000000000e+07
2.788703300000000000e+07
2.773981700000000000e+07
2.759882100000000000e+07
2.745227100000000000e+07
2.731354800000000000e+07
2.718310200000000000e+07
2.703945600000000000e+07
2.689905200000000000e+07
2.677978400000000000e+07
2.664634400000000000e+07
2.652641500000000000e+07
2.640740100000000000e+07
2.627648700000000000e+07
2.614915800000000000e+07
2.603385700000000000e+07
2.590971400000000000e+07
2.578493100000000000e+07
2.569933800000000000e+07
2.556765300000000000e+07
2.545954100000000000e+07
2.535472400000000000e+07
2.524114400000000000e+07
2.514449500000000000e+07
2.504084300000000000e+07
2.495418500000000000e+07
2.484932000000000000e+07
2.474767200000000000e+07
2.464803000000000000e+07
2.456701200000000000e+07
3.142544700000000000e+07
3.142544700000000000e+07
3.142544700000000000e+07
3.141970800000000000e+07
3.125591400000000000e+07
3.103221900000000000e+07
3.081548300000000000e+07
3.060878600000000000e+07
3.041599500000000000e+07
3.023780300000000000e+07
2.990785400000000000e+07
2.960895400000000000e+07
2.934708700000000000e+07
2.912758400000000000e+07
2.892049400000000000e+07
2.875276100000000000e+07
2.858410800000000000e+07
2.842142700000000000e+07
2.827413000000000000e+07
2.812637200000000000e+07
2.797330000000000000e+07
2.782266900000000000e+07
2.767325100000000000e+07
2.753950200000000000e+07
2.740244400000000000e+07
2.726361600000000000e+07
2.711979300000000000e+07
2.698448700000000000e+07
2.684196200000000000e+07
2.672277300000000000e+07
2.658095200000000000e+07
2.645474000000000000e+07
2.633624200000000000e+07
2.620131700000000000e+07
2.608556100000000000e+07
2.596005500000000000e+07
2.584357300000000000e+07
2.572893100000000000e+07
2.560014000000000000e+07
2.548451000000000000e+07
2.538133900000000000e+07
2.527882200000000000e+07
2.516951200000000000e+07
2.507580700000000000e+07
2.496897600000000000e+07
2.487574500000000000e+07
2.478054800000000000e+07
2.469033000000000000e+07
2.460203000000000000e+07
2.450497000000000000e+07
3.142544700000000000e+07
3.142544700000000000e+07
3.141038100000000000e+07
3.121337300000000000e+07
3.096766200000000000e+07
3.073686300000000000e+07
3.052713500000000000e+07
3.033758800000000000e+07
3.015706800000000000e+07
2.983076600000000000e+07
2.954486200000000000e+07
2.929648900000000000e+07
2.908024100000000000e+07
2.888371200000000000e+07
2.870058500000000000e+07
2.853271000000000000e+07
2.836597200000000000e+07
2.820922600000000000e+07
2.806087400000000000e+07
2.790662400000000000e+07
2.775500000000000000e+07
2.760740100000000000e+07
2.745551800000000000e+07
2.731608700000000000e+07
2.718252800000000000e+07
2.703828800000000000e+07
2.689205200000000000e+07
2.677060900000000000e+07
2.663214700000000000e+07
2.650896300000000000e+07
2.638596100000000000e+07
2.625212900000000000e+07
2.612375900000000000e+07
2.600646200000000000e+07
2.588338900000000000e+07
2.575725000000000000e+07
2.566966200000000000e+07
2.553793600000000000e+07
2.543105500000000000e+07
2.532615200000000000e+07
2.521241200000000000e+07
2.511587300000000000e+07
2.501083700000000000e+07
2.492478000000000000e+07
2.481783200000000000e+07
2.471914200000000000e+07
2.461975200000000000e+07
2.453982400000000000e+07
2.444832400000000000e+07
3.142544700000000000e+07
3.140661600000000000e+07
3.115890100000000000e+07
3.088479000000000000e+07
3.064285100000000000e+07
3.043087700000000000e+07
3.023656700000000000e+07
3.005850900000000000e+07
2.973404100000000000e+07
2.945255600000000000e+07
2.921973600000000000e+07
2.899741200000000000e+07
2.880932300000000000e+07
2.862137100000000000e+07
2.844100900000000000e+07
2.827903600000000000e+07
2.812078100000000000e+07
2.796401800000000000e+07
2.780811300000000000e+07
2.765472300000000000e+07
2.751820600000000000e+07
2.737920700000000000e+07
2.723783000000000000e+07
2.709354600000000000e+07
2.695421600000000000e+07
2.680612700000000000e+07
2.668386900000000000e+07
2.654188900000000000e+07
2.641447300000000000e+07
2.629618900000000000e+07
2.616003800000000000e+07
2.604385100000000000e+07
2.591695100000000000e+07
2.580148900000000000e+07
2.568575600000000000e+07
2.555908600000000000e+07
2.544474000000000000e+07
2.534305900000000000e+07
2.524124300000000000e+07
2.513080700000000000e+07
2.503609800000000000e+07
2.492890600000000000e+07
2.483803100000000000e+07
2.474147300000000000e+07
2.465344900000000000e+07
2.456744700000000000e+07
2.446705600000000000e+07
2.438729400000000000e+07
3.136997300000000000e+07
3.106636800000000000e+07
3.073091100000000000e+07
3.048372700000000000e+07
3.026630400000000000e+07
3.007166200000000000e+07
2.989332300000000000e+07
2.958446800000000000e+07
2.932312800000000000e+07
2.909165100000000000e+07
2.887788700000000000e+07
2.867792900000000000e+07
2.849536200000000000e+07
2.831456600000000000e+07
2.814503200000000000e+07
2.799321700000000000e+07
2.783482000000000000e+07
2.768200000000000000e+07
2.753142100000000000e+07
2.737821400000000000e+07
2.723755400000000000e+07
2.710017300000000000e+07
2.695517300000000000e+07
2.680743700000000000e+07
2.668783700000000000e+07
2.654897200000000000e+07
2.642832400000000000e+07
2.630692700000000000e+07
2.617614300000000000e+07
2.604803500000000000e+07
2.593223600000000000e+07
2.581186000000000000e+07
2.568684900000000000e+07
2.559884000000000000e+07
2.547081400000000000e+07
2.536610100000000000e+07
2.526260600000000000e+07
2.515000400000000000e+07
2.505567700000000000e+07
2.494901200000000000e+07
2.486333500000000000e+07
2.476025000000000000e+07
2.466236000000000000e+07
2.456447700000000000e+07
2.448569400000000000e+07
2.440004600000000000e+07
2.430225300000000000e+07
3.063649500000000000e+07
3.035326400000000000e+07
3.013249300000000000e+07
2.994506100000000000e+07
2.977912200000000000e+07
2.962338300000000000e+07
2.934274100000000000e+07
2.909902100000000000e+07
2.886634500000000000e+07
2.867121600000000000e+07
2.848180700000000000e+07
2.830050500000000000e+07
2.813809000000000000e+07
2.797789900000000000e+07
2.782316800000000000e+07
2.766905400000000000e+07
2.751620000000000000e+07
2.737934800000000000e+07
2.723924600000000000e+07
2.709919100000000000e+07
2.695858700000000000e+07
2.682240300000000000e+07
2.667690800000000000e+07
2.655628400000000000e+07
2.642029500000000000e+07
2.629479600000000000e+07
2.618123400000000000e+07
2.604783700000000000e+07
2.593359000000000000e+07
2.580791300000000000e+07
2.569575500000000000e+07
2.558167100000000000e+07
2.545771500000000000e+07
2.534762800000000000e+07
2.524779100000000000e+07
2.514773000000000000e+07
2.503908700000000000e+07
2.494712000000000000e+07
2.484201600000000000e+07
2.475572900000000000e+07
2.465843600000000000e+07
2.457375400000000000e+07
2.449093800000000000e+07
2.439026100000000000e+07
2.431137100000000000e+07
2.421458100000000000e+07
3.009384100000000000e+07
2.989546100000000000e+07
2.972438300000000000e+07
2.956364500000000000e+07
2.941985300000000000e+07
2.915747400000000000e+07
2.892596300000000000e+07
2.871552400000000000e+07
2.852169900000000000e+07
2.834505200000000000e+07
2.817124500000000000e+07
2.800667100000000000e+07
2.785870300000000000e+07
2.769915500000000000e+07
2.754669200000000000e+07
2.739940600000000000e+07
2.724878700000000000e+07
2.711139200000000000e+07
2.697586500000000000e+07
2.683436000000000000e+07
2.669015800000000000e+07
2.657387800000000000e+07
2.643747300000000000e+07
2.631787100000000000e+07
2.619857900000000000e+07
2.607255400000000000e+07
2.594461400000000000e+07
2.583073200000000000e+07
2.571403400000000000e+07
2.559010900000000000e+07
2.550138700000000000e+07
2.537887700000000000e+07
2.527546300000000000e+07
2.517441500000000000e+07
2.506313100000000000e+07
2.497099100000000000e+07
2.486320100000000000e+07
2.477960800000000000e+07
2.467995100000000000e+07
2.458164800000000000e+07
2.448572300000000000e+07
2.441034600000000000e+07
2.432841300000000000e+07
2.422872300000000000e+07
2.416072900000000000e+07
2.971076200000000000e+07
2.954261600000000000e+07
2.939400500000000000e+07
2.925010500000000000e+07
2.900625100000000000e+07
2.877605300000000000e+07
2.858062900000000000e+07
2.839125300000000000e+07
2.821049000000000000e+07
2.804655000000000000e+07
2.788574700000000000e+07
2.773103000000000000e+07
2.757695700000000000e+07
2.742484000000000000e+07
2.728854800000000000e+07
2.714840800000000000e+07
2.700971700000000000e+07
2.687151700000000000e+07
2.673781200000000000e+07
2.659344800000000000e+07
2.647309700000000000e+07
2.634070700000000000e+07
2.621613800000000000e+07
2.610588600000000000e+07
2.597353500000000000e+07
2.586102600000000000e+07
2.573550700000000000e+07
2.562510000000000000e+07
2.551284400000000000e+07
2.538759700000000000e+07
2.528231100000000000e+07
2.518331700000000000e+07
2.508459500000000000e+07
2.497647600000000000e+07
2.488780100000000000e+07
2.478123300000000000e+07
2.469915600000000000e+07
2.460117700000000000e+07
2.451906500000000000e+07
2.443825400000000000e+07
2.433669800000000000e+07
2.425890700000000000e+07
2.416465100000000000e+07
2.410385400000000000e+07
2.938392000000000000e+07
2.923453400000000000e+07
2.910524000000000000e+07
2.886515600000000000e+07
2.865000600000000000e+07
2.845230300000000000e+07
2.827304200000000000e+07
2.809774500000000000e+07
2.793090300000000000e+07
2.778262400000000000e+07
2.762202500000000000e+07
2.746936800000000000e+07
2.732263200000000000e+07
2.717315800000000000e+07
2.703694100000000000e+07
2.690228800000000000e+07
2.676219300000000000e+07
2.662003400000000000e+07
2.650533100000000000e+07
2.636969500000000000e+07
2.625056200000000000e+07
2.613373100000000000e+07
2.601072600000000000e+07
2.588327100000000000e+07
2.576831200000000000e+07
2.565502900000000000e+07
2.553156200000000000e+07
2.544205800000000000e+07
2.532353600000000000e+07
2.522083300000000000e+07
2.512097300000000000e+07
2.501109300000000000e+07
2.492063400000000000e+07
2.481080000000000000e+07
2.472889000000000000e+07
2.463156000000000000e+07
2.453286300000000000e+07
2.443824700000000000e+07
2.436553800000000000e+07
2.428633100000000000e+07
2.418481300000000000e+07
2.411727000000000000e+07
2.402487100000000000e+07
2.909387400000000000e+07
2.896761000000000000e+07
2.872769500000000000e+07
2.852450200000000000e+07
2.833025400000000000e+07
2.814702800000000000e+07
2.797947800000000000e+07
2.781799200000000000e+07
2.766182400000000000e+07
2.750748300000000000e+07
2.735642900000000000e+07
2.722029700000000000e+07
2.708044500000000000e+07
2.694244000000000000e+07
2.680597800000000000e+07
2.667419300000000000e+07
2.653121600000000000e+07
2.641108300000000000e+07
2.628128200000000000e+07
2.615747900000000000e+07
2.605007600000000000e+07
2.591800500000000000e+07
2.580655700000000000e+07
2.568163600000000000e+07
2.557207600000000000e+07
2.546146300000000000e+07
2.533731600000000000e+07
2.523446000000000000e+07
2.513514900000000000e+07
2.503974800000000000e+07
2.493059800000000000e+07
2.484288700000000000e+07
2.473589300000000000e+07
2.465688100000000000e+07
2.455916500000000000e+07
2.447858400000000000e+07
2.439924200000000000e+07
2.429699400000000000e+07
2.422080100000000000e+07
2.412656500000000000e+07
2.406753900000000000e+07
2.396601900000000000e+07
2.883164600000000000e+07
2.860589000000000000e+07
2.840084400000000000e+07
2.821649100000000000e+07
2.803878200000000000e+07
2.786880800000000000e+07
2.771943900000000000e+07
2.755815400000000000e+07
2.740527000000000000e+07
2.725938900000000000e+07
2.711126800000000000e+07
2.697534400000000000e+07
2.684255600000000000e+07
2.670380300000000000e+07
2.656339800000000000e+07
2.644985200000000000e+07
2.631414700000000000e+07
2.619589300000000000e+07
2.608109300000000000e+07
2.596089100000000000e+07
2.583366800000000000e+07
2.571778800000000000e+07
2.560769700000000000e+07
2.548458000000000000e+07
2.539352500000000000e+07
2.527956100000000000e+07
2.517692300000000000e+07
2.507799700000000000e+07
2.496932100000000000e+07
2.488031000000000000e+07
2.476877500000000000e+07
2.468809600000000000e+07
2.459326600000000000e+07
2.449438400000000000e+07
2.440051200000000000e+07
2.432971500000000000e+07
2.425358900000000000e+07
2.415009100000000000e+07
2.408257700000000000e+07
2.399066600000000000e+07
2.392561300000000000e+07
2.835991400000000000e+07
2.816798100000000000e+07
2.798666700000000000e+07
2.781322000000000000e+07
2.766284600000000000e+07
2.750064800000000000e+07
2.734763600000000000e+07
2.720276000000000000e+07
2.705544700000000000e+07
2.692039500000000000e+07
2.678964600000000000e+07
2.665216300000000000e+07
2.651343200000000000e+07
2.640118300000000000e+07
2.626591000000000000e+07
2.614810100000000000e+07
2.603524700000000000e+07
2.591783500000000000e+07
2.579092600000000000e+07
2.567365700000000000e+07
2.556628000000000000e+07
2.544174300000000000e+07
2.535207400000000000e+07
2.524117800000000000e+07
2.513942700000000000e+07
2.504128500000000000e+07
2.493385000000000000e+07
2.484566100000000000e+07
2.473283100000000000e+07
2.465314600000000000e+07
2.456158500000000000e+07
2.446226900000000000e+07
2.436916500000000000e+07
2.430025100000000000e+07
2.422582100000000000e+07
2.412103700000000000e+07
2.405349100000000000e+07
2.396136100000000000e+07
2.389868400000000000e+07
2.379994800000000000e+07
2.793974600000000000e+07
2.776217000000000000e+07
2.761007200000000000e+07
2.744699400000000000e+07
2.729404600000000000e+07
2.715058000000000000e+07
2.700336400000000000e+07
2.686952700000000000e+07
2.674054000000000000e+07
2.660453400000000000e+07
2.646773800000000000e+07
2.635701300000000000e+07
2.622261200000000000e+07
2.610489300000000000e+07
2.599298900000000000e+07
2.587893700000000000e+07
2.575269500000000000e+07
2.563401800000000000e+07
2.552852500000000000e+07
2.540563500000000000e+07
2.531497700000000000e+07
2.520725300000000000e+07
2.510641300000000000e+07
2.500912200000000000e+07
2.490265900000000000e+07
2.481594900000000000e+07
2.470114600000000000e+07
2.462262300000000000e+07
2.453437600000000000e+07
2.443541700000000000e+07
2.434170000000000000e+07
2.427428600000000000e+07
2.420194700000000000e+07
2.409615900000000000e+07
2.402839700000000000e+07
2.393625900000000000e+07
2.387474100000000000e+07
2.377662900000000000e+07
2.371671500000000000e+07
2.756043200000000000e+07
2.739598300000000000e+07
2.724296400000000000e+07
2.710123800000000000e+07
2.695330500000000000e+07
2.682153100000000000e+07
2.669390100000000000e+07
2.655976500000000000e+07
2.642486900000000000e+07
2.631525100000000000e+07
2.618244600000000000e+07
2.606480100000000000e+07
2.595441500000000000e+07
2.584309700000000000e+07
2.571771400000000000e+07
2.559793800000000000e+07
2.549447000000000000e+07
2.537264600000000000e+07
2.528139300000000000e+07
2.517648400000000000e+07
2.507629700000000000e+07
2.497998500000000000e+07
2.487486100000000000e+07
2.478618400000000000e+07
2.467266900000000000e+07
2.459560300000000000e+07
2.451293100000000000e+07
2.441119300000000000e+07
2.431769700000000000e+07
2.425166000000000000e+07
2.418060600000000000e+07
2.407412300000000000e+07
2.400629800000000000e+07
2.391406500000000000e+07
2.385265600000000000e+07
2.375647600000000000e+07
2.369510600000000000e+07
2.361692800000000000e+07
2.719370500000000000e+07
2.705350200000000000e+07
2.690501200000000000e+07
2.677495300000000000e+07
2.664949300000000000e+07
2.651660100000000000e+07
2.638390500000000000e+07
2.627461000000000000e+07
2.614399900000000000e+07
2.602622700000000000e+07
2.591801600000000000e+07
2.580934300000000000e+07
2.568485200000000000e+07
2.556436100000000000e+07
2.546344100000000000e+07
2.534258400000000000e+07
2.525114400000000000e+07
2.514835800000000000e+07
2.504882300000000000e+07
2.495281600000000000e+07
2.484948000000000000e+07
2.476162100000000000e+07
2.464675600000000000e+07
2.457069600000000000e+07
2.449065400000000000e+07
2.438892200000000000e+07
2.429575700000000000e+07
2.423130700000000000e+07
2.416105300000000000e+07
2.405387200000000000e+07
2.398662000000000000e+07
2.389416200000000000e+07
2.383276700000000000e+07
2.373870200000000000e+07
2.367614800000000000e+07
2.359931200000000000e+07
2.353692800000000000e+07
2.685800200000000000e+07
2.673034000000000000e+07
2.660677500000000000e+07
2.647450600000000000e+07
2.634432700000000000e+07
2.623518000000000000e+07
2.610717100000000000e+07
2.598881300000000000e+07
2.588352300000000000e+07
2.577724500000000000e+07
2.565378000000000000e+07
2.553272000000000000e+07
2.543407000000000000e+07
2.531432000000000000e+07
2.522307800000000000e+07
2.512203400000000000e+07
2.502285400000000000e+07
2.492767200000000000e+07
2.482560400000000000e+07
2.473908800000000000e+07
2.462284600000000000e+07
2.454795700000000000e+07
2.446997900000000000e+07
2.436863000000000000e+07
2.427569800000000000e+07
2.421245200000000000e+07
2.414347800000000000e+07
2.403436200000000000e+07
2.396860000000000000e+07
2.387639500000000000e+07
2.381437200000000000e+07
2.372198600000000000e+07
2.365829600000000000e+07
2.358318300000000000e+07
2.352056300000000000e+07
2.342868300000000000e+07
2.656443500000000000e+07
2.643304000000000000e+07
2.630547000000000000e+07
2.619712600000000000e+07
2.607114400000000000e+07
2.595377900000000000e+07
2.584988400000000000e+07
2.574628300000000000e+07
2.562372200000000000e+07
2.550233300000000000e+07
2.540600500000000000e+07
2.528715300000000000e+07
2.519682800000000000e+07
2.509724800000000000e+07
2.499865200000000000e+07
2.490386600000000000e+07
2.480328100000000000e+07
2.471788400000000000e+07
2.460080300000000000e+07
2.452679300000000000e+07
2.445074600000000000e+07
2.434982600000000000e+07
2.425695400000000000e+07
2.419557200000000000e+07
2.412683100000000000e+07
2.401638400000000000e+07
2.395226200000000000e+07
2.386002000000000000e+07
2.379722700000000000e+07
2.370678400000000000e+07
2.364200800000000000e+07
2.356871600000000000e+07
2.350566400000000000e+07
2.341418500000000000e+07
2.336431800000000000e+07
2.626673000000000000e+07
2.615934400000000000e+07
2.603539600000000000e+07
2.591943600000000000e+07
2.581688100000000000e+07
2.571599700000000000e+07
2.559461400000000000e+07
2.547324800000000000e+07
2.537853100000000000e+07
2.526116900000000000e+07
2.517218000000000000e+07
2.507363600000000000e+07
2.497577700000000000e+07
2.488115000000000000e+07
2.478211600000000000e+07
2.469776000000000000e+07
2.458008900000000000e+07
2.450703100000000000e+07
2.443278900000000000e+07
2.433194500000000000e+07
2.423952700000000000e+07
2.417945000000000000e+07
2.411124700000000000e+07
2.400029100000000000e+07
2.393710500000000000e+07
2.384481400000000000e+07
2.378174000000000000e+07
2.369273300000000000e+07
2.362732300000000000e+07
2.355517800000000000e+07
2.349146400000000000e+07
2.340040600000000000e+07
2.335068700000000000e+07
2.328620400000000000e+07
2.599952800000000000e+07
2.588519500000000000e+07
2.578411200000000000e+07
2.568631300000000000e+07
2.556591300000000000e+07
2.544497900000000000e+07
2.535159500000000000e+07
2.523553800000000000e+07
2.514716200000000000e+07
2.505073600000000000e+07
2.495349900000000000e+07
2.485948200000000000e+07
2.476172700000000000e+07
2.467851200000000000e+07
2.456132600000000000e+07
2.448818600000000000e+07
2.441609600000000000e+07
2.431488200000000000e+07
2.422450200000000000e+07
2.416432900000000000e+07
2.409642200000000000e+07
2.398527900000000000e+07
2.392252100000000000e+07
2.383059300000000000e+07
2.376711500000000000e+07
2.367962000000000000e+07
2.361372400000000000e+07
2.354310800000000000e+07
2.347803800000000000e+07
2.338792200000000000e+07
2.333814500000000000e+07
2.327479400000000000e+07
2.319229600000000000e+07
2.575113800000000000e+07
2.565661400000000000e+07
2.553734500000000000e+07
2.541703200000000000e+07
2.532501200000000000e+07
2.521059100000000000e+07
2.512266900000000000e+07
2.502824500000000000e+07
2.493157300000000000e+07
2.483833400000000000e+07
2.474203300000000000e+07
2.465974500000000000e+07
2.454340200000000000e+07
2.446967600000000000e+07
2.439984700000000000e+07
2.429874400000000000e+07
2.420842500000000000e+07
2.414953000000000000e+07
2.408240600000000000e+07
2.397103900000000000e+07
2.390875200000000000e+07
2.381741600000000000e+07
2.375325000000000000e+07
2.366670300000000000e+07
2.360110300000000000e+07
2.353136700000000000e+07
2.346548700000000000e+07
2.337610200000000000e+07
2.332602400000000000e+07
2.326429900000000000e+07
2.318381900000000000e+07
2.313799000000000000e+07
2.550877400000000000e+07
2.538923000000000000e+07
2.529845300000000000e+07
2.518607900000000000e+07
2.509873600000000000e+07
2.500601100000000000e+07
2.491029200000000000e+07
2.481779700000000000e+07
2.472268900000000000e+07
2.464154300000000000e+07
2.452710100000000000e+07
2.445160500000000000e+07
2.438399600000000000e+07
2.428288500000000000e+07
2.419263800000000000e+07
2.413464100000000000e+07
2.406854400000000000e+07
2.395718100000000000e+07
2.389572300000000000e+07
2.380513100000000000e+07
2.373696900000000000e+07
2.365418200000000000e+07
2.358903900000000000e+07
2.352054800000000000e+07
2.345342100000000000e+07
2.336489600000000000e+07
2.331440700000000000e+07
2.325420200000000000e+07
2.317405900000000000e+07
2.312780400000000000e+07
2.304577000000000000e+07
2.527180800000000000e+07
2.516165200000000000e+07
2.507490700000000000e+07
2.498376100000000000e+07
2.488900500000000000e+07
2.479752300000000000e+07
2.470350400000000000e+07
2.462360600000000000e+07
2.450914900000000000e+07
2.443409500000000000e+07
2.436870700000000000e+07
2.426724000000000000e+07
2.417769300000000000e+07
2.412042700000000000e+07
2.405521900000000000e+07
2.394382800000000000e+07
2.388540300000000000e+07
2.379350100000000000e+07
2.372324800000000000e+07
2.364183200000000000e+07
2.357751100000000000e+07
2.351009200000000000e+07
2.344214500000000000e+07
2.335440100000000000e+07
2.330360700000000000e+07
2.324451100000000000e+07
2.316485400000000000e+07
2.311801300000000000e+07
2.303649700000000000e+07
2.298402200000000000e+07
2.505116900000000000e+07
2.496172200000000000e+07
2.486766000000000000e+07
2.477705300000000000e+07
2.468432200000000000e+07
2.460575000000000000e+07
2.449138500000000000e+07
2.441736000000000000e+07
2.435342100000000000e+07
2.425145800000000000e+07
2.416323300000000000e+07
2.410630400000000000e+07
2.404195900000000000e+07
2.393104200000000000e+07
2.387736500000000000e+07
2.378298700000000000e+07
2.371063400000000000e+07
2.363056600000000000e+07
2.356634600000000000e+07
2.350023100000000000e+07
2.343153000000000000e+07
2.334443400000000000e+07
2.329324200000000000e+07
2.323547300000000000e+07
2.315597500000000000e+07
2.310841800000000000e+07
2.302773900000000000e+07
2.297547700000000000e+07
2.292061400000000000e+07
2.484615500000000000e+07
2.475687200000000000e+07
2.466525000000000000e+07
2.458806700000000000e+07
2.447393700000000000e+07
2.440080900000000000e+07
2.433829000000000000e+07
2.423600600000000000e+07
2.414924200000000000e+07
2.409275600000000000e+07
2.402892900000000000e+07
2.391844500000000000e+07
2.386543500000000000e+07
2.377265800000000000e+07
2.369861500000000000e+07
2.361934400000000000e+07
2.355550500000000000e+07
2.349035900000000000e+07
2.342126900000000000e+07
2.333475000000000000e+07
2.328345000000000000e+07
2.322744300000000000e+07
2.314720900000000000e+07
2.309915700000000000e+07
2.301902100000000000e+07
2.296732900000000000e+07
2.291241300000000000e+07
2.285215100000000000e+07
2.464582800000000000e+07
2.457032700000000000e+07
2.445641300000000000e+07
2.438412300000000000e+07
2.432317500000000000e+07
2.422077600000000000e+07
2.413492800000000000e+07
2.407898900000000000e+07
2.401576500000000000e+07
2.390624000000000000e+07
2.385370900000000000e+07
2.376148500000000000e+07
2.368703300000000000e+07
2.360803400000000000e+07
2.354518300000000000e+07
2.348051500000000000e+07
2.341126000000000000e+07
2.332552100000000000e+07
2.327380900000000000e+07
2.322056600000000000e+07
2.313877500000000000e+07
2.309010700000000000e+07
2.301060200000000000e+07
2.295938700000000000e+07
2.290419700000000000e+07
2.284501800000000000e+07
2.277413400000000000e+07
2.443850700000000000e+07
2.436802200000000000e+07
2.430766800000000000e+07
2.420534000000000000e+07
2.412091400000000000e+07
2.406493000000000000e+07
2.400266900000000000e+07
2.389372000000000000e+07
2.384221900000000000e+07
2.375023500000000000e+07
2.367595900000000000e+07
2.359327100000000000e+07
2.353481900000000000e+07
2.347068900000000000e+07
2.340149600000000000e+07
2.331636600000000000e+07
2.326415200000000000e+07
2.321191600000000000e+07
2.313042300000000000e+07
2.308140400000000000e+07
2.300234600000000000e+07
2.295170300000000000e+07
2.289625000000000000e+07
2.283805600000000000e+07
2.276741900000000000e+07
2.271404000000000000e+07
2.429193500000000000e+07
2.418914000000000000e+07
2.410695300000000000e+07
2.405100300000000000e+07
2.398922600000000000e+07
2.388121900000000000e+07
2.383045400000000000e+07
2.373907700000000000e+07
2.366474900000000000e+07
2.358174500000000000e+07
2.352469800000000000e+07
2.346105000000000000e+07
2.339230200000000000e+07
2.330749600000000000e+07
2.325494500000000000e+07
2.320321000000000000e+07
2.312240500000000000e+07
2.307288300000000000e+07
2.299442300000000000e+07
2.294386400000000000e+07
2.288841200000000000e+07
2.283156800000000000e+07
2.276097100000000000e+07
2.270694400000000000e+07
2.268648500000000000e+07
2.409278900000000000e+07
2.403662600000000000e+07
2.397559400000000000e+07
2.386883900000000000e+07
2.381874800000000000e+07
2.372766700000000000e+07
2.365375100000000000e+07
2.357081200000000000e+07
2.351475800000000000e+07
2.345188100000000000e+07
2.338364500000000000e+07
2.329844700000000000e+07
2.324584200000000000e+07
2.319457100000000000e+07
2.311467800000000000e+07
2.306445900000000000e+07
2.298389400000000000e+07
2.293612000000000000e+07
2.288056500000000000e+07
2.282509200000000000e+07
2.275486600000000000e+07
2.269999800000000000e+07
2.268100200000000000e+07
2.262121600000000000e+07
2.396182300000000000e+07
2.385631900000000000e+07
2.380702600000000000e+07
2.371641000000000000e+07
2.364264600000000000e+07
2.355999400000000000e+07
2.350460300000000000e+07
2.344260100000000000e+07
2.337378700000000000e+07
2.328949400000000000e+07
2.323659200000000000e+07
2.318576300000000000e+07
2.310662100000000000e+07
2.305575600000000000e+07
2.297521200000000000e+07
2.292854400000000000e+07
2.287288300000000000e+07
2.281823200000000000e+07
2.274922300000000000e+07
2.269318600000000000e+07
2.267570100000000000e+07
2.261665700000000000e+07
2.253662200000000000e+07
2.379504500000000000e+07
2.370492500000000000e+07
2.363121500000000000e+07
2.354922000000000000e+07
2.349413300000000000e+07
2.343273300000000000e+07
2.336408600000000000e+07
2.328053300000000000e+07
2.322724400000000000e+07
2.317671800000000000e+07
2.309835000000000000e+07
2.304710500000000000e+07
2.296698900000000000e+07
2.292112100000000000e+07
2.286549300000000000e+07
2.281152500000000000e+07
2.274431300000000000e+07
2.268663600000000000e+07
2.267037500000000000e+07
2.260983000000000000e+07
2.252998500000000000e+07
2.249638200000000000e+07
2.361974600000000000e+07
2.353824800000000000e+07
2.348374300000000000e+07
2.342309300000000000e+07
2.335418400000000000e+07
2.327159000000000000e+07
2.321819100000000000e+07
2.316771000000000000e+07
2.308996700000000000e+07
2.303846900000000000e+07
2.295907400000000000e+07
2.291373800000000000e+07
2.285847200000000000e+07
2.280488000000000000e+07
2.273911200000000000e+07
2.268032100000000000e+07
2.266492500000000000e+07
2.260422000000000000e+07
2.252366500000000000e+07
2.249028800000000000e+07
2.242617100000000000e+07
2.347308500000000000e+07
2.341346500000000000e+07
2.334157900000000000e+07
2.326246700000000000e+07
2.320630900000000000e+07
2.315860400000000000e+07
2.308172400000000000e+07
2.302984500000000000e+07
2.295099400000000000e+07
2.290622900000000000e+07
2.285142300000000000e+07
2.279821500000000000e+07
2.273264400000000000e+07
2.267400400000000000e+07
2.265950600000000000e+07
2.259960100000000000e+07
2.251727500000000000e+07
2.248435300000000000e+07
2.242003400000000000e+07
2.235578100000000000e+07
2.333046400000000000e+07
2.325292200000000000e+07
2.319627000000000000e+07
2.314958200000000000e+07
2.307327600000000000e+07
2.302110000000000000e+07
2.294295100000000000e+07
2.289844600000000000e+07
2.284420900000000000e+07
2.279133100000000000e+07
2.272595500000000000e+07
2.266769700000000000e+07
2.265383500000000000e+07
2.259483700000000000e+07
2.251122500000000000e+07
2.247865300000000000e+07
2.241392600000000000e+07
2.235002600000000000e+07
2.231511100000000000e+07
2.318654000000000000e+07
2.314025400000000000e+07
2.306473600000000000e+07
2.301221600000000000e+07
2.293489100000000000e+07
2.289059000000000000e+07
2.283707600000000000e+07
2.278452800000000000e+07
2.271911800000000000e+07
2.266124100000000000e+07
2.264794200000000000e+07
2.258908900000000000e+07
2.250510700000000000e+07
2.247270300000000000e+07
2.240785200000000000e+07
2.234427200000000000e+07
2.230975400000000000e+07
2.225107000000000000e+07
2.305627200000000000e+07
2.300321600000000000e+07
2.292688600000000000e+07
2.288274800000000000e+07
2.282971900000000000e+07
2.277772300000000000e+07
2.271210700000000000e+07
2.265476700000000000e+07
2.264186600000000000e+07
2.258321600000000000e+07
2.249915400000000000e+07
2.246656000000000000e+07
2.240184800000000000e+07
2.233880900000000000e+07
2.230444500000000000e+07
2.224590100000000000e+07
2.222124400000000000e+07
2.291880700000000000e+07
2.287448200000000000e+07
2.282224600000000000e+07
2.277058700000000000e+07
2.270519100000000000e+07
2.264800800000000000e+07
2.263583300000000000e+07
2.257724400000000000e+07
2.249315100000000000e+07
2.246026300000000000e+07
2.239584300000000000e+07
2.233323000000000000e+07
2.229917600000000000e+07
2.224069400000000000e+07
2.221557900000000000e+07
2.214483500000000000e+07
2.281444600000000000e+07
2.276325700000000000e+07
2.269797000000000000e+07
2.264104100000000000e+07
2.262979900000000000e+07
2.257161200000000000e+07
2.248533300000000000e+07
2.245358900000000000e+07
2.238972500000000000e+07
2.232766300000000000e+07
2.229373000000000000e+07
2.223547600000000000e+07
2.220988500000000000e+07
2.213998800000000000e+07
2.210267500000000000e+07
2.269063600000000000e+07
2.263424300000000000e+07
2.262376900000000000e+07
2.256629800000000000e+07
2.247813400000000000e+07
2.244684900000000000e+07
2.238344400000000000e+07
2.232221300000000000e+07
2.228804900000000000e+07
2.223007500000000000e+07
2.220427400000000000e+07
2.213500300000000000e+07
2.209779400000000000e+07
2.205504200000000000e+07
2.261781800000000000e+07
2.256092200000000000e+07
2.247153700000000000e+07
2.244006400000000000e+07
2.237729800000000000e+07
2.231651400000000000e+07
2.228229000000000000e+07
2.222443100000000000e+07
2.219867300000000000e+07
2.213020600000000000e+07
2.209285600000000000e+07
2.204992000000000000e+07
2.199226200000000000e+07
2.246493500000000000e+07
2.243306400000000000e+07
2.237098800000000000e+07
2.231077300000000000e+07
2.227653500000000000e+07
2.221884500000000000e+07
2.219326900000000000e+07
2.212532500000000000e+07
2.208789000000000000e+07
2.204473700000000000e+07
2.198768600000000000e+07
2.196858600000000000e+07
2.236465900000000000e+07
2.230476900000000000e+07
2.227080500000000000e+07
2.221314300000000000e+07
2.218794700000000000e+07
2.212040600000000000e+07
2.208277400000000000e+07
2.203929700000000000e+07
2.198294600000000000e+07
2.196422300000000000e+07
2.190123100000000000e+07
2.226495600000000000e+07
2.220739900000000000e+07
2.218252400000000000e+07
2.211534700000000000e+07
2.207766100000000000e+07
2.203380400000000000e+07
2.197815700000000000e+07
2.196032000000000000e+07
2.189647300000000000e+07
2.184137400000000000e+07
2.217677100000000000e+07
2.211023700000000000e+07
2.207257800000000000e+07
2.202844100000000000e+07
2.197329600000000000e+07
2.195628400000000000e+07
2.189163500000000000e+07
2.183665000000000000e+07
2.182206200000000000e+07
2.206749000000000000e+07
2.202308000000000000e+07
2.196832000000000000e+07
2.195190300000000000e+07
2.188682600000000000e+07
2.183175800000000000e+07
2.181725300000000000e+07
2.175817100000000000e+07
2.196324500000000000e+07
2.194748600000000000e+07
2.188187700000000000e+07
2.182688700000000000e+07
2.181160600000000000e+07
2.175362300000000000e+07
2.176959500000000000e+07
2.187688100000000000e+07
2.182209600000000000e+07
2.180621200000000000e+07
2.174900600000000000e+07
2.176563100000000000e+07
2.166726000000000000e+07
2.180078700000000000e+07
2.174438000000000000e+07
2.176153400000000000e+07
2.166144200000000000e+07
2.162959600000000000e+07
2.175724300000000000e+07
2.165573600000000000e+07
2.162327200000000000e+07
2.157944000000000000e+07
2.161717400000000000e+07
2.157509600000000000e+07
2.151825500000000000e+07
2.151378500000000000e+07
2.144617100000000000e+07
2.145215400000000000e+07
