nan
nan
nan
nan
nan
nan
nan
nan
nan
nan
nan
nan
nan
nan
nan
nan
nan
nan
nan
nan
nan
nan
nan
nan
nan
nan
8.978820000000000000e+05
1.422705000000000000e+06
1.772353000000000000e+06
1.911226000000000000e+06
1.818160000000000000e+06
2.239151000000000000e+06
2.734492000000000000e+06
3.419527000000000000e+06
4.153184000000000000e+06
4.536978000000000000e+06
4.880228000000000000e+06
5.194966000000000000e+06
5.616864000000000000e+06
5.954210000000000000e+06
6.420969000000000000e+06
6.869459000000000000e+06
7.313081000000000000e+06
7.746004000000000000e+06
8.125766000000000000e+06
8.474256000000000000e+06
8.855646000000000000e+06
9.143770000000000000e+06
9.423984000000000000e+06
9.667914000000000000e+06
9.885168000000000000e+06
1.013029700000000000e+07
1.035453900000000000e+07
1.059686300000000000e+07
1.084621900000000000e+07
1.108049500000000000e+07
1.133367800000000000e+07
1.157893000000000000e+07
1.179668500000000000e+07
1.205453900000000000e+07
1.230597300000000000e+07
1.255185100000000000e+07
1.277334200000000000e+07
1.304314100000000000e+07
1.320935400000000000e+07
1.344966100000000000e+07
1.364700400000000000e+07
1.388359700000000000e+07
1.407205600000000000e+07
1.427887300000000000e+07
1.446583100000000000e+07
nan
nan
nan
nan
nan
nan
nan
nan
nan
nan
nan
nan
nan
nan
nan
nan
nan
nan
nan
nan
nan
nan
nan
nan
nan
9.094490000000000000e+05
1.409529000000000000e+06
1.705729000000000000e+06
1.771920000000000000e+06
1.713038000000000000e+06
2.204676000000000000e+06
2.766972000000000000e+06
3.458061000000000000e+06
4.066086000000000000e+06
4.533401000000000000e+06
4.873779000000000000e+06
5.171453000000000000e+06
5.551675000000000000e+06
5.971231000000000000e+06
6.446148000000000000e+06
6.886420000000000000e+06
7.331563000000000000e+06
7.751583000000000000e+06
8.146153000000000000e+06
8.535901000000000000e+06
8.846802000000000000e+06
9.164379000000000000e+06
9.396927000000000000e+06
9.656098000000000000e+06
9.887014000000000000e+06
1.011937000000000000e+07
1.036455100000000000e+07
1.060565800000000000e+07
1.082715500000000000e+07
1.108920800000000000e+07
1.134199600000000000e+07
1.157801000000000000e+07
1.183726000000000000e+07
1.206448800000000000e+07
1.231155800000000000e+07
1.254787400000000000e+07
1.276979800000000000e+07
1.302033000000000000e+07
1.323017100000000000e+07
1.345777400000000000e+07
1.367630200000000000e+07
1.386954400000000000e+07
1.409163800000000000e+07
1.427509300000000000e+07
1.448783400000000000e+07
nan
nan
nan
nan
nan
nan
nan
nan
nan
nan
nan
nan
nan
nan
nan
nan
nan
nan
nan
nan
nan
nan
nan
2.765720000000000000e+05
9.259530000000000000e+05
1.392795000000000000e+06
1.614093000000000000e+06
1.582202000000000000e+06
1.620737000000000000e+06
2.539761000000000000e+06
2.798678000000000000e+06
3.655765000000000000e+06
4.076776000000000000e+06
4.695199000000000000e+06
4.713323000000000000e+06
5.169649000000000000e+06
5.558707000000000000e+06
6.007672000000000000e+06
6.456383000000000000e+06
6.921586000000000000e+06
7.352899000000000000e+06
7.770484000000000000e+06
8.132502000000000000e+06
8.542840000000000000e+06
8.853085000000000000e+06
9.128863000000000000e+06
9.418326000000000000e+06
9.641987000000000000e+06
9.880477000000000000e+06
1.009750000000000000e+07
1.033656500000000000e+07
1.059201300000000000e+07
1.082949300000000000e+07
1.110303500000000000e+07
1.133050900000000000e+07
1.157948700000000000e+07
1.182903700000000000e+07
1.208776100000000000e+07
1.231324400000000000e+07
1.256980600000000000e+07
1.278633200000000000e+07
1.302071300000000000e+07
1.324736400000000000e+07
1.346478400000000000e+07
1.368973900000000000e+07
1.387105000000000000e+07
1.410697200000000000e+07
1.429459800000000000e+07
1.447483500000000000e+07
nan
nan
nan
nan
nan
nan
nan
nan
nan
nan
nan
nan
nan
nan
nan
nan
nan
nan
nan
nan
nan
nan
3.098760000000000000e+05
9.350100000000000000e+05
1.341350000000000000e+06
1.500418000000000000e+06
1.493546000000000000e+06
1.526986000000000000e+06
2.492681000000000000e+06
2.843505000000000000e+06
3.532537000000000000e+06
4.229237000000000000e+06
4.483179000000000000e+06
4.696559000000000000e+06
5.155428000000000000e+06
5.556033000000000000e+06
6.126102000000000000e+06
6.502997000000000000e+06
6.942401000000000000e+06
7.371073000000000000e+06
7.783507000000000000e+06
8.156179000000000000e+06
8.550655000000000000e+06
8.838567000000000000e+06
9.121219000000000000e+06
9.382532000000000000e+06
9.635089000000000000e+06
9.856577000000000000e+06
1.009939200000000000e+07
1.033244700000000000e+07
1.058966300000000000e+07
1.084302600000000000e+07
1.110765500000000000e+07
1.136769600000000000e+07
1.159560200000000000e+07
1.184354100000000000e+07
1.210124000000000000e+07
1.235392300000000000e+07
1.254260300000000000e+07
1.278942600000000000e+07
1.303431500000000000e+07
1.324294400000000000e+07
1.345780000000000000e+07
1.370255100000000000e+07
1.386976400000000000e+07
1.408594200000000000e+07
1.428439500000000000e+07
1.449658900000000000e+07
nan
nan
nan
nan
nan
nan
nan
nan
nan
nan
nan
nan
nan
nan
nan
nan
nan
nan
nan
nan
nan
3.380310000000000000e+05
9.282950000000000000e+05
1.292595000000000000e+06
1.326962000000000000e+06
1.412001000000000000e+06
1.493583000000000000e+06
2.592421000000000000e+06
2.897037000000000000e+06
3.555358000000000000e+06
4.083418000000000000e+06
4.461937000000000000e+06
4.795833000000000000e+06
5.152930000000000000e+06
5.582551000000000000e+06
6.201069000000000000e+06
6.520285000000000000e+06
6.978779000000000000e+06
7.395013000000000000e+06
7.781677000000000000e+06
8.205865000000000000e+06
8.512857000000000000e+06
8.822674000000000000e+06
9.106297000000000000e+06
9.363455000000000000e+06
9.642462000000000000e+06
9.843560000000000000e+06
1.007945200000000000e+07
1.033978400000000000e+07
1.058196600000000000e+07
1.086380100000000000e+07
1.110066200000000000e+07
1.134984900000000000e+07
1.160646700000000000e+07
1.184854700000000000e+07
1.210760400000000000e+07
1.235235100000000000e+07
1.258435000000000000e+07
1.282340700000000000e+07
1.304541100000000000e+07
1.326291400000000000e+07
1.349880300000000000e+07
1.370636400000000000e+07
1.392163700000000000e+07
1.411239600000000000e+07
1.429530800000000000e+07
1.448823800000000000e+07
nan
nan
nan
nan
nan
nan
nan
nan
nan
nan
nan
nan
nan
nan
nan
nan
nan
nan
nan
nan
3.454000000000000000e+05
1.702646000000000000e+06
1.207498000000000000e+06
1.250830000000000000e+06
1.336640000000000000e+06
1.411995000000000000e+06
2.979591000000000000e+06
2.929291000000000000e+06
3.578126000000000000e+06
4.076570000000000000e+06
4.435364000000000000e+06
4.769817000000000000e+06
5.202368000000000000e+06
5.593972000000000000e+06
6.072699000000000000e+06
6.534585000000000000e+06
6.995316000000000000e+06
7.457835000000000000e+06
7.785100000000000000e+06
8.201300000000000000e+06
8.522745000000000000e+06
8.822303000000000000e+06
9.090244000000000000e+06
9.351014000000000000e+06
9.594614000000000000e+06
9.842665000000000000e+06
1.008670700000000000e+07
1.034543200000000000e+07
1.057855200000000000e+07
1.085683700000000000e+07
1.110932500000000000e+07
1.136511500000000000e+07
1.161393600000000000e+07
1.188245900000000000e+07
1.210256700000000000e+07
1.238430200000000000e+07
1.258977100000000000e+07
1.280956400000000000e+07
1.306262900000000000e+07
1.327465600000000000e+07
1.350202100000000000e+07
1.373418100000000000e+07
1.391123000000000000e+07
1.413011400000000000e+07
1.432476300000000000e+07
1.450329600000000000e+07
nan
nan
nan
nan
nan
nan
nan
nan
nan
nan
nan
nan
nan
nan
nan
nan
nan
nan
nan
3.502180000000000000e+05
8.792080000000000000e+05
1.035396000000000000e+06
1.176105000000000000e+06
1.298588000000000000e+06
1.391699000000000000e+06
2.543179000000000000e+06
3.451240000000000000e+06
3.830315000000000000e+06
4.054336000000000000e+06
4.419552000000000000e+06
4.749361000000000000e+06
5.157076000000000000e+06
5.614466000000000000e+06
6.093203000000000000e+06
6.573722000000000000e+06
7.011564000000000000e+06
7.435765000000000000e+06
7.810552000000000000e+06
8.199280000000000000e+06
8.518949000000000000e+06
8.818423000000000000e+06
9.106351000000000000e+06
9.336159000000000000e+06
9.576292000000000000e+06
9.844565000000000000e+06
1.008789200000000000e+07
1.032429000000000000e+07
1.057026500000000000e+07
1.084825500000000000e+07
1.110199500000000000e+07
1.138882800000000000e+07
1.162271700000000000e+07
1.187139400000000000e+07
1.213001000000000000e+07
1.236675000000000000e+07
1.260866600000000000e+07
1.284995900000000000e+07
1.308923200000000000e+07
1.327795200000000000e+07
1.353237500000000000e+07
1.371846400000000000e+07
1.393036300000000000e+07
1.411908300000000000e+07
1.432217000000000000e+07
1.451478200000000000e+07
nan
nan
nan
nan
nan
nan
nan
nan
nan
nan
nan
nan
nan
nan
nan
nan
nan
nan
3.642010000000000000e+05
8.271880000000000000e+05
9.350650000000000000e+05
1.108206000000000000e+06
1.227515000000000000e+06
1.689696000000000000e+06
2.285624000000000000e+06
3.000425000000000000e+06
3.598677000000000000e+06
4.045580000000000000e+06
4.745590000000000000e+06
4.766717000000000000e+06
5.170778000000000000e+06
5.631971000000000000e+06
6.123471000000000000e+06
6.587598000000000000e+06
7.019648000000000000e+06
7.430996000000000000e+06
7.815871000000000000e+06
8.196772000000000000e+06
8.512414000000000000e+06
8.805186000000000000e+06
9.078327000000000000e+06
9.329211000000000000e+06
9.572781000000000000e+06
9.835330000000000000e+06
1.008532200000000000e+07
1.035324200000000000e+07
1.059701100000000000e+07
1.087126600000000000e+07
1.112284400000000000e+07
1.137960900000000000e+07
1.163348100000000000e+07
1.187787100000000000e+07
1.214314200000000000e+07
1.239650500000000000e+07
1.263855600000000000e+07
1.285924600000000000e+07
1.310054400000000000e+07
1.329519500000000000e+07
1.353604100000000000e+07
1.373704400000000000e+07
1.394678500000000000e+07
1.413876800000000000e+07
1.431842700000000000e+07
1.452483100000000000e+07
nan
nan
nan
nan
nan
nan
nan
nan
nan
nan
nan
nan
nan
nan
nan
nan
7.250000000000000000e+02
3.710230000000000000e+05
6.300880000000000000e+05
8.826010000000000000e+05
1.088063000000000000e+06
1.202675000000000000e+06
1.681068000000000000e+06
2.322837000000000000e+06
3.327784000000000000e+06
3.607163000000000000e+06
4.133952000000000000e+06
4.375932000000000000e+06
4.751788000000000000e+06
5.202303000000000000e+06
5.652271000000000000e+06
6.160003000000000000e+06
6.602060000000000000e+06
7.054074000000000000e+06
7.442368000000000000e+06
7.875614000000000000e+06
8.201059000000000000e+06
8.515103000000000000e+06
8.788332000000000000e+06
9.065515000000000000e+06
9.323631000000000000e+06
9.578379000000000000e+06
9.832994000000000000e+06
1.008212600000000000e+07
1.034898100000000000e+07
1.061640200000000000e+07
1.087342600000000000e+07
1.113531600000000000e+07
1.139914400000000000e+07
1.164328000000000000e+07
1.190170200000000000e+07
1.214917400000000000e+07
1.238783500000000000e+07
1.263227900000000000e+07
1.286388000000000000e+07
1.307496900000000000e+07
1.331947800000000000e+07
1.355308900000000000e+07
1.373054100000000000e+07
1.395821800000000000e+07
1.411901700000000000e+07
1.433958400000000000e+07
1.450857300000000000e+07
nan
nan
nan
nan
nan
nan
nan
nan
nan
nan
nan
nan
nan
nan
nan
2.729000000000000000e+03
3.678810000000000000e+05
5.929880000000000000e+05
8.656070000000000000e+05
1.022350000000000000e+06
1.635521000000000000e+06
1.683387000000000000e+06
2.372187000000000000e+06
3.058702000000000000e+06
3.604978000000000000e+06
4.014863000000000000e+06
4.356895000000000000e+06
4.760560000000000000e+06
5.226889000000000000e+06
5.686643000000000000e+06
6.169343000000000000e+06
6.631241000000000000e+06
7.055464000000000000e+06
7.463677000000000000e+06
7.868595000000000000e+06
8.199846000000000000e+06
8.498561000000000000e+06
8.790058000000000000e+06
9.050411000000000000e+06
9.303012000000000000e+06
9.562138000000000000e+06
9.824042000000000000e+06
1.007023500000000000e+07
1.035322300000000000e+07
1.060280000000000000e+07
1.090511200000000000e+07
1.114258300000000000e+07
1.141295000000000000e+07
1.165409800000000000e+07
1.193407800000000000e+07
1.215656000000000000e+07
1.239579900000000000e+07
1.265679700000000000e+07
1.287819400000000000e+07
1.308145500000000000e+07
1.331080200000000000e+07
1.353932000000000000e+07
1.375177100000000000e+07
1.394756800000000000e+07
1.413772600000000000e+07
1.431541200000000000e+07
1.451708900000000000e+07
nan
nan
nan
nan
nan
nan
nan
nan
nan
nan
nan
nan
nan
nan
nan
2.164090000000000000e+05
5.516870000000000000e+05
7.920740000000000000e+05
9.775530000000000000e+05
1.429714000000000000e+06
2.297770000000000000e+06
2.461622000000000000e+06
3.097665000000000000e+06
3.582340000000000000e+06
3.866463000000000000e+06
4.498780000000000000e+06
4.833508000000000000e+06
5.374976000000000000e+06
5.748280000000000000e+06
6.236959000000000000e+06
6.672959000000000000e+06
7.100845000000000000e+06
7.521440000000000000e+06
7.878929000000000000e+06
8.172533000000000000e+06
8.487190000000000000e+06
8.769832000000000000e+06
9.029765000000000000e+06
9.300751000000000000e+06
9.543546000000000000e+06
9.813955000000000000e+06
1.008046700000000000e+07
1.037174800000000000e+07
1.064481800000000000e+07
1.090563200000000000e+07
1.116521200000000000e+07
1.143425900000000000e+07
1.170568700000000000e+07
1.196029500000000000e+07
1.218891700000000000e+07
1.243413700000000000e+07
1.268792100000000000e+07
1.289958200000000000e+07
1.312040900000000000e+07
1.334630800000000000e+07
1.355756900000000000e+07
1.376633700000000000e+07
1.398021300000000000e+07
1.419158100000000000e+07
1.448557300000000000e+07
1.466427800000000000e+07
nan
nan
nan
nan
nan
nan
nan
nan
nan
nan
nan
nan
nan
nan
1.966140000000000000e+05
5.059200000000000000e+05
6.952320000000000000e+05
3.691066000000000000e+06
1.434993000000000000e+06
1.793896000000000000e+06
2.838846000000000000e+06
3.106534000000000000e+06
3.542176000000000000e+06
3.930308000000000000e+06
4.497278000000000000e+06
4.812073000000000000e+06
5.328714000000000000e+06
5.805196000000000000e+06
6.283142000000000000e+06
6.713533000000000000e+06
7.114960000000000000e+06
7.533905000000000000e+06
7.853546000000000000e+06
8.155789000000000000e+06
8.476980000000000000e+06
8.743646000000000000e+06
9.026699000000000000e+06
9.275140000000000000e+06
9.545902000000000000e+06
9.820664000000000000e+06
1.011323700000000000e+07
1.039617400000000000e+07
1.067366800000000000e+07
1.092757100000000000e+07
1.119924300000000000e+07
1.144991000000000000e+07
1.233673200000000000e+07
1.198389900000000000e+07
1.223108700000000000e+07
1.246369700000000000e+07
1.271654900000000000e+07
1.291976500000000000e+07
1.315358300000000000e+07
1.338105500000000000e+07
1.359171700000000000e+07
1.379252800000000000e+07
1.399309600000000000e+07
1.429248400000000000e+07
1.451220900000000000e+07
1.467988500000000000e+07
nan
nan
nan
nan
nan
nan
nan
nan
nan
nan
nan
nan
nan
1.786660000000000000e+05
4.642310000000000000e+05
7.125580000000000000e+05
1.150897000000000000e+06
1.487875000000000000e+06
1.877458000000000000e+06
2.570785000000000000e+06
3.098226000000000000e+06
3.432844000000000000e+06
3.911119000000000000e+06
4.367027000000000000e+06
4.861552000000000000e+06
5.383666000000000000e+06
5.868189000000000000e+06
6.325322000000000000e+06
6.734544000000000000e+06
7.180429000000000000e+06
7.537072000000000000e+06
7.871912000000000000e+06
8.187041000000000000e+06
8.463715000000000000e+06
8.728381000000000000e+06
9.003431000000000000e+06
9.275767000000000000e+06
9.564184000000000000e+06
9.834347000000000000e+06
1.013557900000000000e+07
1.040121000000000000e+07
1.068819400000000000e+07
1.095948700000000000e+07
1.120585600000000000e+07
1.149402600000000000e+07
1.177338600000000000e+07
1.200997700000000000e+07
1.226849800000000000e+07
1.248253900000000000e+07
1.273757400000000000e+07
1.294730800000000000e+07
1.315812400000000000e+07
1.339429700000000000e+07
1.359723500000000000e+07
1.393841600000000000e+07
1.412561100000000000e+07
1.432480800000000000e+07
1.449785000000000000e+07
1.467406000000000000e+07
nan
nan
nan
nan
nan
nan
nan
nan
nan
nan
nan
nan
1.681800000000000000e+05
4.285940000000000000e+05
8.631890000000000000e+05
1.666903000000000000e+06
1.572023000000000000e+06
1.954164000000000000e+06
2.838650000000000000e+06
3.084160000000000000e+06
3.484848000000000000e+06
3.920839000000000000e+06
4.416121000000000000e+06
4.939284000000000000e+06
5.421965000000000000e+06
5.925486000000000000e+06
6.354935000000000000e+06
6.812941000000000000e+06
7.185812000000000000e+06
7.526080000000000000e+06
7.847585000000000000e+06
8.151122000000000000e+06
9.734138000000000000e+06
8.727131000000000000e+06
9.019224000000000000e+06
9.319578000000000000e+06
9.591108000000000000e+06
9.869999000000000000e+06
1.017160700000000000e+07
1.044057500000000000e+07
1.073088600000000000e+07
1.099254900000000000e+07
1.127894200000000000e+07
1.151207100000000000e+07
1.179419000000000000e+07
1.204894300000000000e+07
1.227237800000000000e+07
1.252746500000000000e+07
1.275531900000000000e+07
1.295158300000000000e+07
1.318920500000000000e+07
1.342843900000000000e+07
1.373399800000000000e+07
1.394043000000000000e+07
1.413293800000000000e+07
1.430454300000000000e+07
1.449429000000000000e+07
1.470991200000000000e+07
nan
nan
nan
nan
nan
nan
nan
nan
nan
nan
nan
1.557190000000000000e+05
4.456300000000000000e+05
8.766050000000000000e+05
1.243558000000000000e+06
1.645013000000000000e+06
2.006327000000000000e+06
2.592336000000000000e+06
2.976260000000000000e+06
3.486424000000000000e+06
3.942813000000000000e+06
4.460836000000000000e+06
5.058817000000000000e+06
5.534046000000000000e+06
5.964277000000000000e+06
6.374848000000000000e+06
6.833341000000000000e+06
7.197183000000000000e+06
7.535136000000000000e+06
7.836308000000000000e+06
8.151553000000000000e+06
8.439229000000000000e+06
8.733034000000000000e+06
9.034309000000000000e+06
9.312773000000000000e+06
9.593445000000000000e+06
9.896460000000000000e+06
1.019602600000000000e+07
1.048923800000000000e+07
1.074813300000000000e+07
1.102415900000000000e+07
1.130109300000000000e+07
1.156764200000000000e+07
1.183027300000000000e+07
1.206539800000000000e+07
1.230168200000000000e+07
1.257333100000000000e+07
1.277993300000000000e+07
1.299740200000000000e+07
1.322441600000000000e+07
1.355177600000000000e+07
1.374622300000000000e+07
1.396217400000000000e+07
1.417471000000000000e+07
1.435004100000000000e+07
1.453023300000000000e+07
1.475557900000000000e+07
nan
nan
nan
nan
nan
nan
nan
nan
nan
nan
1.417180000000000000e+05
5.608620000000000000e+05
3.267785000000000000e+06
1.321383000000000000e+06
1.715776000000000000e+06
2.039968000000000000e+06
2.583903000000000000e+06
2.967658000000000000e+06
3.676647000000000000e+06
4.009742000000000000e+06
4.522430000000000000e+06
5.040122000000000000e+06
5.523106000000000000e+06
5.993345000000000000e+06
6.445128000000000000e+06
6.830891000000000000e+06
7.198328000000000000e+06
7.527420000000000000e+06
7.831931000000000000e+06
8.152583000000000000e+06
8.465103000000000000e+06
8.743489000000000000e+06
9.034309000000000000e+06
9.330465000000000000e+06
9.623283000000000000e+06
9.930926000000000000e+06
1.021854100000000000e+07
1.051110600000000000e+07
1.077198000000000000e+07
1.106423200000000000e+07
1.131878500000000000e+07
1.159016900000000000e+07
1.186046200000000000e+07
1.209294100000000000e+07
1.232932400000000000e+07
1.257897800000000000e+07
1.280334800000000000e+07
1.313997800000000000e+07
1.336911500000000000e+07
1.357178500000000000e+07
1.377425700000000000e+07
1.397051400000000000e+07
1.415325900000000000e+07
1.437409500000000000e+07
1.453742600000000000e+07
1.471709000000000000e+07
nan
nan
nan
nan
nan
nan
nan
nan
nan
1.119510000000000000e+05
6.116410000000000000e+05
1.035301000000000000e+06
1.429503000000000000e+06
1.762740000000000000e+06
2.051954000000000000e+06
2.508595000000000000e+06
3.264322000000000000e+06
3.549508000000000000e+06
4.105355000000000000e+06
4.640945000000000000e+06
5.126156000000000000e+06
5.601691000000000000e+06
6.081811000000000000e+06
6.505182000000000000e+06
6.867964000000000000e+06
7.214663000000000000e+06
7.528956000000000000e+06
7.866153000000000000e+06
8.164710000000000000e+06
8.475122000000000000e+06
8.794861000000000000e+06
9.094898000000000000e+06
9.408704000000000000e+06
9.694459000000000000e+06
1.000874600000000000e+07
1.029228700000000000e+07
1.059039700000000000e+07
1.087789700000000000e+07
1.114315800000000000e+07
1.137927800000000000e+07
1.166719300000000000e+07
1.190872600000000000e+07
1.214769000000000000e+07
1.240233300000000000e+07
1.273647300000000000e+07
1.294109100000000000e+07
1.316476200000000000e+07
1.339684700000000000e+07
1.360303900000000000e+07
1.380971000000000000e+07
1.400077800000000000e+07
1.417152900000000000e+07
1.435832500000000000e+07
1.457209100000000000e+07
1.473231100000000000e+07
nan
nan
nan
nan
nan
nan
nan
nan
1.167900000000000000e+05
7.189660000000000000e+05
2.266941000000000000e+06
1.465554000000000000e+06
1.771876000000000000e+06
2.001139000000000000e+06
2.569839000000000000e+06
3.094195000000000000e+06
3.656114000000000000e+06
4.217437000000000000e+06
4.737302000000000000e+06
5.214626000000000000e+06
5.731314000000000000e+06
6.134259000000000000e+06
6.521796000000000000e+06
6.910286000000000000e+06
7.230343000000000000e+06
7.578052000000000000e+06
7.900650000000000000e+06
8.217853000000000000e+06
8.538013000000000000e+06
8.848512000000000000e+06
9.158526000000000000e+06
9.480232000000000000e+06
9.777603000000000000e+06
1.007850300000000000e+07
1.038608500000000000e+07
1.064493700000000000e+07
1.093819000000000000e+07
1.118602200000000000e+07
1.146260900000000000e+07
1.173650900000000000e+07
1.196832200000000000e+07
1.230773900000000000e+07
1.255466000000000000e+07
1.277407700000000000e+07
1.300498800000000000e+07
1.322533600000000000e+07
1.344732300000000000e+07
1.364961100000000000e+07
1.384088500000000000e+07
1.402433300000000000e+07
1.423485000000000000e+07
1.440778200000000000e+07
1.458285100000000000e+07
1.475859800000000000e+07
nan
nan
nan
nan
nan
nan
nan
2.630790000000000000e+06
7.582590000000000000e+05
1.141291000000000000e+06
1.442127000000000000e+06
2.076822000000000000e+06
1.956590000000000000e+06
2.625845000000000000e+06
3.193979000000000000e+06
3.777681000000000000e+06
4.337817000000000000e+06
4.869538000000000000e+06
5.327364000000000000e+06
5.772681000000000000e+06
6.192472000000000000e+06
6.576967000000000000e+06
6.944041000000000000e+06
7.277604000000000000e+06
7.620663000000000000e+06
7.955076000000000000e+06
8.298711000000000000e+06
8.624062000000000000e+06
8.946053000000000000e+06
9.262635000000000000e+06
9.555919000000000000e+06
9.877459000000000000e+06
1.016983300000000000e+07
1.046546400000000000e+07
1.074577600000000000e+07
1.101363000000000000e+07
1.125253700000000000e+07
1.165216600000000000e+07
1.189031300000000000e+07
1.212811500000000000e+07
1.237732400000000000e+07
1.261483200000000000e+07
1.280100400000000000e+07
1.303844600000000000e+07
1.326737300000000000e+07
1.346480900000000000e+07
1.368115600000000000e+07
1.388753200000000000e+07
1.405754900000000000e+07
1.423119100000000000e+07
1.444699100000000000e+07
1.461335800000000000e+07
1.479966400000000000e+07
nan
nan
nan
nan
nan
nan
3.075380000000000000e+05
7.765950000000000000e+05
1.800830000000000000e+06
1.457476000000000000e+06
2.230601000000000000e+06
2.099008000000000000e+06
2.710425000000000000e+06
3.529559000000000000e+06
3.904416000000000000e+06
4.438754000000000000e+06
4.963271000000000000e+06
5.423705000000000000e+06
5.854140000000000000e+06
6.257523000000000000e+06
6.657097000000000000e+06
7.010988000000000000e+06
7.350365000000000000e+06
7.698885000000000000e+06
8.032589000000000000e+06
8.373491000000000000e+06
8.699686000000000000e+06
9.017094000000000000e+06
9.350556000000000000e+06
9.648631000000000000e+06
9.955213000000000000e+06
1.025179200000000000e+07
1.051484100000000000e+07
1.083065100000000000e+07
1.116702500000000000e+07
1.144369100000000000e+07
1.172780600000000000e+07
1.195218300000000000e+07
1.219806600000000000e+07
1.242759100000000000e+07
1.264879000000000000e+07
1.288517400000000000e+07
1.310933200000000000e+07
1.331710000000000000e+07
1.352045900000000000e+07
1.371370500000000000e+07
1.390890200000000000e+07
1.412274700000000000e+07
1.429507400000000000e+07
1.447693300000000000e+07
1.467041700000000000e+07
1.482790300000000000e+07
nan
nan
nan
nan
nan
1.137468000000000000e+06
1.368362000000000000e+06
1.139871000000000000e+06
1.531467000000000000e+06
1.882472000000000000e+06
2.566735000000000000e+06
3.060679000000000000e+06
3.455541000000000000e+06
4.167739000000000000e+06
4.554853000000000000e+06
5.045596000000000000e+06
5.505330000000000000e+06
5.959319000000000000e+06
6.351431000000000000e+06
6.738265000000000000e+06
7.085676000000000000e+06
7.450423000000000000e+06
7.792844000000000000e+06
8.138640000000000000e+06
8.489828000000000000e+06
8.818277000000000000e+06
9.134716000000000000e+06
9.435513000000000000e+06
9.758128000000000000e+06
1.006621400000000000e+07
1.034816900000000000e+07
1.073984100000000000e+07
1.099944400000000000e+07
1.124072000000000000e+07
1.154733300000000000e+07
1.178467800000000000e+07
1.202583100000000000e+07
1.226668000000000000e+07
1.250341200000000000e+07
1.269600000000000000e+07
1.293693400000000000e+07
1.316658200000000000e+07
1.335824000000000000e+07
1.357926800000000000e+07
1.377696200000000000e+07
1.395412400000000000e+07
1.413938300000000000e+07
1.435492100000000000e+07
1.451799500000000000e+07
1.471269700000000000e+07
1.486518900000000000e+07
nan
nan
nan
nan
3.527120000000000000e+05
8.111750000000000000e+05
1.181592000000000000e+06
2.021568000000000000e+06
2.312641000000000000e+06
2.663380000000000000e+06
2.980629000000000000e+06
3.577351000000000000e+06
4.171073000000000000e+06
4.690677000000000000e+06
5.181589000000000000e+06
5.628299000000000000e+06
6.064778000000000000e+06
6.472401000000000000e+06
6.838917000000000000e+06
7.206633000000000000e+06
7.554749000000000000e+06
7.906653000000000000e+06
8.257826000000000000e+06
8.592257000000000000e+06
8.920711000000000000e+06
9.239814000000000000e+06
9.559654000000000000e+06
9.853578000000000000e+06
1.024575900000000000e+07
1.051675100000000000e+07
1.082295900000000000e+07
1.106750400000000000e+07
1.134617800000000000e+07
1.161617300000000000e+07
1.186063200000000000e+07
1.210822100000000000e+07
1.233479800000000000e+07
1.255535500000000000e+07
1.280444000000000000e+07
1.302227100000000000e+07
1.323027200000000000e+07
1.343478100000000000e+07
1.363629600000000000e+07
1.382396700000000000e+07
1.404542300000000000e+07
1.421685800000000000e+07
1.439171000000000000e+07
1.458119900000000000e+07
1.474503200000000000e+07
1.492437800000000000e+07
nan
nan
nan
3.917780000000000000e+05
1.959650000000000000e+06
1.344670000000000000e+06
1.758216000000000000e+06
2.132703000000000000e+06
2.717162000000000000e+06
3.149578000000000000e+06
4.073606000000000000e+06
4.314132000000000000e+06
4.829665000000000000e+06
5.325781000000000000e+06
5.784694000000000000e+06
6.201959000000000000e+06
6.622924000000000000e+06
6.982484000000000000e+06
7.357093000000000000e+06
7.710547000000000000e+06
8.050997000000000000e+06
8.408125000000000000e+06
8.731869000000000000e+06
9.056450000000000000e+06
9.367546000000000000e+06
9.770492000000000000e+06
1.007763200000000000e+07
1.036523200000000000e+07
1.065744400000000000e+07
1.092730500000000000e+07
1.116850600000000000e+07
1.147199500000000000e+07
1.171671900000000000e+07
1.194966600000000000e+07
1.219255400000000000e+07
1.243643800000000000e+07
1.262587700000000000e+07
1.288037100000000000e+07
1.308872100000000000e+07
1.328971300000000000e+07
1.351184900000000000e+07
1.371209000000000000e+07
1.390454100000000000e+07
1.407614300000000000e+07
1.429735300000000000e+07
1.445333100000000000e+07
1.465069100000000000e+07
1.480156400000000000e+07
1.498286100000000000e+07
nan
nan
1.000109000000000000e+06
1.055449000000000000e+06
1.534220000000000000e+06
2.302306000000000000e+06
2.643228000000000000e+06
2.700393000000000000e+06
3.597954000000000000e+06
4.224915000000000000e+06
4.520413000000000000e+06
5.036587000000000000e+06
5.520428000000000000e+06
5.955484000000000000e+06
6.399885000000000000e+06
6.797592000000000000e+06
7.177298000000000000e+06
7.531494000000000000e+06
7.877377000000000000e+06
8.237378000000000000e+06
8.556259000000000000e+06
8.877451000000000000e+06
9.276233000000000000e+06
9.594906000000000000e+06
9.900349000000000000e+06
1.021183900000000000e+07
1.046831300000000000e+07
1.079512100000000000e+07
1.104642600000000000e+07
1.131823200000000000e+07
1.157152400000000000e+07
1.181659000000000000e+07
1.205079900000000000e+07
1.231647100000000000e+07
1.252612300000000000e+07
1.274687300000000000e+07
1.299808500000000000e+07
1.318333800000000000e+07
1.340171300000000000e+07
1.359148000000000000e+07
1.379326000000000000e+07
1.400968400000000000e+07
1.419168700000000000e+07
1.435753400000000000e+07
1.453952000000000000e+07
1.470412800000000000e+07
1.488770200000000000e+07
1.505543200000000000e+07
1.112440000000000000e+05
7.488250000000000000e+05
2.337189000000000000e+06
1.919904000000000000e+06
2.362119000000000000e+06
2.738059000000000000e+06
3.111857000000000000e+06
3.904508000000000000e+06
4.280689000000000000e+06
4.793430000000000000e+06
5.291951000000000000e+06
5.767690000000000000e+06
6.219051000000000000e+06
6.653551000000000000e+06
7.047667000000000000e+06
7.440602000000000000e+06
7.789241000000000000e+06
8.164810000000000000e+06
8.530597000000000000e+06
8.860909000000000000e+06
9.172851000000000000e+06
9.487746000000000000e+06
9.812667000000000000e+06
1.011604900000000000e+07
1.040597000000000000e+07
1.068121900000000000e+07
1.096101600000000000e+07
1.118484300000000000e+07
1.149124000000000000e+07
1.172393300000000000e+07
1.196716600000000000e+07
1.219965000000000000e+07
1.243481400000000000e+07
1.263228500000000000e+07
1.288618700000000000e+07
1.308830800000000000e+07
1.328743500000000000e+07
1.350930600000000000e+07
1.370198100000000000e+07
1.389898800000000000e+07
1.407224400000000000e+07
1.428927800000000000e+07
1.445695400000000000e+07
1.465015200000000000e+07
1.480380200000000000e+07
1.497663800000000000e+07
1.513478800000000000e+07
1.581784000000000000e+06
3.000159000000000000e+06
2.965286000000000000e+06
3.321591000000000000e+06
3.333168000000000000e+06
3.621204000000000000e+06
4.366683000000000000e+06
4.761651000000000000e+06
5.265174000000000000e+06
5.711909000000000000e+06
6.162617000000000000e+06
6.588414000000000000e+06
6.977988000000000000e+06
7.373008000000000000e+06
7.753696000000000000e+06
8.104382000000000000e+06
8.443016000000000000e+06
8.792040000000000000e+06
9.110219000000000000e+06
9.419617000000000000e+06
9.734989000000000000e+06
1.002760500000000000e+07
1.034918600000000000e+07
1.058473000000000000e+07
1.090898200000000000e+07
1.113238900000000000e+07
1.139900900000000000e+07
1.168170800000000000e+07
1.191498800000000000e+07
1.214393800000000000e+07
1.237993400000000000e+07
1.259510800000000000e+07
1.282220700000000000e+07
1.304795100000000000e+07
1.325304600000000000e+07
1.345280000000000000e+07
1.365149300000000000e+07
1.385766700000000000e+07
1.406349800000000000e+07
1.423204600000000000e+07
1.441542500000000000e+07
1.459587700000000000e+07
1.475526600000000000e+07
1.493905500000000000e+07
1.510097200000000000e+07
1.526141600000000000e+07
2.677138000000000000e+06
3.433161000000000000e+06
3.404394000000000000e+06
3.749916000000000000e+06
4.052482000000000000e+06
4.574494000000000000e+06
5.200731000000000000e+06
5.603479000000000000e+06
6.057333000000000000e+06
6.445953000000000000e+06
6.852703000000000000e+06
7.236723000000000000e+06
7.617821000000000000e+06
7.987069000000000000e+06
8.340448000000000000e+06
8.703096000000000000e+06
9.015281000000000000e+06
9.337390000000000000e+06
9.634057000000000000e+06
9.944503000000000000e+06
1.025079900000000000e+07
1.051490000000000000e+07
1.079776700000000000e+07
1.106345800000000000e+07
1.130023200000000000e+07
1.158368200000000000e+07
1.182033000000000000e+07
1.204981400000000000e+07
1.229252300000000000e+07
1.253184900000000000e+07
1.273932000000000000e+07
1.296743700000000000e+07
1.317615500000000000e+07
1.336513000000000000e+07
1.359994100000000000e+07
1.377613600000000000e+07
1.397039800000000000e+07
1.414345200000000000e+07
1.436225600000000000e+07
1.452182500000000000e+07
1.472047800000000000e+07
1.486815500000000000e+07
1.503415000000000000e+07
1.519259600000000000e+07
1.538368700000000000e+07
3.428595000000000000e+06
4.094722000000000000e+06
4.833883000000000000e+06
4.363709000000000000e+06
4.898314000000000000e+06
5.379895000000000000e+06
5.907707000000000000e+06
6.275203000000000000e+06
6.720052000000000000e+06
7.108576000000000000e+06
7.504627000000000000e+06
7.847593000000000000e+06
8.207613000000000000e+06
8.539585000000000000e+06
8.897903000000000000e+06
9.198198000000000000e+06
9.507809000000000000e+06
9.799992000000000000e+06
1.010697600000000000e+07
1.041621200000000000e+07
1.066025300000000000e+07
1.095668200000000000e+07
1.120514500000000000e+07
1.146208500000000000e+07
1.171492200000000000e+07
1.195228300000000000e+07
1.219425200000000000e+07
1.242386900000000000e+07
1.265283600000000000e+07
1.286627000000000000e+07
1.308848700000000000e+07
1.329186500000000000e+07
1.348818800000000000e+07
1.368694200000000000e+07
1.388247900000000000e+07
1.410046500000000000e+07
1.426907000000000000e+07
1.444426700000000000e+07
1.462245200000000000e+07
1.477947400000000000e+07
1.496359200000000000e+07
1.512468300000000000e+07
1.528324600000000000e+07
1.545048100000000000e+07
4.090636000000000000e+06
4.383771000000000000e+06
4.662200000000000000e+06
5.169223000000000000e+06
5.658803000000000000e+06
6.130075000000000000e+06
6.528970000000000000e+06
6.928592000000000000e+06
7.303161000000000000e+06
7.694499000000000000e+06
8.049173000000000000e+06
8.393705000000000000e+06
8.743055000000000000e+06
9.065562000000000000e+06
9.366998000000000000e+06
9.683242000000000000e+06
9.984938000000000000e+06
1.028552300000000000e+07
1.055824000000000000e+07
1.083433000000000000e+07
1.109347700000000000e+07
1.133664800000000000e+07
1.161365400000000000e+07
1.184838700000000000e+07
1.207731700000000000e+07
1.231674000000000000e+07
1.254932100000000000e+07
1.276854200000000000e+07
1.298398600000000000e+07
1.319142100000000000e+07
1.338322800000000000e+07
1.360187800000000000e+07
1.380539500000000000e+07
1.399993600000000000e+07
1.415995900000000000e+07
1.436909500000000000e+07
1.453018800000000000e+07
1.472662100000000000e+07
1.486850800000000000e+07
1.504157700000000000e+07
1.520681000000000000e+07
1.536651700000000000e+07
1.552887500000000000e+07
5.131934000000000000e+06
5.131535000000000000e+06
5.426856000000000000e+06
5.959147000000000000e+06
6.326469000000000000e+06
6.757058000000000000e+06
7.138032000000000000e+06
7.539400000000000000e+06
7.880691000000000000e+06
8.247460000000000000e+06
8.579886000000000000e+06
8.915439000000000000e+06
9.235832000000000000e+06
9.538913000000000000e+06
9.832150000000000000e+06
1.012982600000000000e+07
1.042554600000000000e+07
1.068122200000000000e+07
1.096301100000000000e+07
1.121866800000000000e+07
1.148135000000000000e+07
1.173625300000000000e+07
1.196858400000000000e+07
1.220648400000000000e+07
1.243973300000000000e+07
1.265240000000000000e+07
1.287709500000000000e+07
1.309897200000000000e+07
1.330220200000000000e+07
1.349537400000000000e+07
1.370007600000000000e+07
1.388270000000000000e+07
1.410304900000000000e+07
1.426534200000000000e+07
1.445232500000000000e+07
1.462721000000000000e+07
1.478317900000000000e+07
1.496781000000000000e+07
1.512770000000000000e+07
1.528796700000000000e+07
1.545971200000000000e+07
1.561368400000000000e+07
5.183999000000000000e+06
5.682194000000000000e+06
6.126244000000000000e+06
6.547230000000000000e+06
6.968296000000000000e+06
7.366873000000000000e+06
7.717750000000000000e+06
8.096731000000000000e+06
8.425244000000000000e+06
8.778641000000000000e+06
9.104289000000000000e+06
9.391130000000000000e+06
9.701001000000000000e+06
9.998176000000000000e+06
1.030296900000000000e+07
1.057157000000000000e+07
1.085697800000000000e+07
1.110963200000000000e+07
1.135500300000000000e+07
1.162869200000000000e+07
1.186877900000000000e+07
1.208697100000000000e+07
1.232399200000000000e+07
1.255666000000000000e+07
1.276084500000000000e+07
1.299107400000000000e+07
1.319741100000000000e+07
1.338818200000000000e+07
1.360543100000000000e+07
1.379820300000000000e+07
1.399493100000000000e+07
1.416428200000000000e+07
1.437388900000000000e+07
1.453172100000000000e+07
1.473733300000000000e+07
1.486828800000000000e+07
1.504464000000000000e+07
1.520677000000000000e+07
1.537394400000000000e+07
1.553004700000000000e+07
1.568108600000000000e+07
6.253841000000000000e+06
6.562305000000000000e+06
6.990058000000000000e+06
7.380063000000000000e+06
7.749298000000000000e+06
8.093715000000000000e+06
8.436106000000000000e+06
8.782896000000000000e+06
9.107564000000000000e+06
9.404805000000000000e+06
9.713064000000000000e+06
1.001211100000000000e+07
1.031679000000000000e+07
1.057902500000000000e+07
1.086005300000000000e+07
1.110948300000000000e+07
1.135475900000000000e+07
1.162846400000000000e+07
1.186182400000000000e+07
1.209558900000000000e+07
1.232581700000000000e+07
1.255977600000000000e+07
1.276759000000000000e+07
1.299214200000000000e+07
1.319747900000000000e+07
1.339119300000000000e+07
1.360346200000000000e+07
1.379785000000000000e+07
1.400365000000000000e+07
1.417619400000000000e+07
1.436642600000000000e+07
1.452884800000000000e+07
1.473228400000000000e+07
1.487093700000000000e+07
1.503276200000000000e+07
1.519956600000000000e+07
1.536936200000000000e+07
1.552791800000000000e+07
1.567654500000000000e+07
1.584063400000000000e+07
7.100754000000000000e+06
7.392746000000000000e+06
7.746383000000000000e+06
8.110944000000000000e+06
8.450752000000000000e+06
8.794154000000000000e+06
9.120531000000000000e+06
9.412339000000000000e+06
9.723138000000000000e+06
1.001284000000000000e+07
1.032240000000000000e+07
1.058086900000000000e+07
1.086266200000000000e+07
1.111141900000000000e+07
1.135265000000000000e+07
1.162895900000000000e+07
1.186084500000000000e+07
1.209443500000000000e+07
1.232902000000000000e+07
1.256067700000000000e+07
1.276415000000000000e+07
1.298956600000000000e+07
1.319789300000000000e+07
1.338766300000000000e+07
1.359894100000000000e+07
1.379326700000000000e+07
1.399258200000000000e+07
1.416093800000000000e+07
1.436040800000000000e+07
1.452280300000000000e+07
1.472542600000000000e+07
1.486432500000000000e+07
1.503591100000000000e+07
1.519443800000000000e+07
1.536608600000000000e+07
1.552324400000000000e+07
1.567082100000000000e+07
1.582737200000000000e+07
1.596356200000000000e+07
7.752305000000000000e+06
8.108152000000000000e+06
8.458632000000000000e+06
8.792526000000000000e+06
9.137857000000000000e+06
9.416973000000000000e+06
9.736482000000000000e+06
1.001476800000000000e+07
1.031212400000000000e+07
1.058404300000000000e+07
1.086224600000000000e+07
1.111113800000000000e+07
1.135275300000000000e+07
1.162100100000000000e+07
1.186348300000000000e+07
1.210071200000000000e+07
1.232220600000000000e+07
1.255363700000000000e+07
1.276719500000000000e+07
1.299172200000000000e+07
1.319578600000000000e+07
1.338668600000000000e+07
1.359976200000000000e+07
1.378960500000000000e+07
1.398909600000000000e+07
1.415565000000000000e+07
1.435124600000000000e+07
1.451527200000000000e+07
1.471463100000000000e+07
1.485681700000000000e+07
1.501583400000000000e+07
1.518832800000000000e+07
1.536186800000000000e+07
1.551766800000000000e+07
1.566536300000000000e+07
1.582073600000000000e+07
1.595568800000000000e+07
1.610964900000000000e+07
8.452575000000000000e+06
8.792569000000000000e+06
9.132793000000000000e+06
9.420215000000000000e+06
9.722162000000000000e+06
1.001834000000000000e+07
1.030504000000000000e+07
1.058555700000000000e+07
1.085661200000000000e+07
1.111058500000000000e+07
1.135683500000000000e+07
1.162537000000000000e+07
1.185867500000000000e+07
1.208653300000000000e+07
1.232406500000000000e+07
1.254860300000000000e+07
1.276506600000000000e+07
1.298098700000000000e+07
1.318747800000000000e+07
1.337687300000000000e+07
1.358803200000000000e+07
1.378019500000000000e+07
1.398408000000000000e+07
1.414901300000000000e+07
1.434511200000000000e+07
1.451349800000000000e+07
1.471472700000000000e+07
1.484689600000000000e+07
1.500772300000000000e+07
1.518598900000000000e+07
1.535689000000000000e+07
1.551561500000000000e+07
1.566389800000000000e+07
1.581766100000000000e+07
1.595081500000000000e+07
1.609902700000000000e+07
1.624235700000000000e+07
9.135227000000000000e+06
9.421256000000000000e+06
9.729829000000000000e+06
1.002098500000000000e+07
1.030184200000000000e+07
1.058458500000000000e+07
1.085993500000000000e+07
1.111548400000000000e+07
1.135153700000000000e+07
1.161746900000000000e+07
1.185180200000000000e+07
1.209269700000000000e+07
1.232332400000000000e+07
1.254843700000000000e+07
1.276350500000000000e+07
1.297635800000000000e+07
1.318344800000000000e+07
1.336902300000000000e+07
1.358863200000000000e+07
1.377856000000000000e+07
1.397759500000000000e+07
1.414477300000000000e+07
1.433894800000000000e+07
1.450285700000000000e+07
1.470277500000000000e+07
1.483700900000000000e+07
1.501349300000000000e+07
1.517774200000000000e+07
1.535226500000000000e+07
1.550500900000000000e+07
1.565396000000000000e+07
1.580793600000000000e+07
1.594613900000000000e+07
1.609334700000000000e+07
1.623573200000000000e+07
1.637548700000000000e+07
9.726241000000000000e+06
1.002191400000000000e+07
1.029885300000000000e+07
1.058515500000000000e+07
1.085779400000000000e+07
1.112012400000000000e+07
1.135097600000000000e+07
1.160878100000000000e+07
1.184863200000000000e+07
1.209152700000000000e+07
1.231111300000000000e+07
1.254394500000000000e+07
1.275445100000000000e+07
1.297753700000000000e+07
1.318449000000000000e+07
1.336433600000000000e+07
1.357824400000000000e+07
1.377274800000000000e+07
1.397382800000000000e+07
1.414511700000000000e+07
1.433300100000000000e+07
1.449749800000000000e+07
1.469143400000000000e+07
1.483670600000000000e+07
1.499503100000000000e+07
1.517318400000000000e+07
1.534758800000000000e+07
1.549869900000000000e+07
1.564881800000000000e+07
1.580197200000000000e+07
1.594173300000000000e+07
1.608741200000000000e+07
1.622973200000000000e+07
1.636925600000000000e+07
1.649717400000000000e+07
1.029976100000000000e+07
1.057833000000000000e+07
1.085687900000000000e+07
1.111788900000000000e+07
1.135093300000000000e+07
1.160523300000000000e+07
1.184593000000000000e+07
1.208093000000000000e+07
1.230862000000000000e+07
1.253915100000000000e+07
1.275537000000000000e+07
1.297107200000000000e+07
1.318314600000000000e+07
1.336228900000000000e+07
1.357381400000000000e+07
1.376398500000000000e+07
1.397050500000000000e+07
1.413638900000000000e+07
1.433494600000000000e+07
1.449276700000000000e+07
1.468957500000000000e+07
1.482406000000000000e+07
1.498880200000000000e+07
1.517205300000000000e+07
1.534418500000000000e+07
1.549757000000000000e+07
1.564355500000000000e+07
1.580523500000000000e+07
1.593716100000000000e+07
1.608577600000000000e+07
1.622443000000000000e+07
1.636376100000000000e+07
1.649198700000000000e+07
1.664248100000000000e+07
1.085474400000000000e+07
1.111040900000000000e+07
1.135604800000000000e+07
1.160543600000000000e+07
1.184380000000000000e+07
1.207949100000000000e+07
1.231057000000000000e+07
1.253010900000000000e+07
1.274932700000000000e+07
1.296777100000000000e+07
1.317236400000000000e+07
1.336021900000000000e+07
1.357005800000000000e+07
1.375952800000000000e+07
1.396655600000000000e+07
1.413238300000000000e+07
1.432165900000000000e+07
1.448838400000000000e+07
1.467766200000000000e+07
1.481824400000000000e+07
1.498268200000000000e+07
1.516356600000000000e+07
1.533291900000000000e+07
1.548727300000000000e+07
1.563906000000000000e+07
1.579073000000000000e+07
1.593287300000000000e+07
1.607660000000000000e+07
1.621962000000000000e+07
1.636223200000000000e+07
1.648662000000000000e+07
1.664089300000000000e+07
1.675328100000000000e+07
1.135567600000000000e+07
1.159977300000000000e+07
1.185179800000000000e+07
1.207888500000000000e+07
1.230641500000000000e+07
1.253253100000000000e+07
1.274840400000000000e+07
1.296669300000000000e+07
1.317041700000000000e+07
1.335795900000000000e+07
1.356627200000000000e+07
1.376027100000000000e+07
1.396289800000000000e+07
1.412942200000000000e+07
1.431669500000000000e+07
1.448438700000000000e+07
1.467278700000000000e+07
1.481321400000000000e+07
1.498250300000000000e+07
1.515918400000000000e+07
1.533234800000000000e+07
1.548184600000000000e+07
1.564039500000000000e+07
1.578628500000000000e+07
1.592866000000000000e+07
1.607186300000000000e+07
1.621500400000000000e+07
1.635301300000000000e+07
1.648211500000000000e+07
1.663041700000000000e+07
1.675493800000000000e+07
1.690057600000000000e+07
1.184124300000000000e+07
1.207874900000000000e+07
1.230627100000000000e+07
1.252573100000000000e+07
1.275722500000000000e+07
1.295977800000000000e+07
1.317183900000000000e+07
1.335606100000000000e+07
1.356284300000000000e+07
1.375191200000000000e+07
1.395777300000000000e+07
1.412705200000000000e+07
1.431243200000000000e+07
1.449445200000000000e+07
1.466870800000000000e+07
1.481614400000000000e+07
1.497256500000000000e+07
1.516376000000000000e+07
1.532313000000000000e+07
1.547662900000000000e+07
1.563369600000000000e+07
1.578217700000000000e+07
1.592476200000000000e+07
1.607593300000000000e+07
1.621097300000000000e+07
1.635482500000000000e+07
1.647782600000000000e+07
1.662481500000000000e+07
1.674117200000000000e+07
1.688678800000000000e+07
1.699878100000000000e+07
1.230701800000000000e+07
1.252462600000000000e+07
1.274662800000000000e+07
1.295813200000000000e+07
1.316100200000000000e+07
1.335431200000000000e+07
1.355923700000000000e+07
1.374899500000000000e+07
1.395516200000000000e+07
1.412476000000000000e+07
1.431302000000000000e+07
1.447836200000000000e+07
1.466807700000000000e+07
1.481292300000000000e+07
1.496851000000000000e+07
1.515709600000000000e+07
1.531639900000000000e+07
1.547618800000000000e+07
1.563105900000000000e+07
1.578449900000000000e+07
1.592529400000000000e+07
1.606311900000000000e+07
1.620681300000000000e+07
1.634311800000000000e+07
1.648327100000000000e+07
1.661965700000000000e+07
1.673675100000000000e+07
1.688214300000000000e+07
1.699451300000000000e+07
1.712926100000000000e+07
1.275043800000000000e+07
1.295448300000000000e+07
1.315994500000000000e+07
1.335345000000000000e+07
1.355661800000000000e+07
1.374675600000000000e+07
1.395267800000000000e+07
1.412274400000000000e+07
1.430529200000000000e+07
1.447695200000000000e+07
1.466115400000000000e+07
1.480496800000000000e+07
1.496495700000000000e+07
1.515117700000000000e+07
1.530803800000000000e+07
1.546658200000000000e+07
1.564295100000000000e+07
1.577488200000000000e+07
1.591815900000000000e+07
1.606404600000000000e+07
1.620748300000000000e+07
1.633838000000000000e+07
1.646925600000000000e+07
1.661471800000000000e+07
1.673240600000000000e+07
1.687802200000000000e+07
1.699058800000000000e+07
1.712489600000000000e+07
1.724879700000000000e+07
1.315951600000000000e+07
1.336102800000000000e+07
1.355567700000000000e+07
1.374478100000000000e+07
1.394819100000000000e+07
1.412144100000000000e+07
1.430253600000000000e+07
1.447570400000000000e+07
1.465801600000000000e+07
1.480294100000000000e+07
1.496203900000000000e+07
1.514437500000000000e+07
1.530420000000000000e+07
1.546198600000000000e+07
1.562977500000000000e+07
1.576520600000000000e+07
1.591548100000000000e+07
1.665765900000000000e+07
1.619888900000000000e+07
1.633405100000000000e+07
1.647131700000000000e+07
1.661214000000000000e+07
1.673385600000000000e+07
1.687431800000000000e+07
1.698735200000000000e+07
1.712069400000000000e+07
1.724486600000000000e+07
1.736611700000000000e+07
1.355550500000000000e+07
1.374666500000000000e+07
1.394783800000000000e+07
1.412542400000000000e+07
1.430031500000000000e+07
1.447495500000000000e+07
1.465555300000000000e+07
1.480089600000000000e+07
1.495995400000000000e+07
1.514741500000000000e+07
1.530051200000000000e+07
1.546461600000000000e+07
1.562672300000000000e+07
1.576232600000000000e+07
1.591273100000000000e+07
1.605196000000000000e+07
1.619542300000000000e+07
1.632990200000000000e+07
1.646633600000000000e+07
1.660742500000000000e+07
1.672570100000000000e+07
1.687484900000000000e+07
1.698460200000000000e+07
1.712156500000000000e+07
1.724171800000000000e+07
1.736219400000000000e+07
1.748455500000000000e+07
1.395314500000000000e+07
1.411983200000000000e+07
1.430363300000000000e+07
1.447983500000000000e+07
1.465321900000000000e+07
1.479963400000000000e+07
1.495839900000000000e+07
1.514354900000000000e+07
1.530242100000000000e+07
1.545675700000000000e+07
1.561926700000000000e+07
1.576372100000000000e+07
1.591042500000000000e+07
1.605522600000000000e+07
1.619631000000000000e+07
1.632625100000000000e+07
1.645916400000000000e+07
1.659843000000000000e+07
1.672278600000000000e+07
1.686747800000000000e+07
1.698205500000000000e+07
1.711199200000000000e+07
1.723865400000000000e+07
1.735855600000000000e+07
1.748059100000000000e+07
1.757626500000000000e+07
1.429793500000000000e+07
1.447573200000000000e+07
1.464934700000000000e+07
1.480394200000000000e+07
1.496600900000000000e+07
1.513854200000000000e+07
1.530020100000000000e+07
1.545497000000000000e+07
1.562226000000000000e+07
1.576248200000000000e+07
1.590820700000000000e+07
1.604696700000000000e+07
1.618905200000000000e+07
1.632267300000000000e+07
1.645658300000000000e+07
1.659534400000000000e+07
1.671983500000000000e+07
1.686870600000000000e+07
1.697951100000000000e+07
1.710938100000000000e+07
1.723584800000000000e+07
1.734705600000000000e+07
1.747675100000000000e+07
1.757324200000000000e+07
1.771220300000000000e+07
1.464843800000000000e+07
1.479886200000000000e+07
1.495675200000000000e+07
1.513752500000000000e+07
1.529250000000000000e+07
1.545924900000000000e+07
1.561467200000000000e+07
1.576081800000000000e+07
1.590626500000000000e+07
1.604975000000000000e+07
1.618574300000000000e+07
1.631972400000000000e+07
1.645981600000000000e+07
1.659308900000000000e+07
1.672065000000000000e+07
1.686173400000000000e+07
1.698528400000000000e+07
1.710697800000000000e+07
1.723337100000000000e+07
1.734295200000000000e+07
1.747284800000000000e+07
1.757557500000000000e+07
1.770849000000000000e+07
1.782307800000000000e+07
1.495687800000000000e+07
1.513714400000000000e+07
1.529068600000000000e+07
1.545305100000000000e+07
1.561331000000000000e+07
1.575934000000000000e+07
1.590498000000000000e+07
1.604681500000000000e+07
1.618414800000000000e+07
1.631717700000000000e+07
1.645278300000000000e+07
1.659117000000000000e+07
1.671483700000000000e+07
1.685979300000000000e+07
1.698280300000000000e+07
1.710479700000000000e+07
1.723126300000000000e+07
1.733980300000000000e+07
1.746916500000000000e+07
1.757332000000000000e+07
1.770478900000000000e+07
1.781784300000000000e+07
1.793148700000000000e+07
1.528918300000000000e+07
1.545258700000000000e+07
1.561245400000000000e+07
1.575835500000000000e+07
1.590429300000000000e+07
1.604190600000000000e+07
1.618642400000000000e+07
1.632060400000000000e+07
1.645143400000000000e+07
1.658968900000000000e+07
1.671355100000000000e+07
1.685814600000000000e+07
1.697795900000000000e+07
1.710294900000000000e+07
1.722947600000000000e+07
1.733698400000000000e+07
1.746521900000000000e+07
1.756600700000000000e+07
1.770123900000000000e+07
1.781511100000000000e+07
1.792543000000000000e+07
1.802734300000000000e+07
1.561196600000000000e+07
1.575796900000000000e+07
1.590884700000000000e+07
1.604074600000000000e+07
1.618183900000000000e+07
1.631300700000000000e+07
1.645027600000000000e+07
1.659205200000000000e+07
1.671277900000000000e+07
1.686182700000000000e+07
1.696834300000000000e+07
1.710125500000000000e+07
1.722771700000000000e+07
1.734531100000000000e+07
1.746223700000000000e+07
1.756954600000000000e+07
1.770241600000000000e+07
1.781168300000000000e+07
1.792338300000000000e+07
1.802457100000000000e+07
1.810759900000000000e+07
1.590346300000000000e+07
1.604528400000000000e+07
1.618931500000000000e+07
1.631674300000000000e+07
1.645237000000000000e+07
1.658757900000000000e+07
1.671221400000000000e+07
1.685537200000000000e+07
1.696731600000000000e+07
1.709979900000000000e+07
1.723716800000000000e+07
1.733215000000000000e+07
1.746063900000000000e+07
1.756879200000000000e+07
1.770111900000000000e+07
1.780759100000000000e+07
1.792174500000000000e+07
1.802847100000000000e+07
1.810661700000000000e+07
1.826228300000000000e+07
1.618698700000000000e+07
1.631069800000000000e+07
1.645497900000000000e+07
1.659552100000000000e+07
1.671203800000000000e+07
1.685469000000000000e+07
1.696662000000000000e+07
1.709893900000000000e+07
1.722438500000000000e+07
1.733400800000000000e+07
1.745893600000000000e+07
1.756631200000000000e+07
1.769401100000000000e+07
1.780366300000000000e+07
1.791958500000000000e+07
1.801949600000000000e+07
1.810571600000000000e+07
1.825529800000000000e+07
1.833100400000000000e+07
1.645770600000000000e+07
1.658417600000000000e+07
1.671195600000000000e+07
1.685816600000000000e+07
1.697134100000000000e+07
1.709840100000000000e+07
1.722284500000000000e+07
1.732828300000000000e+07
1.746176800000000000e+07
1.756056000000000000e+07
1.769239700000000000e+07
1.780256800000000000e+07
1.791731200000000000e+07
1.802208300000000000e+07
1.810490200000000000e+07
1.825347700000000000e+07
1.832902800000000000e+07
1.843785700000000000e+07
1.671191400000000000e+07
1.685455200000000000e+07
1.696576000000000000e+07
1.709773100000000000e+07
1.722700900000000000e+07
1.732637800000000000e+07
1.745681500000000000e+07
1.756012600000000000e+07
1.769122200000000000e+07
1.780241500000000000e+07
1.791504800000000000e+07
1.802128500000000000e+07
1.810429200000000000e+07
1.825154900000000000e+07
1.832710100000000000e+07
1.843588100000000000e+07
1.852325200000000000e+07
1.696576200000000000e+07
1.709777000000000000e+07
1.722456700000000000e+07
1.732506200000000000e+07
1.745597900000000000e+07
1.756003500000000000e+07
1.769039400000000000e+07
1.780104900000000000e+07
1.791341000000000000e+07
1.801335800000000000e+07
1.810401600000000000e+07
1.825386300000000000e+07
1.832544500000000000e+07
1.843421700000000000e+07
1.852817700000000000e+07
1.863886800000000000e+07
1.722072500000000000e+07
1.732992000000000000e+07
1.745552400000000000e+07
1.756026000000000000e+07
1.768970300000000000e+07
1.779921700000000000e+07
1.791394100000000000e+07
1.801218100000000000e+07
1.810408900000000000e+07
1.824764000000000000e+07
1.832423900000000000e+07
1.843268000000000000e+07
1.852282100000000000e+07
1.863720100000000000e+07
1.871796200000000000e+07
1.745546000000000000e+07
1.757108500000000000e+07
1.768908200000000000e+07
1.779719200000000000e+07
1.791405600000000000e+07
1.801728600000000000e+07
1.811767400000000000e+07
1.824564600000000000e+07
1.832348400000000000e+07
1.843151400000000000e+07
1.852913300000000000e+07
1.863582800000000000e+07
1.871742300000000000e+07
1.882205300000000000e+07
1.768846400000000000e+07
1.779539100000000000e+07
1.791491500000000000e+07
1.801117700000000000e+07
1.811758600000000000e+07
1.824373200000000000e+07
1.832881800000000000e+07
1.843100000000000000e+07
1.852324300000000000e+07
1.863462100000000000e+07
1.871666200000000000e+07
1.882018400000000000e+07
1.891559800000000000e+07
1.791841800000000000e+07
1.801099500000000000e+07
1.811776900000000000e+07
1.824071600000000000e+07
1.832266000000000000e+07
1.843484100000000000e+07
1.852364400000000000e+07
1.863363400000000000e+07
1.871605500000000000e+07
1.882349000000000000e+07
1.891385700000000000e+07
1.900667400000000000e+07
1.811803700000000000e+07
1.823943500000000000e+07
1.832239400000000000e+07
1.843365700000000000e+07
1.852445400000000000e+07
1.863278100000000000e+07
1.871547900000000000e+07
1.881573800000000000e+07
1.891222800000000000e+07
1.900545200000000000e+07
1.909424300000000000e+07
1.832232100000000000e+07
1.843655700000000000e+07
1.852507100000000000e+07
1.863286200000000000e+07
1.871483200000000000e+07
1.881467200000000000e+07
1.891483800000000000e+07
1.900384200000000000e+07
1.909301300000000000e+07
1.920663600000000000e+07
1.852573400000000000e+07
1.863335000000000000e+07
1.871387300000000000e+07
1.881364300000000000e+07
1.890971500000000000e+07
1.900250800000000000e+07
1.909193300000000000e+07
1.920630200000000000e+07
1.926832300000000000e+07
1.871200300000000000e+07
1.881274900000000000e+07
1.890885000000000000e+07
1.900166000000000000e+07
1.909098000000000000e+07
1.920619100000000000e+07
1.926827700000000000e+07
1.937347100000000000e+07
1.890881500000000000e+07
1.900097900000000000e+07
1.909003700000000000e+07
1.920622000000000000e+07
1.926918000000000000e+07
1.937228700000000000e+07
1.944581200000000000e+07
1.908907500000000000e+07
1.920647000000000000e+07
1.925581300000000000e+07
1.937125000000000000e+07
1.944035000000000000e+07
1.954595800000000000e+07
1.925614600000000000e+07
1.937004400000000000e+07
1.943932200000000000e+07
1.954606900000000000e+07
1.961965900000000000e+07
1.944445400000000000e+07
1.954598700000000000e+07
1.961624700000000000e+07
1.969887900000000000e+07
1.961844400000000000e+07
1.969805400000000000e+07
1.979867300000000000e+07
1.979918200000000000e+07
1.985378800000000000e+07
1.993830300000000000e+07
