nan
nan
nan
nan
nan
nan
nan
nan
nan
nan
nan
nan
nan
nan
nan
nan
nan
nan
nan
nan
nan
nan
nan
nan
nan
nan
4.302376800000000000e+07
4.206781400000000000e+07
4.149899000000000000e+07
4.113479100000000000e+07
4.092898500000000000e+07
4.061226700000000000e+07
4.034619600000000000e+07
4.013458300000000000e+07
4.009767700000000000e+07
4.020747900000000000e+07
4.032578400000000000e+07
4.039854200000000000e+07
4.043343200000000000e+07
4.039624400000000000e+07
4.031671600000000000e+07
4.018982200000000000e+07
4.004795300000000000e+07
3.988754700000000000e+07
3.974375100000000000e+07
3.959483800000000000e+07
3.944927800000000000e+07
3.929629300000000000e+07
3.913363100000000000e+07
3.896871400000000000e+07
3.881415900000000000e+07
3.866225100000000000e+07
3.851664200000000000e+07
3.837749100000000000e+07
3.825234600000000000e+07
3.812479500000000000e+07
3.802472700000000000e+07
3.789927400000000000e+07
3.780401400000000000e+07
3.769540900000000000e+07
3.762684200000000000e+07
3.751476400000000000e+07
3.741618600000000000e+07
3.734066800000000000e+07
3.726523800000000000e+07
3.718586200000000000e+07
3.709689700000000000e+07
3.703741400000000000e+07
3.698086100000000000e+07
3.692017100000000000e+07
3.683206100000000000e+07
nan
nan
nan
nan
nan
nan
nan
nan
nan
nan
nan
nan
nan
nan
nan
nan
nan
nan
nan
nan
nan
nan
nan
nan
nan
4.294602500000000000e+07
4.211460100000000000e+07
4.159203000000000000e+07
4.125777400000000000e+07
4.106532800000000000e+07
4.072971600000000000e+07
4.045846400000000000e+07
4.028111500000000000e+07
4.027563200000000000e+07
4.037671100000000000e+07
4.046824200000000000e+07
4.053617200000000000e+07
4.053468400000000000e+07
4.049051500000000000e+07
4.039578700000000000e+07
4.026009800000000000e+07
4.011048200000000000e+07
3.994397000000000000e+07
3.979768500000000000e+07
3.964108300000000000e+07
3.948968100000000000e+07
3.933341700000000000e+07
3.917251300000000000e+07
3.900730000000000000e+07
3.884919000000000000e+07
3.869907800000000000e+07
3.854136300000000000e+07
3.840770800000000000e+07
3.827880300000000000e+07
3.816457500000000000e+07
3.804678700000000000e+07
3.795039200000000000e+07
3.783488000000000000e+07
3.773249600000000000e+07
3.764500700000000000e+07
3.755203900000000000e+07
3.745251700000000000e+07
3.738317600000000000e+07
3.729393200000000000e+07
3.722464500000000000e+07
3.714712600000000000e+07
3.708289700000000000e+07
3.700478500000000000e+07
3.693049100000000000e+07
3.688861900000000000e+07
nan
nan
nan
nan
nan
nan
nan
nan
nan
nan
nan
nan
nan
nan
nan
nan
nan
nan
nan
nan
nan
nan
nan
4.383950500000000000e+07
4.288200500000000000e+07
4.214334900000000000e+07
4.166023400000000000e+07
4.136170900000000000e+07
4.117394200000000000e+07
4.083241200000000000e+07
4.057024300000000000e+07
4.041714800000000000e+07
4.043548600000000000e+07
4.053264000000000000e+07
4.060983000000000000e+07
4.065627200000000000e+07
4.064205800000000000e+07
4.057861500000000000e+07
4.044882200000000000e+07
4.031183000000000000e+07
4.015814900000000000e+07
3.999421600000000000e+07
3.983926700000000000e+07
3.968128800000000000e+07
3.952961400000000000e+07
3.936148900000000000e+07
3.919886600000000000e+07
3.902885200000000000e+07
3.886789100000000000e+07
3.871942900000000000e+07
3.857593900000000000e+07
3.843677800000000000e+07
3.830099000000000000e+07
3.818620600000000000e+07
3.807637600000000000e+07
3.796570600000000000e+07
3.786894900000000000e+07
3.777728400000000000e+07
3.766920100000000000e+07
3.758558800000000000e+07
3.749562600000000000e+07
3.740634000000000000e+07
3.732430100000000000e+07
3.723643100000000000e+07
3.717467600000000000e+07
3.710823400000000000e+07
3.703680900000000000e+07
3.696914200000000000e+07
3.691218900000000000e+07
nan
nan
nan
nan
nan
nan
nan
nan
nan
nan
nan
nan
nan
nan
nan
nan
nan
nan
nan
nan
nan
nan
4.372985400000000000e+07
4.283179700000000000e+07
4.216329300000000000e+07
4.172437300000000000e+07
4.145271300000000000e+07
4.126017000000000000e+07
4.093035400000000000e+07
4.068155300000000000e+07
4.056750600000000000e+07
4.058598600000000000e+07
4.067951700000000000e+07
4.074545000000000000e+07
4.076642000000000000e+07
4.071160900000000000e+07
4.063433700000000000e+07
4.050849300000000000e+07
4.035785400000000000e+07
4.019395400000000000e+07
4.004000100000000000e+07
3.987723500000000000e+07
3.971833200000000000e+07
3.955278600000000000e+07
3.938518700000000000e+07
3.921549800000000000e+07
3.905989300000000000e+07
3.889073800000000000e+07
3.874545600000000000e+07
3.860182800000000000e+07
3.845512400000000000e+07
3.833820100000000000e+07
3.822335900000000000e+07
3.809501900000000000e+07
3.799158100000000000e+07
3.789132300000000000e+07
3.780064600000000000e+07
3.768430300000000000e+07
3.760675100000000000e+07
3.751852800000000000e+07
3.743168400000000000e+07
3.735957300000000000e+07
3.728441700000000000e+07
3.720459800000000000e+07
3.713922900000000000e+07
3.706127800000000000e+07
3.700027400000000000e+07
3.693174800000000000e+07
nan
nan
nan
nan
nan
nan
nan
nan
nan
nan
nan
nan
nan
nan
nan
nan
nan
nan
nan
nan
nan
4.364555800000000000e+07
4.279037000000000000e+07
4.218499100000000000e+07
4.178011800000000000e+07
4.154686200000000000e+07
4.134563200000000000e+07
4.102493500000000000e+07
4.078472000000000000e+07
4.070388100000000000e+07
4.072879800000000000e+07
4.080177700000000000e+07
4.084804000000000000e+07
4.085330200000000000e+07
4.079817200000000000e+07
4.069392900000000000e+07
4.055219100000000000e+07
4.038994000000000000e+07
4.023239400000000000e+07
4.007226900000000000e+07
3.991383300000000000e+07
3.974799700000000000e+07
3.958322600000000000e+07
3.940734000000000000e+07
3.923886600000000000e+07
3.906887000000000000e+07
3.890766300000000000e+07
3.876644800000000000e+07
3.862050100000000000e+07
3.848767300000000000e+07
3.835844100000000000e+07
3.823846300000000000e+07
3.812664400000000000e+07
3.802475600000000000e+07
3.791297800000000000e+07
3.780765000000000000e+07
3.770818200000000000e+07
3.763256800000000000e+07
3.752834000000000000e+07
3.745906700000000000e+07
3.738220900000000000e+07
3.730555800000000000e+07
3.722680400000000000e+07
3.716965400000000000e+07
3.708231700000000000e+07
3.702750800000000000e+07
3.695746000000000000e+07
nan
nan
nan
nan
nan
nan
nan
nan
nan
nan
nan
nan
nan
nan
nan
nan
nan
nan
nan
nan
4.356399300000000000e+07
4.276693700000000000e+07
4.221099300000000000e+07
4.184523400000000000e+07
4.163352400000000000e+07
4.143369700000000000e+07
4.111660400000000000e+07
4.089928100000000000e+07
4.082914900000000000e+07
4.086260900000000000e+07
4.092710200000000000e+07
4.096404000000000000e+07
4.093831800000000000e+07
4.086133100000000000e+07
4.075336000000000000e+07
4.060403200000000000e+07
4.043547900000000000e+07
4.027219000000000000e+07
4.010954700000000000e+07
3.994374800000000000e+07
3.977897000000000000e+07
3.960155900000000000e+07
3.942931900000000000e+07
3.925506800000000000e+07
3.909473900000000000e+07
3.892950600000000000e+07
3.878193900000000000e+07
3.863531300000000000e+07
3.850668600000000000e+07
3.838721500000000000e+07
3.825787400000000000e+07
3.816563500000000000e+07
3.803067600000000000e+07
3.793783700000000000e+07
3.783262600000000000e+07
3.773669200000000000e+07
3.764447400000000000e+07
3.756703900000000000e+07
3.747677200000000000e+07
3.741586100000000000e+07
3.731989200000000000e+07
3.725297400000000000e+07
3.719532700000000000e+07
3.710681400000000000e+07
3.705662900000000000e+07
3.699621100000000000e+07
nan
nan
nan
nan
nan
nan
nan
nan
nan
nan
nan
nan
nan
nan
nan
nan
nan
nan
nan
4.350374300000000000e+07
4.275264600000000000e+07
4.224485200000000000e+07
4.192426900000000000e+07
4.171140000000000000e+07
4.150530200000000000e+07
4.120928300000000000e+07
4.101489100000000000e+07
4.095266400000000000e+07
4.099937000000000000e+07
4.104968800000000000e+07
4.105908200000000000e+07
4.100994300000000000e+07
4.093140700000000000e+07
4.079284900000000000e+07
4.063539500000000000e+07
4.047694800000000000e+07
4.030709800000000000e+07
4.012897600000000000e+07
3.997185100000000000e+07
3.979615900000000000e+07
3.962529700000000000e+07
3.944178000000000000e+07
3.928051100000000000e+07
3.910522300000000000e+07
3.895416600000000000e+07
3.880107000000000000e+07
3.866970900000000000e+07
3.852906300000000000e+07
3.839598400000000000e+07
3.827579300000000000e+07
3.817320900000000000e+07
3.806819400000000000e+07
3.796577400000000000e+07
3.785637400000000000e+07
3.775914000000000000e+07
3.767058400000000000e+07
3.759643100000000000e+07
3.750962000000000000e+07
3.741689300000000000e+07
3.733796200000000000e+07
3.726498400000000000e+07
3.720576500000000000e+07
3.713159500000000000e+07
3.705668200000000000e+07
3.700744800000000000e+07
nan
nan
nan
nan
nan
nan
nan
nan
nan
nan
nan
nan
nan
nan
nan
nan
nan
nan
4.344132200000000000e+07
4.274957900000000000e+07
4.228172400000000000e+07
4.200382500000000000e+07
4.178414500000000000e+07
4.158366800000000000e+07
4.130016100000000000e+07
4.111540500000000000e+07
4.108790700000000000e+07
4.111141300000000000e+07
4.115000200000000000e+07
4.114683500000000000e+07
4.108770500000000000e+07
4.098949300000000000e+07
4.083746700000000000e+07
4.067589800000000000e+07
4.050700000000000000e+07
4.033403800000000000e+07
4.016199500000000000e+07
3.999395800000000000e+07
3.981757900000000000e+07
3.964613900000000000e+07
3.945443800000000000e+07
3.928908800000000000e+07
3.912646900000000000e+07
3.897295300000000000e+07
3.881486800000000000e+07
3.867231400000000000e+07
3.854355000000000000e+07
3.842499200000000000e+07
3.829799000000000000e+07
3.818803100000000000e+07
3.808100200000000000e+07
3.797969600000000000e+07
3.788631900000000000e+07
3.778368500000000000e+07
3.770092100000000000e+07
3.760718400000000000e+07
3.753501100000000000e+07
3.745170500000000000e+07
3.738216700000000000e+07
3.728863200000000000e+07
3.724426900000000000e+07
3.716355700000000000e+07
3.710260100000000000e+07
3.703381700000000000e+07
nan
nan
nan
nan
nan
nan
nan
nan
nan
nan
nan
nan
nan
nan
nan
nan
4.395383200000000000e+07
4.339370200000000000e+07
4.275156600000000000e+07
4.233304900000000000e+07
4.206896600000000000e+07
4.184742800000000000e+07
4.166881600000000000e+07
4.138807000000000000e+07
4.123537100000000000e+07
4.120620200000000000e+07
4.122897500000000000e+07
4.125369100000000000e+07
4.123184000000000000e+07
4.115313800000000000e+07
4.102860500000000000e+07
4.088776700000000000e+07
4.071393400000000000e+07
4.053018600000000000e+07
4.035825200000000000e+07
4.018432400000000000e+07
4.001502000000000000e+07
3.984222800000000000e+07
3.965776300000000000e+07
3.947252500000000000e+07
3.930311200000000000e+07
3.913934900000000000e+07
3.898756200000000000e+07
3.883199200000000000e+07
3.869621900000000000e+07
3.856621000000000000e+07
3.843412800000000000e+07
3.831938700000000000e+07
3.822323000000000000e+07
3.811631200000000000e+07
3.800414600000000000e+07
3.790880600000000000e+07
3.780465800000000000e+07
3.772915500000000000e+07
3.764638500000000000e+07
3.756278000000000000e+07
3.747648400000000000e+07
3.740269600000000000e+07
3.732022800000000000e+07
3.725666400000000000e+07
3.719506400000000000e+07
3.711542000000000000e+07
3.706558000000000000e+07
nan
nan
nan
nan
nan
nan
nan
nan
nan
nan
nan
nan
nan
nan
nan
4.390293300000000000e+07
4.335542700000000000e+07
4.276455300000000000e+07
4.237806700000000000e+07
4.213727700000000000e+07
4.191994500000000000e+07
4.174720200000000000e+07
4.148925100000000000e+07
4.134325900000000000e+07
4.132838100000000000e+07
4.134824900000000000e+07
4.134704300000000000e+07
4.131732000000000000e+07
4.121755200000000000e+07
4.107683800000000000e+07
4.091512900000000000e+07
4.073787900000000000e+07
4.055987700000000000e+07
4.037797600000000000e+07
4.021190500000000000e+07
4.003438800000000000e+07
3.985417200000000000e+07
3.967032400000000000e+07
3.949179800000000000e+07
3.932157700000000000e+07
3.915109800000000000e+07
3.900168400000000000e+07
3.885007500000000000e+07
3.871466500000000000e+07
3.858734400000000000e+07
3.846293800000000000e+07
3.834321300000000000e+07
3.823475100000000000e+07
3.811850900000000000e+07
3.802935300000000000e+07
3.793444700000000000e+07
3.782942100000000000e+07
3.775286500000000000e+07
3.766483000000000000e+07
3.757393200000000000e+07
3.749007000000000000e+07
3.741577000000000000e+07
3.734673100000000000e+07
3.728483800000000000e+07
3.720437400000000000e+07
3.715561600000000000e+07
3.706783300000000000e+07
nan
nan
nan
nan
nan
nan
nan
nan
nan
nan
nan
nan
nan
nan
nan
4.332081600000000000e+07
4.283284200000000000e+07
4.254019100000000000e+07
4.230922600000000000e+07
4.211028900000000000e+07
4.196505400000000000e+07
4.172914600000000000e+07
4.161889900000000000e+07
4.159835700000000000e+07
4.159544600000000000e+07
4.155732700000000000e+07
4.147467200000000000e+07
4.133864000000000000e+07
4.117536300000000000e+07
4.099752300000000000e+07
4.080089900000000000e+07
4.062458400000000000e+07
4.044154900000000000e+07
4.026072400000000000e+07
4.008216000000000000e+07
3.989342600000000000e+07
3.971054600000000000e+07
3.953310500000000000e+07
3.935467500000000000e+07
3.918508100000000000e+07
3.903469300000000000e+07
3.889967400000000000e+07
3.876393900000000000e+07
3.863197100000000000e+07
3.850893400000000000e+07
3.839433600000000000e+07
3.828181600000000000e+07
3.818480100000000000e+07
3.807251700000000000e+07
3.797655300000000000e+07
3.787341500000000000e+07
3.779473500000000000e+07
3.770492000000000000e+07
3.761283900000000000e+07
3.753342700000000000e+07
3.747973700000000000e+07
3.740830400000000000e+07
3.733256600000000000e+07
3.724089600000000000e+07
3.719616300000000000e+07
3.711963500000000000e+07
nan
nan
nan
nan
nan
nan
nan
nan
nan
nan
nan
nan
nan
nan
4.334164100000000000e+07
4.294784000000000000e+07
4.269550900000000000e+07
4.247686100000000000e+07
4.230769900000000000e+07
4.216876700000000000e+07
4.196314500000000000e+07
4.188920300000000000e+07
4.185056100000000000e+07
4.180969700000000000e+07
4.171871500000000000e+07
4.160207800000000000e+07
4.143568200000000000e+07
4.125591300000000000e+07
4.106016700000000000e+07
4.086166300000000000e+07
4.067696800000000000e+07
4.049707800000000000e+07
4.031114000000000000e+07
4.011291100000000000e+07
3.992529300000000000e+07
3.973137800000000000e+07
3.955174800000000000e+07
3.938077000000000000e+07
3.922167900000000000e+07
3.907859700000000000e+07
3.893456600000000000e+07
3.880265100000000000e+07
3.867452300000000000e+07
3.855075400000000000e+07
3.843568600000000000e+07
3.833692700000000000e+07
3.821850300000000000e+07
3.810964000000000000e+07
3.801042000000000000e+07
3.793225700000000000e+07
3.782529700000000000e+07
3.775459200000000000e+07
3.767773400000000000e+07
3.759473700000000000e+07
3.750896700000000000e+07
3.745231800000000000e+07
3.736626900000000000e+07
3.730070700000000000e+07
3.723080300000000000e+07
3.716673600000000000e+07
nan
nan
nan
nan
nan
nan
nan
nan
nan
nan
nan
nan
nan
4.341446400000000000e+07
4.310657700000000000e+07
4.286853900000000000e+07
4.267002900000000000e+07
4.252589400000000000e+07
4.239615100000000000e+07
4.221509800000000000e+07
4.213607400000000000e+07
4.206893900000000000e+07
4.199892800000000000e+07
4.187110100000000000e+07
4.171283100000000000e+07
4.152128200000000000e+07
4.132861800000000000e+07
4.112493600000000000e+07
4.091953800000000000e+07
4.072966300000000000e+07
4.053846000000000000e+07
4.033891900000000000e+07
4.014629000000000000e+07
3.995364900000000000e+07
3.975865000000000000e+07
3.959129400000000000e+07
3.942169600000000000e+07
3.925507700000000000e+07
3.911074400000000000e+07
3.896464000000000000e+07
3.884909900000000000e+07
3.870670400000000000e+07
3.858570000000000000e+07
3.847493100000000000e+07
3.836752000000000000e+07
3.827261800000000000e+07
3.815429800000000000e+07
3.806853300000000000e+07
3.797627000000000000e+07
3.787849600000000000e+07
3.779844100000000000e+07
3.771554900000000000e+07
3.764020200000000000e+07
3.755866200000000000e+07
3.748903600000000000e+07
3.740681100000000000e+07
3.734433200000000000e+07
3.726851200000000000e+07
3.720011100000000000e+07
nan
nan
nan
nan
nan
nan
nan
nan
nan
nan
nan
nan
4.352978600000000000e+07
4.326149200000000000e+07
4.303860200000000000e+07
4.286842000000000000e+07
4.272512700000000000e+07
4.260713100000000000e+07
4.244243800000000000e+07
4.235889600000000000e+07
4.226912700000000000e+07
4.214605100000000000e+07
4.199587000000000000e+07
4.179132100000000000e+07
4.158881300000000000e+07
4.137949600000000000e+07
4.116974900000000000e+07
4.096776500000000000e+07
4.076484400000000000e+07
4.057133300000000000e+07
4.036435400000000000e+07
4.016659000000000000e+07
3.996934500000000000e+07
3.978554500000000000e+07
3.961585500000000000e+07
3.944195100000000000e+07
3.929279200000000000e+07
3.914265500000000000e+07
3.900620000000000000e+07
3.887822800000000000e+07
3.875528000000000000e+07
3.863051600000000000e+07
3.851992900000000000e+07
3.839848900000000000e+07
3.830356800000000000e+07
3.821099500000000000e+07
3.810227300000000000e+07
3.802582300000000000e+07
3.793385100000000000e+07
3.783910600000000000e+07
3.775355000000000000e+07
3.767278200000000000e+07
3.760364400000000000e+07
3.753437800000000000e+07
3.745317000000000000e+07
3.740107000000000000e+07
3.731184600000000000e+07
3.725639300000000000e+07
nan
nan
nan
nan
nan
nan
nan
nan
nan
nan
nan
4.368648200000000000e+07
4.343724800000000000e+07
4.323422200000000000e+07
4.308367500000000000e+07
4.294626100000000000e+07
4.282641900000000000e+07
4.266599000000000000e+07
4.254922900000000000e+07
4.242808700000000000e+07
4.226804800000000000e+07
4.208338400000000000e+07
4.186123100000000000e+07
4.164573100000000000e+07
4.143202800000000000e+07
4.120848500000000000e+07
4.101284300000000000e+07
4.080236400000000000e+07
4.059548300000000000e+07
4.039397900000000000e+07
4.019178800000000000e+07
3.999840500000000000e+07
3.981914300000000000e+07
3.964186200000000000e+07
3.947021100000000000e+07
3.932449200000000000e+07
3.918400900000000000e+07
3.904861500000000000e+07
3.891192800000000000e+07
3.879011300000000000e+07
3.867177800000000000e+07
3.855656100000000000e+07
3.845553000000000000e+07
3.833697100000000000e+07
3.824191100000000000e+07
3.814091000000000000e+07
3.805650400000000000e+07
3.796095200000000000e+07
3.786667300000000000e+07
3.778351700000000000e+07
3.772791400000000000e+07
3.765118200000000000e+07
3.757360000000000000e+07
3.748173800000000000e+07
3.743381700000000000e+07
3.735381600000000000e+07
3.728664100000000000e+07
nan
nan
nan
nan
nan
nan
nan
nan
nan
nan
4.383877300000000000e+07
4.360875700000000000e+07
4.343339100000000000e+07
4.327916700000000000e+07
4.314741300000000000e+07
4.303396700000000000e+07
4.287909400000000000e+07
4.272646400000000000e+07
4.256646300000000000e+07
4.235818200000000000e+07
4.214708100000000000e+07
4.192019700000000000e+07
4.169864800000000000e+07
4.147038100000000000e+07
4.125415300000000000e+07
4.104154800000000000e+07
4.083324100000000000e+07
4.062725200000000000e+07
4.041000400000000000e+07
4.021335600000000000e+07
4.001275400000000000e+07
3.983206300000000000e+07
3.965949600000000000e+07
3.950806700000000000e+07
3.935964900000000000e+07
3.921247400000000000e+07
3.907689800000000000e+07
3.894983200000000000e+07
3.882163400000000000e+07
3.869692000000000000e+07
3.859776300000000000e+07
3.847686300000000000e+07
3.836671400000000000e+07
3.826610000000000000e+07
3.818609900000000000e+07
3.807644800000000000e+07
3.800010200000000000e+07
3.792152800000000000e+07
3.783208600000000000e+07
3.774152200000000000e+07
3.768482700000000000e+07
3.759851000000000000e+07
3.752364900000000000e+07
3.745444600000000000e+07
3.738441700000000000e+07
3.732775200000000000e+07
nan
nan
nan
nan
nan
nan
nan
nan
nan
4.418937500000000000e+07
4.400824800000000000e+07
4.383907300000000000e+07
4.368648500000000000e+07
4.355274200000000000e+07
4.342944800000000000e+07
4.322347300000000000e+07
4.300923800000000000e+07
4.277480300000000000e+07
4.252419000000000000e+07
4.226139600000000000e+07
4.201605100000000000e+07
4.177883400000000000e+07
4.155209600000000000e+07
4.132225000000000000e+07
4.108997100000000000e+07
4.087749200000000000e+07
4.065089000000000000e+07
4.044519300000000000e+07
4.024969800000000000e+07
4.005933700000000000e+07
3.988861400000000000e+07
3.971097900000000000e+07
3.955750300000000000e+07
3.940623300000000000e+07
3.926838900000000000e+07
3.913960800000000000e+07
3.900911800000000000e+07
3.887678900000000000e+07
3.876567100000000000e+07
3.864274800000000000e+07
3.854381300000000000e+07
3.844888500000000000e+07
3.833630200000000000e+07
3.825799800000000000e+07
3.816215900000000000e+07
3.806571900000000000e+07
3.797531500000000000e+07
3.789106800000000000e+07
3.782280600000000000e+07
3.774338000000000000e+07
3.766278300000000000e+07
3.760663300000000000e+07
3.751477100000000000e+07
3.745102900000000000e+07
3.738699200000000000e+07
nan
nan
nan
nan
nan
nan
nan
nan
4.460269200000000000e+07
4.441905200000000000e+07
4.423510400000000000e+07
4.406457600000000000e+07
4.390071400000000000e+07
4.376313200000000000e+07
4.347585300000000000e+07
4.319637700000000000e+07
4.288677900000000000e+07
4.261198700000000000e+07
4.234291100000000000e+07
4.209377900000000000e+07
4.184352500000000000e+07
4.159838500000000000e+07
4.135710500000000000e+07
4.112991500000000000e+07
4.090881700000000000e+07
4.068379800000000000e+07
4.047979400000000000e+07
4.027702800000000000e+07
4.009233900000000000e+07
3.991603000000000000e+07
3.976334000000000000e+07
3.960969700000000000e+07
3.945938000000000000e+07
3.931725300000000000e+07
3.918760600000000000e+07
3.905557700000000000e+07
3.892713700000000000e+07
3.882890400000000000e+07
3.870450200000000000e+07
3.858773800000000000e+07
3.848366900000000000e+07
3.840153500000000000e+07
3.828792700000000000e+07
3.821148400000000000e+07
3.812876300000000000e+07
3.803658400000000000e+07
3.794112100000000000e+07
3.787755300000000000e+07
3.779238400000000000e+07
3.771036100000000000e+07
3.763898600000000000e+07
3.756637100000000000e+07
3.750791400000000000e+07
3.743500800000000000e+07
nan
nan
nan
nan
nan
nan
nan
4.503081800000000000e+07
4.480786900000000000e+07
4.458871100000000000e+07
4.437508900000000000e+07
4.419072300000000000e+07
4.400786900000000000e+07
4.365885600000000000e+07
4.331418200000000000e+07
4.298632700000000000e+07
4.267974400000000000e+07
4.240736400000000000e+07
4.214519200000000000e+07
4.188831500000000000e+07
4.162996200000000000e+07
4.137712500000000000e+07
4.115171100000000000e+07
4.091154800000000000e+07
4.070201500000000000e+07
4.050299600000000000e+07
4.030556800000000000e+07
4.013339900000000000e+07
3.994900900000000000e+07
3.979048400000000000e+07
3.963570200000000000e+07
3.949388600000000000e+07
3.936279400000000000e+07
3.922864500000000000e+07
3.909108200000000000e+07
3.897988500000000000e+07
3.885026800000000000e+07
3.874738700000000000e+07
3.864983700000000000e+07
3.853623300000000000e+07
3.845519000000000000e+07
3.835199200000000000e+07
3.825461400000000000e+07
3.816044200000000000e+07
3.807097600000000000e+07
3.800157600000000000e+07
3.791821900000000000e+07
3.783391100000000000e+07
3.777411400000000000e+07
3.768123200000000000e+07
3.761147800000000000e+07
3.754565200000000000e+07
3.748146900000000000e+07
nan
nan
nan
nan
nan
nan
4.543807600000000000e+07
4.514831000000000000e+07
4.487026300000000000e+07
4.462833400000000000e+07
4.439577800000000000e+07
4.417259900000000000e+07
4.375923300000000000e+07
4.336237500000000000e+07
4.303211600000000000e+07
4.272931500000000000e+07
4.245259300000000000e+07
4.216706200000000000e+07
4.189595800000000000e+07
4.163303700000000000e+07
4.139286600000000000e+07
4.115880000000000000e+07
4.092345000000000000e+07
4.071392200000000000e+07
4.050547700000000000e+07
4.031796500000000000e+07
4.013811700000000000e+07
3.998105700000000000e+07
3.981939400000000000e+07
3.966789100000000000e+07
3.951990100000000000e+07
3.938802800000000000e+07
3.925234500000000000e+07
3.911884200000000000e+07
3.901728500000000000e+07
3.889136500000000000e+07
3.877087400000000000e+07
3.866355000000000000e+07
3.857811700000000000e+07
3.846468100000000000e+07
3.838026100000000000e+07
3.829364900000000000e+07
3.819793700000000000e+07
3.809846900000000000e+07
3.803061700000000000e+07
3.794520000000000000e+07
3.785945200000000000e+07
3.778549800000000000e+07
3.771254600000000000e+07
3.764903200000000000e+07
3.757367100000000000e+07
3.750738500000000000e+07
nan
nan
nan
nan
nan
4.580075100000000000e+07
4.541728100000000000e+07
4.509449600000000000e+07
4.479567400000000000e+07
4.452163400000000000e+07
4.427067400000000000e+07
4.380787900000000000e+07
4.340857800000000000e+07
4.306076200000000000e+07
4.275773700000000000e+07
4.245503600000000000e+07
4.217091400000000000e+07
4.188968300000000000e+07
4.162207800000000000e+07
4.138133300000000000e+07
4.113196100000000000e+07
4.091822100000000000e+07
4.071094000000000000e+07
4.050915600000000000e+07
4.033414500000000000e+07
4.014298700000000000e+07
3.997955700000000000e+07
3.982262700000000000e+07
3.967688500000000000e+07
3.954095300000000000e+07
3.940159800000000000e+07
3.926013400000000000e+07
3.914781500000000000e+07
3.901395400000000000e+07
3.890535700000000000e+07
3.880450200000000000e+07
3.868838700000000000e+07
3.860660000000000000e+07
3.849697100000000000e+07
3.839811800000000000e+07
3.830114400000000000e+07
3.820788700000000000e+07
3.813686600000000000e+07
3.804899200000000000e+07
3.796235300000000000e+07
3.789950300000000000e+07
3.780620100000000000e+07
3.773278400000000000e+07
3.766205600000000000e+07
3.759807300000000000e+07
3.751832100000000000e+07
nan
nan
nan
nan
4.608954600000000000e+07
4.562447500000000000e+07
4.522968300000000000e+07
4.488378700000000000e+07
4.457597000000000000e+07
4.429118300000000000e+07
4.379392800000000000e+07
4.340585100000000000e+07
4.306381300000000000e+07
4.274323800000000000e+07
4.242506100000000000e+07
4.212916600000000000e+07
4.184661800000000000e+07
4.159851800000000000e+07
4.135269100000000000e+07
4.110899200000000000e+07
4.089302800000000000e+07
4.067954600000000000e+07
4.048644800000000000e+07
4.030457800000000000e+07
4.014267500000000000e+07
3.997513000000000000e+07
3.982181000000000000e+07
3.966847800000000000e+07
3.953419800000000000e+07
3.939619300000000000e+07
3.925807100000000000e+07
3.915363500000000000e+07
3.902405900000000000e+07
3.889959300000000000e+07
3.879121100000000000e+07
3.870261400000000000e+07
3.858796000000000000e+07
3.849996000000000000e+07
3.840966600000000000e+07
3.831254100000000000e+07
3.820873400000000000e+07
3.813717000000000000e+07
3.805330200000000000e+07
3.796237700000000000e+07
3.788652500000000000e+07
3.781310300000000000e+07
3.774541500000000000e+07
3.766811000000000000e+07
3.760153400000000000e+07
3.752286800000000000e+07
nan
nan
nan
4.631619300000000000e+07
4.573340600000000000e+07
4.527181300000000000e+07
4.488186700000000000e+07
4.454141800000000000e+07
4.425067700000000000e+07
4.376472200000000000e+07
4.336826000000000000e+07
4.301406300000000000e+07
4.267210900000000000e+07
4.236270400000000000e+07
4.206357700000000000e+07
4.178349700000000000e+07
4.153435400000000000e+07
4.127750700000000000e+07
4.105829600000000000e+07
4.084441400000000000e+07
4.063710800000000000e+07
4.045951200000000000e+07
4.026598700000000000e+07
4.009659200000000000e+07
3.993707000000000000e+07
3.978963800000000000e+07
3.965094900000000000e+07
3.950942000000000000e+07
3.936557300000000000e+07
3.925168800000000000e+07
3.911387800000000000e+07
3.900396600000000000e+07
3.889967000000000000e+07
3.878168800000000000e+07
3.869548400000000000e+07
3.858713600000000000e+07
3.848704200000000000e+07
3.838761900000000000e+07
3.829269300000000000e+07
3.821877800000000000e+07
3.812785500000000000e+07
3.804151300000000000e+07
3.797395200000000000e+07
3.788104300000000000e+07
3.780499800000000000e+07
3.773184600000000000e+07
3.766722700000000000e+07
3.758759400000000000e+07
3.751991900000000000e+07
nan
nan
4.642911800000000000e+07
4.570693000000000000e+07
4.517588300000000000e+07
4.475514600000000000e+07
4.441792600000000000e+07
4.411877800000000000e+07
4.365408900000000000e+07
4.325070400000000000e+07
4.288847400000000000e+07
4.254420600000000000e+07
4.223251400000000000e+07
4.193850100000000000e+07
4.168246900000000000e+07
4.143279400000000000e+07
4.118577100000000000e+07
4.096578200000000000e+07
4.075128200000000000e+07
4.055594700000000000e+07
4.037058700000000000e+07
4.020730200000000000e+07
4.003685700000000000e+07
3.988336500000000000e+07
3.972816500000000000e+07
3.959258400000000000e+07
3.945397200000000000e+07
3.931549100000000000e+07
3.921005200000000000e+07
3.907842700000000000e+07
3.895220800000000000e+07
3.884429900000000000e+07
3.875423000000000000e+07
3.864183200000000000e+07
3.854873200000000000e+07
3.845694900000000000e+07
3.835956100000000000e+07
3.825367100000000000e+07
3.817995900000000000e+07
3.809711900000000000e+07
3.800352600000000000e+07
3.792784800000000000e+07
3.785291500000000000e+07
3.778265900000000000e+07
3.770405900000000000e+07
3.763439000000000000e+07
3.755707800000000000e+07
3.749577000000000000e+07
4.694640100000000000e+07
4.621412900000000000e+07
4.536027300000000000e+07
4.483052300000000000e+07
4.442973400000000000e+07
4.408605800000000000e+07
4.381604500000000000e+07
4.335228600000000000e+07
4.297174100000000000e+07
4.262346000000000000e+07
4.231380700000000000e+07
4.202072200000000000e+07
4.174270800000000000e+07
4.149793100000000000e+07
4.124281100000000000e+07
4.102615500000000000e+07
4.081656700000000000e+07
4.061024500000000000e+07
4.043416400000000000e+07
4.024293200000000000e+07
4.007463100000000000e+07
3.991669000000000000e+07
3.977059400000000000e+07
3.963219000000000000e+07
3.949266800000000000e+07
3.934893900000000000e+07
3.923686300000000000e+07
3.910035600000000000e+07
3.898815900000000000e+07
3.888552600000000000e+07
3.876836900000000000e+07
3.868106800000000000e+07
3.857279300000000000e+07
3.847461900000000000e+07
3.837673600000000000e+07
3.828243100000000000e+07
3.820684300000000000e+07
3.811541500000000000e+07
3.802983800000000000e+07
3.796191500000000000e+07
3.786960500000000000e+07
3.779254700000000000e+07
3.771850000000000000e+07
3.765536500000000000e+07
3.757748800000000000e+07
3.750678700000000000e+07
3.744863900000000000e+07
4.521616200000000000e+07
4.451828000000000000e+07
4.408996300000000000e+07
4.374231700000000000e+07
4.347455400000000000e+07
4.323233900000000000e+07
4.282797700000000000e+07
4.247676700000000000e+07
4.215670900000000000e+07
4.186722100000000000e+07
4.159780100000000000e+07
4.136513800000000000e+07
4.113820100000000000e+07
4.091154400000000000e+07
4.070909700000000000e+07
4.051043500000000000e+07
4.033052200000000000e+07
4.015892300000000000e+07
4.000585300000000000e+07
3.984444600000000000e+07
3.970038000000000000e+07
3.955111600000000000e+07
3.942231900000000000e+07
3.929073700000000000e+07
3.915843000000000000e+07
3.905702100000000000e+07
3.893208300000000000e+07
3.881009000000000000e+07
3.870582700000000000e+07
3.861773900000000000e+07
3.851187000000000000e+07
3.841963200000000000e+07
3.832942900000000000e+07
3.823651000000000000e+07
3.813306800000000000e+07
3.806116500000000000e+07
3.798209600000000000e+07
3.789172000000000000e+07
3.781926900000000000e+07
3.774716500000000000e+07
3.767780800000000000e+07
3.760117600000000000e+07
3.753437000000000000e+07
3.745981000000000000e+07
3.739927200000000000e+07
3.734098100000000000e+07
4.401376200000000000e+07
4.362244800000000000e+07
4.333447300000000000e+07
4.308296500000000000e+07
4.286597300000000000e+07
4.249224900000000000e+07
4.215863200000000000e+07
4.186749600000000000e+07
4.159418600000000000e+07
4.133900600000000000e+07
4.111574800000000000e+07
4.088201800000000000e+07
4.068495700000000000e+07
4.049291000000000000e+07
4.030271200000000000e+07
4.013943000000000000e+07
3.996366400000000000e+07
3.980772800000000000e+07
3.966122500000000000e+07
3.952504600000000000e+07
3.939562300000000000e+07
3.926575900000000000e+07
3.913157500000000000e+07
3.902758900000000000e+07
3.889912900000000000e+07
3.879353000000000000e+07
3.869622900000000000e+07
3.858794500000000000e+07
3.850589100000000000e+07
3.840313000000000000e+07
3.831178400000000000e+07
3.822022700000000000e+07
3.813042000000000000e+07
3.805891700000000000e+07
3.797138100000000000e+07
3.789007700000000000e+07
3.782627300000000000e+07
3.774019200000000000e+07
3.766501600000000000e+07
3.759444500000000000e+07
3.753550000000000000e+07
3.746169400000000000e+07
3.739216700000000000e+07
3.733647200000000000e+07
3.726530600000000000e+07
4.330183800000000000e+07
4.302721500000000000e+07
4.279750600000000000e+07
4.259725000000000000e+07
4.223963700000000000e+07
4.192676500000000000e+07
4.164180600000000000e+07
4.137914800000000000e+07
4.115408700000000000e+07
4.093407800000000000e+07
4.071428300000000000e+07
4.051887700000000000e+07
4.032696900000000000e+07
4.015323500000000000e+07
3.998775400000000000e+07
3.983936900000000000e+07
3.968319500000000000e+07
3.954615100000000000e+07
3.940360900000000000e+07
3.928061500000000000e+07
3.915592000000000000e+07
3.903089500000000000e+07
3.893372900000000000e+07
3.881559600000000000e+07
3.869838800000000000e+07
3.859936000000000000e+07
3.851564000000000000e+07
3.841516000000000000e+07
3.832709100000000000e+07
3.824027600000000000e+07
3.815253900000000000e+07
3.805246100000000000e+07
3.798321800000000000e+07
3.790775400000000000e+07
3.782095200000000000e+07
3.775247500000000000e+07
3.768293000000000000e+07
3.761476300000000000e+07
3.754049000000000000e+07
3.747563800000000000e+07
3.740404900000000000e+07
3.734442600000000000e+07
3.728873400000000000e+07
3.722404100000000000e+07
4.277783700000000000e+07
4.256510500000000000e+07
4.237224100000000000e+07
4.202805900000000000e+07
4.173581600000000000e+07
4.146482800000000000e+07
4.121394400000000000e+07
4.099444100000000000e+07
4.076646100000000000e+07
4.057459700000000000e+07
4.038711300000000000e+07
4.020146900000000000e+07
4.004108600000000000e+07
3.987151700000000000e+07
3.971918500000000000e+07
3.957733900000000000e+07
3.944443000000000000e+07
3.931912300000000000e+07
3.919192800000000000e+07
3.906159600000000000e+07
3.896027700000000000e+07
3.883587000000000000e+07
3.873164500000000000e+07
3.863682400000000000e+07
3.853261700000000000e+07
3.845225800000000000e+07
3.835160800000000000e+07
3.826391000000000000e+07
3.817720100000000000e+07
3.808724300000000000e+07
3.801662400000000000e+07
3.793032400000000000e+07
3.785125900000000000e+07
3.778866900000000000e+07
3.770500400000000000e+07
3.762966200000000000e+07
3.756126900000000000e+07
3.750345300000000000e+07
3.743201500000000000e+07
3.736225100000000000e+07
3.730779900000000000e+07
3.723895700000000000e+07
3.719375600000000000e+07
4.236139200000000000e+07
4.217530000000000000e+07
4.185164100000000000e+07
4.156164300000000000e+07
4.130018600000000000e+07
4.107689100000000000e+07
4.085997800000000000e+07
4.064320100000000000e+07
4.045054400000000000e+07
4.026267100000000000e+07
4.009190600000000000e+07
3.992951100000000000e+07
3.978346600000000000e+07
3.962902300000000000e+07
3.949489300000000000e+07
3.935439300000000000e+07
3.923364500000000000e+07
3.911169800000000000e+07
3.898990900000000000e+07
3.889344700000000000e+07
3.877929000000000000e+07
3.866281300000000000e+07
3.856530000000000000e+07
3.848304600000000000e+07
3.838445600000000000e+07
3.829795300000000000e+07
3.821191800000000000e+07
3.812621600000000000e+07
3.802706200000000000e+07
3.795811200000000000e+07
3.788446000000000000e+07
3.779900600000000000e+07
3.773248600000000000e+07
3.766310800000000000e+07
3.759522500000000000e+07
3.752210800000000000e+07
3.745769400000000000e+07
3.738759900000000000e+07
3.732812500000000000e+07
3.727329600000000000e+07
3.720808500000000000e+07
3.714069000000000000e+07
4.199993100000000000e+07
4.169606800000000000e+07
4.141956900000000000e+07
4.116772600000000000e+07
4.094858600000000000e+07
4.072213500000000000e+07
4.053211500000000000e+07
4.034617800000000000e+07
4.016242700000000000e+07
4.000179600000000000e+07
3.983621900000000000e+07
3.968513000000000000e+07
3.954554800000000000e+07
3.941367000000000000e+07
3.928978700000000000e+07
3.916397900000000000e+07
3.903552500000000000e+07
3.893476700000000000e+07
3.881260900000000000e+07
3.870793800000000000e+07
3.861504100000000000e+07
3.851308300000000000e+07
3.843295100000000000e+07
3.833343400000000000e+07
3.824796400000000000e+07
3.816179500000000000e+07
3.807286500000000000e+07
3.800255400000000000e+07
3.791650900000000000e+07
3.783865800000000000e+07
3.777651600000000000e+07
3.769393700000000000e+07
3.761914100000000000e+07
3.755113100000000000e+07
3.749385400000000000e+07
3.742370100000000000e+07
3.735367100000000000e+07
3.729985600000000000e+07
3.723219400000000000e+07
3.718568700000000000e+07
3.711676100000000000e+07
4.142163900000000000e+07
4.116501600000000000e+07
4.094137000000000000e+07
4.071404700000000000e+07
4.052327400000000000e+07
4.033717100000000000e+07
4.015336700000000000e+07
3.999183400000000000e+07
3.982770200000000000e+07
3.967656400000000000e+07
3.953800600000000000e+07
3.940584200000000000e+07
3.928220500000000000e+07
3.915699800000000000e+07
3.902945900000000000e+07
3.892851100000000000e+07
3.880777900000000000e+07
3.870314600000000000e+07
3.861022100000000000e+07
3.850922300000000000e+07
3.842877600000000000e+07
3.832987300000000000e+07
3.824567600000000000e+07
3.815989200000000000e+07
3.807152700000000000e+07
3.800097900000000000e+07
3.791468200000000000e+07
3.783742800000000000e+07
3.777555500000000000e+07
3.769367300000000000e+07
3.761935100000000000e+07
3.755084200000000000e+07
3.749380300000000000e+07
3.742441300000000000e+07
3.735425800000000000e+07
3.730066900000000000e+07
3.723363800000000000e+07
3.718587400000000000e+07
3.711809900000000000e+07
3.705230400000000000e+07
4.096000500000000000e+07
4.072982100000000000e+07
4.053627900000000000e+07
4.034813600000000000e+07
4.016286400000000000e+07
3.999890800000000000e+07
3.983546400000000000e+07
3.968346600000000000e+07
3.954471300000000000e+07
3.941132800000000000e+07
3.928730600000000000e+07
3.916186400000000000e+07
3.903460900000000000e+07
3.893271800000000000e+07
3.881285000000000000e+07
3.870794700000000000e+07
3.861452800000000000e+07
3.851415600000000000e+07
3.843294300000000000e+07
3.833449900000000000e+07
3.825079800000000000e+07
3.816544700000000000e+07
3.807690200000000000e+07
3.800592300000000000e+07
3.791953300000000000e+07
3.784261500000000000e+07
3.778041600000000000e+07
3.769892500000000000e+07
3.762511700000000000e+07
3.755643400000000000e+07
3.749929200000000000e+07
3.742990000000000000e+07
3.735992100000000000e+07
3.730608500000000000e+07
3.723961700000000000e+07
3.719086100000000000e+07
3.712403100000000000e+07
3.705788700000000000e+07
3.701770900000000000e+07
4.056542600000000000e+07
4.037364300000000000e+07
4.018581900000000000e+07
4.001918600000000000e+07
3.985428900000000000e+07
3.970113900000000000e+07
3.956080100000000000e+07
3.942574800000000000e+07
3.930058600000000000e+07
3.917464400000000000e+07
3.904681900000000000e+07
3.894401900000000000e+07
3.882432000000000000e+07
3.871856300000000000e+07
3.862446500000000000e+07
3.852438000000000000e+07
3.844239100000000000e+07
3.834381500000000000e+07
3.826052100000000000e+07
3.817485400000000000e+07
3.808641000000000000e+07
3.801449200000000000e+07
3.792742500000000000e+07
3.785144700000000000e+07
3.778891200000000000e+07
3.770780500000000000e+07
3.763403300000000000e+07
3.756513900000000000e+07
3.750773000000000000e+07
3.743844100000000000e+07
3.736833000000000000e+07
3.731397000000000000e+07
3.724751300000000000e+07
3.719855800000000000e+07
3.713227100000000000e+07
3.706581800000000000e+07
3.702559000000000000e+07
3.697924900000000000e+07
4.021942400000000000e+07
4.004902400000000000e+07
3.988182400000000000e+07
3.972665000000000000e+07
3.958377500000000000e+07
3.944680800000000000e+07
3.931974400000000000e+07
3.919268200000000000e+07
3.906403300000000000e+07
3.895990700000000000e+07
3.883985700000000000e+07
3.873335400000000000e+07
3.863812100000000000e+07
3.853794400000000000e+07
3.845496700000000000e+07
3.835635500000000000e+07
3.827312400000000000e+07
3.818716800000000000e+07
3.809843200000000000e+07
3.802565200000000000e+07
3.793755200000000000e+07
3.786226000000000000e+07
3.779965700000000000e+07
3.771867100000000000e+07
3.764485900000000000e+07
3.757527900000000000e+07
3.751769900000000000e+07
3.744882600000000000e+07
3.737828600000000000e+07
3.732354400000000000e+07
3.725727000000000000e+07
3.720764300000000000e+07
3.714198800000000000e+07
3.707498800000000000e+07
3.703496700000000000e+07
3.698769000000000000e+07
3.693269400000000000e+07
3.991623100000000000e+07
3.975819200000000000e+07
3.961231100000000000e+07
3.947298100000000000e+07
3.934324800000000000e+07
3.921492500000000000e+07
3.908490500000000000e+07
3.897960000000000000e+07
3.885857600000000000e+07
3.875086600000000000e+07
3.865407900000000000e+07
3.855383500000000000e+07
3.846982500000000000e+07
3.837094000000000000e+07
3.828758700000000000e+07
3.820126900000000000e+07
3.811223400000000000e+07
3.803860900000000000e+07
3.794965700000000000e+07
3.787466400000000000e+07
3.781148500000000000e+07
3.773014800000000000e+07
3.765689100000000000e+07
3.758612700000000000e+07
3.752916600000000000e+07
3.746001800000000000e+07
3.738894300000000000e+07
3.733392600000000000e+07
3.726763000000000000e+07
3.721769700000000000e+07
3.715192400000000000e+07
3.708501100000000000e+07
3.704444700000000000e+07
3.699706400000000000e+07
3.694210500000000000e+07
3.689408200000000000e+07
3.964604300000000000e+07
3.950343800000000000e+07
3.937140900000000000e+07
3.924059600000000000e+07
3.910892400000000000e+07
3.900211400000000000e+07
3.887980100000000000e+07
3.877049200000000000e+07
3.867209700000000000e+07
3.857161300000000000e+07
3.848627800000000000e+07
3.838717400000000000e+07
3.830316400000000000e+07
3.821639400000000000e+07
3.812683900000000000e+07
3.805270500000000000e+07
3.796275600000000000e+07
3.788803200000000000e+07
3.782438600000000000e+07
3.774246500000000000e+07
3.766943600000000000e+07
3.759813600000000000e+07
3.754118400000000000e+07
3.747159300000000000e+07
3.740012700000000000e+07
3.734504800000000000e+07
3.727863500000000000e+07
3.722828700000000000e+07
3.716263800000000000e+07
3.709575000000000000e+07
3.705419800000000000e+07
3.700709900000000000e+07
3.695179700000000000e+07
3.690415800000000000e+07
3.684674200000000000e+07
3.940299900000000000e+07
3.926925500000000000e+07
3.913558500000000000e+07
3.902703500000000000e+07
3.890262800000000000e+07
3.879191900000000000e+07
3.869249300000000000e+07
3.859079000000000000e+07
3.850404200000000000e+07
3.840471400000000000e+07
3.831925500000000000e+07
3.823248200000000000e+07
3.814232800000000000e+07
3.806729500000000000e+07
3.797659100000000000e+07
3.790182500000000000e+07
3.783772700000000000e+07
3.775561500000000000e+07
3.768253800000000000e+07
3.761057700000000000e+07
3.755369600000000000e+07
3.748320600000000000e+07
3.741201000000000000e+07
3.735664600000000000e+07
3.728974300000000000e+07
3.723934300000000000e+07
3.717348800000000000e+07
3.710668100000000000e+07
3.706417600000000000e+07
3.701736600000000000e+07
3.696171200000000000e+07
3.691437000000000000e+07
3.685643600000000000e+07
3.680285200000000000e+07
3.916497800000000000e+07
3.905394100000000000e+07
3.892726500000000000e+07
3.881500200000000000e+07
3.871426600000000000e+07
3.861123900000000000e+07
3.852288400000000000e+07
3.842270200000000000e+07
3.833590100000000000e+07
3.824914400000000000e+07
3.815853400000000000e+07
3.808344700000000000e+07
3.799091300000000000e+07
3.791588500000000000e+07
3.785136400000000000e+07
3.776912500000000000e+07
3.769601400000000000e+07
3.762325100000000000e+07
3.756613600000000000e+07
3.749510200000000000e+07
3.742430500000000000e+07
3.736813600000000000e+07
3.730098800000000000e+07
3.725038200000000000e+07
3.718416800000000000e+07
3.711767900000000000e+07
3.707407200000000000e+07
3.702754100000000000e+07
3.697187200000000000e+07
3.692440900000000000e+07
3.686637600000000000e+07
3.681264700000000000e+07
3.675197000000000000e+07
3.895370200000000000e+07
3.883964600000000000e+07
3.873744000000000000e+07
3.863259100000000000e+07
3.854273600000000000e+07
3.844168200000000000e+07
3.835343300000000000e+07
3.826631300000000000e+07
3.817494100000000000e+07
3.809984200000000000e+07
3.800551000000000000e+07
3.793026100000000000e+07
3.786534300000000000e+07
3.778269800000000000e+07
3.770944800000000000e+07
3.763591500000000000e+07
3.757868700000000000e+07
3.750696100000000000e+07
3.743664700000000000e+07
3.737966100000000000e+07
3.731245900000000000e+07
3.726162700000000000e+07
3.719510500000000000e+07
3.712857200000000000e+07
3.708417800000000000e+07
3.703775100000000000e+07
3.698214700000000000e+07
3.693462000000000000e+07
3.687598600000000000e+07
3.682193700000000000e+07
3.676230600000000000e+07
3.671128000000000000e+07
3.876182000000000000e+07
3.865518700000000000e+07
3.856366700000000000e+07
3.846166700000000000e+07
3.837158900000000000e+07
3.828401900000000000e+07
3.819186900000000000e+07
3.811643200000000000e+07
3.802051300000000000e+07
3.794493200000000000e+07
3.787946600000000000e+07
3.779637600000000000e+07
3.772295700000000000e+07
3.764882300000000000e+07
3.759155100000000000e+07
3.751899400000000000e+07
3.744886800000000000e+07
3.739131000000000000e+07
3.732433600000000000e+07
3.727274100000000000e+07
3.720599400000000000e+07
3.713897300000000000e+07
3.709434900000000000e+07
3.704772500000000000e+07
3.699218800000000000e+07
3.694446700000000000e+07
3.688566700000000000e+07
3.683120500000000000e+07
3.677233000000000000e+07
3.672067600000000000e+07
3.668501100000000000e+07
3.858506300000000000e+07
3.848216500000000000e+07
3.839040700000000000e+07
3.830226900000000000e+07
3.820923800000000000e+07
3.813330200000000000e+07
3.803584700000000000e+07
3.795981100000000000e+07
3.789398600000000000e+07
3.781042500000000000e+07
3.773655900000000000e+07
3.766207400000000000e+07
3.760442400000000000e+07
3.753148000000000000e+07
3.746093200000000000e+07
3.740274400000000000e+07
3.733590400000000000e+07
3.728387700000000000e+07
3.721674400000000000e+07
3.714966400000000000e+07
3.710430100000000000e+07
3.705763100000000000e+07
3.700220700000000000e+07
3.695437300000000000e+07
3.689513300000000000e+07
3.684050100000000000e+07
3.678200600000000000e+07
3.673019900000000000e+07
3.669413000000000000e+07
3.663528900000000000e+07
3.840979200000000000e+07
3.832112100000000000e+07
3.822707300000000000e+07
3.815030800000000000e+07
3.805190900000000000e+07
3.797499600000000000e+07
3.790856400000000000e+07
3.782439900000000000e+07
3.775034800000000000e+07
3.767505300000000000e+07
3.761749100000000000e+07
3.754352700000000000e+07
3.747327700000000000e+07
3.741436500000000000e+07
3.734732300000000000e+07
3.729475300000000000e+07
3.722744800000000000e+07
3.716017700000000000e+07
3.711402900000000000e+07
3.706750700000000000e+07
3.701215400000000000e+07
3.696398600000000000e+07
3.690489800000000000e+07
3.684970700000000000e+07
3.679188900000000000e+07
3.673937700000000000e+07
3.670300600000000000e+07
3.664368800000000000e+07
3.660352400000000000e+07
3.824556300000000000e+07
3.816733800000000000e+07
3.806831700000000000e+07
3.799048300000000000e+07
3.792326000000000000e+07
3.783845100000000000e+07
3.776414700000000000e+07
3.768838700000000000e+07
3.763023100000000000e+07
3.755545700000000000e+07
3.748533100000000000e+07
3.742581200000000000e+07
3.735867000000000000e+07
3.730591400000000000e+07
3.723800100000000000e+07
3.717056900000000000e+07
3.712359300000000000e+07
3.707749100000000000e+07
3.702171000000000000e+07
3.697350600000000000e+07
3.691401600000000000e+07
3.685884100000000000e+07
3.680127300000000000e+07
3.674821300000000000e+07
3.671162500000000000e+07
3.665227200000000000e+07
3.661194300000000000e+07
3.656999400000000000e+07
3.808511500000000000e+07
3.800628900000000000e+07
3.793810200000000000e+07
3.785295800000000000e+07
3.777813800000000000e+07
3.770169000000000000e+07
3.764322600000000000e+07
3.756745100000000000e+07
3.749719000000000000e+07
3.743694900000000000e+07
3.736999600000000000e+07
3.731682300000000000e+07
3.724833800000000000e+07
3.718097400000000000e+07
3.713298000000000000e+07
3.708717800000000000e+07
3.703117600000000000e+07
3.698286600000000000e+07
3.692299900000000000e+07
3.686751200000000000e+07
3.681039700000000000e+07
3.675695100000000000e+07
3.671982700000000000e+07
3.666063300000000000e+07
3.662000100000000000e+07
3.657809800000000000e+07
3.652901100000000000e+07
3.795334900000000000e+07
3.786727400000000000e+07
3.779231300000000000e+07
3.771502700000000000e+07
3.765610200000000000e+07
3.757930300000000000e+07
3.750907700000000000e+07
3.744810800000000000e+07
3.738120200000000000e+07
3.732768200000000000e+07
3.725887200000000000e+07
3.719098600000000000e+07
3.714234800000000000e+07
3.709671800000000000e+07
3.704054300000000000e+07
3.699212500000000000e+07
3.693200600000000000e+07
3.687643400000000000e+07
3.681956100000000000e+07
3.676570900000000000e+07
3.672798000000000000e+07
3.666876100000000000e+07
3.662807300000000000e+07
3.658595000000000000e+07
3.653690700000000000e+07
3.650191300000000000e+07
3.780647800000000000e+07
3.772815400000000000e+07
3.766909300000000000e+07
3.759115500000000000e+07
3.752106500000000000e+07
3.745940300000000000e+07
3.739201600000000000e+07
3.733843100000000000e+07
3.726969700000000000e+07
3.720083300000000000e+07
3.715174000000000000e+07
3.710597600000000000e+07
3.704980200000000000e+07
3.700132800000000000e+07
3.694067500000000000e+07
3.688517700000000000e+07
3.682869800000000000e+07
3.677410000000000000e+07
3.673606300000000000e+07
3.667680000000000000e+07
3.663583500000000000e+07
3.659405300000000000e+07
3.654470300000000000e+07
3.650930900000000000e+07
3.645475400000000000e+07
3.768231700000000000e+07
3.760324600000000000e+07
3.753302600000000000e+07
3.747049300000000000e+07
3.740293400000000000e+07
3.734902500000000000e+07
3.728022100000000000e+07
3.721081800000000000e+07
3.716093600000000000e+07
3.711494900000000000e+07
3.705898500000000000e+07
3.701039200000000000e+07
3.694904900000000000e+07
3.689327700000000000e+07
3.683775300000000000e+07
3.678252200000000000e+07
3.674392500000000000e+07
3.668477100000000000e+07
3.664358300000000000e+07
3.660200700000000000e+07
3.655246600000000000e+07
3.651650700000000000e+07
3.646209800000000000e+07
3.642054400000000000e+07
3.754482500000000000e+07
3.748163600000000000e+07
3.741402600000000000e+07
3.735970000000000000e+07
3.729042500000000000e+07
3.722082300000000000e+07
3.716993000000000000e+07
3.712406500000000000e+07
3.706794200000000000e+07
3.701919800000000000e+07
3.695749100000000000e+07
3.690141500000000000e+07
3.684668200000000000e+07
3.679062200000000000e+07
3.675158700000000000e+07
3.669265300000000000e+07
3.665104100000000000e+07
3.660957400000000000e+07
3.656004600000000000e+07
3.652363200000000000e+07
3.646960900000000000e+07
3.642774200000000000e+07
3.639170900000000000e+07
3.742526800000000000e+07
3.737046400000000000e+07
3.730065900000000000e+07
3.723065800000000000e+07
3.717914100000000000e+07
3.713318100000000000e+07
3.707685100000000000e+07
3.702797600000000000e+07
3.696586300000000000e+07
3.690958700000000000e+07
3.685519400000000000e+07
3.679855300000000000e+07
3.675923000000000000e+07
3.670028800000000000e+07
3.665809700000000000e+07
3.661684400000000000e+07
3.656753400000000000e+07
3.653063600000000000e+07
3.647714100000000000e+07
3.643486000000000000e+07
3.639870300000000000e+07
3.636048800000000000e+07
3.731099800000000000e+07
3.724039100000000000e+07
3.718846900000000000e+07
3.714237400000000000e+07
3.708570400000000000e+07
3.703658000000000000e+07
3.697406100000000000e+07
3.691758400000000000e+07
3.686353000000000000e+07
3.680649900000000000e+07
3.676671800000000000e+07
3.670788500000000000e+07
3.666503200000000000e+07
3.662410900000000000e+07
3.657465400000000000e+07
3.653757800000000000e+07
3.648433100000000000e+07
3.644159500000000000e+07
3.640556900000000000e+07
3.636732800000000000e+07
3.632299100000000000e+07
3.719776600000000000e+07
3.715118200000000000e+07
3.709439200000000000e+07
3.704509700000000000e+07
3.698183500000000000e+07
3.692560200000000000e+07
3.687188700000000000e+07
3.681443200000000000e+07
3.677407400000000000e+07
3.671545600000000000e+07
3.667197200000000000e+07
3.663104500000000000e+07
3.658180600000000000e+07
3.654427700000000000e+07
3.649120200000000000e+07
3.644814000000000000e+07
3.641222100000000000e+07
3.637393100000000000e+07
3.632930900000000000e+07
3.629467800000000000e+07
3.710286500000000000e+07
3.705368100000000000e+07
3.698961500000000000e+07
3.693372700000000000e+07
3.688012100000000000e+07
3.682192400000000000e+07
3.678115900000000000e+07
3.672294200000000000e+07
3.667882100000000000e+07
3.663780400000000000e+07
3.658912800000000000e+07
3.655104700000000000e+07
3.649765600000000000e+07
3.645476900000000000e+07
3.641864800000000000e+07
3.638033900000000000e+07
3.633567300000000000e+07
3.630095700000000000e+07
3.625853400000000000e+07
3.699740700000000000e+07
3.694187600000000000e+07
3.688823300000000000e+07
3.682927700000000000e+07
3.678810500000000000e+07
3.673018800000000000e+07
3.668579900000000000e+07
3.664486900000000000e+07
3.659613000000000000e+07
3.655771400000000000e+07
3.650415700000000000e+07
3.646155200000000000e+07
3.642517400000000000e+07
3.638701100000000000e+07
3.634212000000000000e+07
3.630701800000000000e+07
3.626438400000000000e+07
3.622139000000000000e+07
3.689644000000000000e+07
3.683653100000000000e+07
3.679471100000000000e+07
3.673754700000000000e+07
3.669278600000000000e+07
3.665204300000000000e+07
3.660318700000000000e+07
3.656416200000000000e+07
3.651054200000000000e+07
3.646829400000000000e+07
3.643173400000000000e+07
3.639352000000000000e+07
3.634829500000000000e+07
3.631302000000000000e+07
3.627028000000000000e+07
3.622676500000000000e+07
3.619119100000000000e+07
3.680134600000000000e+07
3.674466800000000000e+07
3.669969100000000000e+07
3.665897800000000000e+07
3.661018000000000000e+07
3.657050900000000000e+07
3.651661500000000000e+07
3.647484500000000000e+07
3.643808700000000000e+07
3.640008600000000000e+07
3.635434600000000000e+07
3.631914900000000000e+07
3.627622800000000000e+07
3.623196300000000000e+07
3.619704700000000000e+07
3.615810400000000000e+07
3.670634000000000000e+07
3.666558600000000000e+07
3.661711100000000000e+07
3.657680400000000000e+07
3.652264200000000000e+07
3.648113800000000000e+07
3.644418600000000000e+07
3.640638000000000000e+07
3.636028400000000000e+07
3.632530300000000000e+07
3.628203300000000000e+07
3.623715000000000000e+07
3.620296500000000000e+07
3.616377600000000000e+07
3.612665200000000000e+07
3.662378400000000000e+07
3.658338700000000000e+07
3.652873500000000000e+07
3.648740600000000000e+07
3.645019400000000000e+07
3.641243800000000000e+07
3.636587300000000000e+07
3.633128900000000000e+07
3.628762300000000000e+07
3.624224000000000000e+07
3.620864700000000000e+07
3.616934300000000000e+07
3.613257100000000000e+07
3.608212900000000000e+07
3.653494700000000000e+07
3.649356000000000000e+07
3.645605600000000000e+07
3.641824100000000000e+07
3.637146200000000000e+07
3.633691000000000000e+07
3.629300200000000000e+07
3.624713000000000000e+07
3.621436300000000000e+07
3.617467900000000000e+07
3.613878600000000000e+07
3.608800800000000000e+07
3.606186800000000000e+07
3.646209200000000000e+07
3.642418000000000000e+07
3.637703800000000000e+07
3.634263300000000000e+07
3.629824500000000000e+07
3.625189100000000000e+07
3.621993200000000000e+07
3.617979300000000000e+07
3.614467700000000000e+07
3.609371100000000000e+07
3.606654800000000000e+07
3.603302800000000000e+07
3.638255200000000000e+07
3.634824200000000000e+07
3.630342200000000000e+07
3.625652900000000000e+07
3.622507600000000000e+07
3.618479000000000000e+07
3.615054400000000000e+07
3.609924900000000000e+07
3.607129100000000000e+07
3.603774500000000000e+07
3.599482700000000000e+07
3.630867100000000000e+07
3.626118700000000000e+07
3.623038400000000000e+07
3.618968800000000000e+07
3.615631000000000000e+07
3.610479200000000000e+07
3.607607700000000000e+07
3.604243000000000000e+07
3.599979300000000000e+07
3.596192900000000000e+07
3.623600700000000000e+07
3.619426200000000000e+07
3.616213800000000000e+07
3.611032500000000000e+07
3.608077400000000000e+07
3.604702400000000000e+07
3.600465100000000000e+07
3.596715000000000000e+07
3.594861800000000000e+07
3.616788600000000000e+07
3.611556700000000000e+07
3.608538100000000000e+07
3.605150400000000000e+07
3.600958100000000000e+07
3.597227000000000000e+07
3.595333800000000000e+07
3.590430000000000000e+07
3.608978700000000000e+07
3.605589200000000000e+07
3.601455700000000000e+07
3.597739000000000000e+07
3.595796500000000000e+07
3.590893100000000000e+07
3.589610100000000000e+07
3.601938300000000000e+07
3.598222800000000000e+07
3.596241700000000000e+07
3.591347400000000000e+07
3.590027900000000000e+07
3.584408200000000000e+07
3.596685900000000000e+07
3.591798900000000000e+07
3.590435100000000000e+07
3.584849800000000000e+07
3.583216300000000000e+07
3.590827800000000000e+07
3.585284500000000000e+07
3.583581100000000000e+07
3.580148300000000000e+07
3.583952600000000000e+07
3.580585600000000000e+07
3.577600000000000000e+07
3.578002600000000000e+07
3.573410200000000000e+07
3.572352900000000000e+07
