nan
nan
nan
nan
nan
nan
nan
nan
nan
nan
nan
nan
nan
nan
nan
nan
nan
nan
nan
nan
nan
nan
nan
nan
1.646600000000000000e+04
5.805200000000000000e+04
6.430200000000000000e+04
8.228500000000000000e+04
9.527600000000000000e+04
1.050280000000000000e+05
1.133490000000000000e+05
1.262320000000000000e+05
1.324900000000000000e+05
1.589380000000000000e+05
2.943040000000000000e+05
5.456520000000000000e+05
8.697330000000000000e+05
1.171819000000000000e+06
1.411615000000000000e+06
1.563638000000000000e+06
1.649854000000000000e+06
1.693670000000000000e+06
1.712023000000000000e+06
1.715945000000000000e+06
1.712206000000000000e+06
1.701022000000000000e+06
1.687525000000000000e+06
1.677908000000000000e+06
1.663704000000000000e+06
1.649017000000000000e+06
1.636018000000000000e+06
1.621789000000000000e+06
1.600169000000000000e+06
1.591458000000000000e+06
1.572223000000000000e+06
1.557963000000000000e+06
1.547079000000000000e+06
1.529550000000000000e+06
1.512445000000000000e+06
1.494316000000000000e+06
1.494072000000000000e+06
1.472762000000000000e+06
1.460442000000000000e+06
1.459597000000000000e+06
1.444540000000000000e+06
1.433360000000000000e+06
1.415367000000000000e+06
1.410800000000000000e+06
1.418280000000000000e+06
1.414983000000000000e+06
1.396937000000000000e+06
nan
nan
nan
nan
nan
nan
nan
nan
nan
nan
nan
nan
nan
nan
nan
nan
nan
nan
nan
nan
nan
nan
nan
1.173000000000000000e+04
2.752500000000000000e+04
5.090700000000000000e+04
7.226900000000000000e+04
8.762700000000000000e+04
9.872400000000000000e+04
1.104690000000000000e+05
1.227550000000000000e+05
1.299820000000000000e+05
1.745760000000000000e+05
3.384310000000000000e+05
6.084370000000000000e+05
9.381940000000000000e+05
1.224563000000000000e+06
1.443098000000000000e+06
1.581053000000000000e+06
1.656443000000000000e+06
1.692200000000000000e+06
1.707192000000000000e+06
1.709914000000000000e+06
1.706140000000000000e+06
1.693976000000000000e+06
1.683464000000000000e+06
1.667695000000000000e+06
1.655907000000000000e+06
1.644320000000000000e+06
1.628426000000000000e+06
1.615746000000000000e+06
1.593908000000000000e+06
1.581550000000000000e+06
1.571611000000000000e+06
1.550986000000000000e+06
1.532191000000000000e+06
1.525931000000000000e+06
1.513819000000000000e+06
1.501488000000000000e+06
1.488199000000000000e+06
1.476516000000000000e+06
1.463590000000000000e+06
1.452312000000000000e+06
1.443047000000000000e+06
1.438491000000000000e+06
1.433535000000000000e+06
1.427598000000000000e+06
1.408927000000000000e+06
1.404563000000000000e+06
1.403420000000000000e+06
nan
nan
nan
nan
nan
nan
nan
nan
nan
nan
nan
nan
nan
nan
nan
nan
nan
nan
nan
nan
nan
nan
5.259000000000000000e+03
1.104200000000000000e+04
4.209200000000000000e+04
6.473700000000000000e+04
8.115600000000000000e+04
9.344300000000000000e+04
1.038030000000000000e+05
1.203370000000000000e+05
1.300070000000000000e+05
1.934890000000000000e+05
3.804130000000000000e+05
6.756760000000000000e+05
1.001872000000000000e+06
1.272492000000000000e+06
1.473452000000000000e+06
1.594415000000000000e+06
1.659094000000000000e+06
1.692091000000000000e+06
1.706166000000000000e+06
1.703764000000000000e+06
1.699627000000000000e+06
1.687985000000000000e+06
1.676275000000000000e+06
1.665198000000000000e+06
1.648984000000000000e+06
1.637546000000000000e+06
1.624139000000000000e+06
1.609941000000000000e+06
1.594338000000000000e+06
1.577619000000000000e+06
1.559708000000000000e+06
1.547649000000000000e+06
1.535754000000000000e+06
1.515784000000000000e+06
1.503573000000000000e+06
1.500373000000000000e+06
1.482775000000000000e+06
1.476675000000000000e+06
1.455697000000000000e+06
1.457674000000000000e+06
1.438442000000000000e+06
1.423681000000000000e+06
1.426158000000000000e+06
1.421719000000000000e+06
1.415514000000000000e+06
1.404176000000000000e+06
1.408084000000000000e+06
nan
nan
nan
nan
nan
nan
nan
nan
nan
nan
nan
nan
nan
nan
nan
nan
nan
nan
nan
nan
nan
5.190000000000000000e+02
6.220000000000000000e+03
3.575600000000000000e+04
5.868200000000000000e+04
7.649500000000000000e+04
8.979300000000000000e+04
1.000440000000000000e+05
1.177290000000000000e+05
1.321010000000000000e+05
2.205130000000000000e+05
4.298900000000000000e+05
7.446710000000000000e+05
1.058718000000000000e+06
1.320208000000000000e+06
1.497399000000000000e+06
1.602641000000000000e+06
1.662133000000000000e+06
1.689273000000000000e+06
1.697005000000000000e+06
1.698588000000000000e+06
1.690038000000000000e+06
1.679112000000000000e+06
1.671950000000000000e+06
1.657876000000000000e+06
1.645194000000000000e+06
1.629796000000000000e+06
1.616953000000000000e+06
1.602408000000000000e+06
1.589760000000000000e+06
1.576876000000000000e+06
1.562894000000000000e+06
1.547355000000000000e+06
1.525353000000000000e+06
1.518329000000000000e+06
1.501841000000000000e+06
1.491880000000000000e+06
1.471261000000000000e+06
1.472333000000000000e+06
1.461717000000000000e+06
1.446444000000000000e+06
1.444984000000000000e+06
1.439318000000000000e+06
1.431643000000000000e+06
1.423606000000000000e+06
1.415719000000000000e+06
1.417694000000000000e+06
1.398756000000000000e+06
nan
nan
nan
nan
nan
nan
nan
nan
nan
nan
nan
nan
nan
nan
nan
nan
nan
nan
nan
nan
nan
4.281000000000000000e+03
3.117900000000000000e+04
5.388200000000000000e+04
7.242600000000000000e+04
8.615200000000000000e+04
9.810400000000000000e+04
1.153330000000000000e+05
1.322490000000000000e+05
2.507780000000000000e+05
4.859930000000000000e+05
8.078490000000000000e+05
1.111195000000000000e+06
1.356183000000000000e+06
1.519315000000000000e+06
1.611140000000000000e+06
1.660580000000000000e+06
1.684763000000000000e+06
1.692622000000000000e+06
1.695399000000000000e+06
1.687221000000000000e+06
1.675707000000000000e+06
1.663488000000000000e+06
1.648878000000000000e+06
1.640496000000000000e+06
1.624549000000000000e+06
1.610998000000000000e+06
1.598682000000000000e+06
1.582368000000000000e+06
1.571244000000000000e+06
1.550132000000000000e+06
1.538336000000000000e+06
1.526888000000000000e+06
1.515766000000000000e+06
1.500847000000000000e+06
1.487249000000000000e+06
1.477588000000000000e+06
1.474774000000000000e+06
1.450802000000000000e+06
1.453637000000000000e+06
1.444489000000000000e+06
1.435838000000000000e+06
1.420494000000000000e+06
1.426357000000000000e+06
1.419620000000000000e+06
1.405545000000000000e+06
1.416582000000000000e+06
nan
nan
nan
nan
nan
nan
nan
nan
nan
nan
nan
nan
nan
nan
nan
nan
nan
nan
nan
nan
3.373000000000000000e+03
2.766200000000000000e+04
5.012600000000000000e+04
6.787000000000000000e+04
8.347000000000000000e+04
9.561500000000000000e+04
1.134490000000000000e+05
1.438360000000000000e+05
2.840060000000000000e+05
5.401660000000000000e+05
8.664080000000000000e+05
1.162880000000000000e+06
1.388366000000000000e+06
1.533351000000000000e+06
1.617900000000000000e+06
1.663525000000000000e+06
1.681165000000000000e+06
1.687694000000000000e+06
1.689818000000000000e+06
1.680281000000000000e+06
1.670339000000000000e+06
1.659014000000000000e+06
1.646929000000000000e+06
1.634437000000000000e+06
1.619640000000000000e+06
1.604962000000000000e+06
1.590137000000000000e+06
1.575736000000000000e+06
1.568606000000000000e+06
1.555543000000000000e+06
1.535870000000000000e+06
1.526337000000000000e+06
1.506975000000000000e+06
1.499993000000000000e+06
1.486335000000000000e+06
1.476072000000000000e+06
1.464796000000000000e+06
1.459433000000000000e+06
1.443457000000000000e+06
1.453361000000000000e+06
1.442061000000000000e+06
1.439948000000000000e+06
1.434135000000000000e+06
1.419715000000000000e+06
1.428267000000000000e+06
1.406855000000000000e+06
nan
nan
nan
nan
nan
nan
nan
nan
nan
nan
nan
nan
nan
nan
nan
nan
nan
nan
nan
2.741000000000000000e+03
2.508600000000000000e+04
4.701000000000000000e+04
6.461900000000000000e+04
8.183700000000000000e+04
9.420800000000000000e+04
1.115940000000000000e+05
1.563580000000000000e+05
3.192120000000000000e+05
6.000340000000000000e+05
9.280420000000000000e+05
1.210827000000000000e+06
1.416761000000000000e+06
1.546986000000000000e+06
1.621523000000000000e+06
1.659057000000000000e+06
1.677848000000000000e+06
1.682237000000000000e+06
1.681081000000000000e+06
1.673131000000000000e+06
1.664240000000000000e+06
1.649326000000000000e+06
1.641596000000000000e+06
1.627471000000000000e+06
1.615100000000000000e+06
1.599221000000000000e+06
1.585050000000000000e+06
1.580503000000000000e+06
1.564010000000000000e+06
1.545541000000000000e+06
1.528110000000000000e+06
1.516102000000000000e+06
1.510166000000000000e+06
1.503812000000000000e+06
1.487001000000000000e+06
1.474926000000000000e+06
1.472679000000000000e+06
1.459931000000000000e+06
1.452169000000000000e+06
1.441206000000000000e+06
1.428695000000000000e+06
1.428852000000000000e+06
1.425544000000000000e+06
1.430067000000000000e+06
1.411166000000000000e+06
1.425559000000000000e+06
nan
nan
nan
nan
nan
nan
nan
nan
nan
nan
nan
nan
nan
nan
nan
nan
nan
nan
2.331000000000000000e+03
2.300700000000000000e+04
4.440000000000000000e+04
6.233100000000000000e+04
7.849400000000000000e+04
9.071600000000000000e+04
1.087790000000000000e+05
1.705190000000000000e+05
3.666290000000000000e+05
6.601290000000000000e+05
9.806150000000000000e+05
1.248162000000000000e+06
1.442077000000000000e+06
1.559504000000000000e+06
1.623525000000000000e+06
1.657490000000000000e+06
1.674596000000000000e+06
1.679790000000000000e+06
1.672739000000000000e+06
1.664892000000000000e+06
1.659356000000000000e+06
1.649153000000000000e+06
1.632900000000000000e+06
1.625434000000000000e+06
1.610359000000000000e+06
1.593618000000000000e+06
1.586622000000000000e+06
1.573723000000000000e+06
1.555216000000000000e+06
1.545011000000000000e+06
1.532633000000000000e+06
1.521088000000000000e+06
1.508766000000000000e+06
1.500530000000000000e+06
1.492479000000000000e+06
1.477986000000000000e+06
1.472704000000000000e+06
1.455724000000000000e+06
1.457858000000000000e+06
1.447677000000000000e+06
1.443209000000000000e+06
1.436413000000000000e+06
1.441562000000000000e+06
1.422145000000000000e+06
1.434656000000000000e+06
1.417519000000000000e+06
nan
nan
nan
nan
nan
nan
nan
nan
nan
nan
nan
nan
nan
nan
nan
nan
nan
1.984000000000000000e+03
2.138400000000000000e+04
4.281000000000000000e+04
6.195000000000000000e+04
7.532200000000000000e+04
8.901800000000000000e+04
1.070960000000000000e+05
1.944100000000000000e+05
4.075320000000000000e+05
7.194590000000000000e+05
1.031208000000000000e+06
1.285528000000000000e+06
1.462873000000000000e+06
1.568098000000000000e+06
1.627578000000000000e+06
1.657437000000000000e+06
1.668784000000000000e+06
1.675259000000000000e+06
1.667193000000000000e+06
1.661394000000000000e+06
1.651450000000000000e+06
1.641026000000000000e+06
1.632834000000000000e+06
1.621119000000000000e+06
1.608068000000000000e+06
1.589253000000000000e+06
1.584271000000000000e+06
1.564906000000000000e+06
1.556260000000000000e+06
1.536098000000000000e+06
1.518555000000000000e+06
1.518792000000000000e+06
1.510965000000000000e+06
1.492248000000000000e+06
1.486274000000000000e+06
1.471576000000000000e+06
1.472334000000000000e+06
1.465475000000000000e+06
1.460221000000000000e+06
1.441488000000000000e+06
1.442650000000000000e+06
1.438031000000000000e+06
1.438780000000000000e+06
1.442128000000000000e+06
1.424157000000000000e+06
1.434372000000000000e+06
nan
nan
nan
nan
nan
nan
nan
nan
nan
nan
nan
nan
nan
nan
nan
nan
1.793000000000000000e+03
2.006900000000000000e+04
4.118400000000000000e+04
5.928900000000000000e+04
7.495100000000000000e+04
8.641700000000000000e+04
1.117850000000000000e+05
2.180590000000000000e+05
4.547720000000000000e+05
7.789540000000000000e+05
1.082371000000000000e+06
1.320853000000000000e+06
1.477560000000000000e+06
1.572979000000000000e+06
1.625578000000000000e+06
1.654615000000000000e+06
1.664082000000000000e+06
1.668322000000000000e+06
1.661451000000000000e+06
1.658034000000000000e+06
1.647770000000000000e+06
1.638005000000000000e+06
1.628290000000000000e+06
1.616086000000000000e+06
1.602759000000000000e+06
1.590868000000000000e+06
1.580861000000000000e+06
1.566073000000000000e+06
1.550024000000000000e+06
1.539390000000000000e+06
1.527792000000000000e+06
1.513430000000000000e+06
1.497491000000000000e+06
1.496796000000000000e+06
1.492294000000000000e+06
1.480139000000000000e+06
1.474617000000000000e+06
1.464561000000000000e+06
1.463213000000000000e+06
1.457007000000000000e+06
1.450549000000000000e+06
1.450614000000000000e+06
1.439161000000000000e+06
1.432132000000000000e+06
1.443977000000000000e+06
1.429972000000000000e+06
nan
nan
nan
nan
nan
nan
nan
nan
nan
nan
nan
nan
nan
nan
nan
1.422000000000000000e+03
1.770700000000000000e+04
3.746000000000000000e+04
5.512200000000000000e+04
7.006000000000000000e+04
8.689700000000000000e+04
1.314890000000000000e+05
3.015130000000000000e+05
5.874030000000000000e+05
9.090280000000000000e+05
1.182146000000000000e+06
1.384281000000000000e+06
1.511333000000000000e+06
1.584192000000000000e+06
1.623915000000000000e+06
1.644908000000000000e+06
1.654955000000000000e+06
1.654836000000000000e+06
1.651045000000000000e+06
1.647892000000000000e+06
1.635759000000000000e+06
1.630605000000000000e+06
1.619416000000000000e+06
1.605327000000000000e+06
1.592991000000000000e+06
1.579943000000000000e+06
1.571808000000000000e+06
1.558752000000000000e+06
1.544119000000000000e+06
1.527025000000000000e+06
1.525626000000000000e+06
1.511865000000000000e+06
1.508573000000000000e+06
1.492202000000000000e+06
1.484320000000000000e+06
1.474760000000000000e+06
1.474272000000000000e+06
1.472828000000000000e+06
1.461399000000000000e+06
1.454881000000000000e+06
1.459084000000000000e+06
1.458715000000000000e+06
1.451504000000000000e+06
1.436693000000000000e+06
1.456422000000000000e+06
1.448918000000000000e+06
nan
nan
nan
nan
nan
nan
nan
nan
nan
nan
nan
nan
nan
nan
1.251000000000000000e+03
1.678200000000000000e+04
3.602400000000000000e+04
5.375800000000000000e+04
6.818800000000000000e+04
8.288000000000000000e+04
1.719460000000000000e+05
4.023540000000000000e+05
7.215950000000000000e+05
1.024738000000000000e+06
1.263731000000000000e+06
1.428635000000000000e+06
1.529077000000000000e+06
1.586798000000000000e+06
1.620805000000000000e+06
1.636572000000000000e+06
1.643707000000000000e+06
1.645303000000000000e+06
1.640867000000000000e+06
1.632945000000000000e+06
1.626396000000000000e+06
1.615198000000000000e+06
1.607296000000000000e+06
1.593211000000000000e+06
1.585325000000000000e+06
1.576038000000000000e+06
1.560132000000000000e+06
1.548577000000000000e+06
1.532485000000000000e+06
1.527057000000000000e+06
1.521916000000000000e+06
1.513907000000000000e+06
1.503050000000000000e+06
1.492480000000000000e+06
1.486181000000000000e+06
1.488783000000000000e+06
1.468141000000000000e+06
1.475606000000000000e+06
1.471474000000000000e+06
1.466607000000000000e+06
1.456606000000000000e+06
1.465284000000000000e+06
1.462412000000000000e+06
1.451921000000000000e+06
1.465878000000000000e+06
1.457631000000000000e+06
nan
nan
nan
nan
nan
nan
nan
nan
nan
nan
nan
nan
nan
1.147000000000000000e+03
1.551000000000000000e+04
3.388500000000000000e+04
5.108400000000000000e+04
6.968800000000000000e+04
9.024400000000000000e+04
2.412100000000000000e+05
5.198250000000000000e+05
8.375210000000000000e+05
1.119397000000000000e+06
1.324374000000000000e+06
1.462013000000000000e+06
1.540164000000000000e+06
1.588886000000000000e+06
1.615582000000000000e+06
1.629083000000000000e+06
1.632183000000000000e+06
1.633394000000000000e+06
1.629508000000000000e+06
1.625415000000000000e+06
1.618541000000000000e+06
1.609176000000000000e+06
1.599092000000000000e+06
1.592525000000000000e+06
1.579325000000000000e+06
1.568593000000000000e+06
1.551260000000000000e+06
1.547557000000000000e+06
1.536479000000000000e+06
1.524415000000000000e+06
1.517150000000000000e+06
1.516075000000000000e+06
1.505417000000000000e+06
1.494205000000000000e+06
1.487400000000000000e+06
1.489019000000000000e+06
1.483099000000000000e+06
1.475076000000000000e+06
1.481053000000000000e+06
1.478991000000000000e+06
1.477230000000000000e+06
1.467326000000000000e+06
1.472375000000000000e+06
1.475406000000000000e+06
1.476320000000000000e+06
1.471738000000000000e+06
nan
nan
nan
nan
nan
nan
nan
nan
nan
nan
nan
nan
1.092000000000000000e+03
1.591300000000000000e+04
3.417100000000000000e+04
5.060500000000000000e+04
6.913700000000000000e+04
1.173120000000000000e+05
3.212940000000000000e+05
6.334410000000000000e+05
9.416800000000000000e+05
1.193199000000000000e+06
1.366597000000000000e+06
1.475241000000000000e+06
1.546500000000000000e+06
1.586146000000000000e+06
1.609522000000000000e+06
1.619974000000000000e+06
1.623911000000000000e+06
1.622877000000000000e+06
1.622381000000000000e+06
1.615722000000000000e+06
1.609576000000000000e+06
1.601320000000000000e+06
1.594427000000000000e+06
1.582669000000000000e+06
1.569773000000000000e+06
1.561379000000000000e+06
1.550847000000000000e+06
1.543979000000000000e+06
1.536083000000000000e+06
1.529436000000000000e+06
1.519944000000000000e+06
1.508874000000000000e+06
1.509391000000000000e+06
1.509407000000000000e+06
1.502188000000000000e+06
1.501672000000000000e+06
1.495889000000000000e+06
1.498319000000000000e+06
1.496329000000000000e+06
1.493737000000000000e+06
1.497561000000000000e+06
1.490787000000000000e+06
1.486285000000000000e+06
1.502847000000000000e+06
1.491486000000000000e+06
1.495333000000000000e+06
nan
nan
nan
nan
nan
nan
nan
nan
nan
nan
nan
1.073000000000000000e+03
1.499500000000000000e+04
3.265000000000000000e+04
5.222200000000000000e+04
8.633000000000000000e+04
1.639300000000000000e+05
4.195440000000000000e+05
7.411600000000000000e+05
1.026159000000000000e+06
1.247162000000000000e+06
1.395656000000000000e+06
1.490084000000000000e+06
1.547125000000000000e+06
1.582316000000000000e+06
1.602092000000000000e+06
1.613149000000000000e+06
1.616999000000000000e+06
1.617252000000000000e+06
1.616624000000000000e+06
1.610092000000000000e+06
1.605568000000000000e+06
1.597373000000000000e+06
1.586397000000000000e+06
1.576182000000000000e+06
1.564797000000000000e+06
1.559128000000000000e+06
1.552370000000000000e+06
1.543018000000000000e+06
1.532119000000000000e+06
1.533271000000000000e+06
1.520997000000000000e+06
1.523062000000000000e+06
1.509985000000000000e+06
1.510744000000000000e+06
1.503505000000000000e+06
1.508299000000000000e+06
1.510196000000000000e+06
1.503012000000000000e+06
1.499981000000000000e+06
1.507892000000000000e+06
1.511660000000000000e+06
1.508777000000000000e+06
1.498056000000000000e+06
1.518671000000000000e+06
1.515138000000000000e+06
1.505407000000000000e+06
nan
nan
nan
nan
nan
nan
nan
nan
nan
nan
1.879000000000000000e+03
1.605500000000000000e+04
3.270100000000000000e+04
5.665400000000000000e+04
1.208560000000000000e+05
2.245380000000000000e+05
5.216630000000000000e+05
8.374230000000000000e+05
1.100450000000000000e+06
1.288752000000000000e+06
1.415666000000000000e+06
1.497816000000000000e+06
1.548622000000000000e+06
1.579251000000000000e+06
1.597392000000000000e+06
1.605920000000000000e+06
1.613125000000000000e+06
1.611746000000000000e+06
1.607347000000000000e+06
1.604786000000000000e+06
1.596284000000000000e+06
1.589563000000000000e+06
1.577935000000000000e+06
1.571666000000000000e+06
1.565980000000000000e+06
1.556712000000000000e+06
1.548911000000000000e+06
1.537938000000000000e+06
1.537742000000000000e+06
1.534517000000000000e+06
1.529382000000000000e+06
1.524585000000000000e+06
1.519326000000000000e+06
1.517827000000000000e+06
1.525057000000000000e+06
1.509602000000000000e+06
1.518567000000000000e+06
1.518385000000000000e+06
1.516235000000000000e+06
1.510686000000000000e+06
1.521865000000000000e+06
1.526063000000000000e+06
1.518023000000000000e+06
1.533810000000000000e+06
1.527623000000000000e+06
1.525554000000000000e+06
nan
nan
nan
nan
nan
nan
nan
nan
nan
2.543000000000000000e+03
1.553200000000000000e+04
4.142500000000000000e+04
1.169260000000000000e+05
2.360060000000000000e+05
3.844960000000000000e+05
7.066330000000000000e+05
9.847370000000000000e+05
1.199997000000000000e+06
1.344704000000000000e+06
1.442509000000000000e+06
1.510619000000000000e+06
1.548380000000000000e+06
1.575165000000000000e+06
1.589796000000000000e+06
1.597182000000000000e+06
1.599815000000000000e+06
1.602262000000000000e+06
1.600146000000000000e+06
1.595140000000000000e+06
1.587689000000000000e+06
1.582554000000000000e+06
1.575539000000000000e+06
1.565960000000000000e+06
1.562137000000000000e+06
1.560180000000000000e+06
1.556310000000000000e+06
1.552307000000000000e+06
1.550710000000000000e+06
1.545915000000000000e+06
1.541015000000000000e+06
1.545326000000000000e+06
1.549180000000000000e+06
1.545826000000000000e+06
1.549474000000000000e+06
1.546977000000000000e+06
1.553271000000000000e+06
1.555654000000000000e+06
1.558631000000000000e+06
1.563852000000000000e+06
1.561009000000000000e+06
1.556912000000000000e+06
1.574108000000000000e+06
1.564223000000000000e+06
1.567928000000000000e+06
1.564242000000000000e+06
nan
nan
nan
nan
nan
nan
nan
nan
2.235000000000000000e+03
2.033000000000000000e+04
1.007510000000000000e+05
2.303890000000000000e+05
3.881520000000000000e+05
5.518740000000000000e+05
8.489420000000000000e+05
1.089235000000000000e+06
1.259043000000000000e+06
1.379646000000000000e+06
1.462267000000000000e+06
1.514766000000000000e+06
1.551673000000000000e+06
1.571858000000000000e+06
1.585543000000000000e+06
1.596287000000000000e+06
1.600304000000000000e+06
1.597321000000000000e+06
1.595321000000000000e+06
1.587776000000000000e+06
1.584679000000000000e+06
1.579684000000000000e+06
1.577889000000000000e+06
1.576269000000000000e+06
1.571881000000000000e+06
1.569591000000000000e+06
1.563105000000000000e+06
1.569248000000000000e+06
1.570620000000000000e+06
1.570184000000000000e+06
1.569117000000000000e+06
1.568026000000000000e+06
1.570217000000000000e+06
1.580911000000000000e+06
1.571272000000000000e+06
1.584478000000000000e+06
1.585730000000000000e+06
1.586191000000000000e+06
1.581033000000000000e+06
1.593640000000000000e+06
1.601574000000000000e+06
1.594212000000000000e+06
1.610034000000000000e+06
1.606067000000000000e+06
1.604293000000000000e+06
1.604865000000000000e+06
nan
nan
nan
nan
nan
nan
1.040000000000000000e+02
2.844000000000000000e+03
6.715000000000000000e+04
2.038370000000000000e+05
3.682400000000000000e+05
5.319270000000000000e+05
6.847560000000000000e+05
9.514030000000000000e+05
1.158036000000000000e+06
1.304423000000000000e+06
1.406214000000000000e+06
1.481099000000000000e+06
1.525206000000000000e+06
1.556094000000000000e+06
1.575580000000000000e+06
1.586705000000000000e+06
1.592979000000000000e+06
1.596975000000000000e+06
1.596880000000000000e+06
1.594970000000000000e+06
1.593046000000000000e+06
1.593067000000000000e+06
1.589851000000000000e+06
1.584065000000000000e+06
1.586690000000000000e+06
1.589438000000000000e+06
1.591976000000000000e+06
1.594424000000000000e+06
1.595078000000000000e+06
1.595383000000000000e+06
1.594153000000000000e+06
1.601929000000000000e+06
1.610279000000000000e+06
1.611915000000000000e+06
1.618985000000000000e+06
1.618799000000000000e+06
1.626603000000000000e+06
1.630302000000000000e+06
1.636107000000000000e+06
1.641649000000000000e+06
1.637785000000000000e+06
1.636276000000000000e+06
1.651304000000000000e+06
1.643914000000000000e+06
1.646902000000000000e+06
1.645075000000000000e+06
1.646542000000000000e+06
nan
nan
nan
nan
nan
nan
1.246800000000000000e+04
1.519980000000000000e+05
3.237920000000000000e+05
4.894820000000000000e+05
6.439630000000000000e+05
7.867650000000000000e+05
1.030556000000000000e+06
1.210012000000000000e+06
1.341933000000000000e+06
1.435120000000000000e+06
1.495938000000000000e+06
1.539149000000000000e+06
1.564120000000000000e+06
1.582514000000000000e+06
1.597232000000000000e+06
1.603849000000000000e+06
1.602911000000000000e+06
1.605178000000000000e+06
1.603576000000000000e+06
1.604352000000000000e+06
1.604121000000000000e+06
1.608326000000000000e+06
1.611999000000000000e+06
1.613282000000000000e+06
1.616130000000000000e+06
1.617537000000000000e+06
1.623532000000000000e+06
1.628672000000000000e+06
1.633002000000000000e+06
1.636641000000000000e+06
1.639675000000000000e+06
1.644739000000000000e+06
1.658704000000000000e+06
1.654344000000000000e+06
1.663526000000000000e+06
1.666669000000000000e+06
1.667226000000000000e+06
1.661923000000000000e+06
1.675487000000000000e+06
1.683477000000000000e+06
1.674675000000000000e+06
1.690013000000000000e+06
1.686350000000000000e+06
1.682927000000000000e+06
1.683907000000000000e+06
1.687817000000000000e+06
nan
nan
nan
nan
nan
6.490600000000000000e+04
2.513300000000000000e+05
4.247070000000000000e+05
5.851870000000000000e+05
7.336320000000000000e+05
8.678370000000000000e+05
1.095663000000000000e+06
1.262772000000000000e+06
1.379646000000000000e+06
1.466363000000000000e+06
1.518783000000000000e+06
1.556427000000000000e+06
1.581616000000000000e+06
1.596978000000000000e+06
1.606784000000000000e+06
1.613523000000000000e+06
1.617805000000000000e+06
1.621038000000000000e+06
1.623691000000000000e+06
1.629261000000000000e+06
1.632081000000000000e+06
1.632315000000000000e+06
1.640251000000000000e+06
1.646968000000000000e+06
1.653908000000000000e+06
1.659680000000000000e+06
1.664539000000000000e+06
1.669256000000000000e+06
1.672362000000000000e+06
1.682804000000000000e+06
1.692475000000000000e+06
1.696943000000000000e+06
1.704613000000000000e+06
1.702081000000000000e+06
1.710796000000000000e+06
1.714602000000000000e+06
1.720232000000000000e+06
1.725937000000000000e+06
1.721611000000000000e+06
1.718743000000000000e+06
1.731297000000000000e+06
1.724605000000000000e+06
1.727426000000000000e+06
1.725608000000000000e+06
1.726499000000000000e+06
1.730845000000000000e+06
nan
nan
nan
nan
1.376300000000000000e+05
3.320920000000000000e+05
5.056010000000000000e+05
6.658730000000000000e+05
8.121160000000000000e+05
9.461210000000000000e+05
1.159641000000000000e+06
1.316248000000000000e+06
1.425750000000000000e+06
1.499189000000000000e+06
1.551317000000000000e+06
1.583520000000000000e+06
1.604827000000000000e+06
1.623333000000000000e+06
1.632719000000000000e+06
1.635478000000000000e+06
1.642545000000000000e+06
1.649014000000000000e+06
1.655134000000000000e+06
1.659867000000000000e+06
1.670091000000000000e+06
1.676784000000000000e+06
1.683842000000000000e+06
1.690206000000000000e+06
1.696554000000000000e+06
1.705964000000000000e+06
1.714151000000000000e+06
1.720467000000000000e+06
1.726588000000000000e+06
1.728424000000000000e+06
1.734182000000000000e+06
1.748479000000000000e+06
1.745603000000000000e+06
1.752887000000000000e+06
1.755713000000000000e+06
1.754890000000000000e+06
1.749161000000000000e+06
1.761688000000000000e+06
1.770882000000000000e+06
1.760701000000000000e+06
1.774447000000000000e+06
1.770858000000000000e+06
1.765882000000000000e+06
1.766815000000000000e+06
1.768838000000000000e+06
1.770638000000000000e+06
nan
nan
5.632000000000000000e+03
1.992900000000000000e+05
3.985240000000000000e+05
5.804330000000000000e+05
7.474870000000000000e+05
8.998750000000000000e+05
1.030421000000000000e+06
1.236084000000000000e+06
1.380009000000000000e+06
1.482315000000000000e+06
1.545786000000000000e+06
1.590763000000000000e+06
1.621326000000000000e+06
1.638997000000000000e+06
1.652177000000000000e+06
1.663437000000000000e+06
1.673028000000000000e+06
1.682798000000000000e+06
1.691884000000000000e+06
1.702451000000000000e+06
1.708969000000000000e+06
1.714255000000000000e+06
1.726905000000000000e+06
1.737949000000000000e+06
1.749111000000000000e+06
1.757237000000000000e+06
1.764123000000000000e+06
1.769481000000000000e+06
1.772466000000000000e+06
1.781817000000000000e+06
1.790394000000000000e+06
1.795705000000000000e+06
1.802715000000000000e+06
1.799190000000000000e+06
1.807428000000000000e+06
1.811011000000000000e+06
1.814769000000000000e+06
1.820524000000000000e+06
1.814189000000000000e+06
1.811860000000000000e+06
1.822019000000000000e+06
1.814209000000000000e+06
1.811998000000000000e+06
1.812639000000000000e+06
1.812163000000000000e+06
1.815019000000000000e+06
1.816525000000000000e+06
nan
3.077400000000000000e+04
2.495300000000000000e+05
4.716890000000000000e+05
6.753270000000000000e+05
8.558560000000000000e+05
1.008872000000000000e+06
1.135157000000000000e+06
1.329798000000000000e+06
1.462448000000000000e+06
1.549212000000000000e+06
1.610908000000000000e+06
1.647282000000000000e+06
1.672666000000000000e+06
1.694504000000000000e+06
1.709605000000000000e+06
1.719544000000000000e+06
1.732328000000000000e+06
1.743332000000000000e+06
1.755633000000000000e+06
1.765825000000000000e+06
1.779726000000000000e+06
1.788522000000000000e+06
1.799395000000000000e+06
1.806921000000000000e+06
1.814139000000000000e+06
1.822801000000000000e+06
1.831028000000000000e+06
1.836556000000000000e+06
1.842097000000000000e+06
1.842402000000000000e+06
1.846812000000000000e+06
1.859940000000000000e+06
1.855910000000000000e+06
1.861295000000000000e+06
1.863613000000000000e+06
1.860373000000000000e+06
1.853056000000000000e+06
1.863806000000000000e+06
1.871773000000000000e+06
1.857951000000000000e+06
1.871298000000000000e+06
1.867142000000000000e+06
1.858814000000000000e+06
1.859339000000000000e+06
1.858584000000000000e+06
1.856969000000000000e+06
1.862263000000000000e+06
5.555400000000000000e+04
3.240290000000000000e+05
6.152060000000000000e+05
8.537370000000000000e+05
1.037344000000000000e+06
1.179586000000000000e+06
1.296364000000000000e+06
1.465014000000000000e+06
1.580412000000000000e+06
1.652953000000000000e+06
1.701389000000000000e+06
1.734997000000000000e+06
1.759366000000000000e+06
1.780803000000000000e+06
1.799957000000000000e+06
1.819577000000000000e+06
1.837835000000000000e+06
1.852190000000000000e+06
1.866536000000000000e+06
1.875708000000000000e+06
1.880624000000000000e+06
1.891877000000000000e+06
1.900026000000000000e+06
1.909259000000000000e+06
1.914747000000000000e+06
1.918673000000000000e+06
1.921032000000000000e+06
1.920483000000000000e+06
1.926911000000000000e+06
1.931896000000000000e+06
1.935422000000000000e+06
1.938829000000000000e+06
1.931469000000000000e+06
1.936610000000000000e+06
1.937860000000000000e+06
1.938615000000000000e+06
1.941187000000000000e+06
1.930875000000000000e+06
1.927090000000000000e+06
1.934315000000000000e+06
1.924599000000000000e+06
1.920387000000000000e+06
1.918244000000000000e+06
1.915951000000000000e+06
1.914657000000000000e+06
1.915597000000000000e+06
1.914531000000000000e+06
7.746640000000000000e+05
1.016090000000000000e+06
1.188381000000000000e+06
1.322164000000000000e+06
1.433651000000000000e+06
1.523592000000000000e+06
1.658175000000000000e+06
1.746455000000000000e+06
1.811433000000000000e+06
1.853896000000000000e+06
1.886296000000000000e+06
1.913421000000000000e+06
1.932734000000000000e+06
1.944335000000000000e+06
1.956805000000000000e+06
1.967097000000000000e+06
1.975911000000000000e+06
1.982242000000000000e+06
1.991873000000000000e+06
1.994504000000000000e+06
2.001062000000000000e+06
2.004004000000000000e+06
2.006143000000000000e+06
2.010051000000000000e+06
2.014228000000000000e+06
2.015498000000000000e+06
2.017221000000000000e+06
2.012373000000000000e+06
2.012876000000000000e+06
2.022438000000000000e+06
2.015096000000000000e+06
2.016817000000000000e+06
2.015569000000000000e+06
2.009690000000000000e+06
1.998467000000000000e+06
2.004668000000000000e+06
2.010912000000000000e+06
1.992649000000000000e+06
2.004593000000000000e+06
1.998044000000000000e+06
1.986842000000000000e+06
1.984350000000000000e+06
1.980663000000000000e+06
1.974920000000000000e+06
1.977412000000000000e+06
1.972550000000000000e+06
1.216313000000000000e+06
1.361187000000000000e+06
1.480398000000000000e+06
1.576820000000000000e+06
1.655986000000000000e+06
1.778135000000000000e+06
1.858004000000000000e+06
1.913379000000000000e+06
1.954463000000000000e+06
1.982058000000000000e+06
2.003870000000000000e+06
2.019591000000000000e+06
2.032780000000000000e+06
2.043595000000000000e+06
2.050513000000000000e+06
2.059111000000000000e+06
2.062891000000000000e+06
2.063381000000000000e+06
2.069947000000000000e+06
2.073953000000000000e+06
2.079306000000000000e+06
2.081304000000000000e+06
2.081349000000000000e+06
2.080988000000000000e+06
2.076841000000000000e+06
2.080499000000000000e+06
2.081868000000000000e+06
2.082903000000000000e+06
2.083331000000000000e+06
2.073065000000000000e+06
2.075614000000000000e+06
2.075358000000000000e+06
2.073260000000000000e+06
2.073347000000000000e+06
2.059063000000000000e+06
2.054305000000000000e+06
2.058404000000000000e+06
2.046350000000000000e+06
2.039179000000000000e+06
2.035021000000000000e+06
2.031451000000000000e+06
2.027444000000000000e+06
2.025981000000000000e+06
2.022642000000000000e+06
2.006654000000000000e+06
1.491910000000000000e+06
1.598966000000000000e+06
1.686183000000000000e+06
1.759031000000000000e+06
1.866606000000000000e+06
1.943728000000000000e+06
1.993850000000000000e+06
2.030636000000000000e+06
2.060009000000000000e+06
2.079293000000000000e+06
2.091119000000000000e+06
2.102050000000000000e+06
2.110683000000000000e+06
2.117460000000000000e+06
2.121758000000000000e+06
2.129090000000000000e+06
2.129130000000000000e+06
2.133419000000000000e+06
2.134286000000000000e+06
2.133713000000000000e+06
2.135172000000000000e+06
2.137490000000000000e+06
2.136580000000000000e+06
2.136384000000000000e+06
2.128638000000000000e+06
2.126953000000000000e+06
2.134201000000000000e+06
2.125672000000000000e+06
2.125401000000000000e+06
2.119170000000000000e+06
2.113836000000000000e+06
2.100118000000000000e+06
2.102893000000000000e+06
2.108383000000000000e+06
2.088549000000000000e+06
2.098256000000000000e+06
2.090453000000000000e+06
2.077322000000000000e+06
2.073220000000000000e+06
2.067134000000000000e+06
2.058745000000000000e+06
2.060080000000000000e+06
2.054843000000000000e+06
2.049049000000000000e+06
1.696752000000000000e+06
1.778292000000000000e+06
1.846551000000000000e+06
1.946046000000000000e+06
2.013916000000000000e+06
2.063662000000000000e+06
2.096318000000000000e+06
2.121267000000000000e+06
2.138553000000000000e+06
2.152408000000000000e+06
2.162860000000000000e+06
2.169124000000000000e+06
2.176459000000000000e+06
2.178897000000000000e+06
2.178183000000000000e+06
2.182928000000000000e+06
2.185313000000000000e+06
2.188853000000000000e+06
2.188924000000000000e+06
2.186272000000000000e+06
2.185242000000000000e+06
2.179524000000000000e+06
2.181130000000000000e+06
2.180983000000000000e+06
2.179942000000000000e+06
2.177969000000000000e+06
2.166020000000000000e+06
2.166988000000000000e+06
2.166064000000000000e+06
2.161569000000000000e+06
2.159755000000000000e+06
2.143087000000000000e+06
2.137134000000000000e+06
2.139370000000000000e+06
2.126056000000000000e+06
2.116627000000000000e+06
2.110614000000000000e+06
2.106874000000000000e+06
2.101371000000000000e+06
2.097664000000000000e+06
2.092827000000000000e+06
2.075638000000000000e+06
2.079767000000000000e+06
1.859673000000000000e+06
1.918959000000000000e+06
2.015008000000000000e+06
2.077756000000000000e+06
2.122874000000000000e+06
2.157535000000000000e+06
2.179129000000000000e+06
2.194142000000000000e+06
2.205424000000000000e+06
2.214021000000000000e+06
2.220394000000000000e+06
2.224030000000000000e+06
2.230245000000000000e+06
2.229308000000000000e+06
2.232220000000000000e+06
2.231626000000000000e+06
2.229951000000000000e+06
2.229370000000000000e+06
2.230478000000000000e+06
2.227837000000000000e+06
2.226440000000000000e+06
2.216566000000000000e+06
2.213110000000000000e+06
2.218703000000000000e+06
2.209381000000000000e+06
2.207850000000000000e+06
2.199348000000000000e+06
2.193152000000000000e+06
2.177026000000000000e+06
2.179460000000000000e+06
2.182111000000000000e+06
2.161452000000000000e+06
2.169129000000000000e+06
2.159978000000000000e+06
2.146014000000000000e+06
2.140275000000000000e+06
2.132564000000000000e+06
2.121951000000000000e+06
2.122868000000000000e+06
2.117052000000000000e+06
2.109968000000000000e+06
2.091136000000000000e+06
1.988799000000000000e+06
2.074879000000000000e+06
2.136962000000000000e+06
2.177384000000000000e+06
2.207556000000000000e+06
2.227767000000000000e+06
2.243296000000000000e+06
2.254613000000000000e+06
2.261004000000000000e+06
2.267774000000000000e+06
2.269904000000000000e+06
2.268405000000000000e+06
2.272099000000000000e+06
2.273710000000000000e+06
2.275908000000000000e+06
2.274403000000000000e+06
2.268675000000000000e+06
2.268256000000000000e+06
2.261075000000000000e+06
2.261331000000000000e+06
2.259703000000000000e+06
2.257415000000000000e+06
2.253440000000000000e+06
2.240177000000000000e+06
2.239707000000000000e+06
2.238770000000000000e+06
2.231856000000000000e+06
2.228563000000000000e+06
2.209881000000000000e+06
2.202831000000000000e+06
2.203846000000000000e+06
2.189454000000000000e+06
2.178208000000000000e+06
2.170565000000000000e+06
2.166650000000000000e+06
2.160190000000000000e+06
2.155048000000000000e+06
2.148702000000000000e+06
2.130586000000000000e+06
2.133577000000000000e+06
2.120065000000000000e+06
2.185487000000000000e+06
2.236444000000000000e+06
2.273577000000000000e+06
2.298064000000000000e+06
2.316352000000000000e+06
2.329170000000000000e+06
2.336237000000000000e+06
2.342815000000000000e+06
2.345056000000000000e+06
2.342963000000000000e+06
2.346077000000000000e+06
2.347222000000000000e+06
2.348058000000000000e+06
2.345066000000000000e+06
2.337799000000000000e+06
2.337274000000000000e+06
2.329284000000000000e+06
2.328066000000000000e+06
2.325347000000000000e+06
2.321839000000000000e+06
2.315665000000000000e+06
2.299534000000000000e+06
2.300410000000000000e+06
2.298602000000000000e+06
2.290509000000000000e+06
2.286035000000000000e+06
2.265432000000000000e+06
2.257335000000000000e+06
2.257742000000000000e+06
2.241977000000000000e+06
2.230344000000000000e+06
2.220367000000000000e+06
2.216439000000000000e+06
2.209318000000000000e+06
2.202510000000000000e+06
2.195057000000000000e+06
2.176343000000000000e+06
2.177905000000000000e+06
2.163876000000000000e+06
2.148046000000000000e+06
2.323479000000000000e+06
2.353733000000000000e+06
2.375585000000000000e+06
2.390523000000000000e+06
2.398997000000000000e+06
2.405740000000000000e+06
2.407935000000000000e+06
2.405797000000000000e+06
2.408686000000000000e+06
2.409245000000000000e+06
2.409292000000000000e+06
2.405235000000000000e+06
2.396882000000000000e+06
2.395901000000000000e+06
2.386792000000000000e+06
2.384729000000000000e+06
2.381092000000000000e+06
2.376437000000000000e+06
2.367748000000000000e+06
2.351464000000000000e+06
2.351354000000000000e+06
2.349421000000000000e+06
2.340393000000000000e+06
2.334909000000000000e+06
2.312647000000000000e+06
2.304205000000000000e+06
2.303445000000000000e+06
2.286716000000000000e+06
2.275257000000000000e+06
2.263448000000000000e+06
2.258869000000000000e+06
2.250802000000000000e+06
2.243055000000000000e+06
2.234600000000000000e+06
2.215311000000000000e+06
2.215583000000000000e+06
2.201245000000000000e+06
2.184380000000000000e+06
2.181777000000000000e+06
2.422888000000000000e+06
2.440912000000000000e+06
2.451368000000000000e+06
2.458788000000000000e+06
2.460674000000000000e+06
2.459540000000000000e+06
2.462172000000000000e+06
2.462307000000000000e+06
2.461473000000000000e+06
2.456290000000000000e+06
2.447701000000000000e+06
2.445955000000000000e+06
2.436328000000000000e+06
2.433491000000000000e+06
2.429016000000000000e+06
2.423127000000000000e+06
2.412638000000000000e+06
2.396063000000000000e+06
2.395267000000000000e+06
2.393133000000000000e+06
2.383181000000000000e+06
2.376907000000000000e+06
2.353627000000000000e+06
2.341726000000000000e+06
2.342653000000000000e+06
2.325456000000000000e+06
2.316854000000000000e+06
2.300535000000000000e+06
2.295612000000000000e+06
2.286855000000000000e+06
2.278094000000000000e+06
2.268817000000000000e+06
2.249004000000000000e+06
2.247976000000000000e+06
2.233595000000000000e+06
2.216112000000000000e+06
2.212565000000000000e+06
2.212835000000000000e+06
2.494491000000000000e+06
2.503110000000000000e+06
2.505193000000000000e+06
2.505212000000000000e+06
2.508219000000000000e+06
2.507784000000000000e+06
2.506193000000000000e+06
2.499544000000000000e+06
2.491442000000000000e+06
2.488271000000000000e+06
2.478836000000000000e+06
2.475397000000000000e+06
2.470308000000000000e+06
2.463467000000000000e+06
2.452036000000000000e+06
2.435061000000000000e+06
2.434087000000000000e+06
2.430962000000000000e+06
2.420436000000000000e+06
2.413246000000000000e+06
2.389154000000000000e+06
2.376657000000000000e+06
2.376782000000000000e+06
2.358824000000000000e+06
2.350456000000000000e+06
2.332650000000000000e+06
2.327513000000000000e+06
2.318272000000000000e+06
2.308458000000000000e+06
2.298494000000000000e+06
2.278582000000000000e+06
2.276215000000000000e+06
2.262057000000000000e+06
2.243803000000000000e+06
2.239704000000000000e+06
2.239601000000000000e+06
2.228048000000000000e+06
2.542494000000000000e+06
2.544777000000000000e+06
2.548095000000000000e+06
2.546697000000000000e+06
2.544693000000000000e+06
2.536699000000000000e+06
2.529150000000000000e+06
2.524305000000000000e+06
2.515799000000000000e+06
2.511763000000000000e+06
2.506158000000000000e+06
2.498436000000000000e+06
2.486295000000000000e+06
2.468866000000000000e+06
2.468104000000000000e+06
2.463850000000000000e+06
2.452518000000000000e+06
2.445138000000000000e+06
2.420220000000000000e+06
2.407382000000000000e+06
2.406648000000000000e+06
2.388190000000000000e+06
2.379746000000000000e+06
2.360911000000000000e+06
2.355754000000000000e+06
2.345611000000000000e+06
2.335582000000000000e+06
2.323625000000000000e+06
2.304467000000000000e+06
2.301360000000000000e+06
2.287038000000000000e+06
2.267962000000000000e+06
2.262795000000000000e+06
2.262905000000000000e+06
2.250884000000000000e+06
2.243888000000000000e+06
2.581754000000000000e+06
2.579709000000000000e+06
2.577630000000000000e+06
2.569141000000000000e+06
2.561630000000000000e+06
2.556461000000000000e+06
2.547715000000000000e+06
2.543300000000000000e+06
2.537140000000000000e+06
2.528630000000000000e+06
2.516034000000000000e+06
2.498188000000000000e+06
2.498182000000000000e+06
2.492611000000000000e+06
2.480783000000000000e+06
2.472938000000000000e+06
2.447283000000000000e+06
2.434299000000000000e+06
2.433090000000000000e+06
2.413932000000000000e+06
2.405535000000000000e+06
2.386081000000000000e+06
2.380827000000000000e+06
2.370113000000000000e+06
2.359398000000000000e+06
2.345832000000000000e+06
2.327499000000000000e+06
2.323529000000000000e+06
2.309027000000000000e+06
2.289627000000000000e+06
2.283378000000000000e+06
2.283719000000000000e+06
2.271268000000000000e+06
2.263947000000000000e+06
2.245568000000000000e+06
2.605360000000000000e+06
2.597037000000000000e+06
2.589542000000000000e+06
2.584065000000000000e+06
2.575287000000000000e+06
2.570440000000000000e+06
2.564134000000000000e+06
2.555090000000000000e+06
2.541969000000000000e+06
2.524189000000000000e+06
2.525079000000000000e+06
2.517860000000000000e+06
2.505666000000000000e+06
2.497337000000000000e+06
2.471138000000000000e+06
2.458076000000000000e+06
2.456540000000000000e+06
2.436734000000000000e+06
2.428399000000000000e+06
2.408249000000000000e+06
2.403386000000000000e+06
2.391504000000000000e+06
2.380531000000000000e+06
2.366169000000000000e+06
2.348113000000000000e+06
2.343278000000000000e+06
2.328907000000000000e+06
2.308990000000000000e+06
2.302140000000000000e+06
2.302134000000000000e+06
2.289364000000000000e+06
2.281762000000000000e+06
2.263207000000000000e+06
2.244597000000000000e+06
2.613071000000000000e+06
2.607648000000000000e+06
2.598954000000000000e+06
2.593951000000000000e+06
2.587455000000000000e+06
2.578159000000000000e+06
2.564444000000000000e+06
2.546701000000000000e+06
2.547545000000000000e+06
2.539820000000000000e+06
2.527485000000000000e+06
2.518931000000000000e+06
2.492108000000000000e+06
2.479143000000000000e+06
2.478171000000000000e+06
2.456848000000000000e+06
2.448789000000000000e+06
2.427821000000000000e+06
2.424993000000000000e+06
2.410789000000000000e+06
2.399230000000000000e+06
2.384490000000000000e+06
2.366342000000000000e+06
2.360911000000000000e+06
2.346581000000000000e+06
2.326546000000000000e+06
2.319095000000000000e+06
2.319127000000000000e+06
2.305527000000000000e+06
2.297949000000000000e+06
2.279298000000000000e+06
2.260497000000000000e+06
2.236731000000000000e+06
2.619130000000000000e+06
2.613946000000000000e+06
2.607547000000000000e+06
2.597986000000000000e+06
2.583918000000000000e+06
2.566223000000000000e+06
2.566917000000000000e+06
2.558883000000000000e+06
2.546325000000000000e+06
2.537648000000000000e+06
2.510588000000000000e+06
2.497560000000000000e+06
2.497442000000000000e+06
2.474590000000000000e+06
2.466873000000000000e+06
2.445196000000000000e+06
2.442513000000000000e+06
2.427989000000000000e+06
2.416034000000000000e+06
2.400828000000000000e+06
2.382647000000000000e+06
2.376856000000000000e+06
2.362455000000000000e+06
2.342001000000000000e+06
2.334561000000000000e+06
2.334010000000000000e+06
2.320129000000000000e+06
2.312446000000000000e+06
2.293488000000000000e+06
2.275024000000000000e+06
2.253038000000000000e+06
2.242643000000000000e+06
2.624763000000000000e+06
2.614910000000000000e+06
2.600597000000000000e+06
2.583313000000000000e+06
2.583833000000000000e+06
2.575524000000000000e+06
2.562800000000000000e+06
2.554178000000000000e+06
2.526800000000000000e+06
2.513907000000000000e+06
2.515658000000000000e+06
2.490149000000000000e+06
2.482815000000000000e+06
2.460585000000000000e+06
2.457777000000000000e+06
2.443018000000000000e+06
2.430899000000000000e+06
2.415192000000000000e+06
2.397410000000000000e+06
2.391505000000000000e+06
2.373789000000000000e+06
2.356008000000000000e+06
2.348393000000000000e+06
2.347744000000000000e+06
2.333157000000000000e+06
2.325567000000000000e+06
2.306194000000000000e+06
2.288297000000000000e+06
2.265918000000000000e+06
2.255225000000000000e+06
2.250833000000000000e+06
2.614928000000000000e+06
2.597927000000000000e+06
2.598274000000000000e+06
2.589724000000000000e+06
2.577024000000000000e+06
2.568569000000000000e+06
2.540869000000000000e+06
2.528289000000000000e+06
2.529882000000000000e+06
2.503783000000000000e+06
2.497003000000000000e+06
2.474480000000000000e+06
2.471562000000000000e+06
2.456613000000000000e+06
2.444362000000000000e+06
2.428066000000000000e+06
2.412749000000000000e+06
2.404865000000000000e+06
2.385602000000000000e+06
2.368311000000000000e+06
2.360874000000000000e+06
2.360109000000000000e+06
2.345170000000000000e+06
2.337474000000000000e+06
2.318032000000000000e+06
2.300280000000000000e+06
2.277631000000000000e+06
2.266490000000000000e+06
2.261987000000000000e+06
2.232371000000000000e+06
2.610749000000000000e+06
2.602059000000000000e+06
2.589375000000000000e+06
2.580780000000000000e+06
2.552960000000000000e+06
2.540654000000000000e+06
2.542263000000000000e+06
2.515899000000000000e+06
2.509384000000000000e+06
2.486417000000000000e+06
2.483811000000000000e+06
2.468435000000000000e+06
2.456179000000000000e+06
2.439740000000000000e+06
2.428543000000000000e+06
2.417639000000000000e+06
2.396825000000000000e+06
2.379775000000000000e+06
2.371987000000000000e+06
2.371377000000000000e+06
2.356245000000000000e+06
2.348293000000000000e+06
2.328565000000000000e+06
2.311450000000000000e+06
2.288205000000000000e+06
2.276817000000000000e+06
2.272237000000000000e+06
2.242554000000000000e+06
2.243104000000000000e+06
2.599825000000000000e+06
2.591531000000000000e+06
2.563502000000000000e+06
2.551295000000000000e+06
2.553113000000000000e+06
2.526490000000000000e+06
2.520351000000000000e+06
2.497073000000000000e+06
2.494757000000000000e+06
2.479125000000000000e+06
2.466810000000000000e+06
2.450068000000000000e+06
2.439064000000000000e+06
2.429004000000000000e+06
2.407153000000000000e+06
2.390104000000000000e+06
2.381889000000000000e+06
2.381259000000000000e+06
2.366325000000000000e+06
2.357992000000000000e+06
2.338192000000000000e+06
2.322082000000000000e+06
2.297637000000000000e+06
2.286218000000000000e+06
2.281494000000000000e+06
2.251876000000000000e+06
2.252404000000000000e+06
2.246677000000000000e+06
2.572287000000000000e+06
2.560502000000000000e+06
2.562387000000000000e+06
2.535479000000000000e+06
2.530081000000000000e+06
2.506507000000000000e+06
2.504002000000000000e+06
2.488505000000000000e+06
2.476171000000000000e+06
2.459341000000000000e+06
2.448621000000000000e+06
2.438144000000000000e+06
2.416592000000000000e+06
2.399019000000000000e+06
2.390959000000000000e+06
2.390118000000000000e+06
2.375594000000000000e+06
2.366789000000000000e+06
2.346795000000000000e+06
2.332687000000000000e+06
2.306521000000000000e+06
2.294739000000000000e+06
2.289940000000000000e+06
2.260359000000000000e+06
2.260698000000000000e+06
2.255225000000000000e+06
2.226132000000000000e+06
2.570213000000000000e+06
2.543832000000000000e+06
2.538221000000000000e+06
2.514537000000000000e+06
2.512277000000000000e+06
2.496509000000000000e+06
2.484468000000000000e+06
2.467092000000000000e+06
2.457201000000000000e+06
2.446309000000000000e+06
2.425208000000000000e+06
2.403338000000000000e+06
2.398956000000000000e+06
2.397899000000000000e+06
2.384153000000000000e+06
2.374560000000000000e+06
2.354313000000000000e+06
2.340503000000000000e+06
2.314555000000000000e+06
2.302570000000000000e+06
2.297562000000000000e+06
2.268138000000000000e+06
2.268259000000000000e+06
2.263024000000000000e+06
2.233946000000000000e+06
2.229483000000000000e+06
2.545220000000000000e+06
2.520600000000000000e+06
2.519507000000000000e+06
2.503632000000000000e+06
2.491516000000000000e+06
2.473861000000000000e+06
2.464539000000000000e+06
2.453660000000000000e+06
2.432616000000000000e+06
2.409811000000000000e+06
2.406189000000000000e+06
2.404864000000000000e+06
2.392281000000000000e+06
2.381693000000000000e+06
2.361330000000000000e+06
2.347623000000000000e+06
2.322012000000000000e+06
2.309703000000000000e+06
2.304454000000000000e+06
2.275328000000000000e+06
2.275236000000000000e+06
2.270259000000000000e+06
2.241048000000000000e+06
2.236259000000000000e+06
2.221316000000000000e+06
2.525512000000000000e+06
2.509650000000000000e+06
2.497572000000000000e+06
2.479875000000000000e+06
2.471070000000000000e+06
2.459893000000000000e+06
2.439182000000000000e+06
2.415978000000000000e+06
2.412935000000000000e+06
2.411248000000000000e+06
2.400058000000000000e+06
2.387837000000000000e+06
2.367669000000000000e+06
2.354018000000000000e+06
2.328955000000000000e+06
2.316288000000000000e+06
2.307956000000000000e+06
2.281714000000000000e+06
2.281392000000000000e+06
2.276948000000000000e+06
2.247721000000000000e+06
2.242484000000000000e+06
2.227629000000000000e+06
2.210329000000000000e+06
2.502731000000000000e+06
2.485001000000000000e+06
2.476830000000000000e+06
2.465506000000000000e+06
2.444892000000000000e+06
2.421571000000000000e+06
2.418699000000000000e+06
2.416788000000000000e+06
2.405611000000000000e+06
2.393343000000000000e+06
2.373061000000000000e+06
2.359647000000000000e+06
2.335082000000000000e+06
2.321981000000000000e+06
2.312634000000000000e+06
2.287521000000000000e+06
2.286979000000000000e+06
2.282575000000000000e+06
2.254221000000000000e+06
2.248071000000000000e+06
2.233525000000000000e+06
2.216730000000000000e+06
2.214674000000000000e+06
2.481662000000000000e+06
2.470232000000000000e+06
2.449618000000000000e+06
2.426473000000000000e+06
2.423401000000000000e+06
2.421528000000000000e+06
2.410564000000000000e+06
2.398211000000000000e+06
2.377719000000000000e+06
2.364623000000000000e+06
2.340381000000000000e+06
2.327127000000000000e+06
2.317151000000000000e+06
2.292841000000000000e+06
2.292251000000000000e+06
2.287864000000000000e+06
2.260969000000000000e+06
2.253240000000000000e+06
2.239091000000000000e+06
2.220395000000000000e+06
2.219509000000000000e+06
2.220854000000000000e+06
2.453721000000000000e+06
2.430641000000000000e+06
2.427525000000000000e+06
2.426001000000000000e+06
2.414727000000000000e+06
2.402477000000000000e+06
2.382077000000000000e+06
2.369079000000000000e+06
2.345042000000000000e+06
2.331691000000000000e+06
2.321467000000000000e+06
2.297735000000000000e+06
2.297237000000000000e+06
2.292744000000000000e+06
2.267124000000000000e+06
2.258041000000000000e+06
2.244206000000000000e+06
2.224829000000000000e+06
2.224057000000000000e+06
2.225551000000000000e+06
2.197207000000000000e+06
2.430878000000000000e+06
2.429870000000000000e+06
2.415627000000000000e+06
2.406139000000000000e+06
2.382943000000000000e+06
2.372911000000000000e+06
2.349337000000000000e+06
2.335744000000000000e+06
2.325345000000000000e+06
2.302047000000000000e+06
2.301488000000000000e+06
2.297127000000000000e+06
2.271675000000000000e+06
2.262230000000000000e+06
2.248885000000000000e+06
2.230030000000000000e+06
2.228177000000000000e+06
2.229921000000000000e+06
2.201521000000000000e+06
2.188823000000000000e+06
2.417553000000000000e+06
2.409030000000000000e+06
2.384974000000000000e+06
2.376410000000000000e+06
2.352997000000000000e+06
2.339233000000000000e+06
2.328753000000000000e+06
2.305774000000000000e+06
2.305106000000000000e+06
2.300853000000000000e+06
2.275631000000000000e+06
2.266060000000000000e+06
2.252934000000000000e+06
2.234689000000000000e+06
2.232264000000000000e+06
2.234186000000000000e+06
2.205459000000000000e+06
2.192563000000000000e+06
2.178957000000000000e+06
2.387007000000000000e+06
2.379191000000000000e+06
2.356004000000000000e+06
2.342291000000000000e+06
2.331815000000000000e+06
2.309091000000000000e+06
2.308324000000000000e+06
2.304279000000000000e+06
2.278961000000000000e+06
2.269516000000000000e+06
2.256419000000000000e+06
2.237976000000000000e+06
2.235875000000000000e+06
2.237795000000000000e+06
2.209019000000000000e+06
2.195926000000000000e+06
2.182477000000000000e+06
2.170183000000000000e+06
2.358665000000000000e+06
2.344900000000000000e+06
2.334548000000000000e+06
2.312039000000000000e+06
2.311014000000000000e+06
2.307484000000000000e+06
2.281744000000000000e+06
2.272623000000000000e+06
2.259382000000000000e+06
2.240804000000000000e+06
2.239129000000000000e+06
2.240908000000000000e+06
2.212168000000000000e+06
2.199243000000000000e+06
2.185743000000000000e+06
2.173470000000000000e+06
2.171377000000000000e+06
2.336903000000000000e+06
2.314436000000000000e+06
2.313267000000000000e+06
2.310100000000000000e+06
2.284325000000000000e+06
2.275211000000000000e+06
2.262085000000000000e+06
2.243370000000000000e+06
2.242178000000000000e+06
2.243433000000000000e+06
2.215051000000000000e+06
2.202148000000000000e+06
2.188861000000000000e+06
2.176361000000000000e+06
2.174740000000000000e+06
2.162810000000000000e+06
2.315088000000000000e+06
2.312261000000000000e+06
2.286443000000000000e+06
2.277384000000000000e+06
2.264515000000000000e+06
2.245967000000000000e+06
2.243123000000000000e+06
2.245630000000000000e+06
2.217559000000000000e+06
2.204795000000000000e+06
2.191628000000000000e+06
2.179001000000000000e+06
2.177558000000000000e+06
2.165593000000000000e+06
2.148472000000000000e+06
2.288196000000000000e+06
2.279442000000000000e+06
2.266744000000000000e+06
2.248449000000000000e+06
2.244423000000000000e+06
2.247738000000000000e+06
2.219656000000000000e+06
2.207282000000000000e+06
2.193898000000000000e+06
2.181403000000000000e+06
2.180089000000000000e+06
2.168041000000000000e+06
2.151350000000000000e+06
2.119983000000000000e+06
2.268814000000000000e+06
2.250623000000000000e+06
2.245899000000000000e+06
2.249911000000000000e+06
2.221640000000000000e+06
2.209325000000000000e+06
2.195844000000000000e+06
2.183569000000000000e+06
2.182441000000000000e+06
2.170258000000000000e+06
2.153922000000000000e+06
2.122395000000000000e+06
2.120846000000000000e+06
2.247139000000000000e+06
2.251633000000000000e+06
2.223289000000000000e+06
2.211098000000000000e+06
2.197567000000000000e+06
2.185601000000000000e+06
2.184735000000000000e+06
2.172193000000000000e+06
2.156255000000000000e+06
2.124570000000000000e+06
2.122912000000000000e+06
2.119482000000000000e+06
2.224728000000000000e+06
2.212563000000000000e+06
2.199097000000000000e+06
2.187290000000000000e+06
2.186940000000000000e+06
2.173905000000000000e+06
2.158317000000000000e+06
2.126524000000000000e+06
2.124666000000000000e+06
2.121335000000000000e+06
2.092160000000000000e+06
2.200378000000000000e+06
2.188586000000000000e+06
2.188873000000000000e+06
2.175327000000000000e+06
2.160162000000000000e+06
2.128205000000000000e+06
2.126156000000000000e+06
2.123105000000000000e+06
2.093993000000000000e+06
2.082507000000000000e+06
2.190299000000000000e+06
2.176578000000000000e+06
2.161730000000000000e+06
2.129737000000000000e+06
2.127467000000000000e+06
2.124583000000000000e+06
2.095628000000000000e+06
2.084165000000000000e+06
2.114013000000000000e+06
2.163145000000000000e+06
2.131050000000000000e+06
2.128540000000000000e+06
2.125741000000000000e+06
2.097047000000000000e+06
2.085514000000000000e+06
2.114894000000000000e+06
2.063202000000000000e+06
2.129529000000000000e+06
2.126783000000000000e+06
2.098217000000000000e+06
2.086704000000000000e+06
2.114538000000000000e+06
2.064586000000000000e+06
2.094437000000000000e+06
2.099233000000000000e+06
2.087802000000000000e+06
2.114304000000000000e+06
2.065781000000000000e+06
2.095364000000000000e+06
2.047628000000000000e+06
2.114151000000000000e+06
2.066838000000000000e+06
2.096044000000000000e+06
2.048058000000000000e+06
2.047115000000000000e+06
2.096509000000000000e+06
2.048482000000000000e+06
2.045961000000000000e+06
2.040655000000000000e+06
2.044981000000000000e+06
2.041470000000000000e+06
2.026627000000000000e+06
2.027156000000000000e+06
2.018163000000000000e+06
2.013212000000000000e+06
