3.142544700000000000e+07
3.142544700000000000e+07
3.142544700000000000e+07
3.142544700000000000e+07
3.142544700000000000e+07
3.142544700000000000e+07
3.142544700000000000e+07
3.142544700000000000e+07
3.142544700000000000e+07
3.142544700000000000e+07
3.142544700000000000e+07
3.142544700000000000e+07
3.142544700000000000e+07
3.142544700000000000e+07
3.142544700000000000e+07
3.142544700000000000e+07
3.142544700000000000e+07
3.142544700000000000e+07
3.142544700000000000e+07
3.142544700000000000e+07
3.142544700000000000e+07
3.142544700000000000e+07
3.142544700000000000e+07
3.142544700000000000e+07
3.142544700000000000e+07
3.142544700000000000e+07
3.052756500000000000e+07
3.000274200000000000e+07
2.965309400000000000e+07
2.951422100000000000e+07
2.960728700000000000e+07
2.918629600000000000e+07
2.869095500000000000e+07
2.800592000000000000e+07
2.727226300000000000e+07
2.688846900000000000e+07
2.654521900000000000e+07
2.623048100000000000e+07
2.580858300000000000e+07
2.547123700000000000e+07
2.500447800000000000e+07
2.455598800000000000e+07
2.411236600000000000e+07
2.367944300000000000e+07
2.329968100000000000e+07
2.295119100000000000e+07
2.256980100000000000e+07
2.228167700000000000e+07
2.200146300000000000e+07
2.175753300000000000e+07
2.154027900000000000e+07
2.129515000000000000e+07
2.107090800000000000e+07
2.082858400000000000e+07
2.057922800000000000e+07
2.034495200000000000e+07
2.009176900000000000e+07
1.984651700000000000e+07
1.962876200000000000e+07
1.937090800000000000e+07
1.911947400000000000e+07
1.887359600000000000e+07
1.865210500000000000e+07
1.838230600000000000e+07
1.821609300000000000e+07
1.797578600000000000e+07
1.777844300000000000e+07
1.754185000000000000e+07
1.735339100000000000e+07
1.714657400000000000e+07
1.695961600000000000e+07
3.142544700000000000e+07
3.142544700000000000e+07
3.142544700000000000e+07
3.142544700000000000e+07
3.142544700000000000e+07
3.142544700000000000e+07
3.142544700000000000e+07
3.142544700000000000e+07
3.142544700000000000e+07
3.142544700000000000e+07
3.142544700000000000e+07
3.142544700000000000e+07
3.142544700000000000e+07
3.142544700000000000e+07
3.142544700000000000e+07
3.142544700000000000e+07
3.142544700000000000e+07
3.142544700000000000e+07
3.142544700000000000e+07
3.142544700000000000e+07
3.142544700000000000e+07
3.142544700000000000e+07
3.142544700000000000e+07
3.142544700000000000e+07
3.142544700000000000e+07
3.051599800000000000e+07
3.001591800000000000e+07
2.971971800000000000e+07
2.965352700000000000e+07
2.971240900000000000e+07
2.922077100000000000e+07
2.865847500000000000e+07
2.796738600000000000e+07
2.735936100000000000e+07
2.689204600000000000e+07
2.655166800000000000e+07
2.625399400000000000e+07
2.587377200000000000e+07
2.545421600000000000e+07
2.497929900000000000e+07
2.453902700000000000e+07
2.409388400000000000e+07
2.367386400000000000e+07
2.327929400000000000e+07
2.288954600000000000e+07
2.257864500000000000e+07
2.226106800000000000e+07
2.202852000000000000e+07
2.176934900000000000e+07
2.153843300000000000e+07
2.130607700000000000e+07
2.106089600000000000e+07
2.081978900000000000e+07
2.059829200000000000e+07
2.033623900000000000e+07
2.008345100000000000e+07
1.984743700000000000e+07
1.958818700000000000e+07
1.936095900000000000e+07
1.911388900000000000e+07
1.887757300000000000e+07
1.865564900000000000e+07
1.840511700000000000e+07
1.819527600000000000e+07
1.796767300000000000e+07
1.774914500000000000e+07
1.755590300000000000e+07
1.733380900000000000e+07
1.715035400000000000e+07
1.693761300000000000e+07
3.142544700000000000e+07
3.142544700000000000e+07
3.142544700000000000e+07
3.142544700000000000e+07
3.142544700000000000e+07
3.142544700000000000e+07
3.142544700000000000e+07
3.142544700000000000e+07
3.142544700000000000e+07
3.142544700000000000e+07
3.142544700000000000e+07
3.142544700000000000e+07
3.142544700000000000e+07
3.142544700000000000e+07
3.142544700000000000e+07
3.142544700000000000e+07
3.142544700000000000e+07
3.142544700000000000e+07
3.142544700000000000e+07
3.142544700000000000e+07
3.142544700000000000e+07
3.142544700000000000e+07
3.142544700000000000e+07
3.114887500000000000e+07
3.049949400000000000e+07
3.003265200000000000e+07
2.981135400000000000e+07
2.984324500000000000e+07
2.980471000000000000e+07
2.888568600000000000e+07
2.862676900000000000e+07
2.776968200000000000e+07
2.734867100000000000e+07
2.673024800000000000e+07
2.671212400000000000e+07
2.625579800000000000e+07
2.586674000000000000e+07
2.541777500000000000e+07
2.496906400000000000e+07
2.450386100000000000e+07
2.407254800000000000e+07
2.365496300000000000e+07
2.329294500000000000e+07
2.288260700000000000e+07
2.257236200000000000e+07
2.229658400000000000e+07
2.200712100000000000e+07
2.178346000000000000e+07
2.154497000000000000e+07
2.132794700000000000e+07
2.108888200000000000e+07
2.083343400000000000e+07
2.059595400000000000e+07
2.032241200000000000e+07
2.009493800000000000e+07
1.984596000000000000e+07
1.959641000000000000e+07
1.933768600000000000e+07
1.911220300000000000e+07
1.885564100000000000e+07
1.863911500000000000e+07
1.840473400000000000e+07
1.817808300000000000e+07
1.796066300000000000e+07
1.773570800000000000e+07
1.755439700000000000e+07
1.731847500000000000e+07
1.713084900000000000e+07
1.695061200000000000e+07
3.142544700000000000e+07
3.142544700000000000e+07
3.142544700000000000e+07
3.142544700000000000e+07
3.142544700000000000e+07
3.142544700000000000e+07
3.142544700000000000e+07
3.142544700000000000e+07
3.142544700000000000e+07
3.142544700000000000e+07
3.142544700000000000e+07
3.142544700000000000e+07
3.142544700000000000e+07
3.142544700000000000e+07
3.142544700000000000e+07
3.142544700000000000e+07
3.142544700000000000e+07
3.142544700000000000e+07
3.142544700000000000e+07
3.142544700000000000e+07
3.142544700000000000e+07
3.142544700000000000e+07
3.111557100000000000e+07
3.049043700000000000e+07
3.008409700000000000e+07
2.992502900000000000e+07
2.993190100000000000e+07
2.989846100000000000e+07
2.893276600000000000e+07
2.858194200000000000e+07
2.789291000000000000e+07
2.719621000000000000e+07
2.694226800000000000e+07
2.672888800000000000e+07
2.627001900000000000e+07
2.586941400000000000e+07
2.529934500000000000e+07
2.492245000000000000e+07
2.448304600000000000e+07
2.405437400000000000e+07
2.364194000000000000e+07
2.326926800000000000e+07
2.287479200000000000e+07
2.258688000000000000e+07
2.230422800000000000e+07
2.204291500000000000e+07
2.179035800000000000e+07
2.156887000000000000e+07
2.132605500000000000e+07
2.109300000000000000e+07
2.083578400000000000e+07
2.058242100000000000e+07
2.031779200000000000e+07
2.005775100000000000e+07
1.982984500000000000e+07
1.958190600000000000e+07
1.932420700000000000e+07
1.907152400000000000e+07
1.888284400000000000e+07
1.863602100000000000e+07
1.839113200000000000e+07
1.818250300000000000e+07
1.796764700000000000e+07
1.772289600000000000e+07
1.755568300000000000e+07
1.733950500000000000e+07
1.714105200000000000e+07
1.692885800000000000e+07
3.142544700000000000e+07
3.142544700000000000e+07
3.142544700000000000e+07
3.142544700000000000e+07
3.142544700000000000e+07
3.142544700000000000e+07
3.142544700000000000e+07
3.142544700000000000e+07
3.142544700000000000e+07
3.142544700000000000e+07
3.142544700000000000e+07
3.142544700000000000e+07
3.142544700000000000e+07
3.142544700000000000e+07
3.142544700000000000e+07
3.142544700000000000e+07
3.142544700000000000e+07
3.142544700000000000e+07
3.142544700000000000e+07
3.142544700000000000e+07
3.142544700000000000e+07
3.108741600000000000e+07
3.049715200000000000e+07
3.013285200000000000e+07
3.009848500000000000e+07
3.001344600000000000e+07
2.993186400000000000e+07
2.883302600000000000e+07
2.852841000000000000e+07
2.787008900000000000e+07
2.734202900000000000e+07
2.696351000000000000e+07
2.662961400000000000e+07
2.627251700000000000e+07
2.584289600000000000e+07
2.522437800000000000e+07
2.490516200000000000e+07
2.444666800000000000e+07
2.403043400000000000e+07
2.364377000000000000e+07
2.321958200000000000e+07
2.291259000000000000e+07
2.260277300000000000e+07
2.231915000000000000e+07
2.206199200000000000e+07
2.178298500000000000e+07
2.158188700000000000e+07
2.134599500000000000e+07
2.108566300000000000e+07
2.084348100000000000e+07
2.056164600000000000e+07
2.032478500000000000e+07
2.007559800000000000e+07
1.981898000000000000e+07
1.957690000000000000e+07
1.931784300000000000e+07
1.907309600000000000e+07
1.884109700000000000e+07
1.860204000000000000e+07
1.838003600000000000e+07
1.816253300000000000e+07
1.792664400000000000e+07
1.771908300000000000e+07
1.750381000000000000e+07
1.731305100000000000e+07
1.713013900000000000e+07
1.693720900000000000e+07
3.142544700000000000e+07
3.142544700000000000e+07
3.142544700000000000e+07
3.142544700000000000e+07
3.142544700000000000e+07
3.142544700000000000e+07
3.142544700000000000e+07
3.142544700000000000e+07
3.142544700000000000e+07
3.142544700000000000e+07
3.142544700000000000e+07
3.142544700000000000e+07
3.142544700000000000e+07
3.142544700000000000e+07
3.142544700000000000e+07
3.142544700000000000e+07
3.142544700000000000e+07
3.142544700000000000e+07
3.142544700000000000e+07
3.142544700000000000e+07
3.108004700000000000e+07
2.972280100000000000e+07
3.021794900000000000e+07
3.017461700000000000e+07
3.008880700000000000e+07
3.001345200000000000e+07
2.844585600000000000e+07
2.849615600000000000e+07
2.784732100000000000e+07
2.734887700000000000e+07
2.699008300000000000e+07
2.665563000000000000e+07
2.622307900000000000e+07
2.583147500000000000e+07
2.535274800000000000e+07
2.489086200000000000e+07
2.443013100000000000e+07
2.396761200000000000e+07
2.364034700000000000e+07
2.322414700000000000e+07
2.290270200000000000e+07
2.260314400000000000e+07
2.233520300000000000e+07
2.207443300000000000e+07
2.183083300000000000e+07
2.158278200000000000e+07
2.133874000000000000e+07
2.108001500000000000e+07
2.084689500000000000e+07
2.056861000000000000e+07
2.031612200000000000e+07
2.006033200000000000e+07
1.981151100000000000e+07
1.954298800000000000e+07
1.932288000000000000e+07
1.904114500000000000e+07
1.883567600000000000e+07
1.861588300000000000e+07
1.836281800000000000e+07
1.815079100000000000e+07
1.792342600000000000e+07
1.769126600000000000e+07
1.751421700000000000e+07
1.729533300000000000e+07
1.710068400000000000e+07
1.692215100000000000e+07
3.142544700000000000e+07
3.142544700000000000e+07
3.142544700000000000e+07
3.142544700000000000e+07
3.142544700000000000e+07
3.142544700000000000e+07
3.142544700000000000e+07
3.142544700000000000e+07
3.142544700000000000e+07
3.142544700000000000e+07
3.142544700000000000e+07
3.142544700000000000e+07
3.142544700000000000e+07
3.142544700000000000e+07
3.142544700000000000e+07
3.142544700000000000e+07
3.142544700000000000e+07
3.142544700000000000e+07
3.142544700000000000e+07
3.107522900000000000e+07
3.054623900000000000e+07
3.039005100000000000e+07
3.024934200000000000e+07
3.012685900000000000e+07
3.003374800000000000e+07
2.888226800000000000e+07
2.797420700000000000e+07
2.759513200000000000e+07
2.737111100000000000e+07
2.700589500000000000e+07
2.667608600000000000e+07
2.626837100000000000e+07
2.581098100000000000e+07
2.533224400000000000e+07
2.485172500000000000e+07
2.441388300000000000e+07
2.398968200000000000e+07
2.361489500000000000e+07
2.322616700000000000e+07
2.290649800000000000e+07
2.260702400000000000e+07
2.231909600000000000e+07
2.208928800000000000e+07
2.184915500000000000e+07
2.158088200000000000e+07
2.133755500000000000e+07
2.110115700000000000e+07
2.085518200000000000e+07
2.057719200000000000e+07
2.032345200000000000e+07
2.003661900000000000e+07
1.980273000000000000e+07
1.955405300000000000e+07
1.929543700000000000e+07
1.905869700000000000e+07
1.881678100000000000e+07
1.857548800000000000e+07
1.833621500000000000e+07
1.814749500000000000e+07
1.789307200000000000e+07
1.770698300000000000e+07
1.749508400000000000e+07
1.730636400000000000e+07
1.710327700000000000e+07
1.691066500000000000e+07
3.142544700000000000e+07
3.142544700000000000e+07
3.142544700000000000e+07
3.142544700000000000e+07
3.142544700000000000e+07
3.142544700000000000e+07
3.142544700000000000e+07
3.142544700000000000e+07
3.142544700000000000e+07
3.142544700000000000e+07
3.142544700000000000e+07
3.142544700000000000e+07
3.142544700000000000e+07
3.142544700000000000e+07
3.142544700000000000e+07
3.142544700000000000e+07
3.142544700000000000e+07
3.142544700000000000e+07
3.106124600000000000e+07
3.059825900000000000e+07
3.049038200000000000e+07
3.031724100000000000e+07
3.019793200000000000e+07
2.973575100000000000e+07
2.913982300000000000e+07
2.842502200000000000e+07
2.782677000000000000e+07
2.737986700000000000e+07
2.667985700000000000e+07
2.665873000000000000e+07
2.625466900000000000e+07
2.579347600000000000e+07
2.530197600000000000e+07
2.483784900000000000e+07
2.440579900000000000e+07
2.399445100000000000e+07
2.360957600000000000e+07
2.322867500000000000e+07
2.291303300000000000e+07
2.262026100000000000e+07
2.234712000000000000e+07
2.209623600000000000e+07
2.185266600000000000e+07
2.159011700000000000e+07
2.134012500000000000e+07
2.107220500000000000e+07
2.082843600000000000e+07
2.055418100000000000e+07
2.030260300000000000e+07
2.004583800000000000e+07
1.979196600000000000e+07
1.954757600000000000e+07
1.928230500000000000e+07
1.902894200000000000e+07
1.878689100000000000e+07
1.856620100000000000e+07
1.832490300000000000e+07
1.813025200000000000e+07
1.788940600000000000e+07
1.768840300000000000e+07
1.747866200000000000e+07
1.728667900000000000e+07
1.710702000000000000e+07
1.690061600000000000e+07
3.142544700000000000e+07
3.142544700000000000e+07
3.142544700000000000e+07
3.142544700000000000e+07
3.142544700000000000e+07
3.142544700000000000e+07
3.142544700000000000e+07
3.142544700000000000e+07
3.142544700000000000e+07
3.142544700000000000e+07
3.142544700000000000e+07
3.142544700000000000e+07
3.142544700000000000e+07
3.142544700000000000e+07
3.142544700000000000e+07
3.142544700000000000e+07
3.142472200000000000e+07
3.105442400000000000e+07
3.079535900000000000e+07
3.054284600000000000e+07
3.033738400000000000e+07
3.022277200000000000e+07
2.974437900000000000e+07
2.910261000000000000e+07
2.809766300000000000e+07
2.781828400000000000e+07
2.729149500000000000e+07
2.704951500000000000e+07
2.667365900000000000e+07
2.622314400000000000e+07
2.577317600000000000e+07
2.526544400000000000e+07
2.482338700000000000e+07
2.437137300000000000e+07
2.398307900000000000e+07
2.354983300000000000e+07
2.322438800000000000e+07
2.291034400000000000e+07
2.263711500000000000e+07
2.235993200000000000e+07
2.210181600000000000e+07
2.184706800000000000e+07
2.159245300000000000e+07
2.134332100000000000e+07
2.107646600000000000e+07
2.080904500000000000e+07
2.055202100000000000e+07
2.029013100000000000e+07
2.002630300000000000e+07
1.978216700000000000e+07
1.952374500000000000e+07
1.927627300000000000e+07
1.903761200000000000e+07
1.879316800000000000e+07
1.856156700000000000e+07
1.835047800000000000e+07
1.810596900000000000e+07
1.787235800000000000e+07
1.769490600000000000e+07
1.746722900000000000e+07
1.730643000000000000e+07
1.708586300000000000e+07
1.691687400000000000e+07
3.142544700000000000e+07
3.142544700000000000e+07
3.142544700000000000e+07
3.142544700000000000e+07
3.142544700000000000e+07
3.142544700000000000e+07
3.142544700000000000e+07
3.142544700000000000e+07
3.142544700000000000e+07
3.142544700000000000e+07
3.142544700000000000e+07
3.142544700000000000e+07
3.142544700000000000e+07
3.142544700000000000e+07
3.142544700000000000e+07
3.142271800000000000e+07
3.105756600000000000e+07
3.083245900000000000e+07
3.055984000000000000e+07
3.040309700000000000e+07
2.978992600000000000e+07
2.974206000000000000e+07
2.905326000000000000e+07
2.836674500000000000e+07
2.782046900000000000e+07
2.741058400000000000e+07
2.706855200000000000e+07
2.666488700000000000e+07
2.619855800000000000e+07
2.573880400000000000e+07
2.525610400000000000e+07
2.479420600000000000e+07
2.436998300000000000e+07
2.396177000000000000e+07
2.355685200000000000e+07
2.322560100000000000e+07
2.292688600000000000e+07
2.263538900000000000e+07
2.237503600000000000e+07
2.212243500000000000e+07
2.186330900000000000e+07
2.160140500000000000e+07
2.135521200000000000e+07
2.107222400000000000e+07
2.082264700000000000e+07
2.052033500000000000e+07
2.028286400000000000e+07
2.001249700000000000e+07
1.977134900000000000e+07
1.949136900000000000e+07
1.926888700000000000e+07
1.902964800000000000e+07
1.876865000000000000e+07
1.854725300000000000e+07
1.834399200000000000e+07
1.811464500000000000e+07
1.788612700000000000e+07
1.767367600000000000e+07
1.747787900000000000e+07
1.728772100000000000e+07
1.711003500000000000e+07
1.690835800000000000e+07
3.142544700000000000e+07
3.142544700000000000e+07
3.142544700000000000e+07
3.142544700000000000e+07
3.142544700000000000e+07
3.142544700000000000e+07
3.142544700000000000e+07
3.142544700000000000e+07
3.142544700000000000e+07
3.142544700000000000e+07
3.142544700000000000e+07
3.142544700000000000e+07
3.142544700000000000e+07
3.142544700000000000e+07
3.142544700000000000e+07
3.120903800000000000e+07
3.087376000000000000e+07
3.063337300000000000e+07
3.044789400000000000e+07
2.999573300000000000e+07
2.912767700000000000e+07
2.896382500000000000e+07
2.832778200000000000e+07
2.784310700000000000e+07
2.755898400000000000e+07
2.692666700000000000e+07
2.659193900000000000e+07
2.605047100000000000e+07
2.567716700000000000e+07
2.518848800000000000e+07
2.475248800000000000e+07
2.432460200000000000e+07
2.390400700000000000e+07
2.354651800000000000e+07
2.325291400000000000e+07
2.293825700000000000e+07
2.265561500000000000e+07
2.239568200000000000e+07
2.212469600000000000e+07
2.188190100000000000e+07
2.161149200000000000e+07
2.134498000000000000e+07
2.105369900000000000e+07
2.078062900000000000e+07
2.051981500000000000e+07
2.026023500000000000e+07
1.999118800000000000e+07
1.971976000000000000e+07
1.946515200000000000e+07
1.923653000000000000e+07
1.899131000000000000e+07
1.873752600000000000e+07
1.852586500000000000e+07
1.830503800000000000e+07
1.807913900000000000e+07
1.786787800000000000e+07
1.765911000000000000e+07
1.744523400000000000e+07
1.723386600000000000e+07
1.693987400000000000e+07
1.676116900000000000e+07
3.142544700000000000e+07
3.142544700000000000e+07
3.142544700000000000e+07
3.142544700000000000e+07
3.142544700000000000e+07
3.142544700000000000e+07
3.142544700000000000e+07
3.142544700000000000e+07
3.142544700000000000e+07
3.142544700000000000e+07
3.142544700000000000e+07
3.142544700000000000e+07
3.142544700000000000e+07
3.142544700000000000e+07
3.122883300000000000e+07
3.091952700000000000e+07
3.073021500000000000e+07
2.898587900000000000e+07
2.999045400000000000e+07
2.963155100000000000e+07
2.858660100000000000e+07
2.831891300000000000e+07
2.788327100000000000e+07
2.749513900000000000e+07
2.692816900000000000e+07
2.661337400000000000e+07
2.609673300000000000e+07
2.562025100000000000e+07
2.514230500000000000e+07
2.471191400000000000e+07
2.431048700000000000e+07
2.389154200000000000e+07
2.357190100000000000e+07
2.326965800000000000e+07
2.294846700000000000e+07
2.268180100000000000e+07
2.239874800000000000e+07
2.215030700000000000e+07
2.187954500000000000e+07
2.160478300000000000e+07
2.131221000000000000e+07
2.102927300000000000e+07
2.075177900000000000e+07
2.049787600000000000e+07
2.022620400000000000e+07
1.997553700000000000e+07
1.971197700000000000e+07
1.944154800000000000e+07
1.919436000000000000e+07
1.896175000000000000e+07
1.870889800000000000e+07
1.850568200000000000e+07
1.827186400000000000e+07
1.804439200000000000e+07
1.783373000000000000e+07
1.763291900000000000e+07
1.743235100000000000e+07
1.713296300000000000e+07
1.691323800000000000e+07
1.674556200000000000e+07
3.142544700000000000e+07
3.142544700000000000e+07
3.142544700000000000e+07
3.142544700000000000e+07
3.142544700000000000e+07
3.142544700000000000e+07
3.142544700000000000e+07
3.142544700000000000e+07
3.142544700000000000e+07
3.142544700000000000e+07
3.142544700000000000e+07
3.142544700000000000e+07
3.142544700000000000e+07
3.124678100000000000e+07
3.096121600000000000e+07
3.071288900000000000e+07
3.027455000000000000e+07
2.993757200000000000e+07
2.954798900000000000e+07
2.885466200000000000e+07
2.832722100000000000e+07
2.799260300000000000e+07
2.751432800000000000e+07
2.705842000000000000e+07
2.656389500000000000e+07
2.604178100000000000e+07
2.555725800000000000e+07
2.510012500000000000e+07
2.469090300000000000e+07
2.424501800000000000e+07
2.388837500000000000e+07
2.355353500000000000e+07
2.323840600000000000e+07
2.296173200000000000e+07
2.269706600000000000e+07
2.242201600000000000e+07
2.214968000000000000e+07
2.186126300000000000e+07
2.159110000000000000e+07
2.128986800000000000e+07
2.102423700000000000e+07
2.073725300000000000e+07
2.046596000000000000e+07
2.021959100000000000e+07
1.993142100000000000e+07
1.965206100000000000e+07
1.941547000000000000e+07
1.915694900000000000e+07
1.894290800000000000e+07
1.868787300000000000e+07
1.847813900000000000e+07
1.826732300000000000e+07
1.803115000000000000e+07
1.782821200000000000e+07
1.748703100000000000e+07
1.729983600000000000e+07
1.710063900000000000e+07
1.692759700000000000e+07
1.675138700000000000e+07
3.142544700000000000e+07
3.142544700000000000e+07
3.142544700000000000e+07
3.142544700000000000e+07
3.142544700000000000e+07
3.142544700000000000e+07
3.142544700000000000e+07
3.142544700000000000e+07
3.142544700000000000e+07
3.142544700000000000e+07
3.142544700000000000e+07
3.142544700000000000e+07
3.125726700000000000e+07
3.099685300000000000e+07
3.056225800000000000e+07
2.975854400000000000e+07
2.985342400000000000e+07
2.947128300000000000e+07
2.858679700000000000e+07
2.834128700000000000e+07
2.794059900000000000e+07
2.750460800000000000e+07
2.700932600000000000e+07
2.648616300000000000e+07
2.600348200000000000e+07
2.549996100000000000e+07
2.507051200000000000e+07
2.461250600000000000e+07
2.423963500000000000e+07
2.389936700000000000e+07
2.357786200000000000e+07
2.327432500000000000e+07
2.298261800000000000e+07
2.269831600000000000e+07
2.240622300000000000e+07
2.210586900000000000e+07
2.183433900000000000e+07
2.155544800000000000e+07
2.125384000000000000e+07
2.098487200000000000e+07
2.069456100000000000e+07
2.043289800000000000e+07
2.014650500000000000e+07
1.991337600000000000e+07
1.963125700000000000e+07
1.937650400000000000e+07
1.915306900000000000e+07
1.889798200000000000e+07
1.867012800000000000e+07
1.847386400000000000e+07
1.823624200000000000e+07
1.799700800000000000e+07
1.769144900000000000e+07
1.748501700000000000e+07
1.729250900000000000e+07
1.712090400000000000e+07
1.693115700000000000e+07
1.671553500000000000e+07
3.142544700000000000e+07
3.142544700000000000e+07
3.142544700000000000e+07
3.142544700000000000e+07
3.142544700000000000e+07
3.142544700000000000e+07
3.142544700000000000e+07
3.142544700000000000e+07
3.142544700000000000e+07
3.142544700000000000e+07
3.142544700000000000e+07
3.126972800000000000e+07
3.097981700000000000e+07
3.054884200000000000e+07
3.018188900000000000e+07
2.978043400000000000e+07
2.941912000000000000e+07
2.883311100000000000e+07
2.844918700000000000e+07
2.793902300000000000e+07
2.748263400000000000e+07
2.696461100000000000e+07
2.636663000000000000e+07
2.589140100000000000e+07
2.546117000000000000e+07
2.505059900000000000e+07
2.459210600000000000e+07
2.422826400000000000e+07
2.389031100000000000e+07
2.358913900000000000e+07
2.327389400000000000e+07
2.298621800000000000e+07
2.269241300000000000e+07
2.239113800000000000e+07
2.211267400000000000e+07
2.183200200000000000e+07
2.152898700000000000e+07
2.122942100000000000e+07
2.093620900000000000e+07
2.067731400000000000e+07
2.040128800000000000e+07
2.012435400000000000e+07
1.985780500000000000e+07
1.959517400000000000e+07
1.936004900000000000e+07
1.912376500000000000e+07
1.885211600000000000e+07
1.864551400000000000e+07
1.842804500000000000e+07
1.820103100000000000e+07
1.787367100000000000e+07
1.767922400000000000e+07
1.746327300000000000e+07
1.725073700000000000e+07
1.707540600000000000e+07
1.689521400000000000e+07
1.666986800000000000e+07
3.142544700000000000e+07
3.142544700000000000e+07
3.142544700000000000e+07
3.142544700000000000e+07
3.142544700000000000e+07
3.142544700000000000e+07
3.142544700000000000e+07
3.142544700000000000e+07
3.142544700000000000e+07
3.142544700000000000e+07
3.128372900000000000e+07
3.086458500000000000e+07
2.944873200000000000e+07
3.010406400000000000e+07
2.970967100000000000e+07
2.938547900000000000e+07
2.884154400000000000e+07
2.845778900000000000e+07
2.774880000000000000e+07
2.741570500000000000e+07
2.690301700000000000e+07
2.638532500000000000e+07
2.590234100000000000e+07
2.543210200000000000e+07
2.498031900000000000e+07
2.459455600000000000e+07
2.422711900000000000e+07
2.389802700000000000e+07
2.359351600000000000e+07
2.327286400000000000e+07
2.296034400000000000e+07
2.268195800000000000e+07
2.239113800000000000e+07
2.209498200000000000e+07
2.180216400000000000e+07
2.149452100000000000e+07
2.120690600000000000e+07
2.091434100000000000e+07
2.065346700000000000e+07
2.036121500000000000e+07
2.010666200000000000e+07
1.983527800000000000e+07
1.956498500000000000e+07
1.933250600000000000e+07
1.909612300000000000e+07
1.884646900000000000e+07
1.862209900000000000e+07
1.828546900000000000e+07
1.805633200000000000e+07
1.785366200000000000e+07
1.765119000000000000e+07
1.745493300000000000e+07
1.727218800000000000e+07
1.705135200000000000e+07
1.688802100000000000e+07
1.670835700000000000e+07
3.142544700000000000e+07
3.142544700000000000e+07
3.142544700000000000e+07
3.142544700000000000e+07
3.142544700000000000e+07
3.142544700000000000e+07
3.142544700000000000e+07
3.142544700000000000e+07
3.142544700000000000e+07
3.131349600000000000e+07
3.081380600000000000e+07
3.039014600000000000e+07
2.999594400000000000e+07
2.966270700000000000e+07
2.937349300000000000e+07
2.891685200000000000e+07
2.816112500000000000e+07
2.787593900000000000e+07
2.732009200000000000e+07
2.678450200000000000e+07
2.629929100000000000e+07
2.582375600000000000e+07
2.534363600000000000e+07
2.492026500000000000e+07
2.455748300000000000e+07
2.421078400000000000e+07
2.389649100000000000e+07
2.355929400000000000e+07
2.326073700000000000e+07
2.295032500000000000e+07
2.263058600000000000e+07
2.233054900000000000e+07
2.201674300000000000e+07
2.173098800000000000e+07
2.141670100000000000e+07
2.113316000000000000e+07
2.083505000000000000e+07
2.054755000000000000e+07
2.028228900000000000e+07
2.004616900000000000e+07
1.975825400000000000e+07
1.951672100000000000e+07
1.927775700000000000e+07
1.902311400000000000e+07
1.868897400000000000e+07
1.848435600000000000e+07
1.826068500000000000e+07
1.802860000000000000e+07
1.782240800000000000e+07
1.761573700000000000e+07
1.742466900000000000e+07
1.725391800000000000e+07
1.706712200000000000e+07
1.685335600000000000e+07
1.669313600000000000e+07
3.142544700000000000e+07
3.142544700000000000e+07
3.142544700000000000e+07
3.142544700000000000e+07
3.142544700000000000e+07
3.142544700000000000e+07
3.142544700000000000e+07
3.142544700000000000e+07
3.130865700000000000e+07
3.070648100000000000e+07
2.915850600000000000e+07
2.995989300000000000e+07
2.965357100000000000e+07
2.942430800000000000e+07
2.885560800000000000e+07
2.833125200000000000e+07
2.776933300000000000e+07
2.720801000000000000e+07
2.668814500000000000e+07
2.621082100000000000e+07
2.569413300000000000e+07
2.529118800000000000e+07
2.490365100000000000e+07
2.451516100000000000e+07
2.419510400000000000e+07
2.384739500000000000e+07
2.352479700000000000e+07
2.320759400000000000e+07
2.288743400000000000e+07
2.257693500000000000e+07
2.226692100000000000e+07
2.194521500000000000e+07
2.164784400000000000e+07
2.134694400000000000e+07
2.103936200000000000e+07
2.078051000000000000e+07
2.048725700000000000e+07
2.023942500000000000e+07
1.996283800000000000e+07
1.968893800000000000e+07
1.945712500000000000e+07
1.911770800000000000e+07
1.887078700000000000e+07
1.865137000000000000e+07
1.842045900000000000e+07
1.820011100000000000e+07
1.797812400000000000e+07
1.777583600000000000e+07
1.758456200000000000e+07
1.740111400000000000e+07
1.719059700000000000e+07
1.701766500000000000e+07
1.684259600000000000e+07
1.666684900000000000e+07
3.142544700000000000e+07
3.142544700000000000e+07
3.142544700000000000e+07
3.142544700000000000e+07
3.142544700000000000e+07
3.142544700000000000e+07
3.142544700000000000e+07
3.008892300000000000e+07
3.066718800000000000e+07
3.028415600000000000e+07
2.998332000000000000e+07
2.934862500000000000e+07
2.946885700000000000e+07
2.879960200000000000e+07
2.823146800000000000e+07
2.764776600000000000e+07
2.708763000000000000e+07
2.655590900000000000e+07
2.609808300000000000e+07
2.565276600000000000e+07
2.523297500000000000e+07
2.484848000000000000e+07
2.448140600000000000e+07
2.414784300000000000e+07
2.380478400000000000e+07
2.347037100000000000e+07
2.312673600000000000e+07
2.280138500000000000e+07
2.247939400000000000e+07
2.216281200000000000e+07
2.186952800000000000e+07
2.154798800000000000e+07
2.125561400000000000e+07
2.095998300000000000e+07
2.067967100000000000e+07
2.041181700000000000e+07
2.017291000000000000e+07
1.977328100000000000e+07
1.953513400000000000e+07
1.929733200000000000e+07
1.904812300000000000e+07
1.881061500000000000e+07
1.862444300000000000e+07
1.838700100000000000e+07
1.815807400000000000e+07
1.796063800000000000e+07
1.774429100000000000e+07
1.753791500000000000e+07
1.736789800000000000e+07
1.719425600000000000e+07
1.697845600000000000e+07
1.681208900000000000e+07
1.662578300000000000e+07
3.142544700000000000e+07
3.142544700000000000e+07
3.142544700000000000e+07
3.142544700000000000e+07
3.142544700000000000e+07
3.142544700000000000e+07
3.111790900000000000e+07
3.064885200000000000e+07
2.962461700000000000e+07
2.996797100000000000e+07
2.919484600000000000e+07
2.932643900000000000e+07
2.871502200000000000e+07
2.789588800000000000e+07
2.752103100000000000e+07
2.698669300000000000e+07
2.646217600000000000e+07
2.600174200000000000e+07
2.557130700000000000e+07
2.516792400000000000e+07
2.476835000000000000e+07
2.441445900000000000e+07
2.407508200000000000e+07
2.372656200000000000e+07
2.339285800000000000e+07
2.305195600000000000e+07
2.272576100000000000e+07
2.240835300000000000e+07
2.207489100000000000e+07
2.177681600000000000e+07
2.147023400000000000e+07
2.117365500000000000e+07
2.091060600000000000e+07
2.059479600000000000e+07
2.025842200000000000e+07
1.998175600000000000e+07
1.969764100000000000e+07
1.947326400000000000e+07
1.922738100000000000e+07
1.899785600000000000e+07
1.877665700000000000e+07
1.854027300000000000e+07
1.831611500000000000e+07
1.810834700000000000e+07
1.790498800000000000e+07
1.771174200000000000e+07
1.751654500000000000e+07
1.730270000000000000e+07
1.713037300000000000e+07
1.694851400000000000e+07
1.675503000000000000e+07
1.659754400000000000e+07
3.142544700000000000e+07
3.142544700000000000e+07
3.142544700000000000e+07
3.142544700000000000e+07
3.142544700000000000e+07
3.028797900000000000e+07
3.005708500000000000e+07
3.028557600000000000e+07
2.989398000000000000e+07
2.954297500000000000e+07
2.885871200000000000e+07
2.836476800000000000e+07
2.796990600000000000e+07
2.725770800000000000e+07
2.687059400000000000e+07
2.637985100000000000e+07
2.592011700000000000e+07
2.546612800000000000e+07
2.507401600000000000e+07
2.468718200000000000e+07
2.433977100000000000e+07
2.397502400000000000e+07
2.363260300000000000e+07
2.328680700000000000e+07
2.293561900000000000e+07
2.260717000000000000e+07
2.229073100000000000e+07
2.198993400000000000e+07
2.166731900000000000e+07
2.135923300000000000e+07
2.107727800000000000e+07
2.068560600000000000e+07
2.042600300000000000e+07
2.018472700000000000e+07
1.987811400000000000e+07
1.964076900000000000e+07
1.939961600000000000e+07
1.915876700000000000e+07
1.892203500000000000e+07
1.872944700000000000e+07
1.848851300000000000e+07
1.825886500000000000e+07
1.806720700000000000e+07
1.784617900000000000e+07
1.764848500000000000e+07
1.747132300000000000e+07
1.728606400000000000e+07
1.707052600000000000e+07
1.690745200000000000e+07
1.671275000000000000e+07
1.656025800000000000e+07
3.142544700000000000e+07
3.142544700000000000e+07
3.142544700000000000e+07
3.142544700000000000e+07
3.107273500000000000e+07
3.061427200000000000e+07
3.024385500000000000e+07
2.940387900000000000e+07
2.911280600000000000e+07
2.876206700000000000e+07
2.844481800000000000e+07
2.784809600000000000e+07
2.725437400000000000e+07
2.673477000000000000e+07
2.624385800000000000e+07
2.579714800000000000e+07
2.536066900000000000e+07
2.495304600000000000e+07
2.458653000000000000e+07
2.421881400000000000e+07
2.387069800000000000e+07
2.351879400000000000e+07
2.316762100000000000e+07
2.283319000000000000e+07
2.250473600000000000e+07
2.218563300000000000e+07
2.186579300000000000e+07
2.157186900000000000e+07
2.117968800000000000e+07
2.090869600000000000e+07
2.060248800000000000e+07
2.035794300000000000e+07
2.007926900000000000e+07
1.980927400000000000e+07
1.956481500000000000e+07
1.931722600000000000e+07
1.909064900000000000e+07
1.887009200000000000e+07
1.862100700000000000e+07
1.840317600000000000e+07
1.819517500000000000e+07
1.799066600000000000e+07
1.778915100000000000e+07
1.760148000000000000e+07
1.738002400000000000e+07
1.720858900000000000e+07
1.703373700000000000e+07
1.684424800000000000e+07
1.668041500000000000e+07
1.650106900000000000e+07
3.142544700000000000e+07
3.142544700000000000e+07
3.142544700000000000e+07
3.103366900000000000e+07
2.946579700000000000e+07
3.008077700000000000e+07
2.966723100000000000e+07
2.929274400000000000e+07
2.870828500000000000e+07
2.827586900000000000e+07
2.735184100000000000e+07
2.711131500000000000e+07
2.659578200000000000e+07
2.609966600000000000e+07
2.564075300000000000e+07
2.522348800000000000e+07
2.480252300000000000e+07
2.444296300000000000e+07
2.406835400000000000e+07
2.371490000000000000e+07
2.337445000000000000e+07
2.301732200000000000e+07
2.269357800000000000e+07
2.236899700000000000e+07
2.205790100000000000e+07
2.165495500000000000e+07
2.134781500000000000e+07
2.106021500000000000e+07
2.076800300000000000e+07
2.049814200000000000e+07
2.025694100000000000e+07
1.995345200000000000e+07
1.970872800000000000e+07
1.947578100000000000e+07
1.923289300000000000e+07
1.898900900000000000e+07
1.879957000000000000e+07
1.854507600000000000e+07
1.833672600000000000e+07
1.813573400000000000e+07
1.791359800000000000e+07
1.771335700000000000e+07
1.752090600000000000e+07
1.734930400000000000e+07
1.712809400000000000e+07
1.697211600000000000e+07
1.677475600000000000e+07
1.662388300000000000e+07
1.644258600000000000e+07
3.142544700000000000e+07
3.142544700000000000e+07
3.042533800000000000e+07
3.036999800000000000e+07
2.989122700000000000e+07
2.912314100000000000e+07
2.878221900000000000e+07
2.872505400000000000e+07
2.782749300000000000e+07
2.720053200000000000e+07
2.690503400000000000e+07
2.638886000000000000e+07
2.590501900000000000e+07
2.546996300000000000e+07
2.502556200000000000e+07
2.462785500000000000e+07
2.424814900000000000e+07
2.389395300000000000e+07
2.354807000000000000e+07
2.318806900000000000e+07
2.286918800000000000e+07
2.254799600000000000e+07
2.214921400000000000e+07
2.183054100000000000e+07
2.152509800000000000e+07
2.121360800000000000e+07
2.095713400000000000e+07
2.063032600000000000e+07
2.037902100000000000e+07
2.010721500000000000e+07
1.985392300000000000e+07
1.960885700000000000e+07
1.937464800000000000e+07
1.910897600000000000e+07
1.889932400000000000e+07
1.867857400000000000e+07
1.842736200000000000e+07
1.824210900000000000e+07
1.802373400000000000e+07
1.783396700000000000e+07
1.763218700000000000e+07
1.741576300000000000e+07
1.723376000000000000e+07
1.706791300000000000e+07
1.688592700000000000e+07
1.672131900000000000e+07
1.653774500000000000e+07
1.637001500000000000e+07
3.131420300000000000e+07
3.067662200000000000e+07
2.908825800000000000e+07
2.950554300000000000e+07
2.906332800000000000e+07
2.868738800000000000e+07
2.831359000000000000e+07
2.752093900000000000e+07
2.714475800000000000e+07
2.663201700000000000e+07
2.613349600000000000e+07
2.565775700000000000e+07
2.520639600000000000e+07
2.477189600000000000e+07
2.437778000000000000e+07
2.398484500000000000e+07
2.363620600000000000e+07
2.326063700000000000e+07
2.289485000000000000e+07
2.256453800000000000e+07
2.225259600000000000e+07
2.193770100000000000e+07
2.161278000000000000e+07
2.130939800000000000e+07
2.101947700000000000e+07
2.074422800000000000e+07
2.046443100000000000e+07
2.024060400000000000e+07
1.993420700000000000e+07
1.970151400000000000e+07
1.945828100000000000e+07
1.922579700000000000e+07
1.899063300000000000e+07
1.879316200000000000e+07
1.853926000000000000e+07
1.833713900000000000e+07
1.813801200000000000e+07
1.791614100000000000e+07
1.772346600000000000e+07
1.752645900000000000e+07
1.735320300000000000e+07
1.713616900000000000e+07
1.696849300000000000e+07
1.677529500000000000e+07
1.662164500000000000e+07
1.644880900000000000e+07
1.629065900000000000e+07
2.984366300000000000e+07
2.842528800000000000e+07
2.846016100000000000e+07
2.810385600000000000e+07
2.809227900000000000e+07
2.780424300000000000e+07
2.705876400000000000e+07
2.666379600000000000e+07
2.616027300000000000e+07
2.571353800000000000e+07
2.526283000000000000e+07
2.483703300000000000e+07
2.444745900000000000e+07
2.405243900000000000e+07
2.367175100000000000e+07
2.332106500000000000e+07
2.298243100000000000e+07
2.263340700000000000e+07
2.231522800000000000e+07
2.200583000000000000e+07
2.169045800000000000e+07
2.139784200000000000e+07
2.107626100000000000e+07
2.084071700000000000e+07
2.051646500000000000e+07
2.029305800000000000e+07
2.002643800000000000e+07
1.974373900000000000e+07
1.951045900000000000e+07
1.928150900000000000e+07
1.904551300000000000e+07
1.883033900000000000e+07
1.860324000000000000e+07
1.837749600000000000e+07
1.817240100000000000e+07
1.797264700000000000e+07
1.777395400000000000e+07
1.756778000000000000e+07
1.736194900000000000e+07
1.719340100000000000e+07
1.701002200000000000e+07
1.682957000000000000e+07
1.667018100000000000e+07
1.648639200000000000e+07
1.632447500000000000e+07
1.616403100000000000e+07
2.874830900000000000e+07
2.799228600000000000e+07
2.802105300000000000e+07
2.767553100000000000e+07
2.737296500000000000e+07
2.685095300000000000e+07
2.622471600000000000e+07
2.582196800000000000e+07
2.536811400000000000e+07
2.497949400000000000e+07
2.457274400000000000e+07
2.418872400000000000e+07
2.380762600000000000e+07
2.343837800000000000e+07
2.308499900000000000e+07
2.272235100000000000e+07
2.241016600000000000e+07
2.208805700000000000e+07
2.179139000000000000e+07
2.148094400000000000e+07
2.117464800000000000e+07
2.091054700000000000e+07
2.062768000000000000e+07
2.036198900000000000e+07
2.012521500000000000e+07
1.984176500000000000e+07
1.960511700000000000e+07
1.937563300000000000e+07
1.913292400000000000e+07
1.889359800000000000e+07
1.868612700000000000e+07
1.845801000000000000e+07
1.824929200000000000e+07
1.806031700000000000e+07
1.782550600000000000e+07
1.764931100000000000e+07
1.745504900000000000e+07
1.728199500000000000e+07
1.706319100000000000e+07
1.690362200000000000e+07
1.670496900000000000e+07
1.655729200000000000e+07
1.639129700000000000e+07
1.623285100000000000e+07
1.604176000000000000e+07
2.799685200000000000e+07
2.733072500000000000e+07
2.659156400000000000e+07
2.706173800000000000e+07
2.652713300000000000e+07
2.604555200000000000e+07
2.551774000000000000e+07
2.515024400000000000e+07
2.470539500000000000e+07
2.431687100000000000e+07
2.392082000000000000e+07
2.357785400000000000e+07
2.321783400000000000e+07
2.288586200000000000e+07
2.252754400000000000e+07
2.222724900000000000e+07
2.191763800000000000e+07
2.162545500000000000e+07
2.131847100000000000e+07
2.100923500000000000e+07
2.076519400000000000e+07
2.046876500000000000e+07
2.022030200000000000e+07
1.996336200000000000e+07
1.971052500000000000e+07
1.947316400000000000e+07
1.923119500000000000e+07
1.900157800000000000e+07
1.877261100000000000e+07
1.855917700000000000e+07
1.833696000000000000e+07
1.813358200000000000e+07
1.793725900000000000e+07
1.773850500000000000e+07
1.754296800000000000e+07
1.732498200000000000e+07
1.715637700000000000e+07
1.698118000000000000e+07
1.680299500000000000e+07
1.664597300000000000e+07
1.646185500000000000e+07
1.630076400000000000e+07
1.614220100000000000e+07
1.597496600000000000e+07
2.733481100000000000e+07
2.704167600000000000e+07
2.676324700000000000e+07
2.625622400000000000e+07
2.576664400000000000e+07
2.529537200000000000e+07
2.489647700000000000e+07
2.449685500000000000e+07
2.412228600000000000e+07
2.373094800000000000e+07
2.337627400000000000e+07
2.303174200000000000e+07
2.268239200000000000e+07
2.235988500000000000e+07
2.205844900000000000e+07
2.174220500000000000e+07
2.144050900000000000e+07
2.113992400000000000e+07
2.086720700000000000e+07
2.059111700000000000e+07
2.033197000000000000e+07
2.008879900000000000e+07
1.981179300000000000e+07
1.957706000000000000e+07
1.934813000000000000e+07
1.910870700000000000e+07
1.887612600000000000e+07
1.865690500000000000e+07
1.844146100000000000e+07
1.823402600000000000e+07
1.804221900000000000e+07
1.782356900000000000e+07
1.762005200000000000e+07
1.742551100000000000e+07
1.726548800000000000e+07
1.705635200000000000e+07
1.689525900000000000e+07
1.669882600000000000e+07
1.655693900000000000e+07
1.638387000000000000e+07
1.621863700000000000e+07
1.605893000000000000e+07
1.589657200000000000e+07
2.629351300000000000e+07
2.629391200000000000e+07
2.599859100000000000e+07
2.546630000000000000e+07
2.509897800000000000e+07
2.466838900000000000e+07
2.428741500000000000e+07
2.388604700000000000e+07
2.354475600000000000e+07
2.317798700000000000e+07
2.284556100000000000e+07
2.251000800000000000e+07
2.218961500000000000e+07
2.188653400000000000e+07
2.159329700000000000e+07
2.129562100000000000e+07
2.099990100000000000e+07
2.074422500000000000e+07
2.046243600000000000e+07
2.020677900000000000e+07
1.994409700000000000e+07
1.968919400000000000e+07
1.945686300000000000e+07
1.921896300000000000e+07
1.898571400000000000e+07
1.877304700000000000e+07
1.854835200000000000e+07
1.832647500000000000e+07
1.812324500000000000e+07
1.793007300000000000e+07
1.772537100000000000e+07
1.754274700000000000e+07
1.732239800000000000e+07
1.716010500000000000e+07
1.697312200000000000e+07
1.679823700000000000e+07
1.664226800000000000e+07
1.645763700000000000e+07
1.629774700000000000e+07
1.613748000000000000e+07
1.596573500000000000e+07
1.581176300000000000e+07
2.624144800000000000e+07
2.574325300000000000e+07
2.529920300000000000e+07
2.487821700000000000e+07
2.445715100000000000e+07
2.405857400000000000e+07
2.370769700000000000e+07
2.332871600000000000e+07
2.300020300000000000e+07
2.264680600000000000e+07
2.232115800000000000e+07
2.203431700000000000e+07
2.172444600000000000e+07
2.142727100000000000e+07
2.112247800000000000e+07
2.085387700000000000e+07
2.056846900000000000e+07
2.031581500000000000e+07
2.007044400000000000e+07
1.979675500000000000e+07
1.955666800000000000e+07
1.933847600000000000e+07
1.910145500000000000e+07
1.886878700000000000e+07
1.866460200000000000e+07
1.843437300000000000e+07
1.822803600000000000e+07
1.803726500000000000e+07
1.782001600000000000e+07
1.762724400000000000e+07
1.743051600000000000e+07
1.726116500000000000e+07
1.705155800000000000e+07
1.689372600000000000e+07
1.668811400000000000e+07
1.655715900000000000e+07
1.638080700000000000e+07
1.621867700000000000e+07
1.605150300000000000e+07
1.589540000000000000e+07
1.574436100000000000e+07
2.517160600000000000e+07
2.486314200000000000e+07
2.443538900000000000e+07
2.404538400000000000e+07
2.367614900000000000e+07
2.333173200000000000e+07
2.298934100000000000e+07
2.264255100000000000e+07
2.231788300000000000e+07
2.202064200000000000e+07
2.171238300000000000e+07
2.141333600000000000e+07
2.110865700000000000e+07
2.084642200000000000e+07
2.056539400000000000e+07
2.031596400000000000e+07
2.007068800000000000e+07
1.979698300000000000e+07
1.956362300000000000e+07
1.932985800000000000e+07
1.909963000000000000e+07
1.886567100000000000e+07
1.865785700000000000e+07
1.843330500000000000e+07
1.822796800000000000e+07
1.803425400000000000e+07
1.782198500000000000e+07
1.762759700000000000e+07
1.742179700000000000e+07
1.724925300000000000e+07
1.705902100000000000e+07
1.689659900000000000e+07
1.669316300000000000e+07
1.655451000000000000e+07
1.639268500000000000e+07
1.622588100000000000e+07
1.605608500000000000e+07
1.589752900000000000e+07
1.574890200000000000e+07
1.558481300000000000e+07
2.432469300000000000e+07
2.403270100000000000e+07
2.367906400000000000e+07
2.331450300000000000e+07
2.297469500000000000e+07
2.263129300000000000e+07
2.230491600000000000e+07
2.201310800000000000e+07
2.170230900000000000e+07
2.141260700000000000e+07
2.110304700000000000e+07
2.084457800000000000e+07
2.056278500000000000e+07
2.031402800000000000e+07
2.007279700000000000e+07
1.979648800000000000e+07
1.956460200000000000e+07
1.933101200000000000e+07
1.909642700000000000e+07
1.886477000000000000e+07
1.866129700000000000e+07
1.843588100000000000e+07
1.822755400000000000e+07
1.803778400000000000e+07
1.782650600000000000e+07
1.763218000000000000e+07
1.743286500000000000e+07
1.726450900000000000e+07
1.706503900000000000e+07
1.690264400000000000e+07
1.670002100000000000e+07
1.656112200000000000e+07
1.638953600000000000e+07
1.623100900000000000e+07
1.605936100000000000e+07
1.590220300000000000e+07
1.575462600000000000e+07
1.559807500000000000e+07
1.546188500000000000e+07
2.367314200000000000e+07
2.331729500000000000e+07
2.296681500000000000e+07
2.263292100000000000e+07
2.228759000000000000e+07
2.200847400000000000e+07
2.168896500000000000e+07
2.141067900000000000e+07
2.111332300000000000e+07
2.084140400000000000e+07
2.056320100000000000e+07
2.031430900000000000e+07
2.007269400000000000e+07
1.980444600000000000e+07
1.956196400000000000e+07
1.932473500000000000e+07
1.910324100000000000e+07
1.887181000000000000e+07
1.865825200000000000e+07
1.843372500000000000e+07
1.822966100000000000e+07
1.803876100000000000e+07
1.782568500000000000e+07
1.763584200000000000e+07
1.743635100000000000e+07
1.726979700000000000e+07
1.707420100000000000e+07
1.691017500000000000e+07
1.671081600000000000e+07
1.656863000000000000e+07
1.640961300000000000e+07
1.623711900000000000e+07
1.606357900000000000e+07
1.590777900000000000e+07
1.576008400000000000e+07
1.560471100000000000e+07
1.546975900000000000e+07
1.531579800000000000e+07
2.297287200000000000e+07
2.263287800000000000e+07
2.229265400000000000e+07
2.200523200000000000e+07
2.170328500000000000e+07
2.140710700000000000e+07
2.112040700000000000e+07
2.083989000000000000e+07
2.056883500000000000e+07
2.031486200000000000e+07
2.006861200000000000e+07
1.980007700000000000e+07
1.956677200000000000e+07
1.933891400000000000e+07
1.910138200000000000e+07
1.887684400000000000e+07
1.866038100000000000e+07
1.844446000000000000e+07
1.823796900000000000e+07
1.804857400000000000e+07
1.783741500000000000e+07
1.764525200000000000e+07
1.744136700000000000e+07
1.727643400000000000e+07
1.708033500000000000e+07
1.691194900000000000e+07
1.671072000000000000e+07
1.657855100000000000e+07
1.641772400000000000e+07
1.623945800000000000e+07
1.606855700000000000e+07
1.590983200000000000e+07
1.576154900000000000e+07
1.560778600000000000e+07
1.547463200000000000e+07
1.532642000000000000e+07
1.518309000000000000e+07
2.229022000000000000e+07
2.200419100000000000e+07
2.169561800000000000e+07
2.140446200000000000e+07
2.112360500000000000e+07
2.084086200000000000e+07
2.056551200000000000e+07
2.030996300000000000e+07
2.007391000000000000e+07
1.980797800000000000e+07
1.957364500000000000e+07
1.933275000000000000e+07
1.910212300000000000e+07
1.887701000000000000e+07
1.866194200000000000e+07
1.844908900000000000e+07
1.824199900000000000e+07
1.805642400000000000e+07
1.783681500000000000e+07
1.764688700000000000e+07
1.744785200000000000e+07
1.728067400000000000e+07
1.708649900000000000e+07
1.692259000000000000e+07
1.672267200000000000e+07
1.658843800000000000e+07
1.641195400000000000e+07
1.624770500000000000e+07
1.607318200000000000e+07
1.592043800000000000e+07
1.577148700000000000e+07
1.561751100000000000e+07
1.547930800000000000e+07
1.533210000000000000e+07
1.518971500000000000e+07
1.504996000000000000e+07
2.169920600000000000e+07
2.140353300000000000e+07
2.112659400000000000e+07
2.084029200000000000e+07
2.056765300000000000e+07
2.030532300000000000e+07
2.007447100000000000e+07
1.981666600000000000e+07
1.957681500000000000e+07
1.933392000000000000e+07
1.911433400000000000e+07
1.888150200000000000e+07
1.867099600000000000e+07
1.844791000000000000e+07
1.824095700000000000e+07
1.806111100000000000e+07
1.784720300000000000e+07
1.765269900000000000e+07
1.745161900000000000e+07
1.728033000000000000e+07
1.709244600000000000e+07
1.692794900000000000e+07
1.673401300000000000e+07
1.658874100000000000e+07
1.643041600000000000e+07
1.625226300000000000e+07
1.607785900000000000e+07
1.592674800000000000e+07
1.577662900000000000e+07
1.562347500000000000e+07
1.548371400000000000e+07
1.533803500000000000e+07
1.519571500000000000e+07
1.505619100000000000e+07
1.492827300000000000e+07
2.112568600000000000e+07
2.084711700000000000e+07
2.056856800000000000e+07
2.030755800000000000e+07
2.007451400000000000e+07
1.982021400000000000e+07
1.957951700000000000e+07
1.934451700000000000e+07
1.911682700000000000e+07
1.888629600000000000e+07
1.867007700000000000e+07
1.845437500000000000e+07
1.824230100000000000e+07
1.806315800000000000e+07
1.785163300000000000e+07
1.766146200000000000e+07
1.745494200000000000e+07
1.728905800000000000e+07
1.709050100000000000e+07
1.693268000000000000e+07
1.673587200000000000e+07
1.660138700000000000e+07
1.643664500000000000e+07
1.625339400000000000e+07
1.608126200000000000e+07
1.592787700000000000e+07
1.578189200000000000e+07
1.562021200000000000e+07
1.548828600000000000e+07
1.533967100000000000e+07
1.520101700000000000e+07
1.506168600000000000e+07
1.493346000000000000e+07
1.478296600000000000e+07
2.057070300000000000e+07
2.031503800000000000e+07
2.006939900000000000e+07
1.982001100000000000e+07
1.958164700000000000e+07
1.934595600000000000e+07
1.911487700000000000e+07
1.889533800000000000e+07
1.867612000000000000e+07
1.845767600000000000e+07
1.825308300000000000e+07
1.806522800000000000e+07
1.785538900000000000e+07
1.766591900000000000e+07
1.745889100000000000e+07
1.729306400000000000e+07
1.710378800000000000e+07
1.693706300000000000e+07
1.674778500000000000e+07
1.660720300000000000e+07
1.644276500000000000e+07
1.626188100000000000e+07
1.609252800000000000e+07
1.593817400000000000e+07
1.578638700000000000e+07
1.563471700000000000e+07
1.549257400000000000e+07
1.534884700000000000e+07
1.520582700000000000e+07
1.506321500000000000e+07
1.493882700000000000e+07
1.478455400000000000e+07
1.467216600000000000e+07
2.006977100000000000e+07
1.982567400000000000e+07
1.957364900000000000e+07
1.934656200000000000e+07
1.911903200000000000e+07
1.889291600000000000e+07
1.867704300000000000e+07
1.845875400000000000e+07
1.825503000000000000e+07
1.806748800000000000e+07
1.785917500000000000e+07
1.766517600000000000e+07
1.746254900000000000e+07
1.729602500000000000e+07
1.710875200000000000e+07
1.694106000000000000e+07
1.675266000000000000e+07
1.661223300000000000e+07
1.644294400000000000e+07
1.626626300000000000e+07
1.609309900000000000e+07
1.594360100000000000e+07
1.578505200000000000e+07
1.563916200000000000e+07
1.549678700000000000e+07
1.535358400000000000e+07
1.521044300000000000e+07
1.507243400000000000e+07
1.494333200000000000e+07
1.479503000000000000e+07
1.467050900000000000e+07
1.452487100000000000e+07
1.958420400000000000e+07
1.934669800000000000e+07
1.911917600000000000e+07
1.889971600000000000e+07
1.866822200000000000e+07
1.846566900000000000e+07
1.825360800000000000e+07
1.806938600000000000e+07
1.786260400000000000e+07
1.767353500000000000e+07
1.746767400000000000e+07
1.729839500000000000e+07
1.711301500000000000e+07
1.693099500000000000e+07
1.675673900000000000e+07
1.660930300000000000e+07
1.645288200000000000e+07
1.626168700000000000e+07
1.610231700000000000e+07
1.594881800000000000e+07
1.579175100000000000e+07
1.564327000000000000e+07
1.550068500000000000e+07
1.534951400000000000e+07
1.521447400000000000e+07
1.507062200000000000e+07
1.494762100000000000e+07
1.480063200000000000e+07
1.468427500000000000e+07
1.453865900000000000e+07
1.442666600000000000e+07
1.911842900000000000e+07
1.890082100000000000e+07
1.867881900000000000e+07
1.846731500000000000e+07
1.826444500000000000e+07
1.807113500000000000e+07
1.786621000000000000e+07
1.767645200000000000e+07
1.747028500000000000e+07
1.730068700000000000e+07
1.711242700000000000e+07
1.694708500000000000e+07
1.675737000000000000e+07
1.661252400000000000e+07
1.645693700000000000e+07
1.626835100000000000e+07
1.610904800000000000e+07
1.594925900000000000e+07
1.579438800000000000e+07
1.564094800000000000e+07
1.550015300000000000e+07
1.536232800000000000e+07
1.521863400000000000e+07
1.508232900000000000e+07
1.494217600000000000e+07
1.480579000000000000e+07
1.468869600000000000e+07
1.454330400000000000e+07
1.443093400000000000e+07
1.429618600000000000e+07
1.867500900000000000e+07
1.847096400000000000e+07
1.826550200000000000e+07
1.807199700000000000e+07
1.786882900000000000e+07
1.767869100000000000e+07
1.747276900000000000e+07
1.730270300000000000e+07
1.712015500000000000e+07
1.694849500000000000e+07
1.676429300000000000e+07
1.662047900000000000e+07
1.646049000000000000e+07
1.627427000000000000e+07
1.611740900000000000e+07
1.595886500000000000e+07
1.578249600000000000e+07
1.565056500000000000e+07
1.550728800000000000e+07
1.536140100000000000e+07
1.521796400000000000e+07
1.508706700000000000e+07
1.495619100000000000e+07
1.481072900000000000e+07
1.469304100000000000e+07
1.454742500000000000e+07
1.443485900000000000e+07
1.430055100000000000e+07
1.417665000000000000e+07
1.826593100000000000e+07
1.806441900000000000e+07
1.786977000000000000e+07
1.768066600000000000e+07
1.747725600000000000e+07
1.730400600000000000e+07
1.712291100000000000e+07
1.694974300000000000e+07
1.676743100000000000e+07
1.662250600000000000e+07
1.646340800000000000e+07
1.628107200000000000e+07
1.612124700000000000e+07
1.596346100000000000e+07
1.579567200000000000e+07
1.566024100000000000e+07
1.550996600000000000e+07
1.536948900000000000e+07
1.522655800000000000e+07
1.509139600000000000e+07
1.495413000000000000e+07
1.481330700000000000e+07
1.469159100000000000e+07
1.455112900000000000e+07
1.443809500000000000e+07
1.430475300000000000e+07
1.418058100000000000e+07
1.405933000000000000e+07
1.786994200000000000e+07
1.767878200000000000e+07
1.747760900000000000e+07
1.730002300000000000e+07
1.712513200000000000e+07
1.695049200000000000e+07
1.676989400000000000e+07
1.662455100000000000e+07
1.646549300000000000e+07
1.627803200000000000e+07
1.612493500000000000e+07
1.596083100000000000e+07
1.579872400000000000e+07
1.566312100000000000e+07
1.551271600000000000e+07
1.537348700000000000e+07
1.523002400000000000e+07
1.509554500000000000e+07
1.495911100000000000e+07
1.481802200000000000e+07
1.469974600000000000e+07
1.455059800000000000e+07
1.444084500000000000e+07
1.430388200000000000e+07
1.418372900000000000e+07
1.406325300000000000e+07
1.394089200000000000e+07
1.747230200000000000e+07
1.730561500000000000e+07
1.712181400000000000e+07
1.694561200000000000e+07
1.677222800000000000e+07
1.662581300000000000e+07
1.646704800000000000e+07
1.628189800000000000e+07
1.612302600000000000e+07
1.596869000000000000e+07
1.580618000000000000e+07
1.566172600000000000e+07
1.551502200000000000e+07
1.537022100000000000e+07
1.522913700000000000e+07
1.509919600000000000e+07
1.496628300000000000e+07
1.482701700000000000e+07
1.470266100000000000e+07
1.455796900000000000e+07
1.444339200000000000e+07
1.431345500000000000e+07
1.418679300000000000e+07
1.406689100000000000e+07
1.394485600000000000e+07
1.384918200000000000e+07
1.712751200000000000e+07
1.694971500000000000e+07
1.677610000000000000e+07
1.662150500000000000e+07
1.645943800000000000e+07
1.628690500000000000e+07
1.612524600000000000e+07
1.597047700000000000e+07
1.580318700000000000e+07
1.566296500000000000e+07
1.551724000000000000e+07
1.537848000000000000e+07
1.523639500000000000e+07
1.510277400000000000e+07
1.496886400000000000e+07
1.483010300000000000e+07
1.470561200000000000e+07
1.455674100000000000e+07
1.444593600000000000e+07
1.431606600000000000e+07
1.418959900000000000e+07
1.407839100000000000e+07
1.394869600000000000e+07
1.385220500000000000e+07
1.371324400000000000e+07
1.677700900000000000e+07
1.662658500000000000e+07
1.646869500000000000e+07
1.628792200000000000e+07
1.613294700000000000e+07
1.596619800000000000e+07
1.581077500000000000e+07
1.566462900000000000e+07
1.551918200000000000e+07
1.537569700000000000e+07
1.523970400000000000e+07
1.510572300000000000e+07
1.496563100000000000e+07
1.483235800000000000e+07
1.470479700000000000e+07
1.456371300000000000e+07
1.444016300000000000e+07
1.431846900000000000e+07
1.419207600000000000e+07
1.408249500000000000e+07
1.395259900000000000e+07
1.384987200000000000e+07
1.371695700000000000e+07
1.360236900000000000e+07
1.646856900000000000e+07
1.628830300000000000e+07
1.613476100000000000e+07
1.597239600000000000e+07
1.581213700000000000e+07
1.566610700000000000e+07
1.552046700000000000e+07
1.537863200000000000e+07
1.524129900000000000e+07
1.510827000000000000e+07
1.497266400000000000e+07
1.483427700000000000e+07
1.471061000000000000e+07
1.456565400000000000e+07
1.444264400000000000e+07
1.432065000000000000e+07
1.419418400000000000e+07
1.408564400000000000e+07
1.395628200000000000e+07
1.385212700000000000e+07
1.372065800000000000e+07
1.360760400000000000e+07
1.349396000000000000e+07
1.613626400000000000e+07
1.597286000000000000e+07
1.581299300000000000e+07
1.566709200000000000e+07
1.552115400000000000e+07
1.538354100000000000e+07
1.523902300000000000e+07
1.510484300000000000e+07
1.497401300000000000e+07
1.483575800000000000e+07
1.471189600000000000e+07
1.456730100000000000e+07
1.444748800000000000e+07
1.432249800000000000e+07
1.419597100000000000e+07
1.408846300000000000e+07
1.396022800000000000e+07
1.385944000000000000e+07
1.372420800000000000e+07
1.361033600000000000e+07
1.350001700000000000e+07
1.339810400000000000e+07
1.581348100000000000e+07
1.566747800000000000e+07
1.551660000000000000e+07
1.538470100000000000e+07
1.524360800000000000e+07
1.511244000000000000e+07
1.497517100000000000e+07
1.483339500000000000e+07
1.471266800000000000e+07
1.456362000000000000e+07
1.445710400000000000e+07
1.432419200000000000e+07
1.419773000000000000e+07
1.408013600000000000e+07
1.396321000000000000e+07
1.385590100000000000e+07
1.372303100000000000e+07
1.361376400000000000e+07
1.350206400000000000e+07
1.340087600000000000e+07
1.331784800000000000e+07
1.552198400000000000e+07
1.538016300000000000e+07
1.523613200000000000e+07
1.510870400000000000e+07
1.497307700000000000e+07
1.483786800000000000e+07
1.471323300000000000e+07
1.457007500000000000e+07
1.445813100000000000e+07
1.432564800000000000e+07
1.418827900000000000e+07
1.409329700000000000e+07
1.396480800000000000e+07
1.385665500000000000e+07
1.372432800000000000e+07
1.361785600000000000e+07
1.350370200000000000e+07
1.339697600000000000e+07
1.331883000000000000e+07
1.316316400000000000e+07
1.523846000000000000e+07
1.511474900000000000e+07
1.497046800000000000e+07
1.482992600000000000e+07
1.471340900000000000e+07
1.457075700000000000e+07
1.445882700000000000e+07
1.432650800000000000e+07
1.420106200000000000e+07
1.409143900000000000e+07
1.396651100000000000e+07
1.385913500000000000e+07
1.373143600000000000e+07
1.362178400000000000e+07
1.350586200000000000e+07
1.340595100000000000e+07
1.331973100000000000e+07
1.317014900000000000e+07
1.309444300000000000e+07
1.496774100000000000e+07
1.484127100000000000e+07
1.471349100000000000e+07
1.456728100000000000e+07
1.445410600000000000e+07
1.432704600000000000e+07
1.420260200000000000e+07
1.409716400000000000e+07
1.396367900000000000e+07
1.386488700000000000e+07
1.373305000000000000e+07
1.362287900000000000e+07
1.350813500000000000e+07
1.340336400000000000e+07
1.332054500000000000e+07
1.317197000000000000e+07
1.309641900000000000e+07
1.298759000000000000e+07
1.471353300000000000e+07
1.457089500000000000e+07
1.445968700000000000e+07
1.432771600000000000e+07
1.419843800000000000e+07
1.409906900000000000e+07
1.396863200000000000e+07
1.386532100000000000e+07
1.373422500000000000e+07
1.362303200000000000e+07
1.351039900000000000e+07
1.340416200000000000e+07
1.332115500000000000e+07
1.317389800000000000e+07
1.309834600000000000e+07
1.298956600000000000e+07
1.290219500000000000e+07
1.445968500000000000e+07
1.432767700000000000e+07
1.420088000000000000e+07
1.410038500000000000e+07
1.396946800000000000e+07
1.386541200000000000e+07
1.373505300000000000e+07
1.362439800000000000e+07
1.351203700000000000e+07
1.341208900000000000e+07
1.332143100000000000e+07
1.317158400000000000e+07
1.310000200000000000e+07
1.299123000000000000e+07
1.289727000000000000e+07
1.278657900000000000e+07
1.420472200000000000e+07
1.409552700000000000e+07
1.396992300000000000e+07
1.386518700000000000e+07
1.373574400000000000e+07
1.362623000000000000e+07
1.351150600000000000e+07
1.341326600000000000e+07
1.332135800000000000e+07
1.317780700000000000e+07
1.310120800000000000e+07
1.299276700000000000e+07
1.290262600000000000e+07
1.278824600000000000e+07
1.270748500000000000e+07
1.396998700000000000e+07
1.385436200000000000e+07
1.373636500000000000e+07
1.362825500000000000e+07
1.351139100000000000e+07
1.340816100000000000e+07
1.330777300000000000e+07
1.317980100000000000e+07
1.310196300000000000e+07
1.299393300000000000e+07
1.289631400000000000e+07
1.278961900000000000e+07
1.270802400000000000e+07
1.260339400000000000e+07
1.373698300000000000e+07
1.363005600000000000e+07
1.351053200000000000e+07
1.341427000000000000e+07
1.330786100000000000e+07
1.318171500000000000e+07
1.309662900000000000e+07
1.299444700000000000e+07
1.290220400000000000e+07
1.279082600000000000e+07
1.270878500000000000e+07
1.260526300000000000e+07
1.250984900000000000e+07
1.350702900000000000e+07
1.341445200000000000e+07
1.330767800000000000e+07
1.318473100000000000e+07
1.310278700000000000e+07
1.299060600000000000e+07
1.290180300000000000e+07
1.279181300000000000e+07
1.270939200000000000e+07
1.260195700000000000e+07
1.251159000000000000e+07
1.241877300000000000e+07
1.330741000000000000e+07
1.318601200000000000e+07
1.310305300000000000e+07
1.299179000000000000e+07
1.290099300000000000e+07
1.279266600000000000e+07
1.270996800000000000e+07
1.260970900000000000e+07
1.251321900000000000e+07
1.241999500000000000e+07
1.233120400000000000e+07
1.310312600000000000e+07
1.298889000000000000e+07
1.290037600000000000e+07
1.279258500000000000e+07
1.271061500000000000e+07
1.261077500000000000e+07
1.251060900000000000e+07
1.242160500000000000e+07
1.233243400000000000e+07
1.221881100000000000e+07
1.289971300000000000e+07
1.279209700000000000e+07
1.271157400000000000e+07
1.261180400000000000e+07
1.251573200000000000e+07
1.242293900000000000e+07
1.233351400000000000e+07
1.221914500000000000e+07
1.215712400000000000e+07
1.271344400000000000e+07
1.261269800000000000e+07
1.251659700000000000e+07
1.242378700000000000e+07
1.233446700000000000e+07
1.221925600000000000e+07
1.215717000000000000e+07
1.205197600000000000e+07
1.251663200000000000e+07
1.242446800000000000e+07
1.233541000000000000e+07
1.221922700000000000e+07
1.215626700000000000e+07
1.205316000000000000e+07
1.197963500000000000e+07
1.233637200000000000e+07
1.221897700000000000e+07
1.216963400000000000e+07
1.205419700000000000e+07
1.198509700000000000e+07
1.187948900000000000e+07
1.216930100000000000e+07
1.205540300000000000e+07
1.198612500000000000e+07
1.187937800000000000e+07
1.180578800000000000e+07
1.198099300000000000e+07
1.187946000000000000e+07
1.180920000000000000e+07
1.172656800000000000e+07
1.180700300000000000e+07
1.172739300000000000e+07
1.162677400000000000e+07
1.162626500000000000e+07
1.157165900000000000e+07
1.148714400000000000e+07
