1.301221000000000000e+06
1.301221000000000000e+06
1.301221000000000000e+06
1.301221000000000000e+06
1.301221000000000000e+06
1.301221000000000000e+06
1.301221000000000000e+06
1.301221000000000000e+06
1.301221000000000000e+06
1.301221000000000000e+06
1.301221000000000000e+06
1.301221000000000000e+06
1.301221000000000000e+06
1.301221000000000000e+06
1.301221000000000000e+06
1.301221000000000000e+06
1.301221000000000000e+06
1.301221000000000000e+06
1.301221000000000000e+06
1.301221000000000000e+06
1.301221000000000000e+06
1.301221000000000000e+06
1.301221000000000000e+06
1.301221000000000000e+06
1.300414000000000000e+06
9.548690000000000000e+05
9.648350000000000000e+05
1.074609000000000000e+06
1.182349000000000000e+06
1.295806000000000000e+06
1.301221000000000000e+06
1.301221000000000000e+06
1.267937000000000000e+06
1.289193000000000000e+06
1.297257000000000000e+06
1.300414000000000000e+06
1.273349000000000000e+06
1.234726000000000000e+06
1.222675000000000000e+06
1.194667000000000000e+06
1.150901000000000000e+06
1.142353000000000000e+06
1.116691000000000000e+06
1.092458000000000000e+06
1.077693000000000000e+06
1.061086000000000000e+06
1.042516000000000000e+06
1.037252000000000000e+06
1.015058000000000000e+06
1.006866000000000000e+06
9.809890000000000000e+05
9.865020000000000000e+05
9.742960000000000000e+05
9.607330000000000000e+05
9.457890000000000000e+05
9.477230000000000000e+05
9.303830000000000000e+05
9.305960000000000000e+05
9.302250000000000000e+05
9.093090000000000000e+05
9.070680000000000000e+05
9.042530000000000000e+05
9.007300000000000000e+05
8.964920000000000000e+05
8.915350000000000000e+05
8.858200000000000000e+05
8.793910000000000000e+05
8.722430000000000000e+05
8.643400000000000000e+05
8.557250000000000000e+05
8.707370000000000000e+05
1.301221000000000000e+06
1.301221000000000000e+06
1.301221000000000000e+06
1.301221000000000000e+06
1.301221000000000000e+06
1.301221000000000000e+06
1.301221000000000000e+06
1.301221000000000000e+06
1.301221000000000000e+06
1.301221000000000000e+06
1.301221000000000000e+06
1.301221000000000000e+06
1.301221000000000000e+06
1.301221000000000000e+06
1.301221000000000000e+06
1.301221000000000000e+06
1.301221000000000000e+06
1.301221000000000000e+06
1.301221000000000000e+06
1.301221000000000000e+06
1.301221000000000000e+06
1.301221000000000000e+06
1.301221000000000000e+06
1.300414000000000000e+06
9.924790000000000000e+05
1.019687000000000000e+06
1.118911000000000000e+06
1.233777000000000000e+06
1.301221000000000000e+06
1.301221000000000000e+06
1.299840000000000000e+06
1.278453000000000000e+06
1.289193000000000000e+06
1.297257000000000000e+06
1.300414000000000000e+06
1.281168000000000000e+06
1.232201000000000000e+06
1.213924000000000000e+06
1.182733000000000000e+06
1.153813000000000000e+06
1.132171000000000000e+06
1.108037000000000000e+06
1.095109000000000000e+06
1.073683000000000000e+06
1.049080000000000000e+06
1.030052000000000000e+06
1.024345000000000000e+06
1.001701000000000000e+06
9.930740000000000000e+05
9.831600000000000000e+05
9.718340000000000000e+05
9.592640000000000000e+05
9.627540000000000000e+05
9.477250000000000000e+05
9.313200000000000000e+05
9.321970000000000000e+05
9.154620000000000000e+05
9.124770000000000000e+05
9.109710000000000000e+05
9.088190000000000000e+05
8.852880000000000000e+05
9.023950000000000000e+05
8.764960000000000000e+05
8.711570000000000000e+05
8.650640000000000000e+05
8.809530000000000000e+05
8.737760000000000000e+05
8.421040000000000000e+05
8.404350000000000000e+05
8.476440000000000000e+05
1.301221000000000000e+06
1.301221000000000000e+06
1.301221000000000000e+06
1.301221000000000000e+06
1.301221000000000000e+06
1.301221000000000000e+06
1.301221000000000000e+06
1.301221000000000000e+06
1.301221000000000000e+06
1.301221000000000000e+06
1.301221000000000000e+06
1.301221000000000000e+06
1.301221000000000000e+06
1.301221000000000000e+06
1.301221000000000000e+06
1.301221000000000000e+06
1.301221000000000000e+06
1.301221000000000000e+06
1.301221000000000000e+06
1.301221000000000000e+06
1.301221000000000000e+06
1.301221000000000000e+06
1.300414000000000000e+06
1.034720000000000000e+06
1.067261000000000000e+06
1.164735000000000000e+06
1.277510000000000000e+06
1.301221000000000000e+06
1.301221000000000000e+06
1.292386000000000000e+06
1.278453000000000000e+06
1.289193000000000000e+06
1.297257000000000000e+06
1.287345000000000000e+06
1.276840000000000000e+06
1.239543000000000000e+06
1.205147000000000000e+06
1.168299000000000000e+06
1.156855000000000000e+06
1.122002000000000000e+06
1.110805000000000000e+06
1.083934000000000000e+06
1.054497000000000000e+06
1.051570000000000000e+06
1.032475000000000000e+06
1.011444000000000000e+06
1.003969000000000000e+06
9.952850000000000000e+05
9.852800000000000000e+05
9.739310000000000000e+05
9.612310000000000000e+05
9.471630000000000000e+05
9.317700000000000000e+05
9.331810000000000000e+05
9.340700000000000000e+05
9.150770000000000000e+05
9.142440000000000000e+05
9.127320000000000000e+05
8.901770000000000000e+05
8.868320000000000000e+05
8.828260000000000000e+05
8.780990000000000000e+05
8.726720000000000000e+05
8.664850000000000000e+05
8.596060000000000000e+05
8.519480000000000000e+05
8.672760000000000000e+05
8.343280000000000000e+05
8.490140000000000000e+05
1.301221000000000000e+06
1.301221000000000000e+06
1.301221000000000000e+06
1.301221000000000000e+06
1.301221000000000000e+06
1.301221000000000000e+06
1.301221000000000000e+06
1.301221000000000000e+06
1.301221000000000000e+06
1.301221000000000000e+06
1.301221000000000000e+06
1.301221000000000000e+06
1.301221000000000000e+06
1.301221000000000000e+06
1.301221000000000000e+06
1.301221000000000000e+06
1.301221000000000000e+06
1.301221000000000000e+06
1.301221000000000000e+06
1.301221000000000000e+06
1.301221000000000000e+06
1.300414000000000000e+06
1.078139000000000000e+06
1.116395000000000000e+06
1.212052000000000000e+06
1.301221000000000000e+06
1.301221000000000000e+06
1.301221000000000000e+06
1.281002000000000000e+06
1.278453000000000000e+06
1.292029000000000000e+06
1.292759000000000000e+06
1.271479000000000000e+06
1.268564000000000000e+06
1.234446000000000000e+06
1.196241000000000000e+06
1.166765000000000000e+06
1.134189000000000000e+06
1.111642000000000000e+06
1.100035000000000000e+06
1.072726000000000000e+06
1.057042000000000000e+06
1.039429000000000000e+06
1.019870000000000000e+06
1.013704000000000000e+06
1.006270000000000000e+06
9.813920000000000000e+05
9.709300000000000000e+05
9.591770000000000000e+05
9.460830000000000000e+05
9.491280000000000000e+05
9.335960000000000000e+05
9.351000000000000000e+05
9.170920000000000000e+05
9.168960000000000000e+05
8.964020000000000000e+05
8.944550000000000000e+05
8.918060000000000000e+05
8.884780000000000000e+05
8.844190000000000000e+05
8.797050000000000000e+05
8.742360000000000000e+05
8.680300000000000000e+05
8.610880000000000000e+05
8.533960000000000000e+05
8.449550000000000000e+05
8.599780000000000000e+05
8.258260000000000000e+05
1.301221000000000000e+06
1.301221000000000000e+06
1.301221000000000000e+06
1.301221000000000000e+06
1.301221000000000000e+06
1.301221000000000000e+06
1.301221000000000000e+06
1.301221000000000000e+06
1.301221000000000000e+06
1.301221000000000000e+06
1.301221000000000000e+06
1.301221000000000000e+06
1.301221000000000000e+06
1.301221000000000000e+06
1.301221000000000000e+06
1.301221000000000000e+06
1.301221000000000000e+06
1.301221000000000000e+06
1.301221000000000000e+06
1.301221000000000000e+06
1.300414000000000000e+06
1.116065000000000000e+06
1.158121000000000000e+06
1.260859000000000000e+06
1.301221000000000000e+06
1.301221000000000000e+06
1.301221000000000000e+06
1.274796000000000000e+06
1.289193000000000000e+06
1.297257000000000000e+06
1.300414000000000000e+06
1.268866000000000000e+06
1.251628000000000000e+06
1.226017000000000000e+06
1.187288000000000000e+06
1.157325000000000000e+06
1.137128000000000000e+06
1.114431000000000000e+06
1.089213000000000000e+06
1.073666000000000000e+06
1.045294000000000000e+06
1.027275000000000000e+06
1.022272000000000000e+06
1.000633000000000000e+06
9.927460000000000000e+05
9.835700000000000000e+05
9.730650000000000000e+05
9.612170000000000000e+05
9.307630000000000000e+05
9.334260000000000000e+05
9.174660000000000000e+05
9.184800000000000000e+05
9.189210000000000000e+05
8.994520000000000000e+05
8.981220000000000000e+05
8.961490000000000000e+05
8.729810000000000000e+05
8.901280000000000000e+05
8.647860000000000000e+05
8.595690000000000000e+05
8.537860000000000000e+05
8.695570000000000000e+05
8.396320000000000000e+05
8.548760000000000000e+05
8.463860000000000000e+05
8.371120000000000000e+05
8.272310000000000000e+05
1.301221000000000000e+06
1.301221000000000000e+06
1.301221000000000000e+06
1.301221000000000000e+06
1.301221000000000000e+06
1.301221000000000000e+06
1.301221000000000000e+06
1.301221000000000000e+06
1.301221000000000000e+06
1.301221000000000000e+06
1.301221000000000000e+06
1.301221000000000000e+06
1.301221000000000000e+06
1.301221000000000000e+06
1.301221000000000000e+06
1.301221000000000000e+06
1.301221000000000000e+06
1.301221000000000000e+06
1.301221000000000000e+06
1.300414000000000000e+06
1.170677000000000000e+06
1.210345000000000000e+06
1.296359000000000000e+06
1.301221000000000000e+06
1.301221000000000000e+06
1.301221000000000000e+06
1.278453000000000000e+06
1.289193000000000000e+06
1.297257000000000000e+06
1.300414000000000000e+06
1.285603000000000000e+06
1.234226000000000000e+06
1.217533000000000000e+06
1.186855000000000000e+06
1.160403000000000000e+06
1.127155000000000000e+06
1.090786000000000000e+06
1.078318000000000000e+06
1.064012000000000000e+06
1.035602000000000000e+06
1.015026000000000000e+06
1.009562000000000000e+06
1.002926000000000000e+06
9.791680000000000000e+05
9.695790000000000000e+05
9.586080000000000000e+05
9.463150000000000000e+05
9.500310000000000000e+05
9.353680000000000000e+05
9.193320000000000000e+05
9.203640000000000000e+05
9.018700000000000000e+05
9.011810000000000000e+05
8.998500000000000000e+05
8.777560000000000000e+05
8.746710000000000000e+05
8.708380000000000000e+05
8.663360000000000000e+05
8.611210000000000000e+05
8.551510000000000000e+05
8.484650000000000000e+05
8.410430000000000000e+05
8.563320000000000000e+05
8.478370000000000000e+05
8.385310000000000000e+05
8.284870000000000000e+05
1.301221000000000000e+06
1.301221000000000000e+06
1.301221000000000000e+06
1.301221000000000000e+06
1.301221000000000000e+06
1.301221000000000000e+06
1.301221000000000000e+06
1.301221000000000000e+06
1.301221000000000000e+06
1.301221000000000000e+06
1.301221000000000000e+06
1.301221000000000000e+06
1.301221000000000000e+06
1.301221000000000000e+06
1.301221000000000000e+06
1.301221000000000000e+06
1.301221000000000000e+06
1.301221000000000000e+06
1.300414000000000000e+06
1.208751000000000000e+06
1.255107000000000000e+06
1.301221000000000000e+06
1.301221000000000000e+06
1.301221000000000000e+06
1.301221000000000000e+06
1.278453000000000000e+06
1.289193000000000000e+06
1.297257000000000000e+06
1.300414000000000000e+06
1.288648000000000000e+06
1.235772000000000000e+06
1.209006000000000000e+06
1.169202000000000000e+06
1.138271000000000000e+06
1.117196000000000000e+06
1.093560000000000000e+06
1.081012000000000000e+06
1.052589000000000000e+06
1.035960000000000000e+06
1.017360000000000000e+06
9.968850000000000000e+05
9.897440000000000000e+05
9.813680000000000000e+05
9.717030000000000000e+05
9.440840000000000000e+05
9.483550000000000000e+05
9.346300000000000000e+05
9.195620000000000000e+05
9.211970000000000000e+05
9.036400000000000000e+05
9.036320000000000000e+05
8.835920000000000000e+05
8.818240000000000000e+05
8.793960000000000000e+05
8.762410000000000000e+05
8.514950000000000000e+05
8.465460000000000000e+05
8.408900000000000000e+05
8.566900000000000000e+05
8.499700000000000000e+05
8.424940000000000000e+05
8.342950000000000000e+05
8.253720000000000000e+05
8.399620000000000000e+05
8.298480000000000000e+05
1.301221000000000000e+06
1.301221000000000000e+06
1.301221000000000000e+06
1.301221000000000000e+06
1.301221000000000000e+06
1.301221000000000000e+06
1.301221000000000000e+06
1.301221000000000000e+06
1.301221000000000000e+06
1.301221000000000000e+06
1.301221000000000000e+06
1.301221000000000000e+06
1.301221000000000000e+06
1.301221000000000000e+06
1.301221000000000000e+06
1.301221000000000000e+06
1.301221000000000000e+06
1.300414000000000000e+06
1.255815000000000000e+06
1.296359000000000000e+06
1.301221000000000000e+06
1.301221000000000000e+06
1.301221000000000000e+06
1.299840000000000000e+06
1.278647000000000000e+06
1.296032000000000000e+06
1.297257000000000000e+06
1.292532000000000000e+06
1.280754000000000000e+06
1.236871000000000000e+06
1.200324000000000000e+06
1.172333000000000000e+06
1.141255000000000000e+06
1.107056000000000000e+06
1.096298000000000000e+06
1.069996000000000000e+06
1.041113000000000000e+06
1.024037000000000000e+06
1.005033000000000000e+06
9.991200000000000000e+05
9.764670000000000000e+05
9.676740000000000000e+05
9.575680000000000000e+05
9.461350000000000000e+05
9.333600000000000000e+05
9.366180000000000000e+05
9.214430000000000000e+05
9.048830000000000000e+05
8.869000000000000000e+05
8.864370000000000000e+05
8.853000000000000000e+05
8.835070000000000000e+05
8.810900000000000000e+05
8.573850000000000000e+05
8.530430000000000000e+05
8.480950000000000000e+05
8.423620000000000000e+05
8.359440000000000000e+05
8.288030000000000000e+05
8.439800000000000000e+05
8.357170000000000000e+05
8.266870000000000000e+05
8.168440000000000000e+05
8.063760000000000000e+05
1.301221000000000000e+06
1.301221000000000000e+06
1.301221000000000000e+06
1.301221000000000000e+06
1.301221000000000000e+06
1.301221000000000000e+06
1.301221000000000000e+06
1.301221000000000000e+06
1.301221000000000000e+06
1.301221000000000000e+06
1.301221000000000000e+06
1.301221000000000000e+06
1.301221000000000000e+06
1.301221000000000000e+06
1.301221000000000000e+06
1.301221000000000000e+06
1.300414000000000000e+06
1.280576000000000000e+06
1.301221000000000000e+06
1.301221000000000000e+06
1.301221000000000000e+06
1.301221000000000000e+06
1.299840000000000000e+06
1.289193000000000000e+06
1.297257000000000000e+06
1.300414000000000000e+06
1.268072000000000000e+06
1.266372000000000000e+06
1.228688000000000000e+06
1.191610000000000000e+06
1.163145000000000000e+06
1.131600000000000000e+06
1.109890000000000000e+06
1.085689000000000000e+06
1.058923000000000000e+06
1.030324000000000000e+06
1.026485000000000000e+06
1.007359000000000000e+06
9.863350000000000000e+05
9.786920000000000000e+05
9.698500000000000000e+05
9.596930000000000000e+05
9.315150000000000000e+05
9.353370000000000000e+05
9.211170000000000000e+05
9.055330000000000000e+05
9.067150000000000000e+05
8.886790000000000000e+05
8.881790000000000000e+05
8.870560000000000000e+05
8.655000000000000000e+05
8.624770000000000000e+05
8.588900000000000000e+05
8.546020000000000000e+05
8.495950000000000000e+05
8.438580000000000000e+05
8.373960000000000000e+05
8.302050000000000000e+05
8.222760000000000000e+05
8.136410000000000000e+05
8.281060000000000000e+05
8.182790000000000000e+05
8.076480000000000000e+05
1.301221000000000000e+06
1.301221000000000000e+06
1.301221000000000000e+06
1.301221000000000000e+06
1.301221000000000000e+06
1.301221000000000000e+06
1.301221000000000000e+06
1.301221000000000000e+06
1.301221000000000000e+06
1.301221000000000000e+06
1.301221000000000000e+06
1.301221000000000000e+06
1.301221000000000000e+06
1.301221000000000000e+06
1.301221000000000000e+06
1.300414000000000000e+06
1.299840000000000000e+06
1.301221000000000000e+06
1.301221000000000000e+06
1.301221000000000000e+06
1.301221000000000000e+06
1.292386000000000000e+06
1.289193000000000000e+06
1.297257000000000000e+06
1.300414000000000000e+06
1.280634000000000000e+06
1.240176000000000000e+06
1.220439000000000000e+06
1.182884000000000000e+06
1.153910000000000000e+06
1.121841000000000000e+06
1.099694000000000000e+06
1.075012000000000000e+06
1.047863000000000000e+06
1.032071000000000000e+06
1.014463000000000000e+06
9.949530000000000000e+05
9.885310000000000000e+05
9.653580000000000000e+05
9.560370000000000000e+05
9.454470000000000000e+05
9.334980000000000000e+05
9.202120000000000000e+05
9.230600000000000000e+05
9.073610000000000000e+05
8.902680000000000000e+05
8.904220000000000000e+05
8.708980000000000000e+05
8.692690000000000000e+05
8.670420000000000000e+05
8.641330000000000000e+05
8.604710000000000000e+05
8.350780000000000000e+05
8.511130000000000000e+05
8.453460000000000000e+05
8.388960000000000000e+05
8.316500000000000000e+05
8.236720000000000000e+05
8.149180000000000000e+05
8.055300000000000000e+05
8.196510000000000000e+05
8.089940000000000000e+05
1.301221000000000000e+06
1.301221000000000000e+06
1.301221000000000000e+06
1.301221000000000000e+06
1.301221000000000000e+06
1.301221000000000000e+06
1.301221000000000000e+06
1.301221000000000000e+06
1.301221000000000000e+06
1.301221000000000000e+06
1.301221000000000000e+06
1.301221000000000000e+06
1.301221000000000000e+06
1.301221000000000000e+06
1.301221000000000000e+06
1.301221000000000000e+06
1.301221000000000000e+06
1.301221000000000000e+06
1.301221000000000000e+06
1.299840000000000000e+06
1.286478000000000000e+06
1.297257000000000000e+06
1.297257000000000000e+06
1.300414000000000000e+06
1.295586000000000000e+06
1.248924000000000000e+06
1.205406000000000000e+06
1.166716000000000000e+06
1.124296000000000000e+06
1.103629000000000000e+06
1.080453000000000000e+06
1.054797000000000000e+06
1.026573000000000000e+06
1.009950000000000000e+06
9.913720000000000000e+05
9.857570000000000000e+05
9.636060000000000000e+05
9.551030000000000000e+05
9.453090000000000000e+05
9.341890000000000000e+05
9.217220000000000000e+05
9.078860000000000000e+05
8.926930000000000000e+05
8.940570000000000000e+05
8.763840000000000000e+05
8.761030000000000000e+05
8.559350000000000000e+05
8.539150000000000000e+05
8.512080000000000000e+05
8.478170000000000000e+05
8.437180000000000000e+05
8.388580000000000000e+05
8.333260000000000000e+05
8.271170000000000000e+05
8.201450000000000000e+05
8.123940000000000000e+05
8.038900000000000000e+05
7.946070000000000000e+05
7.846320000000000000e+05
7.983550000000000000e+05
7.872760000000000000e+05
1.301221000000000000e+06
1.301221000000000000e+06
1.301221000000000000e+06
1.301221000000000000e+06
1.301221000000000000e+06
1.301221000000000000e+06
1.301221000000000000e+06
1.301221000000000000e+06
1.301221000000000000e+06
1.301221000000000000e+06
1.301221000000000000e+06
1.301221000000000000e+06
1.301221000000000000e+06
1.301221000000000000e+06
1.301221000000000000e+06
1.301221000000000000e+06
1.301221000000000000e+06
1.301221000000000000e+06
1.289193000000000000e+06
1.289193000000000000e+06
1.297257000000000000e+06
1.300414000000000000e+06
1.290352000000000000e+06
1.253454000000000000e+06
1.226151000000000000e+06
1.188338000000000000e+06
1.150225000000000000e+06
1.106659000000000000e+06
1.085005000000000000e+06
1.060878000000000000e+06
1.034216000000000000e+06
1.004977000000000000e+06
1.001705000000000000e+06
9.825450000000000000e+05
9.614310000000000000e+05
9.383050000000000000e+05
9.329180000000000000e+05
9.182260000000000000e+05
9.062190000000000000e+05
8.928020000000000000e+05
8.953790000000000000e+05
8.796030000000000000e+05
8.805270000000000000e+05
8.623270000000000000e+05
8.615910000000000000e+05
8.408760000000000000e+05
8.383620000000000000e+05
8.351750000000000000e+05
8.313010000000000000e+05
8.216130000000000000e+05
8.214170000000000000e+05
8.154310000000000000e+05
8.087080000000000000e+05
8.011400000000000000e+05
7.928130000000000000e+05
7.838570000000000000e+05
7.980400000000000000e+05
7.878680000000000000e+05
7.769720000000000000e+05
7.653160000000000000e+05
1.301221000000000000e+06
1.301221000000000000e+06
1.301221000000000000e+06
1.301221000000000000e+06
1.301221000000000000e+06
1.301221000000000000e+06
1.301221000000000000e+06
1.301221000000000000e+06
1.301221000000000000e+06
1.301221000000000000e+06
1.301221000000000000e+06
1.301221000000000000e+06
1.301221000000000000e+06
1.301221000000000000e+06
1.301221000000000000e+06
1.301221000000000000e+06
1.292386000000000000e+06
1.289193000000000000e+06
1.297257000000000000e+06
1.300414000000000000e+06
1.300414000000000000e+06
1.297588000000000000e+06
1.244210000000000000e+06
1.199964000000000000e+06
1.162422000000000000e+06
1.133417000000000000e+06
1.088718000000000000e+06
1.066089000000000000e+06
1.040959000000000000e+06
1.013290000000000000e+06
9.830400000000000000e+05
9.789040000000000000e+05
9.588180000000000000e+05
9.518720000000000000e+05
9.281440000000000000e+05
9.182400000000000000e+05
9.070230000000000000e+05
8.944600000000000000e+05
8.805430000000000000e+05
8.652800000000000000e+05
8.663650000000000000e+05
8.486640000000000000e+05
8.294850000000000000e+05
8.375610000000000000e+05
8.255870000000000000e+05
8.226050000000000000e+05
8.189460000000000000e+05
8.146640000000000000e+05
7.885980000000000000e+05
8.037590000000000000e+05
7.972710000000000000e+05
7.899470000000000000e+05
7.819470000000000000e+05
7.731960000000000000e+05
7.637830000000000000e+05
7.773710000000000000e+05
7.424230000000000000e+05
7.554160000000000000e+05
7.683980000000000000e+05
1.301221000000000000e+06
1.301221000000000000e+06
1.301221000000000000e+06
1.301221000000000000e+06
1.301221000000000000e+06
1.301221000000000000e+06
1.301221000000000000e+06
1.301221000000000000e+06
1.301221000000000000e+06
1.301221000000000000e+06
1.301221000000000000e+06
1.301221000000000000e+06
1.301221000000000000e+06
1.301221000000000000e+06
1.300736000000000000e+06
1.297257000000000000e+06
1.297257000000000000e+06
1.297257000000000000e+06
1.300414000000000000e+06
1.287746000000000000e+06
1.257037000000000000e+06
1.231336000000000000e+06
1.184960000000000000e+06
1.146288000000000000e+06
1.103887000000000000e+06
1.070438000000000000e+06
1.046800000000000000e+06
1.020694000000000000e+06
1.005814000000000000e+06
9.748480000000000000e+05
9.557780000000000000e+05
9.347430000000000000e+05
9.269040000000000000e+05
9.177910000000000000e+05
8.914470000000000000e+05
8.792910000000000000e+05
8.658340000000000000e+05
8.681080000000000000e+05
8.522140000000000000e+05
8.350740000000000000e+05
8.345790000000000000e+05
8.336390000000000000e+05
8.129350000000000000e+05
8.100100000000000000e+05
8.066430000000000000e+05
7.822290000000000000e+05
7.977530000000000000e+05
7.920950000000000000e+05
7.859480000000000000e+05
7.789140000000000000e+05
7.710870000000000000e+05
7.625540000000000000e+05
7.533240000000000000e+05
7.432620000000000000e+05
7.565780000000000000e+05
7.455050000000000000e+05
7.334990000000000000e+05
7.463160000000000000e+05
1.301221000000000000e+06
1.301221000000000000e+06
1.301221000000000000e+06
1.301221000000000000e+06
1.301221000000000000e+06
1.301221000000000000e+06
1.301221000000000000e+06
1.301221000000000000e+06
1.301221000000000000e+06
1.301221000000000000e+06
1.301221000000000000e+06
1.301221000000000000e+06
1.301221000000000000e+06
1.297257000000000000e+06
1.297257000000000000e+06
1.298526000000000000e+06
1.300414000000000000e+06
1.300414000000000000e+06
1.297588000000000000e+06
1.247586000000000000e+06
1.205761000000000000e+06
1.157886000000000000e+06
1.117713000000000000e+06
1.086304000000000000e+06
1.051770000000000000e+06
1.014022000000000000e+06
1.000078000000000000e+06
9.704080000000000000e+05
9.523060000000000000e+05
9.323070000000000000e+05
9.102640000000000000e+05
9.015570000000000000e+05
8.915570000000000000e+05
8.802450000000000000e+05
8.511480000000000000e+05
8.536180000000000000e+05
8.383030000000000000e+05
8.391070000000000000e+05
8.212860000000000000e+05
8.204600000000000000e+05
8.002130000000000000e+05
7.976490000000000000e+05
7.945720000000000000e+05
7.906270000000000000e+05
7.859340000000000000e+05
7.806450000000000000e+05
7.747340000000000000e+05
7.678040000000000000e+05
7.601840000000000000e+05
7.520340000000000000e+05
7.430200000000000000e+05
7.565130000000000000e+05
7.463760000000000000e+05
7.354730000000000000e+05
7.240370000000000000e+05
7.364400000000000000e+05
7.238660000000000000e+05
1.301221000000000000e+06
1.301221000000000000e+06
1.301221000000000000e+06
1.301221000000000000e+06
1.301221000000000000e+06
1.301221000000000000e+06
1.301221000000000000e+06
1.301221000000000000e+06
1.301221000000000000e+06
1.301221000000000000e+06
1.301221000000000000e+06
1.301221000000000000e+06
1.300414000000000000e+06
1.300414000000000000e+06
1.300414000000000000e+06
1.300414000000000000e+06
1.300414000000000000e+06
1.283585000000000000e+06
1.247210000000000000e+06
1.179678000000000000e+06
1.130239000000000000e+06
1.100861000000000000e+06
1.068411000000000000e+06
1.019875000000000000e+06
9.939970000000000000e+05
9.703110000000000000e+05
9.483770000000000000e+05
9.293930000000000000e+05
9.230690000000000000e+05
9.004800000000000000e+05
8.758640000000000000e+05
8.649910000000000000e+05
8.527680000000000000e+05
8.392180000000000000e+05
8.412310000000000000e+05
8.252990000000000000e+05
8.080010000000000000e+05
8.074810000000000000e+05
8.060910000000000000e+05
7.854220000000000000e+05
7.821000000000000000e+05
7.786740000000000000e+05
7.742740000000000000e+05
7.692170000000000000e+05
7.631930000000000000e+05
7.566540000000000000e+05
7.495220000000000000e+05
7.413830000000000000e+05
7.325940000000000000e+05
7.231420000000000000e+05
7.128440000000000000e+05
7.258430000000000000e+05
7.144900000000000000e+05
7.023640000000000000e+05
7.145770000000000000e+05
7.010860000000000000e+05
1.301221000000000000e+06
1.301221000000000000e+06
1.301221000000000000e+06
1.301221000000000000e+06
1.301221000000000000e+06
1.301221000000000000e+06
1.301221000000000000e+06
1.301221000000000000e+06
1.301221000000000000e+06
1.301221000000000000e+06
1.300414000000000000e+06
1.300414000000000000e+06
1.300414000000000000e+06
1.300414000000000000e+06
1.300414000000000000e+06
1.297588000000000000e+06
1.257907000000000000e+06
1.196901000000000000e+06
1.137691000000000000e+06
1.085566000000000000e+06
1.041353000000000000e+06
1.018823000000000000e+06
9.807100000000000000e+05
9.528160000000000000e+05
9.361050000000000000e+05
9.034110000000000000e+05
8.969850000000000000e+05
8.744090000000000000e+05
8.499160000000000000e+05
8.388670000000000000e+05
8.265920000000000000e+05
8.130910000000000000e+05
7.982110000000000000e+05
7.988840000000000000e+05
7.814870000000000000e+05
7.807890000000000000e+05
7.608560000000000000e+05
7.582930000000000000e+05
7.550730000000000000e+05
7.507780000000000000e+05
7.432480000000000000e+05
7.407790000000000000e+05
7.145050000000000000e+05
7.279120000000000000e+05
7.205900000000000000e+05
7.121420000000000000e+05
7.032670000000000000e+05
6.939330000000000000e+05
6.831380000000000000e+05
6.955240000000000000e+05
6.838570000000000000e+05
6.961200000000000000e+05
6.830400000000000000e+05
6.696610000000000000e+05
6.805240000000000000e+05
1.301221000000000000e+06
1.301221000000000000e+06
1.301221000000000000e+06
1.301221000000000000e+06
1.301221000000000000e+06
1.301221000000000000e+06
1.301221000000000000e+06
1.301221000000000000e+06
1.301221000000000000e+06
1.300414000000000000e+06
1.300414000000000000e+06
1.300414000000000000e+06
1.300414000000000000e+06
1.297588000000000000e+06
1.262380000000000000e+06
1.213310000000000000e+06
1.133039000000000000e+06
1.082162000000000000e+06
1.026927000000000000e+06
9.923150000000000000e+05
9.545950000000000000e+05
9.268950000000000000e+05
8.966230000000000000e+05
8.777560000000000000e+05
8.712530000000000000e+05
8.487470000000000000e+05
8.244250000000000000e+05
8.131980000000000000e+05
8.008880000000000000e+05
7.873500000000000000e+05
7.724510000000000000e+05
7.697140000000000000e+05
7.550930000000000000e+05
7.365900000000000000e+05
7.344260000000000000e+05
7.130060000000000000e+05
7.281700000000000000e+05
7.046420000000000000e+05
6.994120000000000000e+05
6.933310000000000000e+05
7.073230000000000000e+05
7.003380000000000000e+05
6.875260000000000000e+05
6.835790000000000000e+05
6.747090000000000000e+05
6.645180000000000000e+05
6.634260000000000000e+05
6.596270000000000000e+05
6.571410000000000000e+05
6.460600000000000000e+05
6.524320000000000000e+05
6.639540000000000000e+05
6.466230000000000000e+05
6.468150000000000000e+05
1.301221000000000000e+06
1.301221000000000000e+06
1.301221000000000000e+06
1.301221000000000000e+06
1.301221000000000000e+06
1.301221000000000000e+06
1.301221000000000000e+06
1.301221000000000000e+06
1.300414000000000000e+06
1.300414000000000000e+06
1.300414000000000000e+06
1.297588000000000000e+06
1.288891000000000000e+06
1.228920000000000000e+06
1.143503000000000000e+06
1.078549000000000000e+06
1.012521000000000000e+06
9.661910000000000000e+05
9.415690000000000000e+05
9.012980000000000000e+05
8.713330000000000000e+05
8.524960000000000000e+05
8.316880000000000000e+05
8.089300000000000000e+05
7.843780000000000000e+05
7.727070000000000000e+05
7.602230000000000000e+05
7.572300000000000000e+05
7.470880000000000000e+05
7.305940000000000000e+05
7.298100000000000000e+05
7.107650000000000000e+05
6.905770000000000000e+05
6.994420000000000000e+05
6.829330000000000000e+05
6.781130000000000000e+05
6.725100000000000000e+05
6.863560000000000000e+05
6.798260000000000000e+05
6.710020000000000000e+05
6.527310000000000000e+05
6.557830000000000000e+05
6.462590000000000000e+05
6.505250000000000000e+05
6.437610000000000000e+05
6.458690000000000000e+05
6.301750000000000000e+05
6.355420000000000000e+05
6.304320000000000000e+05
6.331270000000000000e+05
6.440770000000000000e+05
6.291510000000000000e+05
6.132990000000000000e+05
1.301221000000000000e+06
1.301221000000000000e+06
1.301221000000000000e+06
1.301221000000000000e+06
1.301221000000000000e+06
1.301221000000000000e+06
1.300414000000000000e+06
1.300414000000000000e+06
1.300414000000000000e+06
1.297588000000000000e+06
1.286054000000000000e+06
1.276492000000000000e+06
1.156819000000000000e+06
1.065717000000000000e+06
1.010100000000000000e+06
9.526800000000000000e+05
9.034440000000000000e+05
8.761130000000000000e+05
8.567280000000000000e+05
8.141100000000000000e+05
7.932290000000000000e+05
7.848670000000000000e+05
7.598570000000000000e+05
7.443250000000000000e+05
7.357530000000000000e+05
7.214810000000000000e+05
7.222070000000000000e+05
7.072300000000000000e+05
6.703890000000000000e+05
6.680470000000000000e+05
6.726890000000000000e+05
6.798830000000000000e+05
6.569360000000000000e+05
6.519280000000000000e+05
6.461420000000000000e+05
6.412700000000000000e+05
6.431930000000000000e+05
6.453450000000000000e+05
6.442180000000000000e+05
6.266650000000000000e+05
6.351570000000000000e+05
6.299910000000000000e+05
6.191280000000000000e+05
6.074410000000000000e+05
5.950490000000000000e+05
6.059010000000000000e+05
6.167330000000000000e+05
6.027800000000000000e+05
6.132440000000000000e+05
5.979020000000000000e+05
6.043050000000000000e+05
5.945920000000000000e+05
1.301221000000000000e+06
1.301221000000000000e+06
1.301221000000000000e+06
1.301221000000000000e+06
1.301221000000000000e+06
1.300414000000000000e+06
1.300414000000000000e+06
1.297588000000000000e+06
1.289379000000000000e+06
1.265558000000000000e+06
1.184376000000000000e+06
1.070602000000000000e+06
9.839120000000000000e+05
9.271340000000000000e+05
8.659370000000000000e+05
8.257360000000000000e+05
8.223250000000000000e+05
7.904400000000000000e+05
7.552350000000000000e+05
7.606640000000000000e+05
7.360890000000000000e+05
7.359720000000000000e+05
7.163030000000000000e+05
6.971240000000000000e+05
6.816190000000000000e+05
6.812870000000000000e+05
6.674270000000000000e+05
6.610010000000000000e+05
6.496610000000000000e+05
6.472430000000000000e+05
6.322700000000000000e+05
6.413890000000000000e+05
6.373200000000000000e+05
6.334800000000000000e+05
6.252640000000000000e+05
6.185820000000000000e+05
6.100890000000000000e+05
6.106110000000000000e+05
5.979370000000000000e+05
6.019400000000000000e+05
5.907820000000000000e+05
5.877990000000000000e+05
5.895790000000000000e+05
5.765370000000000000e+05
5.869480000000000000e+05
5.727970000000000000e+05
5.827770000000000000e+05
5.675150000000000000e+05
5.772270000000000000e+05
5.607140000000000000e+05
5.698890000000000000e+05
1.301221000000000000e+06
1.301221000000000000e+06
1.301221000000000000e+06
1.301221000000000000e+06
1.300414000000000000e+06
1.300414000000000000e+06
1.289379000000000000e+06
1.254629000000000000e+06
1.150920000000000000e+06
1.077562000000000000e+06
9.696880000000000000e+05
8.901000000000000000e+05
8.418950000000000000e+05
8.169140000000000000e+05
8.113430000000000000e+05
7.842040000000000000e+05
7.465840000000000000e+05
7.369590000000000000e+05
7.157110000000000000e+05
7.007500000000000000e+05
6.879180000000000000e+05
6.891520000000000000e+05
6.739190000000000000e+05
6.543950000000000000e+05
6.557810000000000000e+05
6.385870000000000000e+05
6.443550000000000000e+05
6.297280000000000000e+05
6.251820000000000000e+05
6.138500000000000000e+05
5.949730000000000000e+05
5.879480000000000000e+05
5.802340000000000000e+05
5.920180000000000000e+05
5.833270000000000000e+05
5.739230000000000000e+05
5.766830000000000000e+05
5.745960000000000000e+05
5.630720000000000000e+05
5.508040000000000000e+05
5.377650000000000000e+05
5.476050000000000000e+05
5.575810000000000000e+05
5.431560000000000000e+05
5.527480000000000000e+05
5.370940000000000000e+05
5.464650000000000000e+05
5.558850000000000000e+05
5.386030000000000000e+05
5.422020000000000000e+05
1.301221000000000000e+06
1.301221000000000000e+06
1.301221000000000000e+06
1.300414000000000000e+06
1.297588000000000000e+06
1.232736000000000000e+06
1.095149000000000000e+06
1.009568000000000000e+06
9.326100000000000000e+05
8.537950000000000000e+05
8.134680000000000000e+05
7.786320000000000000e+05
7.876180000000000000e+05
7.688430000000000000e+05
7.311410000000000000e+05
7.071980000000000000e+05
7.037120000000000000e+05
6.667090000000000000e+05
6.643510000000000000e+05
6.452390000000000000e+05
6.530430000000000000e+05
6.334980000000000000e+05
6.317660000000000000e+05
6.126590000000000000e+05
6.185600000000000000e+05
6.141630000000000000e+05
5.926900000000000000e+05
5.908550000000000000e+05
5.730460000000000000e+05
5.692430000000000000e+05
5.550770000000000000e+05
5.588090000000000000e+05
5.573980000000000000e+05
5.475210000000000000e+05
5.369340000000000000e+05
5.474840000000000000e+05
5.499260000000000000e+05
5.328420000000000000e+05
5.275830000000000000e+05
5.216480000000000000e+05
5.247900000000000000e+05
5.139270000000000000e+05
5.150960000000000000e+05
5.138440000000000000e+05
5.167690000000000000e+05
5.250900000000000000e+05
5.075960000000000000e+05
5.161660000000000000e+05
4.974370000000000000e+05
1.301221000000000000e+06
1.300414000000000000e+06
1.300414000000000000e+06
1.199815000000000000e+06
9.946290000000000000e+05
8.963610000000000000e+05
8.684250000000000000e+05
8.427270000000000000e+05
7.945180000000000000e+05
7.892390000000000000e+05
7.643430000000000000e+05
7.463700000000000000e+05
7.322020000000000000e+05
6.908000000000000000e+05
6.763640000000000000e+05
6.626840000000000000e+05
6.488510000000000000e+05
6.253690000000000000e+05
6.112920000000000000e+05
5.940280000000000000e+05
5.753510000000000000e+05
5.720780000000000000e+05
5.683310000000000000e+05
5.635320000000000000e+05
5.582310000000000000e+05
5.522370000000000000e+05
5.455530000000000000e+05
5.571640000000000000e+05
5.494580000000000000e+05
5.368620000000000000e+05
5.442100000000000000e+05
5.378870000000000000e+05
4.893690000000000000e+05
4.771930000000000000e+05
4.643990000000000000e+05
4.731620000000000000e+05
4.593230000000000000e+05
4.446570000000000000e+05
4.528220000000000000e+05
5.034100000000000000e+05
4.946280000000000000e+05
5.033720000000000000e+05
4.867800000000000000e+05
4.951200000000000000e+05
5.035920000000000000e+05
4.853900000000000000e+05
4.934510000000000000e+05
4.740430000000000000e+05
1.300414000000000000e+06
1.045832000000000000e+06
8.949050000000000000e+05
8.551020000000000000e+05
8.244980000000000000e+05
8.134710000000000000e+05
7.759120000000000000e+05
7.621060000000000000e+05
7.467960000000000000e+05
7.173780000000000000e+05
6.772070000000000000e+05
6.275340000000000000e+05
6.022500000000000000e+05
5.749470000000000000e+05
5.455860000000000000e+05
5.291490000000000000e+05
5.267360000000000000e+05
5.079150000000000000e+05
4.876970000000000000e+05
4.826300000000000000e+05
4.769230000000000000e+05
4.529710000000000000e+05
4.453800000000000000e+05
4.370920000000000000e+05
4.280910000000000000e+05
4.183510000000000000e+05
4.271630000000000000e+05
3.966740000000000000e+05
4.047860000000000000e+05
3.924610000000000000e+05
4.002890000000000000e+05
4.081850000000000000e+05
3.944160000000000000e+05
4.020040000000000000e+05
3.870690000000000000e+05
3.943220000000000000e+05
3.782210000000000000e+05
3.851070000000000000e+05
3.920740000000000000e+05
3.990830000000000000e+05
3.809330000000000000e+05
3.875820000000000000e+05
3.681930000000000000e+05
3.744970000000000000e+05
3.807890000000000000e+05
3.871150000000000000e+05
3.656170000000000000e+05
8.818130000000000000e+05
4.885690000000000000e+05
4.843460000000000000e+05
4.565720000000000000e+05
4.514020000000000000e+05
4.459230000000000000e+05
6.073770000000000000e+05
4.716970000000000000e+05
4.194590000000000000e+05
4.040300000000000000e+05
3.872830000000000000e+05
3.692120000000000000e+05
3.497520000000000000e+05
3.437380000000000000e+05
3.370580000000000000e+05
3.297010000000000000e+05
3.216660000000000000e+05
3.291810000000000000e+05
3.201090000000000000e+05
3.103270000000000000e+05
3.173170000000000000e+05
3.064550000000000000e+05
2.948940000000000000e+05
3.012180000000000000e+05
3.076130000000000000e+05
2.946330000000000000e+05
2.808230000000000000e+05
2.865210000000000000e+05
2.715760000000000000e+05
2.769510000000000000e+05
2.823660000000000000e+05
2.658580000000000000e+05
2.709230000000000000e+05
2.760000000000000000e+05
2.579150000000000000e+05
2.626460000000000000e+05
2.673210000000000000e+05
2.721540000000000000e+05
2.769210000000000000e+05
2.563950000000000000e+05
2.607960000000000000e+05
2.652730000000000000e+05
2.697100000000000000e+05
2.471510000000000000e+05
2.512180000000000000e+05
2.553010000000000000e+05
4.385200000000000000e+05
4.100650000000000000e+05
4.042160000000000000e+05
3.860770000000000000e+05
3.794290000000000000e+05
3.651700000000000000e+05
3.624720000000000000e+05
3.591350000000000000e+05
3.416240000000000000e+05
3.366900000000000000e+05
3.168370000000000000e+05
3.102240000000000000e+05
3.029290000000000000e+05
2.949710000000000000e+05
2.863280000000000000e+05
2.769770000000000000e+05
2.834510000000000000e+05
2.730630000000000000e+05
2.792520000000000000e+05
2.677970000000000000e+05
2.736640000000000000e+05
2.611410000000000000e+05
2.666860000000000000e+05
2.530560000000000000e+05
2.582670000000000000e+05
2.435190000000000000e+05
2.483720000000000000e+05
2.324570000000000000e+05
2.369690000000000000e+05
2.415580000000000000e+05
2.461810000000000000e+05
2.283110000000000000e+05
2.325460000000000000e+05
2.134080000000000000e+05
2.172540000000000000e+05
2.211560000000000000e+05
2.250790000000000000e+05
2.290270000000000000e+05
2.329990000000000000e+05
2.109140000000000000e+05
2.145490000000000000e+05
2.180740000000000000e+05
2.216860000000000000e+05
2.253170000000000000e+05
2.289690000000000000e+05
3.688330000000000000e+05
3.501970000000000000e+05
3.308870000000000000e+05
3.232270000000000000e+05
3.195760000000000000e+05
3.153300000000000000e+05
2.970730000000000000e+05
2.911900000000000000e+05
2.846730000000000000e+05
2.630170000000000000e+05
2.696060000000000000e+05
2.610690000000000000e+05
2.518270000000000000e+05
2.418840000000000000e+05
2.312330000000000000e+05
2.365840000000000000e+05
2.248690000000000000e+05
2.299140000000000000e+05
2.171100000000000000e+05
2.218380000000000000e+05
2.265700000000000000e+05
2.123190000000000000e+05
1.972810000000000000e+05
2.013290000000000000e+05
2.053490000000000000e+05
2.094550000000000000e+05
1.925230000000000000e+05
2.177490000000000000e+05
1.999770000000000000e+05
2.037730000000000000e+05
2.075880000000000000e+05
1.882730000000000000e+05
2.152960000000000000e+05
1.951140000000000000e+05
1.741200000000000000e+05
1.771330000000000000e+05
1.802110000000000000e+05
1.832780000000000000e+05
1.864210000000000000e+05
1.628020000000000000e+05
1.927040000000000000e+05
1.958710000000000000e+05
1.710140000000000000e+05
1.737080000000000000e+05
3.187580000000000000e+05
2.986070000000000000e+05
2.902730000000000000e+05
2.726040000000000000e+05
2.668020000000000000e+05
2.603510000000000000e+05
2.393410000000000000e+05
2.454800000000000000e+05
2.370370000000000000e+05
2.279180000000000000e+05
2.180910000000000000e+05
2.233280000000000000e+05
2.124660000000000000e+05
2.008830000000000000e+05
1.885720000000000000e+05
1.928230000000000000e+05
1.970860000000000000e+05
1.833370000000000000e+05
1.872610000000000000e+05
1.912380000000000000e+05
1.759810000000000000e+05
1.795920000000000000e+05
1.832480000000000000e+05
1.664780000000000000e+05
1.906350000000000000e+05
1.730360000000000000e+05
1.546690000000000000e+05
1.576290000000000000e+05
1.605180000000000000e+05
1.635400000000000000e+05
1.665340000000000000e+05
1.695040000000000000e+05
1.482620000000000000e+05
1.508760000000000000e+05
1.535050000000000000e+05
1.561500000000000000e+05
1.588010000000000000e+05
1.614510000000000000e+05
1.641430000000000000e+05
1.394640000000000000e+05
1.695740000000000000e+05
1.440010000000000000e+05
1.462940000000000000e+05
2.653120000000000000e+05
2.436240000000000000e+05
2.372590000000000000e+05
2.302430000000000000e+05
2.088440000000000000e+05
2.142470000000000000e+05
2.052170000000000000e+05
1.955210000000000000e+05
1.851150000000000000e+05
1.895830000000000000e+05
1.781310000000000000e+05
1.822980000000000000e+05
1.697760000000000000e+05
1.736100000000000000e+05
1.599870000000000000e+05
1.634980000000000000e+05
1.670370000000000000e+05
1.519530000000000000e+05
1.360830000000000000e+05
1.583250000000000000e+05
1.417170000000000000e+05
1.445220000000000000e+05
1.473950000000000000e+05
1.502820000000000000e+05
1.317060000000000000e+05
1.341610000000000000e+05
1.366870000000000000e+05
1.164930000000000000e+05
1.186290000000000000e+05
1.207340000000000000e+05
1.469500000000000000e+05
1.250600000000000000e+05
1.272260000000000000e+05
1.294030000000000000e+05
1.316490000000000000e+05
1.075680000000000000e+05
1.360730000000000000e+05
1.111510000000000000e+05
1.405800000000000000e+05
1.148000000000000000e+05
1.165730000000000000e+05
1.184400000000000000e+05
2.084440000000000000e+05
2.008740000000000000e+05
1.926410000000000000e+05
1.837340000000000000e+05
1.741510000000000000e+05
1.638740000000000000e+05
1.679090000000000000e+05
1.565980000000000000e+05
1.445630000000000000e+05
1.479540000000000000e+05
1.513660000000000000e+05
1.379060000000000000e+05
1.236960000000000000e+05
1.264130000000000000e+05
1.291310000000000000e+05
1.134580000000000000e+05
1.346680000000000000e+05
1.181980000000000000e+05
1.206010000000000000e+05
1.230340000000000000e+05
1.050320000000000000e+05
1.070340000000000000e+05
1.091020000000000000e+05
1.111840000000000000e+05
1.132800000000000000e+05
1.153900000000000000e+05
1.175130000000000000e+05
9.623900000000000000e+04
9.793100000000000000e+04
9.968500000000000000e+04
1.013970000000000000e+05
1.031390000000000000e+05
1.049040000000000000e+05
1.067050000000000000e+05
1.084540000000000000e+05
8.331400000000000000e+04
8.462000000000000000e+04
1.138640000000000000e+05
8.742300000000000000e+04
8.874600000000000000e+04
9.016700000000000000e+04
1.384830000000000000e+05
1.142280000000000000e+05
1.171020000000000000e+05
1.053760000000000000e+05
1.079130000000000000e+05
9.510300000000000000e+04
9.733500000000000000e+04
9.958900000000000000e+04
8.533200000000000000e+04
7.032600000000000000e+04
7.186100000000000000e+04
7.341000000000000000e+04
7.494700000000000000e+04
7.651600000000000000e+04
5.925000000000000000e+04
6.041700000000000000e+04
6.165300000000000000e+04
6.281900000000000000e+04
6.403900000000000000e+04
6.526500000000000000e+04
6.650100000000000000e+04
6.774600000000000000e+04
4.683100000000000000e+04
4.770300000000000000e+04
4.852700000000000000e+04
4.935800000000000000e+04
5.024800000000000000e+04
5.108100000000000000e+04
5.193900000000000000e+04
5.281100000000000000e+04
5.368700000000000000e+04
2.858100000000000000e+04
5.545700000000000000e+04
5.634500000000000000e+04
5.724200000000000000e+04
5.815100000000000000e+04
3.074400000000000000e+04
3.123300000000000000e+04
3.165200000000000000e+04
3.211000000000000000e+04
7.432800000000000000e+04
6.148000000000000000e+04
4.792300000000000000e+04
4.900400000000000000e+04
3.436200000000000000e+04
3.510100000000000000e+04
3.581300000000000000e+04
3.656300000000000000e+04
3.731800000000000000e+04
2.038800000000000000e+04
2.078600000000000000e+04
2.117000000000000000e+04
2.152700000000000000e+04
2.191400000000000000e+04
1.968400000000000000e+04
2.007500000000000000e+04
2.309500000000000000e+04
2.349600000000000000e+04
2.131800000000000000e+04
2.173900000000000000e+04
2.215700000000000000e+04
2.256400000000000000e+04
2.300300000000000000e+04
2.342600000000000000e+04
2.383900000000000000e+04
2.426500000000000000e+04
2.467400000000000000e+04
2.513300000000000000e+04
2.557900000000000000e+04
2.599700000000000000e+04
2.643400000000000000e+04
2.688200000000000000e+04
2.733600000000000000e+04
2.776500000000000000e+04
2.823300000000000000e+04
2.870300000000000000e+04
2.914200000000000000e+04
2.960300000000000000e+04
3.004900000000000000e+04
1.795600000000000000e+04
1.797800000000000000e+04
1.797800000000000000e+04
1.797800000000000000e+04
1.797800000000000000e+04
1.797800000000000000e+04
1.709000000000000000e+04
1.797800000000000000e+04
1.797800000000000000e+04
1.824000000000000000e+04
1.863500000000000000e+04
1.905400000000000000e+04
1.937700000000000000e+04
1.977600000000000000e+04
2.024200000000000000e+04
2.062700000000000000e+04
2.102200000000000000e+04
2.142700000000000000e+04
2.184000000000000000e+04
2.225700000000000000e+04
2.267500000000000000e+04
2.309300000000000000e+04
2.352100000000000000e+04
2.392400000000000000e+04
2.436200000000000000e+04
2.477500000000000000e+04
2.524600000000000000e+04
2.568700000000000000e+04
2.605500000000000000e+04
2.654700000000000000e+04
2.702700000000000000e+04
2.745100000000000000e+04
2.787400000000000000e+04
2.835100000000000000e+04
2.877600000000000000e+04
2.930700000000000000e+04
2.974700000000000000e+04
3.025000000000000000e+04
1.797800000000000000e+04
1.797800000000000000e+04
1.797800000000000000e+04
1.797800000000000000e+04
1.689600000000000000e+04
1.797800000000000000e+04
1.797800000000000000e+04
1.797800000000000000e+04
1.835200000000000000e+04
1.875200000000000000e+04
1.909800000000000000e+04
1.949200000000000000e+04
1.993800000000000000e+04
2.031700000000000000e+04
2.071500000000000000e+04
2.110500000000000000e+04
2.151000000000000000e+04
2.196300000000000000e+04
2.240100000000000000e+04
2.281900000000000000e+04
2.324100000000000000e+04
2.362000000000000000e+04
2.402100000000000000e+04
2.453600000000000000e+04
2.490000000000000000e+04
2.539700000000000000e+04
2.579000000000000000e+04
2.628000000000000000e+04
2.667000000000000000e+04
2.720100000000000000e+04
2.761300000000000000e+04
2.796200000000000000e+04
2.848700000000000000e+04
2.899800000000000000e+04
2.947200000000000000e+04
2.994900000000000000e+04
3.041600000000000000e+04
1.797800000000000000e+04
1.797800000000000000e+04
1.689600000000000000e+04
1.797800000000000000e+04
1.797800000000000000e+04
1.797800000000000000e+04
1.807600000000000000e+04
1.846000000000000000e+04
1.886600000000000000e+04
1.922100000000000000e+04
1.963200000000000000e+04
2.004300000000000000e+04
2.043600000000000000e+04
2.085200000000000000e+04
2.125300000000000000e+04
2.162700000000000000e+04
2.206200000000000000e+04
2.248100000000000000e+04
2.288800000000000000e+04
2.332700000000000000e+04
2.377600000000000000e+04
2.419200000000000000e+04
2.464800000000000000e+04
2.504600000000000000e+04
2.549000000000000000e+04
2.589200000000000000e+04
2.638400000000000000e+04
2.680600000000000000e+04
2.731200000000000000e+04
2.777800000000000000e+04
2.820000000000000000e+04
2.870600000000000000e+04
2.916900000000000000e+04
2.954300000000000000e+04
3.012700000000000000e+04
3.055500000000000000e+04
1.797800000000000000e+04
1.797800000000000000e+04
1.797800000000000000e+04
1.797800000000000000e+04
1.797800000000000000e+04
1.816500000000000000e+04
1.854400000000000000e+04
1.889300000000000000e+04
1.933100000000000000e+04
1.974500000000000000e+04
2.015000000000000000e+04
2.051800000000000000e+04
2.094000000000000000e+04
2.134600000000000000e+04
2.181200000000000000e+04
2.223400000000000000e+04
2.262900000000000000e+04
2.305500000000000000e+04
2.346900000000000000e+04
2.386300000000000000e+04
2.436700000000000000e+04
2.476600000000000000e+04
2.515700000000000000e+04
2.568900000000000000e+04
2.607800000000000000e+04
2.653200000000000000e+04
2.701500000000000000e+04
2.735400000000000000e+04
2.787200000000000000e+04
2.839800000000000000e+04
2.888400000000000000e+04
2.931900000000000000e+04
2.979200000000000000e+04
3.026700000000000000e+04
3.072100000000000000e+04
1.797800000000000000e+04
1.797800000000000000e+04
1.797800000000000000e+04
1.797800000000000000e+04
1.823800000000000000e+04
1.870100000000000000e+04
1.910100000000000000e+04
1.939700000000000000e+04
1.983500000000000000e+04
2.029900000000000000e+04
2.057800000000000000e+04
2.107600000000000000e+04
2.145700000000000000e+04
2.188500000000000000e+04
2.232100000000000000e+04
2.278400000000000000e+04
2.320100000000000000e+04
2.360900000000000000e+04
2.406200000000000000e+04
2.446800000000000000e+04
2.489200000000000000e+04
2.529500000000000000e+04
2.582100000000000000e+04
2.620800000000000000e+04
2.670300000000000000e+04
2.714800000000000000e+04
2.762500000000000000e+04
2.804300000000000000e+04
2.854600000000000000e+04
2.894700000000000000e+04
2.945300000000000000e+04
2.994500000000000000e+04
3.037600000000000000e+04
3.089600000000000000e+04
1.797800000000000000e+04
1.797800000000000000e+04
1.800900000000000000e+04
1.838100000000000000e+04
1.876300000000000000e+04
1.920000000000000000e+04
1.959200000000000000e+04
1.995500000000000000e+04
2.037600000000000000e+04
2.074500000000000000e+04
2.121900000000000000e+04
2.163400000000000000e+04
2.203900000000000000e+04
2.245900000000000000e+04
2.291800000000000000e+04
2.323800000000000000e+04
2.374400000000000000e+04
2.422100000000000000e+04
2.465700000000000000e+04
2.507600000000000000e+04
2.545400000000000000e+04
2.588000000000000000e+04
2.638100000000000000e+04
2.684100000000000000e+04
2.729400000000000000e+04
2.774700000000000000e+04
2.822600000000000000e+04
2.870900000000000000e+04
2.912900000000000000e+04
2.960200000000000000e+04
3.012100000000000000e+04
3.054100000000000000e+04
3.109500000000000000e+04
1.797800000000000000e+04
1.809800000000000000e+04
1.851100000000000000e+04
1.889700000000000000e+04
1.925200000000000000e+04
1.965400000000000000e+04
2.010100000000000000e+04
2.052600000000000000e+04
2.092300000000000000e+04
2.128800000000000000e+04
2.176900000000000000e+04
2.215800000000000000e+04
2.258900000000000000e+04
2.302000000000000000e+04
2.343600000000000000e+04
2.385000000000000000e+04
2.433100000000000000e+04
2.472700000000000000e+04
2.519800000000000000e+04
2.565200000000000000e+04
2.607300000000000000e+04
2.650000000000000000e+04
2.699800000000000000e+04
2.746000000000000000e+04
2.792000000000000000e+04
2.825600000000000000e+04
2.880500000000000000e+04
2.935300000000000000e+04
2.981800000000000000e+04
3.029400000000000000e+04
3.068300000000000000e+04
3.117200000000000000e+04
1.828200000000000000e+04
1.862800000000000000e+04
1.900500000000000000e+04
1.938400000000000000e+04
1.979500000000000000e+04
2.018100000000000000e+04
2.064400000000000000e+04
2.105300000000000000e+04
2.143200000000000000e+04
2.187400000000000000e+04
2.226800000000000000e+04
2.258200000000000000e+04
2.314000000000000000e+04
2.357600000000000000e+04
2.398200000000000000e+04
2.440700000000000000e+04
2.489400000000000000e+04
2.536300000000000000e+04
2.578600000000000000e+04
2.625900000000000000e+04
2.659200000000000000e+04
2.711500000000000000e+04
2.764500000000000000e+04
2.802100000000000000e+04
2.857800000000000000e+04
2.895600000000000000e+04
2.943900000000000000e+04
2.994000000000000000e+04
3.042900000000000000e+04
3.087900000000000000e+04
3.135500000000000000e+04
1.874800000000000000e+04
1.909700000000000000e+04
1.953100000000000000e+04
1.989000000000000000e+04
2.028200000000000000e+04
2.063600000000000000e+04
2.115800000000000000e+04
2.158900000000000000e+04
2.199600000000000000e+04
2.234700000000000000e+04
2.285600000000000000e+04
2.327300000000000000e+04
2.371700000000000000e+04
2.417500000000000000e+04
2.461500000000000000e+04
2.497700000000000000e+04
2.545900000000000000e+04
2.593600000000000000e+04
2.635200000000000000e+04
2.679800000000000000e+04
2.727400000000000000e+04
2.778300000000000000e+04
2.819100000000000000e+04
2.872300000000000000e+04
2.920100000000000000e+04
2.970000000000000000e+04
3.009600000000000000e+04
3.063700000000000000e+04
3.112000000000000000e+04
3.155200000000000000e+04
1.925500000000000000e+04
1.961500000000000000e+04
2.004100000000000000e+04
2.042700000000000000e+04
2.087800000000000000e+04
2.126600000000000000e+04
2.167200000000000000e+04
2.212100000000000000e+04
2.249700000000000000e+04
2.294800000000000000e+04
2.342600000000000000e+04
2.383100000000000000e+04
2.425000000000000000e+04
2.469300000000000000e+04
2.521700000000000000e+04
2.564600000000000000e+04
2.610700000000000000e+04
2.655300000000000000e+04
2.703000000000000000e+04
2.747500000000000000e+04
2.795200000000000000e+04
2.835300000000000000e+04
2.888400000000000000e+04
2.934800000000000000e+04
2.985000000000000000e+04
3.032900000000000000e+04
3.073700000000000000e+04
3.122600000000000000e+04
3.165400000000000000e+04
1.979100000000000000e+04
2.013800000000000000e+04
2.054000000000000000e+04
2.095800000000000000e+04
2.135600000000000000e+04
2.177900000000000000e+04
2.219200000000000000e+04
2.262500000000000000e+04
2.307300000000000000e+04
2.350700000000000000e+04
2.397700000000000000e+04
2.444100000000000000e+04
2.478700000000000000e+04
2.526800000000000000e+04
2.578300000000000000e+04
2.626800000000000000e+04
2.670600000000000000e+04
2.699500000000000000e+04
2.763900000000000000e+04
2.810300000000000000e+04
2.857400000000000000e+04
2.902900000000000000e+04
2.942900000000000000e+04
2.991400000000000000e+04
3.048400000000000000e+04
3.097400000000000000e+04
3.140400000000000000e+04
3.193200000000000000e+04
2.030000000000000000e+04
2.065500000000000000e+04
2.107600000000000000e+04
2.152100000000000000e+04
2.192800000000000000e+04
2.234600000000000000e+04
2.281500000000000000e+04
2.324500000000000000e+04
2.366500000000000000e+04
2.411300000000000000e+04
2.452800000000000000e+04
2.501800000000000000e+04
2.548600000000000000e+04
2.574400000000000000e+04
2.640400000000000000e+04
2.673800000000000000e+04
2.730300000000000000e+04
2.767400000000000000e+04
2.812500000000000000e+04
2.860200000000000000e+04
2.917300000000000000e+04
2.965900000000000000e+04
3.002600000000000000e+04
3.064500000000000000e+04
3.110100000000000000e+04
3.157200000000000000e+04
3.207900000000000000e+04
2.082300000000000000e+04
2.119800000000000000e+04
2.159600000000000000e+04
2.202000000000000000e+04
2.243500000000000000e+04
2.292200000000000000e+04
2.333500000000000000e+04
2.369900000000000000e+04
2.426400000000000000e+04
2.463600000000000000e+04
2.504000000000000000e+04
2.547700000000000000e+04
2.595100000000000000e+04
2.647700000000000000e+04
2.687600000000000000e+04
2.741100000000000000e+04
2.786000000000000000e+04
2.833700000000000000e+04
2.884900000000000000e+04
2.925500000000000000e+04
2.976400000000000000e+04
3.032900000000000000e+04
3.070200000000000000e+04
3.130100000000000000e+04
3.170600000000000000e+04
3.205300000000000000e+04
2.133000000000000000e+04
2.171000000000000000e+04
2.215100000000000000e+04
2.252700000000000000e+04
2.297900000000000000e+04
2.336400000000000000e+04
2.391100000000000000e+04
2.436600000000000000e+04
2.477100000000000000e+04
2.520700000000000000e+04
2.568000000000000000e+04
2.619000000000000000e+04
2.660700000000000000e+04
2.709100000000000000e+04
2.759100000000000000e+04
2.806900000000000000e+04
2.844200000000000000e+04
2.898700000000000000e+04
2.949600000000000000e+04
2.992200000000000000e+04
3.043400000000000000e+04
3.082700000000000000e+04
3.143700000000000000e+04
3.178100000000000000e+04
3.222000000000000000e+04
2.184700000000000000e+04
2.223900000000000000e+04
2.270500000000000000e+04
2.310500000000000000e+04
2.355900000000000000e+04
2.402200000000000000e+04
2.449400000000000000e+04
2.493100000000000000e+04
2.540500000000000000e+04
2.583000000000000000e+04
2.623200000000000000e+04
2.669500000000000000e+04
2.721900000000000000e+04
2.770100000000000000e+04
2.817000000000000000e+04
2.865300000000000000e+04
2.915200000000000000e+04
2.950700000000000000e+04
2.995100000000000000e+04
3.055500000000000000e+04
3.088500000000000000e+04
3.150500000000000000e+04
3.194300000000000000e+04
3.254500000000000000e+04
2.241800000000000000e+04
2.280600000000000000e+04
2.327600000000000000e+04
2.366300000000000000e+04
2.414700000000000000e+04
2.460300000000000000e+04
2.505700000000000000e+04
2.535800000000000000e+04
2.595400000000000000e+04
2.641400000000000000e+04
2.688800000000000000e+04
2.732300000000000000e+04
2.774900000000000000e+04
2.832100000000000000e+04
2.875000000000000000e+04
2.923100000000000000e+04
2.966400000000000000e+04
3.019100000000000000e+04
3.055600000000000000e+04
3.122400000000000000e+04
3.166100000000000000e+04
3.222600000000000000e+04
3.274300000000000000e+04
2.298300000000000000e+04
2.336400000000000000e+04
2.378900000000000000e+04
2.419400000000000000e+04
2.469700000000000000e+04
2.505600000000000000e+04
2.559400000000000000e+04
2.601400000000000000e+04
2.644400000000000000e+04
2.703700000000000000e+04
2.741900000000000000e+04
2.789800000000000000e+04
2.846500000000000000e+04
2.886800000000000000e+04
2.937100000000000000e+04
2.989900000000000000e+04
3.027000000000000000e+04
3.083300000000000000e+04
3.137600000000000000e+04
3.189100000000000000e+04
3.212200000000000000e+04
3.284300000000000000e+04
2.347900000000000000e+04
2.391000000000000000e+04
2.435200000000000000e+04
2.474700000000000000e+04
2.530500000000000000e+04
2.570600000000000000e+04
2.613600000000000000e+04
2.663000000000000000e+04
2.712300000000000000e+04
2.759900000000000000e+04
2.802900000000000000e+04
2.857800000000000000e+04
2.907300000000000000e+04
2.947800000000000000e+04
2.997800000000000000e+04
3.053400000000000000e+04
3.095400000000000000e+04
3.144800000000000000e+04
3.182900000000000000e+04
3.253800000000000000e+04
3.283200000000000000e+04
2.404200000000000000e+04
2.449500000000000000e+04
2.495700000000000000e+04
2.533800000000000000e+04
2.582300000000000000e+04
2.631600000000000000e+04
2.676600000000000000e+04
2.722500000000000000e+04
2.771400000000000000e+04
2.823400000000000000e+04
2.871700000000000000e+04
2.918300000000000000e+04
2.968400000000000000e+04
3.016100000000000000e+04
3.063800000000000000e+04
3.113500000000000000e+04
3.153200000000000000e+04
3.200800000000000000e+04
3.253200000000000000e+04
3.314100000000000000e+04
2.462400000000000000e+04
2.503200000000000000e+04
2.549800000000000000e+04
2.599600000000000000e+04
2.645800000000000000e+04
2.687900000000000000e+04
2.739200000000000000e+04
2.775300000000000000e+04
2.829900000000000000e+04
2.868700000000000000e+04
2.932000000000000000e+04
2.971400000000000000e+04
3.032600000000000000e+04
3.081600000000000000e+04
3.123300000000000000e+04
3.170400000000000000e+04
3.222800000000000000e+04
3.269300000000000000e+04
3.331300000000000000e+04
2.518000000000000000e+04
2.563500000000000000e+04
2.610200000000000000e+04
2.647900000000000000e+04
2.706700000000000000e+04
2.742400000000000000e+04
2.791200000000000000e+04
2.837800000000000000e+04
2.894600000000000000e+04
2.938700000000000000e+04
2.992500000000000000e+04
3.028300000000000000e+04
3.092900000000000000e+04
3.139700000000000000e+04
3.192100000000000000e+04
3.238500000000000000e+04
3.278800000000000000e+04
3.348800000000000000e+04
2.577000000000000000e+04
2.617300000000000000e+04
2.665800000000000000e+04
2.709400000000000000e+04
2.754500000000000000e+04
2.808600000000000000e+04
2.852700000000000000e+04
2.905400000000000000e+04
2.959500000000000000e+04
2.997500000000000000e+04
3.050200000000000000e+04
3.089000000000000000e+04
3.147300000000000000e+04
3.207300000000000000e+04
3.247300000000000000e+04
3.284900000000000000e+04
3.356100000000000000e+04
2.632000000000000000e+04
2.676700000000000000e+04
2.720600000000000000e+04
2.768500000000000000e+04
2.818800000000000000e+04
2.862300000000000000e+04
2.905700000000000000e+04
2.966500000000000000e+04
3.018600000000000000e+04
3.054900000000000000e+04
3.115800000000000000e+04
3.156900000000000000e+04
3.215500000000000000e+04
3.248800000000000000e+04
3.296400000000000000e+04
3.368500000000000000e+04
2.694800000000000000e+04
2.738000000000000000e+04
2.784300000000000000e+04
2.830300000000000000e+04
2.874200000000000000e+04
2.926500000000000000e+04
2.972400000000000000e+04
3.020200000000000000e+04
3.069000000000000000e+04
3.122600000000000000e+04
3.167100000000000000e+04
3.216500000000000000e+04
3.266900000000000000e+04
3.327200000000000000e+04
3.355100000000000000e+04
2.744500000000000000e+04
2.788500000000000000e+04
2.842400000000000000e+04
2.890000000000000000e+04
2.938200000000000000e+04
2.985100000000000000e+04
3.034700000000000000e+04
3.087800000000000000e+04
3.131900000000000000e+04
3.183700000000000000e+04
3.221000000000000000e+04
3.294500000000000000e+04
3.320400000000000000e+04
3.381100000000000000e+04
2.810000000000000000e+04
2.854600000000000000e+04
2.903700000000000000e+04
2.949400000000000000e+04
2.999900000000000000e+04
3.052600000000000000e+04
3.096400000000000000e+04
3.150700000000000000e+04
3.185900000000000000e+04
3.246800000000000000e+04
3.290200000000000000e+04
3.347700000000000000e+04
3.387800000000000000e+04
2.868300000000000000e+04
2.915100000000000000e+04
2.964800000000000000e+04
3.016800000000000000e+04
3.060300000000000000e+04
3.107100000000000000e+04
3.150300000000000000e+04
3.210700000000000000e+04
3.255300000000000000e+04
3.314100000000000000e+04
3.355600000000000000e+04
3.422200000000000000e+04
2.931100000000000000e+04
2.980600000000000000e+04
3.023200000000000000e+04
3.074400000000000000e+04
3.114400000000000000e+04
3.174100000000000000e+04
3.222500000000000000e+04
3.280200000000000000e+04
3.314200000000000000e+04
3.386300000000000000e+04
3.430100000000000000e+04
2.991800000000000000e+04
3.031100000000000000e+04
3.080200000000000000e+04
3.137600000000000000e+04
3.189400000000000000e+04
3.230700000000000000e+04
3.276700000000000000e+04
3.321400000000000000e+04
3.393000000000000000e+04
3.437000000000000000e+04
3.054000000000000000e+04
3.100500000000000000e+04
3.141900000000000000e+04
3.194700000000000000e+04
3.238800000000000000e+04
3.284200000000000000e+04
3.354600000000000000e+04
3.400100000000000000e+04
3.456900000000000000e+04
3.117900000000000000e+04
3.156500000000000000e+04
3.202300000000000000e+04
3.249800000000000000e+04
3.316400000000000000e+04
3.362800000000000000e+04
3.419400000000000000e+04
3.469700000000000000e+04
3.170800000000000000e+04
3.220100000000000000e+04
3.261100000000000000e+04
3.324900000000000000e+04
3.381500000000000000e+04
3.431000000000000000e+04
3.464100000000000000e+04
3.230800000000000000e+04
3.286700000000000000e+04
3.333100000000000000e+04
3.391800000000000000e+04
3.434200000000000000e+04
3.495600000000000000e+04
3.302600000000000000e+04
3.350500000000000000e+04
3.389200000000000000e+04
3.449800000000000000e+04
3.502400000000000000e+04
3.358200000000000000e+04
3.407700000000000000e+04
3.462200000000000000e+04
3.520100000000000000e+04
3.426900000000000000e+04
3.479500000000000000e+04
3.524200000000000000e+04
3.486800000000000000e+04
3.532100000000000000e+04
3.555400000000000000e+04
