nan
nan
nan
nan
nan
nan
nan
nan
nan
nan
nan
nan
nan
nan
nan
nan
nan
nan
nan
nan
nan
nan
nan
nan
1.697556854188917441e+03
1.740548682684338246e+03
1.767754982511313074e+03
1.792123120319627333e+03
1.816203314730762486e+03
1.839913400655766281e+03
1.863155651171958198e+03
1.908032211371643598e+03
1.950620140163147880e+03
1.991097159803635577e+03
2.029650728684934847e+03
2.066483508156050902e+03
2.100838136461358772e+03
2.132596051412328961e+03
2.163144352179171619e+03
2.192744432008110380e+03
2.221330551930938782e+03
2.247435221160482797e+03
2.271256648392270108e+03
2.293466080553763277e+03
2.314345421752050697e+03
2.334130517874800717e+03
2.353174471139300294e+03
2.371456191173404477e+03
2.389241545432080784e+03
2.406492533148910297e+03
2.423038610445738414e+03
2.438907495658771495e+03
2.454129666441191148e+03
2.468749227779901048e+03
2.482783984118221724e+03
2.496247610227100267e+03
2.509229788779940463e+03
2.521711929026444977e+03
2.533880004364498291e+03
2.545276960863613567e+03
2.556265650375090900e+03
2.567102370232446901e+03
2.577455163460396307e+03
2.587406656131377986e+03
2.597119428275857899e+03
2.606352026107439997e+03
2.615342879331460608e+03
2.624136203633739569e+03
2.632312593396214652e+03
2.640452017917561989e+03
2.648237634535022153e+03
nan
nan
nan
nan
nan
nan
nan
nan
nan
nan
nan
nan
nan
nan
nan
nan
nan
nan
nan
nan
nan
nan
nan
1.697236365511558233e+03
1.740569069754061729e+03
1.767961417157812775e+03
1.792645047792086189e+03
1.816873855026623687e+03
1.840632665057043596e+03
1.863892746154944689e+03
1.908749984835527357e+03
1.951328892647845350e+03
1.991870822774725411e+03
2.030640887183636096e+03
2.067792613569665264e+03
2.102108016448788476e+03
2.134438502995445106e+03
2.165689623992694123e+03
2.196056912954447398e+03
2.224831799754310850e+03
2.250852076997809945e+03
2.274726582700025574e+03
2.297027622881709249e+03
2.317894410728615185e+03
2.337897596816158512e+03
2.356983535373102768e+03
2.375545267715518094e+03
2.393491286632088304e+03
2.410915197765125413e+03
2.427565558173670070e+03
2.443522818670599463e+03
2.458996163481125222e+03
2.473541922794275706e+03
2.487669090659980156e+03
2.501267101042506965e+03
2.514328507909102427e+03
2.526851906725917615e+03
2.538923221306291452e+03
2.550559752248514087e+03
2.561772920006917047e+03
2.572566563885667165e+03
2.582968456407760641e+03
2.592997220176379869e+03
2.602736423325729447e+03
2.612086928065625216e+03
2.621127702086010686e+03
2.629851951596894651e+03
2.638289734156381201e+03
2.646465173582298121e+03
2.654337220349458221e+03
nan
nan
nan
nan
nan
nan
nan
nan
nan
nan
nan
nan
nan
nan
nan
nan
nan
nan
nan
nan
nan
nan
1.697541460788648919e+03
1.740592592621676431e+03
1.768237206669530678e+03
1.793213346466338635e+03
1.817528950381396044e+03
1.841330429791400093e+03
1.864585452146573971e+03
1.909412011415395682e+03
1.952019028430006756e+03
1.992659291901959250e+03
2.031634622268829844e+03
2.068999540197391525e+03
2.103411274876952575e+03
2.136300680282277426e+03
2.168318739534229280e+03
2.199437676456176177e+03
2.228389180891806518e+03
2.254309631881332280e+03
2.278166816129408289e+03
2.300407135542448486e+03
2.321464381337145824e+03
2.341728356658172743e+03
2.360921680119943630e+03
2.379680798641893034e+03
2.397835293586623720e+03
2.415294152811019558e+03
2.432042939445174852e+03
2.448180885785929604e+03
2.463520331627543783e+03
2.478316835224548413e+03
2.492544914112584138e+03
2.506199089385100251e+03
2.519324061718398298e+03
2.531906847247998485e+03
2.544109665359726023e+03
2.555911198272684487e+03
2.567163733916899218e+03
2.577981102764128991e+03
2.588477156480186750e+03
2.598586680024546240e+03
2.608389449811663326e+03
2.617798024348729086e+03
2.626947187057221527e+03
2.635721539191323245e+03
2.644242250563510424e+03
2.652447348073633293e+03
2.660416562573884221e+03
nan
nan
nan
nan
nan
nan
nan
nan
nan
nan
nan
nan
nan
nan
nan
nan
nan
nan
nan
nan
nan
1.697104317536937288e+03
1.740569495824284331e+03
1.768654239950928968e+03
1.793794107079601190e+03
1.818178438795434658e+03
1.841997555051601466e+03
1.865244325260010555e+03
1.910016284155563426e+03
1.952633548569282993e+03
1.993412018262441961e+03
2.032631396942947504e+03
2.070076533888762242e+03
2.104756254880239794e+03
2.138267844184459136e+03
2.171038703027467818e+03
2.202760318100687073e+03
2.231834324468401519e+03
2.257726289121826085e+03
2.281719716571782101e+03
2.303897369354122930e+03
2.325145154232817731e+03
2.345335358798357447e+03
2.364910928993141169e+03
2.383897155198712881e+03
2.402115341423492282e+03
2.419688235494179025e+03
2.436502372389446464e+03
2.452700374098335942e+03
2.468192813360897162e+03
2.483088144890431067e+03
2.497402001849055523e+03
2.511125037587528823e+03
2.524366891663261413e+03
2.537069536857050025e+03
2.549321422897273806e+03
2.561106998071838916e+03
2.572484809368059814e+03
2.583400073659347527e+03
2.593996010703311640e+03
2.604200070762306495e+03
2.614028963636764729e+03
2.623533683449938508e+03
2.632716020990699690e+03
2.641594785200064507e+03
2.650182048184202358e+03
2.658482129838740548e+03
2.666376932373927048e+03
nan
nan
nan
nan
nan
nan
nan
nan
nan
nan
nan
nan
nan
nan
nan
nan
nan
nan
nan
nan
1.696204197181295285e+03
1.740656875737000519e+03
1.769109146015437773e+03
1.794393938668841656e+03
1.818816818807656546e+03
1.842636552496400554e+03
1.865869932488853465e+03
1.910599371831228837e+03
1.953243762292731617e+03
1.994158578009620669e+03
2.033593840574012575e+03
2.071021608950000882e+03
2.106137605963432634e+03
2.140276714384903244e+03
2.173775409003854293e+03
2.206018222793138193e+03
2.235228359757549242e+03
2.261074077242356907e+03
2.285083710720563431e+03
2.307518208906380096e+03
2.328796552287113627e+03
2.349126409241380316e+03
2.368839124222218743e+03
2.387919755411759070e+03
2.406371128930757550e+03
2.424050734117255161e+03
2.441007363425113908e+03
2.457270511422874733e+03
2.472905958543037286e+03
2.487835370084524129e+03
2.502222278495788487e+03
2.516072328861837832e+03
2.529387930158249219e+03
2.542187651289093083e+03
2.554517034695983057e+03
2.566385816091164088e+03
2.577685196343470579e+03
2.588858854129122847e+03
2.599510508638034480e+03
2.609770135317301538e+03
2.619687919606733431e+03
2.629282399399412952e+03
2.638565161818123670e+03
2.647471556013898407e+03
2.656137180427451312e+03
2.664492306509992886e+03
2.672591134310993766e+03
nan
nan
nan
nan
nan
nan
nan
nan
nan
nan
nan
nan
nan
nan
nan
nan
nan
nan
nan
1.696311047065945559e+03
1.740862849849139138e+03
1.769622636759766010e+03
1.794992685567528270e+03
1.819437559939213543e+03
1.843244090870552782e+03
1.866433794270974431e+03
1.911116675392363277e+03
1.953806594043503537e+03
1.994880523130385427e+03
2.034559653313767285e+03
2.072040903854928729e+03
2.107552629345636888e+03
2.142372979357687655e+03
2.176621392539590488e+03
2.209304762062486589e+03
2.238360644160867196e+03
2.264375636316177406e+03
2.288380360198409107e+03
2.310779961295606881e+03
2.332346504048675797e+03
2.352908654414593002e+03
2.372783734039855972e+03
2.392063473423276719e+03
2.410629391057219436e+03
2.428415615545333822e+03
2.445462830529033454e+03
2.461827307527524681e+03
2.477521930038873052e+03
2.492590876926253259e+03
2.507105963761121529e+03
2.521004731942535727e+03
2.534398628458694020e+03
2.547282479178673839e+03
2.559689740663713565e+03
2.571659467126994969e+03
2.583176829336356604e+03
2.594274409723629560e+03
2.605007712334396729e+03
2.615374097607018484e+03
2.625350821479957631e+03
2.635023095092026779e+03
2.644350688741041267e+03
2.653701147039784246e+03
2.662081286742702105e+03
2.670471851944891569e+03
2.678658681564200833e+03
nan
nan
nan
nan
nan
nan
nan
nan
nan
nan
nan
nan
nan
nan
nan
nan
nan
nan
1.696143122935976180e+03
1.741188337509796156e+03
1.770156183910124582e+03
1.795577804542785543e+03
1.820026337210488236e+03
1.843794199084695265e+03
1.866951406937830598e+03
1.911618781904732032e+03
1.954356432992580267e+03
1.995585823076199631e+03
2.035525001413508562e+03
2.073052432934993703e+03
2.109039465081234084e+03
2.144554908689265176e+03
2.179521985229535858e+03
2.212398273661684016e+03
2.241543596198382147e+03
2.267692421679804738e+03
2.291703779735978060e+03
2.314374088412643687e+03
2.335936462644059247e+03
2.356641619313835690e+03
2.376737676590186311e+03
2.396215061114054151e+03
2.414918165839282665e+03
2.432769614189456661e+03
2.449913718689791494e+03
2.466384346427121727e+03
2.482152245130795563e+03
2.497330875899114744e+03
2.511891251691616162e+03
2.525927474500597327e+03
2.539395661911757998e+03
2.552301268111970330e+03
2.564864430805384472e+03
2.576898413201578023e+03
2.588503275249551734e+03
2.599708855359361223e+03
2.610432871932226590e+03
2.620920117086557184e+03
2.630988864922533594e+03
2.640712901484021586e+03
2.650117090856939740e+03
2.659234532757739544e+03
2.668003066677571951e+03
2.676481790131005255e+03
2.684738615986954755e+03
nan
nan
nan
nan
nan
nan
nan
nan
nan
nan
nan
nan
nan
nan
nan
nan
nan
1.695632569442719841e+03
1.741571366829238286e+03
1.770699802779266747e+03
1.796148554820880008e+03
1.820585007046729743e+03
1.844307516479659171e+03
1.867440054559317559e+03
1.912049791093020303e+03
1.954876968012674070e+03
1.996276514864935962e+03
2.036367675969817810e+03
2.074007236155722694e+03
2.110616572853630714e+03
2.146752931515185992e+03
2.182274660896027399e+03
2.215289390174248638e+03
2.244640455532477063e+03
2.270808738679792441e+03
2.295054543209111216e+03
2.317681607875957980e+03
2.339564743822327728e+03
2.360489465436119644e+03
2.380718005650098803e+03
2.400338278835317851e+03
2.419110160202034876e+03
2.437133200480078813e+03
2.454347414219603706e+03
2.470914505243847088e+03
2.486942548526999872e+03
2.502067156554197481e+03
2.516741448901427702e+03
2.530831202620932345e+03
2.544374588409769331e+03
2.557452830441280184e+03
2.570040573713109552e+03
2.582140959912097060e+03
2.593838727973217829e+03
2.605136171294796441e+03
2.615986067058052868e+03
2.626483798354134706e+03
2.636609522984390424e+03
2.646421195589174204e+03
2.655856291902650810e+03
2.665076929053870117e+03
2.673911999243710397e+03
2.682719286293134246e+03
2.690801369055316627e+03
nan
nan
nan
nan
nan
nan
nan
nan
nan
nan
nan
nan
nan
nan
nan
nan
1.694864929751106274e+03
1.742032201404509578e+03
1.771258915816027184e+03
1.796704185466183617e+03
1.821092640175707402e+03
1.844791631736179625e+03
1.867884481498763762e+03
1.912477724963715445e+03
1.955379627302230801e+03
1.996966067881956860e+03
2.037167802163912256e+03
2.075085015156894315e+03
2.112217602072802947e+03
2.149047549049639656e+03
2.185065588482360454e+03
2.218248147296880234e+03
2.247680376066655754e+03
2.273968095480649026e+03
2.298212361470719770e+03
2.321074175500214551e+03
2.343099049911718339e+03
2.364224360744039586e+03
2.384724465149348816e+03
2.404451418886355441e+03
2.423326708778455213e+03
2.441437960436290268e+03
2.458772594831572860e+03
2.475437296888952915e+03
2.491417285065724172e+03
2.506744562450610374e+03
2.521515010606628493e+03
2.535718575856923962e+03
2.549338110716720166e+03
2.562516572653223193e+03
2.575179825951214298e+03
2.587395574836351443e+03
2.599139495262119908e+03
2.610505567007674472e+03
2.621472271876319610e+03
2.632062443416518818e+03
2.642266436324536699e+03
2.652144990354896436e+03
2.661707352800272929e+03
2.670925098941614124e+03
2.679842687555212706e+03
2.688510719604179485e+03
2.696863853366841340e+03
nan
nan
nan
nan
nan
nan
nan
nan
nan
nan
nan
nan
nan
nan
nan
1.694217444751504445e+03
1.742529649471211769e+03
1.771805280848812572e+03
1.797244279444725635e+03
1.821590563742404356e+03
1.845225019016760598e+03
1.868274395138874524e+03
1.912856802630697530e+03
1.955861917963299220e+03
1.997661076166060866e+03
2.037873413220732573e+03
2.076121734136628220e+03
2.113936588039313847e+03
2.151455060785321621e+03
2.187780233971254347e+03
2.220972022584618571e+03
2.250659029221563287e+03
2.277184316645983017e+03
2.301440614443542927e+03
2.324622945160999279e+03
2.346680174742499730e+03
2.368023964514609361e+03
2.388702875658531411e+03
2.408553296937273444e+03
2.427541621405424848e+03
2.445738967369307375e+03
2.463201501464468492e+03
2.479933157969824151e+03
2.496017451778304348e+03
2.511476167829388487e+03
2.526304431463473520e+03
2.540581363454861730e+03
2.554328545534623117e+03
2.567515984460845175e+03
2.580315217230638154e+03
2.592627175560593514e+03
2.604464673176240467e+03
2.615894182170985005e+03
2.626936487400245824e+03
2.637568480548254684e+03
2.647994860372625226e+03
2.657809101564912453e+03
2.667444121047140925e+03
2.676786208084025020e+03
2.685781542994406209e+03
2.694500015729234292e+03
2.702937556999749631e+03
nan
nan
nan
nan
nan
nan
nan
nan
nan
nan
nan
nan
nan
nan
nan
1.743917146651748681e+03
1.773088613252784626e+03
1.798394401764782060e+03
1.822594319338388686e+03
1.846127026486439490e+03
1.869094366763756625e+03
1.913708650797964765e+03
1.957019922989908537e+03
1.999364000220017260e+03
2.039634797141420222e+03
2.079048090778793267e+03
2.118383050837662267e+03
2.157358475391099546e+03
2.194115983697065531e+03
2.227739866186109339e+03
2.257877378416010288e+03
2.284869003554874780e+03
2.309771080036928652e+03
2.333225840801293998e+03
2.355755196104035349e+03
2.377602596157065818e+03
2.398618154850841620e+03
2.418724845900041146e+03
2.438008326999182827e+03
2.456482433755155398e+03
2.474182306468722800e+03
2.491170887863766438e+03
2.507504445144895726e+03
2.523187714442995457e+03
2.538240789980992304e+03
2.552776547800155640e+03
2.566563242320142308e+03
2.580202136358042480e+03
2.593148710216009476e+03
2.605672377170707477e+03
2.617723140395401515e+03
2.629362787746844333e+03
2.640601096693467298e+03
2.651444581341722824e+03
2.661977375664440842e+03
2.672134772275410796e+03
2.681900068743816064e+03
2.691408412603402212e+03
2.700508902367188057e+03
2.709460616568482692e+03
2.717999002852407102e+03
nan
nan
nan
nan
nan
nan
nan
nan
nan
nan
nan
nan
nan
nan
1.745264667426333745e+03
1.774181588568178995e+03
1.799287790325834294e+03
1.823367002604424897e+03
1.846780209094585871e+03
1.869691604615405367e+03
1.914415734246545981e+03
1.958134131695234373e+03
2.000647791970820435e+03
2.041587749394847606e+03
2.082366691323572013e+03
2.123080094920624106e+03
2.162825077763724948e+03
2.199940683424789313e+03
2.233987531475965625e+03
2.264818565097532883e+03
2.292592549835275349e+03
2.317936430371361894e+03
2.341869238227500773e+03
2.364898318859457959e+03
2.387149059558792032e+03
2.408455429813420324e+03
2.428838488538599449e+03
2.448397676254673570e+03
2.467134058469358934e+03
2.485062790917510029e+03
2.502327981015500427e+03
2.518891517386884516e+03
2.534828740637444753e+03
2.550143522006241255e+03
2.564860134671753258e+03
2.579097868697788726e+03
2.592756063450362490e+03
2.605946177097062900e+03
2.618669804980504523e+03
2.630935075907748342e+03
2.642805129468328687e+03
2.654257191552260338e+03
2.665239979648454664e+03
2.675961384712725703e+03
2.686237283019193001e+03
2.696215408066724649e+03
2.705997808200176223e+03
2.715305513058249289e+03
2.724333585583086460e+03
2.733390036308561321e+03
nan
nan
nan
nan
nan
nan
nan
nan
nan
nan
nan
nan
nan
1.746373495551382121e+03
1.775004087860262871e+03
1.799939768771526815e+03
1.823870384977708454e+03
1.847200134930035802e+03
1.870104414460851331e+03
1.915044620797124480e+03
1.959233606277407716e+03
2.001875030433584925e+03
2.043828171360021997e+03
2.085967307902007633e+03
2.127865044984184806e+03
2.168055291661288265e+03
2.205431579387764941e+03
2.239900296030692516e+03
2.271455973526299204e+03
2.300060572293503355e+03
2.326011194142781278e+03
2.350481804049396032e+03
2.374051810320215736e+03
2.396627989297082422e+03
2.418215663083125037e+03
2.438888538135022827e+03
2.458685208342215901e+03
2.477689511687747654e+03
2.495960203377384914e+03
2.513439474534254714e+03
2.530238165885861690e+03
2.546409947486943565e+03
2.561846545693954795e+03
2.576948376453161018e+03
2.591370551144582350e+03
2.605357233485343386e+03
2.618685686652318054e+03
2.631619861912377473e+03
2.644128026849128219e+03
2.656160411518276305e+03
2.667836173464645526e+03
2.679064760434200252e+03
2.689960889273098473e+03
2.700508151451977028e+03
2.710651459889671059e+03
2.720471513986293758e+03
2.729943379949603241e+03
2.739070357385163788e+03
2.747816751768271843e+03
nan
nan
nan
nan
nan
nan
nan
nan
nan
nan
nan
nan
1.747108822907310241e+03
1.775530518809526257e+03
1.800314440397444514e+03
1.824164863595850420e+03
1.847460761402548542e+03
1.870415499325046767e+03
1.915649150109630000e+03
1.960110648506095004e+03
2.003204093180058862e+03
2.046399698660382228e+03
2.089744494428925009e+03
2.132328036729855739e+03
2.172774241155656000e+03
2.210558014947001539e+03
2.245609013413259163e+03
2.277905625149471234e+03
2.307350195867552884e+03
2.334218979980064887e+03
2.359205805958783003e+03
2.383133728022537980e+03
2.406026227186824144e+03
2.427919978271423588e+03
2.448887888748085970e+03
2.468957229577478302e+03
2.488185698977496941e+03
2.506690632478269436e+03
2.524431209432364994e+03
2.541503340104124618e+03
2.557889829727391771e+03
2.573734041417993012e+03
2.588939218942148273e+03
2.603613930954649732e+03
2.617744533974712795e+03
2.631320888111878048e+03
2.644528752204094417e+03
2.657243728714650842e+03
2.669540014891686042e+03
2.681283366312080034e+03
2.692841623347696441e+03
2.703934377593745921e+03
2.714673778440272599e+03
2.724888664457338564e+03
2.734846760502200596e+03
2.744378740442361050e+03
2.753787598138005251e+03
2.762740134828525242e+03
nan
nan
nan
nan
nan
nan
nan
nan
nan
nan
nan
1.747408250560665010e+03
1.775803401695102593e+03
1.800489315297618305e+03
1.824262015131559110e+03
1.847582099600415859e+03
1.870617978965886323e+03
1.916251743914160215e+03
1.960822669277449450e+03
2.004808967916809024e+03
2.049154951726696709e+03
2.093432198278977921e+03
2.136499229436974474e+03
2.177233801060004225e+03
2.215499788289259413e+03
2.251079106800176760e+03
2.284130051262492998e+03
2.314599005232058516e+03
2.342288915995348361e+03
2.367901341524592681e+03
2.392162079320925841e+03
2.415334392295033467e+03
2.437497483972790178e+03
2.458729738924334015e+03
2.478988646266659089e+03
2.498634475482677772e+03
2.517386284557663203e+03
2.535401031880447135e+03
2.552724713552795038e+03
2.569393672683880141e+03
2.585388157882933228e+03
2.600897940097564060e+03
2.615777303086587835e+03
2.630148027342174828e+03
2.644036345083457945e+03
2.657462646075987323e+03
2.670320173034085201e+03
2.682802357959243636e+03
2.694894762520855693e+03
2.706538508154882948e+03
2.717775516764293116e+03
2.728620498617522117e+03
2.739060167606510731e+03
2.749169472959298673e+03
2.759058850947601059e+03
2.768458622559793184e+03
2.777634161594124180e+03
nan
nan
nan
nan
nan
nan
nan
nan
nan
nan
1.747388017801416936e+03
1.775841712781355000e+03
1.800473721855851409e+03
1.824244036569457876e+03
1.847616881143734645e+03
1.870771942961609511e+03
1.916827018632836825e+03
1.961634950985269825e+03
2.006663677211769937e+03
2.052045552784782558e+03
2.097030947399535762e+03
2.140352450244983629e+03
2.181392322868854080e+03
2.220057841684631967e+03
2.256412926688667085e+03
2.290255261715652523e+03
2.321544079874677664e+03
2.350266215828389250e+03
2.376493683967340985e+03
2.401091669688185448e+03
2.424522417958355163e+03
2.447025702038456984e+03
2.468562882395989618e+03
2.489195165897036532e+03
2.508993437527028618e+03
2.528023909638283840e+03
2.546284915323835776e+03
2.563857115918464842e+03
2.580807361512714124e+03
2.597080132767855503e+03
2.612780955200876633e+03
2.627922741814612891e+03
2.642515480728591683e+03
2.656621922885496133e+03
2.670231595072253640e+03
2.683360299225570998e+03
2.696220709944499504e+03
2.708331768000730335e+03
2.720188977588041780e+03
2.731559220504677796e+03
2.742535339526900771e+03
2.753170665864470266e+03
2.763547138730096322e+03
2.773471616600540074e+03
2.783130478728424350e+03
2.792290722057038693e+03
nan
nan
nan
nan
nan
nan
nan
nan
nan
1.746649702806575988e+03
1.775425348886385109e+03
1.800060992809111212e+03
1.823942149294723094e+03
1.847569922566871810e+03
1.871136506950562762e+03
1.917486949668381840e+03
1.963922639600897128e+03
2.010917631521244857e+03
2.057821510688353555e+03
2.103445338860984975e+03
2.147285519241390375e+03
2.189011243874752836e+03
2.228749751474801997e+03
2.266405786465816163e+03
2.301820348887125874e+03
2.335027831733903440e+03
2.365615167075125555e+03
2.393282762593992629e+03
2.418668141951307462e+03
2.442728457117100334e+03
2.465814695842203037e+03
2.487922490163378370e+03
2.509133147690308761e+03
2.529602542721850114e+03
2.549017606154828172e+03
2.567857351383025161e+03
2.585990506694539818e+03
2.603381816179990892e+03
2.620240758696173089e+03
2.636393172531165874e+03
2.652024230896073277e+03
2.667109452313525253e+03
2.681668515217978893e+03
2.695719649380293049e+03
2.709252519471929190e+03
2.722324345780173644e+03
2.734947612720130564e+03
2.747037889719739724e+03
2.758897246429422921e+03
2.770216624828075510e+03
2.781267723569599184e+03
2.791775341401789774e+03
2.802177407587691960e+03
2.812129363743158137e+03
2.821755731372973059e+03
nan
nan
nan
nan
nan
nan
nan
nan
1.746048624797918364e+03
1.774683652420518456e+03
1.799422508778336123e+03
1.823548720610993996e+03
1.847600637988232847e+03
1.871278308919603660e+03
1.918723959289390905e+03
1.966872513869660679e+03
2.015219311017676318e+03
2.062839253464067497e+03
2.108987241405174245e+03
2.153356959835043199e+03
2.195965724547324498e+03
2.236810811064696281e+03
2.275735738321272947e+03
2.312735414978961671e+03
2.347588660720264215e+03
2.379789674002920037e+03
2.409226706428687066e+03
2.435898814127112928e+03
2.460640510842499680e+03
2.484284934237252855e+03
2.506964762263398825e+03
2.528754247214959378e+03
2.549672378140089677e+03
2.569794958698769733e+03
2.589143074032727327e+03
2.607780605838849624e+03
2.625737510933718113e+03
2.643004057760211708e+03
2.659782833874656717e+03
2.675822737160866382e+03
2.691449929652609626e+03
2.706410931869039814e+03
2.720942821934332187e+03
2.734766365570853395e+03
2.748164804484417800e+03
2.761227657969733627e+03
2.773804850616252224e+03
2.785881687906248771e+03
2.797597309067356491e+03
2.809066241288158380e+03
2.820020839176701429e+03
2.830719080294362357e+03
2.840873578558168447e+03
2.851096344674754619e+03
nan
nan
nan
nan
nan
nan
nan
1.745655727788400327e+03
1.773842420648382131e+03
1.798769970497135091e+03
1.823310797444253694e+03
1.847399126479872393e+03
1.871594899745186922e+03
1.920592847977128713e+03
1.970032709204508819e+03
2.019107919329583865e+03
2.067128392753369553e+03
2.113689021751237760e+03
2.158735330366492235e+03
2.202238211376569780e+03
2.244133253275375864e+03
2.284328660181954547e+03
2.322762585214465162e+03
2.358996523566363066e+03
2.392827323842857368e+03
2.423952816251637159e+03
2.452258571003239012e+03
2.478039257302079932e+03
2.502360247694314239e+03
2.525656782326511802e+03
2.548051965985437164e+03
2.569542644517753615e+03
2.590222800431794440e+03
2.610135324398685043e+03
2.629313431442780711e+03
2.647802791419275309e+03
2.665639037613210348e+03
2.682828350881545248e+03
2.699361070746806945e+03
2.715294138693373498e+03
2.730713407323067258e+03
2.745530008229221494e+03
2.759849098636547751e+03
2.773804489073379955e+03
2.787049917124382773e+03
2.800165465664656949e+03
2.812583590291907058e+03
2.824882505182829846e+03
2.836484952548958972e+03
2.847930891970727771e+03
2.859133990676344183e+03
2.869593316099254935e+03
2.880035159958763870e+03
nan
nan
nan
nan
nan
nan
1.745220709058226475e+03
1.773022138713188042e+03
1.798284919670405998e+03
1.822912521916664446e+03
1.847619448638262838e+03
1.872518415655945773e+03
1.922681516570723034e+03
1.972867759816513853e+03
2.022372082311857412e+03
2.070721552003699799e+03
2.117791063169824156e+03
2.163498256785955618e+03
2.207857265086026018e+03
2.250708953038567415e+03
2.292105537094847932e+03
2.331701134029613058e+03
2.369266927142784880e+03
2.404557448101064438e+03
2.437344952555211421e+03
2.467401733956154203e+03
2.494717984957365388e+03
2.519890292834993488e+03
2.543881024192132827e+03
2.566888256840800750e+03
2.588988183633301105e+03
2.610267670190291938e+03
2.630754848525116813e+03
2.650517616619447836e+03
2.669475046576700151e+03
2.687761473044869945e+03
2.705373583992596650e+03
2.722378077616129303e+03
2.738751723588269670e+03
2.754600099280806717e+03
2.769898737129561596e+03
2.784589395502469415e+03
2.798963886277259007e+03
2.812797232852213710e+03
2.826090683369156977e+03
2.839019347369683601e+03
2.851711065292801322e+03
2.863841686429923357e+03
2.875644188378631043e+03
2.886940845505650486e+03
2.898185868049409692e+03
2.908598155535623391e+03
nan
nan
nan
nan
nan
1.744726604898722144e+03
1.772362453492901750e+03
1.797743426630109298e+03
1.822996097184131031e+03
1.848337439167274852e+03
1.873770523000608591e+03
1.924682004718037888e+03
1.975243657105496823e+03
2.024984413276687974e+03
2.073611565276277361e+03
2.121116987062090629e+03
2.167516671061126999e+03
2.212602930044562527e+03
2.256396328962418011e+03
2.298854269860982640e+03
2.339493492271879404e+03
2.378269260785852566e+03
2.414949490208045518e+03
2.449290006950650422e+03
2.481079425987669310e+03
2.510094704364838435e+03
2.536552255480518397e+03
2.561390311114927499e+03
2.585103187128097943e+03
2.607908869185671392e+03
2.629793509337933756e+03
2.650851859593102745e+03
2.671087923852130643e+03
2.690540502495119654e+03
2.709324041844405201e+03
2.727353710396484985e+03
2.744832129850829006e+03
2.761675741335599923e+03
2.777985433285388353e+03
2.793705729186510325e+03
2.809050916991882787e+03
2.823663382913371606e+03
2.838035918492443670e+03
2.851692915677842848e+03
2.865272122848299205e+03
2.878107861799151578e+03
2.890722680416418370e+03
2.902886003618139966e+03
2.914681701118537603e+03
2.926187205273973632e+03
2.937455690608913756e+03
nan
nan
nan
1.704032435066274275e+03
1.743974931790208302e+03
1.771705551592427582e+03
1.797735866331712259e+03
1.823540344382016201e+03
1.849292751803886404e+03
1.875004362060874200e+03
1.926261989828121841e+03
1.976959434164293725e+03
2.026835917804333121e+03
2.075749047594823878e+03
2.123713368453072690e+03
2.170587423087190018e+03
2.216414177871518859e+03
2.261031071261703801e+03
2.304296968429472145e+03
2.345987346480106680e+03
2.385877407843471246e+03
2.423851622780993694e+03
2.459661376221014507e+03
2.493125950568229200e+03
2.523868149698041634e+03
2.552024215565569193e+03
2.577838655392236433e+03
2.602380095588499898e+03
2.625806813889315890e+03
2.648386707341143392e+03
2.669972068911454244e+03
2.690730735976693722e+03
2.710746733874994788e+03
2.730052804069595368e+03
2.748692524440822581e+03
2.766683808002467686e+03
2.784091828363099921e+03
2.800891548443756619e+03
2.817027278728814508e+03
2.832820448826950724e+03
2.848056087773997660e+03
2.862657515919907837e+03
2.876932254954769633e+03
2.890903188269306156e+03
2.904245148759676340e+03
2.917310681690377351e+03
2.929780754832702314e+03
2.942138367040083722e+03
2.953975293001518367e+03
2.965418704248319955e+03
nan
nan
1.702833760641859271e+03
1.743102432941278266e+03
1.771596837025228069e+03
1.798156876426681720e+03
1.824238587001242195e+03
1.850137660580099237e+03
1.875937691436901105e+03
1.927199726250602453e+03
1.977853067190270622e+03
2.027741475378910991e+03
2.076851946796477932e+03
2.125107573898769260e+03
2.172450946241453039e+03
2.218831763313331976e+03
2.264157505403100913e+03
2.308192921454673524e+03
2.350810079330611188e+03
2.391792121888536713e+03
2.430953805187375565e+03
2.468150110274398685e+03
2.503135146184701171e+03
2.535634744196574957e+03
2.565539931925950441e+03
2.592877961635334486e+03
2.618190092780256236e+03
2.642361461146228066e+03
2.665484236600077566e+03
2.687738999364490155e+03
2.709171380468438201e+03
2.729841504954502852e+03
2.749683014905451728e+03
2.768928049193052630e+03
2.787487084411368414e+03
2.805424829721504921e+03
2.822733591371639704e+03
2.839584827635363581e+03
2.855772083066401137e+03
2.871553348368508523e+03
2.886617794151067301e+03
2.901403334835489659e+03
2.915771299016271314e+03
2.929610121225564853e+03
2.942989736476192775e+03
2.956036214903699602e+03
2.968746220064540012e+03
2.981153970632135497e+03
2.993067569383062619e+03
nan
1.701115819152863423e+03
1.742864987007589662e+03
1.772049153771740293e+03
1.798663763150836076e+03
1.824678870622918339e+03
1.850445655003600450e+03
1.876071910588567789e+03
1.926995781452280880e+03
1.977386298727340090e+03
2.027162338542097586e+03
2.076307344584004568e+03
2.124737663645616522e+03
2.172396562945055848e+03
2.219204541579017587e+03
2.265079995453082120e+03
2.309847771269848181e+03
2.353288066621165399e+03
2.395244913915623329e+03
2.435567064821541862e+03
2.474087931239211684e+03
2.510510526379727708e+03
2.544647657092405098e+03
2.576190548678275263e+03
2.605122482690346260e+03
2.631617103711426353e+03
2.656775233158908122e+03
2.680673403791735836e+03
2.703663435151556769e+03
2.725781072175675035e+03
2.747120613942419368e+03
2.767729979305906909e+03
2.787600003039531657e+03
2.806814516600595198e+03
2.825340653968925835e+03
2.843187014223941333e+03
2.860615364195115490e+03
2.877395703830507955e+03
2.893556882262765612e+03
2.909337493482998525e+03
2.924725145485752364e+03
2.939480920500362572e+03
2.953864104195313757e+03
2.967794844382583960e+03
2.981307659469254759e+03
2.994386048928350192e+03
3.007103026566176140e+03
3.019325471300916433e+03
1.701829989027291958e+03
1.744255696150615677e+03
1.772420894579719061e+03
1.798267679217432033e+03
1.823625650780817978e+03
1.848808224976991369e+03
1.873914954190728622e+03
1.923931585519183955e+03
1.973618690242176854e+03
2.022884488259593354e+03
2.071687473439657879e+03
2.119917310761239605e+03
2.167563748662762009e+03
2.214492855100378620e+03
2.260617172438271155e+03
2.305799302767938570e+03
2.349915027233998444e+03
2.392765885094015175e+03
2.434091941110353218e+03
2.473766948361243976e+03
2.511569648570874051e+03
2.547294924226597686e+03
2.580672504438543456e+03
2.611416893192651969e+03
2.639744691125084955e+03
2.665930372533208811e+03
2.690922220156875483e+03
2.714900496279851723e+03
2.737983897588775562e+03
2.760123524170862765e+03
2.781502483584567926e+03
2.802212715591011147e+03
2.822170429403864091e+03
2.841428956473137077e+03
2.860205819367885852e+03
2.878154003804107560e+03
2.895696259442503106e+03
2.912498696583101719e+03
2.929003987406164924e+03
2.944832917987017936e+03
2.960214551614392803e+03
2.975106995694878606e+03
2.989635113551008544e+03
3.003744939209812401e+03
3.017499928279489268e+03
3.030758653003192194e+03
3.043653394593035955e+03
1.754831961008942471e+03
1.776397047839780043e+03
1.799149913535252153e+03
1.822494988675390005e+03
1.846211186356793860e+03
1.870165979938995179e+03
1.918497536548613198e+03
1.967077817102632025e+03
2.015718543577038417e+03
2.064303671812279390e+03
2.112660593845252151e+03
2.160667795968219252e+03
2.208161350741978822e+03
2.254970441382698027e+03
2.300947694636556662e+03
2.345909196816694021e+03
2.389671431637912974e+03
2.432045839286739465e+03
2.472831171066973184e+03
2.511948661960424033e+03
2.549063139106870040e+03
2.583998695463406420e+03
2.616488029272693893e+03
2.646586248216922741e+03
2.674170090123074260e+03
2.700051133488427695e+03
2.724854214838524967e+03
2.748715795811905537e+03
2.771701053532638070e+03
2.793882925235686344e+03
2.815245131028125797e+03
2.835876837908276684e+03
2.855736196932145504e+03
2.875115656133831180e+03
2.893781616089419913e+03
2.911764325797589663e+03
2.929266098369001156e+03
2.946247417462202520e+03
2.962781861182743341e+03
2.978764971969225371e+03
2.994043678536620064e+03
3.009299613795825735e+03
3.023823216377845256e+03
3.038023938745581290e+03
3.051821207477681128e+03
3.065239336912402905e+03
1.793054985440751580e+03
1.812665278209253302e+03
1.833800927728056649e+03
1.855859449720606108e+03
1.878536593953607280e+03
1.925065048475637013e+03
1.972519258153867895e+03
2.020454840665097208e+03
2.068583221368209252e+03
2.116713834377188050e+03
2.164613896856628344e+03
2.212168460105086524e+03
2.259154329732912174e+03
2.305383532350288988e+03
2.350754660020579649e+03
2.395045220837491797e+03
2.438079731222857390e+03
2.479688042354595382e+03
2.519726905187994362e+03
2.557980935628032512e+03
2.594122291057246002e+03
2.628091044628864438e+03
2.659556063857278787e+03
2.688649658146641741e+03
2.715569456690740481e+03
2.741186839929293455e+03
2.765655965442062552e+03
2.789246622731212028e+03
2.811998528163231640e+03
2.833943769630457609e+03
2.855129101670839646e+03
2.875697380238785627e+03
2.895483028628658303e+03
2.914702669590683854e+03
2.933206196427180657e+03
2.951303940579843584e+03
2.968702587507368662e+03
2.985607044962571308e+03
3.001998816625841755e+03
3.017955925740306611e+03
3.033427043720828351e+03
3.048521498803632312e+03
3.063138619504544295e+03
3.077334257704615084e+03
3.091197618157847046e+03
1.830218418459004397e+03
1.849675055659870850e+03
1.870367441364063325e+03
1.891909772798903759e+03
1.936679192852168399e+03
1.982869373226331163e+03
2.029890577253202991e+03
2.077363191553034540e+03
2.125038261785269242e+03
2.172684992685326506e+03
2.220090254438207012e+03
2.267095302367158183e+03
2.313510569485329142e+03
2.359149915704244449e+03
2.403826546601682367e+03
2.447348176304491062e+03
2.489674651753620310e+03
2.530469829154782929e+03
2.569607153797594947e+03
2.606870063654997466e+03
2.642136062823846260e+03
2.675033746521913145e+03
2.705419382631495864e+03
2.733561514998855273e+03
2.759818196672181330e+03
2.785007732672208022e+03
2.809220266962870937e+03
2.832525129321294116e+03
2.854997061852875504e+03
2.876644731309861527e+03
2.897703823638370068e+03
2.918004794742374543e+03
2.937573972668748866e+03
2.956608274143653034e+03
2.975310273291795056e+03
2.993018237060407500e+03
3.010388700524274100e+03
3.027279788244238262e+03
3.043602559885880510e+03
3.059430497830093373e+03
3.074881858180195195e+03
3.089901434856613378e+03
3.104499716478514529e+03
3.118708739080500891e+03
1.867777959026534973e+03
1.887307903764088678e+03
1.907852561263186544e+03
1.951011516353905563e+03
1.995980297892474482e+03
2.042070247595143883e+03
2.088868121815422455e+03
2.136022130002495942e+03
2.183339359372967920e+03
2.230553309612641897e+03
2.277461392060587059e+03
2.323912253643675285e+03
2.369718101480656514e+03
2.414704331814808938e+03
2.458653847913367372e+03
2.501490770041926226e+03
2.542999086788961904e+03
2.582880461825684506e+03
2.621125665726760417e+03
2.657412595272958242e+03
2.691607681926717305e+03
2.723423914195339421e+03
2.752877892969820095e+03
2.780063003787953676e+03
2.805923717881487391e+03
2.830605181984525643e+03
2.854430102533970057e+03
2.877381636297875502e+03
2.899660007602699807e+03
2.921090828251730272e+03
2.941845828704761516e+03
2.961900381334081885e+03
2.981426996491318278e+03
3.000259936593664861e+03
3.018538266759123417e+03
3.036283995114733443e+03
3.053522160401108522e+03
3.070257529269318638e+03
3.086541715686089447e+03
3.102390749744015920e+03
3.117725425826688934e+03
3.132718601968960229e+03
3.147209014039663089e+03
1.905839149254889207e+03
1.925505651156145632e+03
1.967204891152033724e+03
2.011027324469411724e+03
2.056212832052737213e+03
2.102298354150874729e+03
2.148936516168533672e+03
2.195842085354706342e+03
2.242811449529893252e+03
2.289628466930616014e+03
2.336089105906791247e+03
2.381996118426721296e+03
2.427154283121756635e+03
2.471528147619683295e+03
2.514787685554429572e+03
2.556823565732067436e+03
2.597444959053385446e+03
2.636563842558661236e+03
2.673862912773770404e+03
2.709099953136488239e+03
2.742140410335434353e+03
2.772847841537005024e+03
2.801281122943205901e+03
2.827803230866313243e+03
2.853139624357208049e+03
2.877468605491829294e+03
2.900883913723419028e+03
2.923599765230345383e+03
2.945490797788637337e+03
2.966600895748111270e+03
2.987105655741274859e+03
3.007090865603120619e+03
3.026294491193532394e+03
3.044990740740835463e+03
3.063165231742589640e+03
3.080749814261793290e+03
3.097815898380372346e+03
3.114447637788541215e+03
3.130588419811107087e+03
3.146384555300379361e+03
3.161619818777367982e+03
3.176488012899916612e+03
1.944411318579347153e+03
1.984781879737861800e+03
2.027528602293833501e+03
2.071864422546569131e+03
2.117248679122684734e+03
2.163362221143301213e+03
2.209876305322779444e+03
2.256548948352741718e+03
2.303176384892436545e+03
2.349575481412988211e+03
2.395562161113227376e+03
2.440888814543538501e+03
2.485503646393320196e+03
2.529188991226843427e+03
2.571666736253836461e+03
2.612936846403549680e+03
2.652732920218767504e+03
2.690904903762496360e+03
2.727257165274090767e+03
2.761539691512289210e+03
2.793456420450730548e+03
2.823039930061788255e+03
2.850508776255933299e+03
2.876421526250601346e+03
2.901265018433905425e+03
2.925277910626597077e+03
2.948371414927987189e+03
2.970702099176065531e+03
2.992260291366243109e+03
3.013202504066678102e+03
3.033465052997614293e+03
3.053059142658472410e+03
3.072112973485066050e+03
3.090619586420322321e+03
3.108572286601058295e+03
3.126066069354119463e+03
3.143014176453022628e+03
3.159475775896947653e+03
3.175581959104643829e+03
3.191144229659793382e+03
3.206344246736372043e+03
2.023015422930448949e+03
2.063843586104331280e+03
2.106561759201458699e+03
2.150651686190600685e+03
2.195690970228425613e+03
2.241371171506438714e+03
2.287433249828278804e+03
2.333673553432682183e+03
2.379890885128994341e+03
2.425824016815782670e+03
2.471399436323669306e+03
2.516414386958808791e+03
2.560601980437107159e+03
2.603949416749568627e+03
2.646226033136612841e+03
2.687265446289858573e+03
2.726941104259453823e+03
2.765023140497095483e+03
2.801265037438075524e+03
2.835493780776170752e+03
2.867561838222404731e+03
2.897325677114516111e+03
2.924898238595503699e+03
2.950921863186537394e+03
2.975838758610429977e+03
2.999819009517322684e+03
3.022962612523480857e+03
3.045361914955683460e+03
3.067022979178738751e+03
3.087997999811327645e+03
3.108358268250159654e+03
3.128134922954889134e+03
3.147281937432815994e+03
3.165895895111135360e+03
3.184049822327083348e+03
3.201641969350701856e+03
3.218767713949489007e+03
3.235419830858431851e+03
3.251616289591144323e+03
3.267433735504054766e+03
2.103410814310301703e+03
2.144713919506413731e+03
2.187584663804368574e+03
2.231611634065780436e+03
2.276467896349487546e+03
2.321908660642688574e+03
2.367707947723777579e+03
2.413594987148512246e+03
2.459455947689230015e+03
2.505102115974740627e+03
2.550275181186619193e+03
2.594936864880085068e+03
2.638880198750982345e+03
2.681928667584167670e+03
2.723986638980811676e+03
2.764836082788612657e+03
2.804280525298326211e+03
2.842170911751139101e+03
2.878386780847127739e+03
2.912651508432953960e+03
2.944731002622202141e+03
2.974612389786668700e+03
3.002314268227959474e+03
3.028300079569104582e+03
3.053204863397113058e+03
3.077206042620294284e+03
3.100289131772284691e+03
3.122766996224831928e+03
3.144461609038549796e+03
3.165493358958350200e+03
3.185907568532196365e+03
3.205715614489458858e+03
3.224988691150181694e+03
3.243687542635540922e+03
3.261902052213175921e+03
3.279624049366562758e+03
3.296832324766090551e+03
3.313608759547191312e+03
3.329942460327757544e+03
2.185413735906216971e+03
2.227187448241706079e+03
2.270269542360242212e+03
2.314352248111834342e+03
2.359174757017229240e+03
2.404452186995948068e+03
2.450030515232603193e+03
2.495719343713211856e+03
2.541270444928166398e+03
2.586612888024482345e+03
2.631554866290674909e+03
2.675915779835708236e+03
2.719607277029958823e+03
2.762421798174797459e+03
2.804198460038373923e+03
2.844794706896887874e+03
2.884099175579859093e+03
2.921901568254113045e+03
2.958012631707879336e+03
2.992261758387455302e+03
3.024361529212351343e+03
3.054235415144052695e+03
3.081992124018365757e+03
3.107980903869676695e+03
3.132797492102287833e+03
3.156825999931703336e+03
3.179968493491355275e+03
3.202402798962272755e+03
3.224072646789189548e+03
3.244975323120399935e+03
3.265549614961287261e+03
3.285413475487784126e+03
3.304680744891791619e+03
3.323483357988152420e+03
3.341713149049104686e+03
3.359462068024081418e+03
3.376794679293009722e+03
3.393640471152326427e+03
2.268852345098588557e+03
2.311081189395221372e+03
2.354439777289885569e+03
2.398620781770452595e+03
2.443428482920564875e+03
2.488658663123928818e+03
2.534071852035385746e+03
2.579560972431299888e+03
2.624942700239094393e+03
2.670036236284137431e+03
2.714746782496978994e+03
2.758877453133549807e+03
2.802288385801891309e+03
2.844839174264227950e+03
2.886417581339311255e+03
2.926851887317171531e+03
2.965983260671703647e+03
3.003662498814917853e+03
3.039678469974521704e+03
3.073835023341724991e+03
3.105923420649313357e+03
3.135807372203933483e+03
3.163651214078626253e+03
3.189578497004305063e+03
3.214419838528864602e+03
3.238326913504965432e+03
3.261468876844158331e+03
3.283786308023863057e+03
3.305453805420937897e+03
3.326494498468930033e+03
3.346904557270972418e+03
3.366805664447634172e+03
3.386037859335147914e+03
3.404850140396143615e+03
3.423141628817847959e+03
3.440924998992679321e+03
3.458262198369467114e+03
2.353588479744487358e+03
2.396249822842827598e+03
2.439866255098891088e+03
2.484209478120747008e+03
2.529044714373371789e+03
2.574227611977798915e+03
2.619577682932716925e+03
2.664915321587771359e+03
2.710132462919146747e+03
2.755039954948511422e+03
2.799511280648919183e+03
2.843406298980594784e+03
2.886608319849195595e+03
2.928968515159603157e+03
2.970345461740767860e+03
3.010598159146453327e+03
3.049565746768101235e+03
3.087086519736711125e+03
3.122993609532875780e+03
3.157076913895351026e+03
3.189128710588940521e+03
3.219021597750745968e+03
3.246817099342747497e+03
3.272782786183862299e+03
3.297543113163402722e+03
3.321490994206951655e+03
3.344434549298824550e+03
3.366761978450699644e+03
3.388348626584977865e+03
3.409415376880238910e+03
3.429766234831276051e+03
3.449558252818264464e+03
3.468873717167791710e+03
3.487656635009017918e+03
3.505900762764324099e+03
3.523644759555705605e+03
2.439461476673188827e+03
2.482552915833799943e+03
2.526436129047393024e+03
2.570929525495097550e+03
2.615850408010272986e+03
2.661019431536149568e+03
2.706312362059003135e+03
2.751545109873370166e+03
2.796599026210345528e+03
2.841331449826401240e+03
2.885622696796192940e+03
2.929336492629612167e+03
2.972341842967382036e+03
3.014502579662739208e+03
3.055688251233477786e+03
3.095755142986897226e+03
3.134563586053746803e+03
3.171941401361736098e+03
3.207730556965804681e+03
3.241758863690899489e+03
3.273760818041740094e+03
3.303661865147376375e+03
3.331418291238474012e+03
3.357331265388611428e+03
3.381974703597091775e+03
3.405827668275032920e+03
3.428723626669426267e+03
3.451055062096018901e+03
3.472590393170878087e+03
3.493469580285495340e+03
3.513852608708987646e+03
3.533645970225441488e+03
3.552852868763953666e+03
3.571753400816827252e+03
3.589943296811298751e+03
2.526379777573376032e+03
2.569862602757956665e+03
2.614021965438395000e+03
2.658675789935897683e+03
2.703683702504284156e+03
2.748863374795181244e+03
2.794101121915958174e+03
2.839246195677757441e+03
2.884181746911077425e+03
2.928776136058052543e+03
2.972904694988320443e+03
3.016435129591663099e+03
3.059254912609036182e+03
3.101232546009557154e+03
3.142241895623756136e+03
3.182133470413591567e+03
3.220777580023253904e+03
3.258053791360122432e+03
3.293727033529895834e+03
3.327639016299062405e+03
3.359614434232325948e+03
3.389399687005712167e+03
3.417151099715683813e+03
3.443050558827849272e+03
3.467607518399321634e+03
3.491400881232830216e+03
3.514198988125231608e+03
3.536360637201277314e+03
3.557883079313532107e+03
3.578749263259739109e+03
3.599000832474940580e+03
3.619006798015673667e+03
3.638039950698476332e+03
3.656756299158057118e+03
2.614235838302557568e+03
2.658086664298043615e+03
2.702511497325857363e+03
2.747323916076853493e+03
2.792413224321873713e+03
2.837617111145445961e+03
2.882825689996220717e+03
2.927907108508874444e+03
2.972740276912913032e+03
3.017196742075364455e+03
3.061172892108458200e+03
3.104548223349185719e+03
3.147202048686689068e+03
3.189002074774685298e+03
3.229831761430105416e+03
3.269605490815372832e+03
3.308097606335684759e+03
3.345205368085929422e+03
3.380794039075323781e+03
3.414582631570398917e+03
3.446440491894846673e+03
3.476250883989586328e+03
3.503910600216838247e+03
3.529868637184131330e+03
3.554288699864157024e+03
3.577884319843926278e+03
3.600682223818227612e+03
3.622764162945353291e+03
3.644155684697026118e+03
3.665163749123877096e+03
3.685236052294533692e+03
3.704904323358086003e+03
3.724199707011088776e+03
2.702940910455592530e+03
2.747130700871439331e+03
2.791799466963395844e+03
2.836771019951253948e+03
2.881945312282303348e+03
2.927187448811132526e+03
2.972378125075717435e+03
3.017392749768724570e+03
3.062130099086267364e+03
3.106481333965636622e+03
3.150325879992507907e+03
3.193546066116919974e+03
3.236029839438086128e+03
3.277718974027833610e+03
3.318388837293634879e+03
3.357967642672684178e+03
3.396351254093785428e+03
3.433284783710551892e+03
3.468698807524571748e+03
3.502487223250986062e+03
3.534209986973132345e+03
3.564041581969663639e+03
3.591675875294166872e+03
3.617372578226508267e+03
3.641873922051960108e+03
3.665348718127064785e+03
3.688024308541207574e+03
3.710171503207598107e+03
3.731380478426003720e+03
3.752096284949766869e+03
3.772383998257335861e+03
3.791817832600038855e+03
2.792405500185378969e+03
2.836911458255878642e+03
2.881802351252833432e+03
2.926938715650126142e+03
2.972201888427201993e+03
3.017471177873243505e+03
3.062642924442405729e+03
3.107621625620528448e+03
3.152283307924320070e+03
3.196522414134184601e+03
3.240230514193173804e+03
3.283362846827083558e+03
3.325702890827780266e+03
3.367195561105810611e+03
3.407755237940599727e+03
3.447145090863816222e+03
3.485322353154796929e+03
3.522230747429855001e+03
3.557464094614910209e+03
3.591207358189307342e+03
3.622924869565956215e+03
3.652473166033968482e+03
3.680176524083473851e+03
3.705851388376264367e+03
3.730158962917419558e+03
3.753721319847657469e+03
3.776215297791719422e+03
3.798082466188185208e+03
3.819465760783752557e+03
3.839919624939144342e+03
3.860033318621437957e+03
2.882542400013659972e+03
2.927362143880754957e+03
2.972469308616437047e+03
3.017747184953897886e+03
3.063090600946243285e+03
3.108406362529784019e+03
3.153579844027543913e+03
3.198505014965219743e+03
3.243084094065086902e+03
3.287272459699091996e+03
3.330870453001894930e+03
3.373829217211061405e+03
3.416074871295109006e+03
3.457386330428928886e+03
3.497732908910366859e+03
3.537087790054791640e+03
3.575068883498069226e+03
3.611895866090755135e+03
3.647035746888265749e+03
3.680500586464005664e+03
3.712205576043688325e+03
3.741785135656652983e+03
3.769302988925980117e+03
3.795128203742138794e+03
3.819279556884252543e+03
3.842566445959310840e+03
3.865208355246630163e+03
3.886809694322475025e+03
3.907970067492053204e+03
3.928578041945000223e+03
2.973324694475883916e+03
3.018418707463940791e+03
3.063723068950259858e+03
3.109143935774770398e+03
3.154581363640361815e+03
3.199920195279207292e+03
3.245079377821364687e+03
3.290006426767289213e+03
3.334524298848596118e+03
3.378583309761854252e+03
3.422116379694426541e+03
3.464921134167069340e+03
3.506970089644156360e+03
3.548249003744415404e+03
3.588405253792016538e+03
3.627664177018365081e+03
3.665534009237202554e+03
3.702056053140885524e+03
3.737196690231144203e+03
3.770610619183922154e+03
3.802155059255025662e+03
3.831851305810810118e+03
3.859224761637694428e+03
3.884811596304402428e+03
3.909094772177977120e+03
3.932114279426466510e+03
3.954520896252352031e+03
3.976285514597203019e+03
3.997283209006304332e+03
3.064681942014341075e+03
3.110028780799013475e+03
3.155534501642756368e+03
3.201069299985031648e+03
3.246573408073636529e+03
3.291980758107774363e+03
3.337142100049303735e+03
3.382001520480539511e+03
3.426495635907988799e+03
3.470444275449145607e+03
3.513817754546511424e+03
3.556601507740319903e+03
3.598481959476342581e+03
3.639668533014312743e+03
3.679714145372177882e+03
3.718667634331073259e+03
3.756518640682238583e+03
3.792969189461177393e+03
3.827937903761211601e+03
3.861420403036414427e+03
3.892790671169855159e+03
3.922233164928074984e+03
3.949763355659257286e+03
3.975127610082830870e+03
3.999201489178670727e+03
4.022379169712639850e+03
4.044621237837121953e+03
4.066169305272433121e+03
3.156578568401221219e+03
3.202142920161018083e+03
3.247807927341210416e+03
3.293490255165443614e+03
3.339072659751479478e+03
3.384489346510470114e+03
3.429678280868950878e+03
3.474485112166937597e+03
3.518874222479145828e+03
3.562821684957143134e+03
3.606061906333016395e+03
3.648772139103881273e+03
3.690556165929733652e+03
3.731459227531196120e+03
3.771476881674457218e+03
3.810352214987448860e+03
3.848028533064272779e+03
3.884520147567011918e+03
3.919280304859727948e+03
3.952492545062122190e+03
3.983993892270382730e+03
4.013204641868927865e+03
4.040566401824437889e+03
4.066122397574447859e+03
4.090027749633651183e+03
4.112982700462629509e+03
4.135446517439138916e+03
3.248920149011692047e+03
3.294722035686210802e+03
3.340552788612818404e+03
3.386334492451522237e+03
3.432005100138526814e+03
3.477439012269664090e+03
3.522592183948845104e+03
3.567425696515120308e+03
3.611728508898488144e+03
3.655633949570654750e+03
3.698803418439993038e+03
3.741270111155790801e+03
3.783028030601718001e+03
3.823858323719891814e+03
3.863714265504314881e+03
3.902616185520059844e+03
3.940077764805702827e+03
3.976291822226327895e+03
4.011151927546080515e+03
4.044106823255297513e+03
4.075413649328310839e+03
4.104817665676100660e+03
4.132040824028061252e+03
4.157388515984782316e+03
4.181545273003155671e+03
4.204405498793119477e+03
3.341717404176580658e+03
3.387719821890209460e+03
3.433707839300155229e+03
3.479586949184684272e+03
3.525303108264019102e+03
3.570799591549322940e+03
3.615923794605356306e+03
3.660757387721004307e+03
3.705025171371226406e+03
3.748742357020478721e+03
3.791898569422471155e+03
3.834309200600214353e+03
3.875928194268724837e+03
3.916778994870588576e+03
3.956431782508602282e+03
3.995066602496788619e+03
4.032604584359008186e+03
4.068557172771309979e+03
4.103195891710898650e+03
4.136320192149250943e+03
4.167474920940092488e+03
4.196657752338470345e+03
4.224157331209476979e+03
4.249445268897296955e+03
4.273393754291161713e+03
3.434919016552312314e+03
3.481107781467495897e+03
3.527232435514810277e+03
3.573218086505701649e+03
3.618971788150258362e+03
3.664519327390944909e+03
3.709653269227007968e+03
3.754366686608380860e+03
3.798645177329298349e+03
3.842331089451337448e+03
3.885377906550445914e+03
3.927809834294036136e+03
3.969253551824927854e+03
4.009863202925371297e+03
4.049577067284927580e+03
4.087963296389113111e+03
4.125275859551609756e+03
4.161371841303205656e+03
4.195839305745805177e+03
4.228728536352780793e+03
4.260132550205154985e+03
4.289264450518781814e+03
4.316572444824867489e+03
4.341575693761462389e+03
3.528509026920852193e+03
3.574856261500764958e+03
3.621093117950204487e+03
3.667188144810097583e+03
3.713004586057698361e+03
3.758510545900978286e+03
3.803688748092642527e+03
3.848402857205116561e+03
3.892606112306777504e+03
3.936322159217734225e+03
3.979234798333930485e+03
4.021464387534497746e+03
4.062960578237284608e+03
4.103348232902834752e+03
4.142847214595036348e+03
4.181357340352726169e+03
4.218500077038313975e+03
4.254358319638959074e+03
4.289042774829765222e+03
4.321858794313166072e+03
4.352882004058542407e+03
4.381914406141948348e+03
4.408892424065468731e+03
3.622414087112530069e+03
3.668934961819791170e+03
3.715295064016864671e+03
3.761435626547116954e+03
3.807338082693598153e+03
3.852883230416586230e+03
3.898025042373161341e+03
3.942785792605649476e+03
3.986906520832360002e+03
4.030469522762514316e+03
4.073432324154495745e+03
4.115477639238937627e+03
4.156781279241839911e+03
4.197278756858786437e+03
4.236623656139525337e+03
4.274905856597679303e+03
4.312237298474870840e+03
4.348010448580194861e+03
4.382210023994277435e+03
4.415026612198829753e+03
4.445891820491389808e+03
4.474827115355609749e+03
3.716648464029641673e+03
3.763308781636373624e+03
3.809803613173060967e+03
3.856027708313540643e+03
3.901937361859691919e+03
3.947552977380930315e+03
3.992672243812110082e+03
4.037337660898630020e+03
4.081512518366049335e+03
4.124937929511890616e+03
4.167741032399593678e+03
4.209886413498028560e+03
4.251063388791793841e+03
4.291352431924404300e+03
4.330859536668496730e+03
4.369056578370051284e+03
4.405928971899118551e+03
4.441691585775602107e+03
4.475830708924893770e+03
4.508410034355751122e+03
4.539544669972403426e+03
3.811205794527723810e+03
3.857999188386434071e+03
3.904549454149652775e+03
3.950874745401283235e+03
3.996828308666214980e+03
4.042412988155642324e+03
4.087596629928319544e+03
4.132178310328034058e+03
4.176240803962245991e+03
4.219755375203430958e+03
4.262467695503331925e+03
4.304433116262085605e+03
4.345747961827963991e+03
4.385961933712958853e+03
4.425054879119674297e+03
4.463234359578413205e+03
4.500047737275750478e+03
4.535569479328287343e+03
4.569947037634334265e+03
4.602481159819068125e+03
3.905979602433036234e+03
3.952911279411737269e+03
3.999576799287541235e+03
4.045940762493120474e+03
4.091975068208418634e+03
4.137535592364007243e+03
4.182660599226707745e+03
4.227326289805496344e+03
4.271334643851337205e+03
4.314711205765330305e+03
4.357540513097856092e+03
4.399449009121330164e+03
4.440409452021518518e+03
4.480603372763609514e+03
4.519642911926195666e+03
4.557595576147783504e+03
4.594610790501841620e+03
4.630078672048450244e+03
4.664000090325675046e+03
4.001033550230570199e+03
4.048077456519775296e+03
4.094845868404810517e+03
4.141249752938974780e+03
4.187284236523404616e+03
4.232929527549249542e+03
4.278042790423749466e+03
4.322618294367315684e+03
4.366727443491037775e+03
4.410071818069938672e+03
4.452618732588720377e+03
4.494507895525322965e+03
4.535423839121731362e+03
4.575417077116171640e+03
4.614625494822685141e+03
4.652524302906074809e+03
4.689114909590701245e+03
4.724457827349204308e+03
4.096322539895751106e+03
4.143473865829730130e+03
4.190305205713822943e+03
4.236800441952409528e+03
4.282870074995703362e+03
4.328477951890184158e+03
4.373681337069225265e+03
4.418254801850065633e+03
4.462162127733819034e+03
4.505491599886318909e+03
4.548004708122218290e+03
4.589730058093611660e+03
4.630786292641820182e+03
4.670731827932168017e+03
4.709561369637844109e+03
4.747340487675893201e+03
4.784201536757991562e+03
4.191834345180108357e+03
4.239089138462635674e+03
4.286005902316859647e+03
4.332520645434373364e+03
4.378675667570709265e+03
4.424316047037040335e+03
4.469403953085622561e+03
4.513970867964699210e+03
4.557857439065817744e+03
4.601068000732982910e+03
4.643698054730361946e+03
4.685387102919322388e+03
4.726123390768128957e+03
4.765959730748636503e+03
4.805025478299798124e+03
4.842606814010565358e+03
4.287558677650842583e+03
4.334893320561165638e+03
4.381896751568719992e+03
4.428482024789553179e+03
4.474611594299037279e+03
4.520257659829809199e+03
4.565340495975868180e+03
4.609839497457183825e+03
4.653825325185931433e+03
4.697015776360907694e+03
4.739394006366128451e+03
4.780988737933766970e+03
4.821923952248453134e+03
4.861584608744217803e+03
4.900457103465609180e+03
4.383451272768747003e+03
4.430897081065840212e+03
4.477967153432935447e+03
4.524574023885947099e+03
4.570716967219528669e+03
4.616350685584807252e+03
4.661520848059417403e+03
4.706020233237160028e+03
4.749828522008950131e+03
4.792943221605506551e+03
4.835482978795991585e+03
4.876933322916003817e+03
4.917705533966101939e+03
4.957282663419457094e+03
4.479574756902030458e+03
4.527061417065327987e+03
4.574165992491985890e+03
4.620819462057409510e+03
4.667043332711416951e+03
4.712701775874042141e+03
4.757772671095127407e+03
4.802217931022170887e+03
4.846152247686615738e+03
4.889163241764982558e+03
4.931573789156416751e+03
4.972958931277717056e+03
5.013594659454593057e+03
4.575790038455124886e+03
4.623384613149210054e+03
4.670568866383925524e+03
4.717274748620517130e+03
4.763479999552415393e+03
4.809108447221082315e+03
4.854272941520794120e+03
4.898663063339221480e+03
4.942504355948120065e+03
4.985469243939091029e+03
5.027770143500421909e+03
5.069178415766049511e+03
4.672198126445284288e+03
4.719875609662618444e+03
4.767123064589590285e+03
4.813825010553333414e+03
4.860095129648398142e+03
4.905723460616753073e+03
4.950832960979108066e+03
4.995196733356484401e+03
5.038961655055144547e+03
5.081956600493363112e+03
5.124222181027360421e+03
4.768800370200485304e+03
4.816501380108858029e+03
4.863788913473258617e+03
4.910551141461335646e+03
4.956805535580201649e+03
5.002428081808050592e+03
5.047499595385942484e+03
5.091905075540701546e+03
5.135640457922894711e+03
5.178615736992747770e+03
4.865451445336766483e+03
4.913277579305987274e+03
4.960589313782085810e+03
5.007367093905806541e+03
5.053626034372216964e+03
5.099305760688946975e+03
5.144356355150262061e+03
5.188747693799167791e+03
5.232355713074819505e+03
4.962279787975320687e+03
5.010143373148264800e+03
5.057505545094633817e+03
5.104359005385425917e+03
5.150608289154743034e+03
5.196281953873750354e+03
5.241265385119650091e+03
5.285694281263641642e+03
5.059232021411203277e+03
5.107192118161179678e+03
5.154558363916432427e+03
5.201416255433789956e+03
5.247659321521288803e+03
5.293373712827822601e+03
5.338409615727842720e+03
5.156298981099964294e+03
5.204276238684687996e+03
5.251697430487201927e+03
5.298602680099207646e+03
5.344900541461192915e+03
5.390521526122083742e+03
5.253478373599085899e+03
5.301504960831821336e+03
5.348986539015822927e+03
5.395863273626458067e+03
5.442219866582402574e+03
5.350757241939601954e+03
5.398826803232097518e+03
5.446360131362245738e+03
5.493289037075845044e+03
5.448136101423870059e+03
5.496263865295595679e+03
5.543815867739718669e+03
5.545609232122253161e+03
5.593766294944634865e+03
5.643171480206890919e+03
