nan
nan
nan
nan
nan
nan
nan
nan
nan
nan
nan
nan
nan
nan
nan
nan
nan
nan
nan
nan
nan
nan
nan
nan
5.220000000000000284e+01
4.309246658566221413e+02
7.368362235067437496e+02
9.047348886532344068e+02
1.014844932844932828e+03
1.128944126074498627e+03
1.251354471544715352e+03
1.453572243346007554e+03
1.579359570661896214e+03
1.778256333830104268e+03
2.001289610389610289e+03
2.164698598130841219e+03
2.130231854838709751e+03
2.150005376344086017e+03
2.216401490066225051e+03
2.400866504854368941e+03
2.606274619695756428e+03
2.814279742765273113e+03
2.948785770750987922e+03
3.131988835725677745e+03
3.287345161290322721e+03
3.420681300813007965e+03
3.559290429042904179e+03
3.734963528413909899e+03
3.817425277540563457e+03
3.969739702015775492e+03
4.151671493212669702e+03
4.249669104204753239e+03
4.370807585568917602e+03
4.545620493358634121e+03
4.717727008712487986e+03
4.896380811078140141e+03
5.032676646706587235e+03
5.194646403242148153e+03
5.349443987667009424e+03
5.523967775467775027e+03
5.690247108307044982e+03
5.968338394793926454e+03
6.165644273127752967e+03
6.324517699115043797e+03
6.449944134078212301e+03
6.636111612175874143e+03
6.795330296127563088e+03
7.025521939953810943e+03
7.218005847953216289e+03
7.436596199524940857e+03
7.670969843184559977e+03
nan
nan
nan
nan
nan
nan
nan
nan
nan
nan
nan
nan
nan
nan
nan
nan
nan
nan
nan
nan
nan
nan
nan
1.583421052631578902e+02
4.561276849642004549e+02
7.351770833333333712e+02
8.896593533487298373e+02
9.990119680851063322e+02
1.132850931677018707e+03
1.253051635111876067e+03
1.445124505928853750e+03
1.562415652173913031e+03
1.791077259475218625e+03
1.995369289340101432e+03
2.152746543778801879e+03
2.099578017664377057e+03
2.107424216027874536e+03
2.218027914614121528e+03
2.408847580645161088e+03
2.589574940523394162e+03
2.794085850556438800e+03
2.969652656621728966e+03
3.102987321711568711e+03
3.291475343573160899e+03
3.405976422764227664e+03
3.555637945318972470e+03
3.704486941870261035e+03
3.807401197604790468e+03
3.959820175438596380e+03
4.126969341749323576e+03
4.238285191956124436e+03
4.400574626865671235e+03
4.532332386363636033e+03
4.733268031189083558e+03
4.855699019607843184e+03
5.015912350597609475e+03
5.174021190716448473e+03
5.359782786885245514e+03
5.533787500000000364e+03
5.712136219640971831e+03
5.984503808487486822e+03
6.131924342105263349e+03
6.289016538037486498e+03
6.442668151447661330e+03
6.613903479236812927e+03
6.792364358683314094e+03
7.014191685912240246e+03
7.173814169570267040e+03
7.430518957345972012e+03
7.657548076923077133e+03
nan
nan
nan
nan
nan
nan
nan
nan
nan
nan
nan
nan
nan
nan
nan
nan
nan
nan
nan
nan
nan
nan
2.125797101449275317e+02
4.673200483091787305e+02
7.253594624860022577e+02
8.719561403508771491e+02
9.999985401459854302e+02
1.141251666666666779e+03
1.252324909747292395e+03
1.417560396039604029e+03
1.573736752136752102e+03
1.794898305084745743e+03
1.985897277227722725e+03
2.096082130965593933e+03
2.044081439393939490e+03
2.092247863247863279e+03
2.239485667485667364e+03
2.422490369181380629e+03
2.591852523659305916e+03
2.784778740157480115e+03
2.996799839871897348e+03
3.098148177496037988e+03
3.282525080906149014e+03
3.421594439901880833e+03
3.549473466003316844e+03
3.678502533783783747e+03
3.808367697594501806e+03
3.963895667550839789e+03
4.101128944995491111e+03
4.226159194876487163e+03
4.366426840633736902e+03
4.547043893129771277e+03
4.710942662779397324e+03
4.831160312805473950e+03
4.988966303270564822e+03
5.169886203423967345e+03
5.323423469387755176e+03
5.547506792058516112e+03
5.722941798941798879e+03
5.997774755168661613e+03
6.102188248095756535e+03
6.246881708652793350e+03
6.408015469613259484e+03
6.561613333333333685e+03
6.789900339750849525e+03
7.011457373271889082e+03
7.231427071178529332e+03
7.431132387706856207e+03
7.688979493365500275e+03
nan
nan
nan
nan
nan
nan
nan
nan
nan
nan
nan
nan
nan
nan
nan
nan
nan
nan
nan
nan
nan
2.511604938271605079e+02
4.704622279129321214e+02
7.108660170523751276e+02
8.587160493827160508e+02
1.007824561403508824e+03
1.132236842105263122e+03
1.246226843100188944e+03
1.391905138339920995e+03
1.583023178807947033e+03
1.797161379310344728e+03
1.982118932038835055e+03
2.048196774193548208e+03
2.010584714548803049e+03
2.093613231552162688e+03
2.272923203963666310e+03
2.449201768488745984e+03
2.619867984189723302e+03
2.787251770259638306e+03
2.964604117181314450e+03
3.108844073190135077e+03
3.259275280898876190e+03
3.397491428571428514e+03
3.539248545303408264e+03
3.660498310810810835e+03
3.796590163934426073e+03
3.939503083700440584e+03
4.092929539295393170e+03
4.226967919340055232e+03
4.361972947761193609e+03
4.529118708452041574e+03
4.716828627069133290e+03
4.847638506876228348e+03
4.980777448071216895e+03
5.154694864048338786e+03
5.360722336065573472e+03
5.544651720542231487e+03
5.772153354632588162e+03
5.902454251883746110e+03
6.064710270270270485e+03
6.244398907103824968e+03
6.412187845303867107e+03
6.596752519596864659e+03
6.837305334846764708e+03
6.979493119266055146e+03
7.218090909090909008e+03
7.399539458186101001e+03
7.630603345280764188e+03
nan
nan
nan
nan
nan
nan
nan
nan
nan
nan
nan
nan
nan
nan
nan
nan
nan
nan
nan
nan
2.623417721518987378e+02
4.634470426409903894e+02
6.993565683646112348e+02
8.592205206738132119e+02
1.015196551724137976e+03
1.128805555555555657e+03
1.242256916996047494e+03
1.393871287128712765e+03
1.586390048154093165e+03
1.801153432032301453e+03
1.969020238095238028e+03
1.982990740740740648e+03
1.987082055906221740e+03
2.075990863787375474e+03
2.249919967663702664e+03
2.438807171314741026e+03
2.655553784860557698e+03
2.791799212598425129e+03
2.954835962145110443e+03
3.107847565841979304e+03
3.254844354838709478e+03
3.381995901639344083e+03
3.530287499999999909e+03
3.641788185654008430e+03
3.781399827288428241e+03
3.920060846560846585e+03
4.051376681614349764e+03
4.198917582417582707e+03
4.346050279329609111e+03
4.505218216318785380e+03
4.675084778420038674e+03
4.821445312500000000e+03
4.983631318136768641e+03
5.135798798798798998e+03
5.330391215526046835e+03
5.543050000000000182e+03
5.755071125265392766e+03
5.896387820512820326e+03
6.068952483801295784e+03
6.230119956379498035e+03
6.388985714285714494e+03
6.629573825503355692e+03
6.768096737907761963e+03
7.043344470046083188e+03
7.256205607476635123e+03
7.463066350710900224e+03
7.686755716004813621e+03
nan
nan
nan
nan
nan
nan
nan
nan
nan
nan
nan
nan
nan
nan
nan
nan
nan
nan
nan
2.670117647058823422e+02
4.566828528072837798e+02
6.887640949554896679e+02
8.684027072758037775e+02
1.013051094890510967e+03
1.129757281553398116e+03
1.232456967213114694e+03
1.376247582205028948e+03
1.592737833594976564e+03
1.805510554089709785e+03
1.966944770857814319e+03
1.941057999999999993e+03
1.961490748898678476e+03
2.066589300411522800e+03
2.256832662912308933e+03
2.443995249406175844e+03
2.624416207710464278e+03
2.793585231736056357e+03
2.945023603461841049e+03
3.107972044728434412e+03
3.244217917675544868e+03
3.380941031941031724e+03
3.507548252911813506e+03
3.644967687074829882e+03
3.779404163052905460e+03
3.916230088495575274e+03
4.044126012601260300e+03
4.197065994500458146e+03
4.343627450980392496e+03
4.498257359924026787e+03
4.650261078998073572e+03
4.820820136852395080e+03
4.977833663366336623e+03
5.141906720160481200e+03
5.304598778004073210e+03
5.529230769230769511e+03
5.760187898089171540e+03
5.873078807241746290e+03
6.049733046286329227e+03
6.224975081256771773e+03
6.405730473047305168e+03
6.618947486033519453e+03
6.821134463276835959e+03
7.010972508591064980e+03
7.249188591385332074e+03
7.406629107981220841e+03
7.651755369928400796e+03
nan
nan
nan
nan
nan
nan
nan
nan
nan
nan
nan
nan
nan
nan
nan
nan
nan
nan
2.847972972972972912e+02
4.447461406518010563e+02
6.825448504983388602e+02
8.654101633393829616e+02
1.006254789272030621e+03
1.125892494929006034e+03
1.228197872340425420e+03
1.376146666666666761e+03
1.596744712990936478e+03
1.794344916344916328e+03
1.940156321839080420e+03
1.902966990291262164e+03
1.941852558542931547e+03
2.074101556101556071e+03
2.263902165196471742e+03
2.442965381589299795e+03
2.629060344827586050e+03
2.814115232833464688e+03
2.939800314465408974e+03
3.105824701195218950e+03
3.225740531829169868e+03
3.346912052117264011e+03
3.491468827930174484e+03
3.624950722175021383e+03
3.745618307426597767e+03
3.903584588131089276e+03
4.048656756756756749e+03
4.171242922374429327e+03
4.336076492537313243e+03
4.513030534351145434e+03
4.659097678916828045e+03
4.775458697764820499e+03
4.966133990147783152e+03
5.158229607250755180e+03
5.324379837067209337e+03
5.508678719008264125e+03
5.685356020942408577e+03
5.825252897787144320e+03
6.003697550585729914e+03
6.208341621621621925e+03
6.401162637362637724e+03
6.577668514412416698e+03
6.759072869955157330e+03
6.996802285714285972e+03
7.160839861751152057e+03
7.374225204200700318e+03
7.633771428571428260e+03
nan
nan
nan
nan
nan
nan
nan
nan
nan
nan
nan
nan
nan
nan
nan
nan
nan
2.723620689655172669e+02
4.403835616438356055e+02
6.939533582089552510e+02
8.705193798449612359e+02
1.005808080808080831e+03
1.118829473684210598e+03
1.216021834061135451e+03
1.375001838235294144e+03
1.600835294117646981e+03
1.797220959595959584e+03
1.895504454342984445e+03
1.865900000000000091e+03
1.937475661827497788e+03
2.111587798845836915e+03
2.294918679549114131e+03
2.455955940204563376e+03
2.627136932707355299e+03
2.791501174628034278e+03
2.952503557312253179e+03
3.083166931637520065e+03
3.218067741935483809e+03
3.349083606557377152e+03
3.493112040133779374e+03
3.606562925170067956e+03
3.743444058976582710e+03
3.882908768821966532e+03
4.035960360360360482e+03
4.194420810313075890e+03
4.348283036551078112e+03
4.486605687203791604e+03
4.648303176130894826e+03
4.785854227405247912e+03
4.973824925816024006e+03
5.170137096774193196e+03
5.331590816326530330e+03
5.555121748178979942e+03
5.708369747899159847e+03
5.868937632135306558e+03
6.031661324786325167e+03
6.214504875406283645e+03
6.404706915477497205e+03
6.570981236203090702e+03
6.764506711409396303e+03
6.969148694665153016e+03
7.179401611047180268e+03
7.382063010501749886e+03
7.646622327790973941e+03
nan
nan
nan
nan
nan
nan
nan
nan
nan
nan
nan
nan
nan
nan
nan
nan
2.349142857142857110e+02
4.378622222222222149e+02
7.010101832993890412e+02
8.670775510204081229e+02
9.984514767932489576e+02
1.119070329670329784e+03
1.205198218262806222e+03
1.385996415770609246e+03
1.605229885057471165e+03
1.795760545905707204e+03
1.863593716143011989e+03
1.852730129390018419e+03
1.920418760469011659e+03
2.098208603896103796e+03
2.278129570747217713e+03
2.476610276679841718e+03
2.632263487099296526e+03
2.792359937402191008e+03
2.940539920948616782e+03
3.065338888888888960e+03
3.207874899112187450e+03
3.344813628899835749e+03
3.466392320534223927e+03
3.594239592183517289e+03
3.764132108486439392e+03
3.878349867139061189e+03
4.031306582506762879e+03
4.186683870967742223e+03
4.308866171003717682e+03
4.492602466793168787e+03
4.632675623800383619e+03
4.788876699029126030e+03
4.959983234714003629e+03
5.162594159113796195e+03
5.313079107505071079e+03
5.522666666666666970e+03
5.694836649214659701e+03
5.860104540654699122e+03
6.024548455804047080e+03
6.163920600858368744e+03
6.357950054288816318e+03
6.592132304299890166e+03
6.711588235294118022e+03
6.929599099099099476e+03
7.157823191733639760e+03
7.367683720930232994e+03
7.659088200238378704e+03
nan
nan
nan
nan
nan
nan
nan
nan
nan
nan
nan
nan
nan
nan
nan
1.961666666666666572e+02
4.401553884711779574e+02
6.948481561822126196e+02
8.665745140388769414e+02
9.966940133037694522e+02
1.116739726027397182e+03
1.192802222222222326e+03
1.381346020761245654e+03
1.604048746518105872e+03
1.788112195121951117e+03
1.796847668393782442e+03
1.819753375337533726e+03
1.923987520798668811e+03
2.109237711522965128e+03
2.274806755695208267e+03
2.458814988290398105e+03
2.633743369734789212e+03
2.773353858144972946e+03
2.914996081504702033e+03
3.063785373608903228e+03
3.185835880933226235e+03
3.319321575061525891e+03
3.453038493723849570e+03
3.576200680272108912e+03
3.723895379250217957e+03
3.868335695305579975e+03
4.024361663652802690e+03
4.146492223238792576e+03
4.314308480894687818e+03
4.462609433962264120e+03
4.653012499999999818e+03
4.779548449612402692e+03
4.933874509803921683e+03
5.154428284854563572e+03
5.330429735234215514e+03
5.518539256198347175e+03
5.661643080124869812e+03
5.813062695924764739e+03
5.989826455026454823e+03
6.128663461538461888e+03
6.379830065359476976e+03
6.562605726872247033e+03
6.721103104212860671e+03
6.935815315315315274e+03
7.168161882893225993e+03
7.381009324009323791e+03
7.604300236406619661e+03
nan
nan
nan
nan
nan
nan
nan
nan
nan
nan
nan
nan
nan
nan
nan
4.281352941176470495e+02
6.817266009852216939e+02
8.561304347826087451e+02
9.862584541062801691e+02
1.096650602409638623e+03
1.169665236051502234e+03
1.399187500000000000e+03
1.600929986789960367e+03
1.726204387990762143e+03
1.719007736943907048e+03
1.794459342560553523e+03
1.957960297766749363e+03
2.140474235104669788e+03
2.313787854889590108e+03
2.467000777604976520e+03
2.624660977501939669e+03
2.777919594067135222e+03
2.904233674272226381e+03
3.046082934609250515e+03
3.167858299595141489e+03
3.304652388797363983e+03
3.413951545530492695e+03
3.559404273504273533e+03
3.701120974760661284e+03
3.864420160570918597e+03
3.976546678635547778e+03
4.124820091324200803e+03
4.296286511627907203e+03
4.466218130311614914e+03
4.608177480916030618e+03
4.799425097276264751e+03
4.915567251461988235e+03
5.089339603960395834e+03
5.295667673716012359e+03
5.422175935288169967e+03
5.601496410256409945e+03
5.741286008230452353e+03
5.948448637316561872e+03
6.147664536741213851e+03
6.338876210979547977e+03
6.540244808743169415e+03
6.746423973362930155e+03
6.949075365579302343e+03
7.104888135593219886e+03
7.313633867276887941e+03
7.529416763678696043e+03
nan
nan
nan
nan
nan
nan
nan
nan
nan
nan
nan
nan
nan
nan
4.219754385964912444e+02
6.759245810055865604e+02
8.461586021505376038e+02
9.745785340314135965e+02
1.056894613583138153e+03
1.171168316831683114e+03
1.399822916666666742e+03
1.595174683544303889e+03
1.632496801705756980e+03
1.664107370336669646e+03
1.775539363484087062e+03
1.952035398230088504e+03
2.142994462025316352e+03
2.307097427903351672e+03
2.455370967741935601e+03
2.615589604344453164e+03
2.749836829836830020e+03
2.890267716535433010e+03
3.003186507936507951e+03
3.140013008130081289e+03
3.254578817733990036e+03
3.381289649415693020e+03
3.545318766066838180e+03
3.675891114982578529e+03
3.812215547703180164e+03
3.947068996415770471e+03
4.132040256175663671e+03
4.271880666049954016e+03
4.448052582159624762e+03
4.580717803030303003e+03
4.714156339370829301e+03
4.855632084534101523e+03
5.036745117187500000e+03
5.228355797819623149e+03
5.421491935483871202e+03
5.572736040609137490e+03
5.760224279835390917e+03
5.969475890985325350e+03
6.149747881355931895e+03
6.345914255091103769e+03
6.524508676789588208e+03
6.696985761226725117e+03
6.882297895902546770e+03
7.056161254199328141e+03
7.286556947608200062e+03
7.487510368663594818e+03
nan
nan
nan
nan
nan
nan
nan
nan
nan
nan
nan
nan
nan
4.110645161290322562e+02
6.687639751552794678e+02
8.409302325581395507e+02
9.449921052631578959e+02
1.049785557986870799e+03
1.172617594254937103e+03
1.399403089887640363e+03
1.564464891041162218e+03
1.565002973240832489e+03
1.644193151887620616e+03
1.801224709784411289e+03
1.978945425361155685e+03
2.140000780031201430e+03
2.310533179012345499e+03
2.465544684129429697e+03
2.578753256704980686e+03
2.749519155590304763e+03
2.844398595943837790e+03
3.003211369095276041e+03
3.096244336569579445e+03
3.221882690730106788e+03
3.379891322662173479e+03
3.529317869415807763e+03
3.653911149825783923e+03
3.780078138718173705e+03
3.943559139784946183e+03
4.104228882833787793e+03
4.224963403476669555e+03
4.393501392757660142e+03
4.501891162790697308e+03
4.676481516587678016e+03
4.866579098753595645e+03
5.050211500974658520e+03
5.209975442043221847e+03
5.409501000000000204e+03
5.560736629667003399e+03
5.773513347022587368e+03
5.926167012448132482e+03
6.128899999999999636e+03
6.286026483050847673e+03
6.463371918542336971e+03
6.613469827586206520e+03
6.814300546448087516e+03
6.974637265711136024e+03
7.221644544431946088e+03
7.354760722347629780e+03
nan
nan
nan
nan
nan
nan
nan
nan
nan
nan
nan
nan
4.058767123287670984e+02
6.648172413793103033e+02
8.269104938271605079e+02
9.254014962593515747e+02
1.061672619047619037e+03
1.192753768844221213e+03
1.391285333333333256e+03
1.487293453724604888e+03
1.523603204524034027e+03
1.632235744680850985e+03
1.808035830618892533e+03
1.983294720252167053e+03
2.149861132660977546e+03
2.282932977913175819e+03
2.445706738131699694e+03
2.590632432432432324e+03
2.705850503485669833e+03
2.833558431372548966e+03
2.979357717041800697e+03
3.067611964430072931e+03
3.216841191066997453e+03
3.364236930860033681e+03
3.470489361702127553e+03
3.610543889845094782e+03
3.737435273675065218e+03
3.919072064056939325e+03
4.056851121076233085e+03
4.207233212341197941e+03
4.340271232876712020e+03
4.508417439703153832e+03
4.644452336448598544e+03
4.835981921979067920e+03
5.040735208535402307e+03
5.214571148184494632e+03
5.367386521308226293e+03
5.563358433734939354e+03
5.759707142857142571e+03
5.902036082474226532e+03
6.068155601659751483e+03
6.254513655462184943e+03
6.438431455897981323e+03
6.589011764705882342e+03
6.784548317046688680e+03
6.991429988974641674e+03
7.207477043673012304e+03
7.351105736782902568e+03
nan
nan
nan
nan
nan
nan
nan
nan
nan
nan
nan
4.064642857142857224e+02
6.641814814814814554e+02
8.039969788519637177e+02
9.267596371882086714e+02
1.070650362318840507e+03
1.197201877934272261e+03
1.372747759282970492e+03
1.422010537407797756e+03
1.491241906474820098e+03
1.644576214405360133e+03
1.825433870967741996e+03
1.977656031128404720e+03
2.149055384615384810e+03
2.303713190184048926e+03
2.426527397260274029e+03
2.591004647560031117e+03
2.675639103554868598e+03
2.842959523809523944e+03
2.913221428571428532e+03
3.053810832659660264e+03
3.206847555923778145e+03
3.320265886287625563e+03
3.432126997476871111e+03
3.559528061224489647e+03
3.737662608695652125e+03
3.896159893992932666e+03
4.022355555555555384e+03
4.167371300448430702e+03
4.310331822302810906e+03
4.477264462809916949e+03
4.652301025163093982e+03
4.829824976348155360e+03
5.035785163776493391e+03
5.199868421052631675e+03
5.364943786982248639e+03
5.544538844621513817e+03
5.707090725806451701e+03
5.859189024390243503e+03
6.045717368961973079e+03
6.212903426791277525e+03
6.381779411764706310e+03
6.596087513340447913e+03
6.771875134553282805e+03
7.001336980306346049e+03
7.148809050772626506e+03
7.334655937846836423e+03
nan
nan
nan
nan
nan
nan
nan
nan
nan
nan
4.067865168539325964e+02
6.625079365079365061e+02
7.847596685082872909e+02
9.402906504065040281e+02
1.077963025210083970e+03
1.188120765832106144e+03
1.326014527845036355e+03
1.368539823008849453e+03
1.481888598781549263e+03
1.648510673234811065e+03
1.827024505928853841e+03
1.999321150855365431e+03
2.132493150684931607e+03
2.278756613756613660e+03
2.416107551487414185e+03
2.534787786259541917e+03
2.662477220077219954e+03
2.794118804091266611e+03
2.900552631578947512e+03
3.023464141821112207e+03
3.155662305805396500e+03
3.274122112211221065e+03
3.396322203672787964e+03
3.553187606112054254e+03
3.716202597402597348e+03
3.846052219321148641e+03
3.998272246696035381e+03
4.149160142348754562e+03
4.298763063063062873e+03
4.471593607305935620e+03
4.614383624655013591e+03
4.835117924528301955e+03
5.036996161228406891e+03
5.195607766990291566e+03
5.334622439024390587e+03
5.495480314960629585e+03
5.694230460921843587e+03
5.853316851664984824e+03
6.004706598984771517e+03
6.187504115226337490e+03
6.363604578563996256e+03
6.577037037037037408e+03
6.707262765957446391e+03
6.889869892473117943e+03
7.080659412404787872e+03
7.232880482456140271e+03
nan
nan
nan
nan
nan
nan
nan
nan
nan
4.104556962025316693e+02
6.130542372881355959e+02
7.985961123110150766e+02
9.509309153713298883e+02
1.069676691729323238e+03
1.156993252361673512e+03
1.213705263157894706e+03
1.333537556561085921e+03
1.501814285714285688e+03
1.671840799999999945e+03
1.850074276778733292e+03
1.977522399392558782e+03
2.119437500000000000e+03
2.258613122171945633e+03
2.384375473126419365e+03
2.505824923547400431e+03
2.612272307692307550e+03
2.724272585669782075e+03
2.835675845790715812e+03
2.971963258785942344e+03
3.111097165991902784e+03
3.229423673469387722e+03
3.381484271523178904e+03
3.520739748953974868e+03
3.689067406143344670e+03
3.815947729220222755e+03
3.975175347222222172e+03
4.137333626760563675e+03
4.291980409617097393e+03
4.445899099099098748e+03
4.641761029411764866e+03
4.810333023255813714e+03
4.959376757263355103e+03
5.093066981132075853e+03
5.265870352716873640e+03
5.449322050290135849e+03
5.610447497546614613e+03
5.797444444444444343e+03
5.945144855144854773e+03
6.123347826086956957e+03
6.224199999999999818e+03
6.409923155737705201e+03
6.595319833852544434e+03
6.768077731092436807e+03
6.965262765957446391e+03
7.124996784565916641e+03
nan
nan
nan
nan
nan
nan
nan
nan
4.122689655172413836e+02
6.227568238213399354e+02
8.080588235294117112e+02
9.385874999999999773e+02
1.020872427983539069e+03
1.068972684085510764e+03
1.180481765834932730e+03
1.349186794092093805e+03
1.523577741407528720e+03
1.677213229571984357e+03
1.830948249619482567e+03
1.967294073518379491e+03
2.097924219910847114e+03
2.209379925650557652e+03
2.319765625000000000e+03
2.446107599699021648e+03
2.567823529411764866e+03
2.662337423312883402e+03
2.791500387296669032e+03
2.940352245862884047e+03
3.081900958466453631e+03
3.184992782678428284e+03
3.322327390599675709e+03
3.491789081885855921e+03
3.619818936877076339e+03
3.779158382476832230e+03
3.949811965811965820e+03
4.104727666955767745e+03
4.250040174672489229e+03
4.397333333333333030e+03
4.578302513464990625e+03
4.763022768670309233e+03
4.916373271889400712e+03
5.079349162011173576e+03
5.242761994355597380e+03
5.414840648854961728e+03
5.564655470249520477e+03
5.696371868978805651e+03
5.851918287937743116e+03
6.005050049067713189e+03
6.185689860834990213e+03
6.344933668341708653e+03
6.555217568947906329e+03
6.709946446961895163e+03
6.889956204379562223e+03
7.011143455497382092e+03
nan
nan
nan
nan
nan
nan
nan
3.779908675799086950e+02
6.337322175732217602e+02
7.938369747899159847e+02
8.950143884892086135e+02
9.469617682198327202e+02
1.017392405063291108e+03
1.189808743169398895e+03
1.355958333333333258e+03
1.518743104806934525e+03
1.673999237804878021e+03
1.809290082028337110e+03
1.930892070484581609e+03
2.063225569434239333e+03
2.169269399707174216e+03
2.273146842878120424e+03
2.392919139465875560e+03
2.502081404032860519e+03
2.626538926681783778e+03
2.775563076923077006e+03
2.900052672347017960e+03
3.016802180685358053e+03
3.164545741324920982e+03
3.314386890487609890e+03
3.479565146579804605e+03
3.624681183237469213e+03
3.760097601323407616e+03
3.916084802686817966e+03
4.051387151310228091e+03
4.207915167095115976e+03
4.372266956521739303e+03
4.565131089459699069e+03
4.720881932021467037e+03
4.850156615661566320e+03
5.016269335759781825e+03
5.166021100917430886e+03
5.281526802218114426e+03
5.467329279700655206e+03
5.622540132200188964e+03
5.764725975261655549e+03
5.904371291866028514e+03
6.099477117818890292e+03
6.226013698630136787e+03
6.373821146245059026e+03
6.516084493041749738e+03
6.664009009009008878e+03
6.859283248730964260e+03
nan
nan
nan
nan
nan
nan
4.130575079872204469e+02
6.388149606299213019e+02
7.606034214618973692e+02
8.385806451612903629e+02
9.282489177489177337e+02
1.015854349951124163e+03
1.199512619669277683e+03
1.364207896857373044e+03
1.522693016116653780e+03
1.653341228719467153e+03
1.778587936046511686e+03
1.904393961179007874e+03
2.014752517985611576e+03
2.126871130309575165e+03
2.235189617880317201e+03
2.361762253108997811e+03
2.474327687776141374e+03
2.596386666666666770e+03
2.737441441441441384e+03
2.877352583586626224e+03
2.991002293577981618e+03
3.137931782945736359e+03
3.283160251374705240e+03
3.429772222222222354e+03
3.564746196957566099e+03
3.722834549878345570e+03
3.862712879409351899e+03
4.025716777408637881e+03
4.172191435768261726e+03
4.331202725724020638e+03
4.496743103448276088e+03
4.628284100781928828e+03
4.772227670753064558e+03
4.922049513704686433e+03
5.047669333333333270e+03
5.205780269058295744e+03
5.342613718411552327e+03
5.490667274384685697e+03
5.624921028466483222e+03
5.776182576459685151e+03
5.928225866916588529e+03
6.077992438563326687e+03
6.246517703349281874e+03
6.379631984585741520e+03
6.542820662768031070e+03
6.676247301275760947e+03
nan
nan
nan
nan
nan
4.422657142857142958e+02
6.173296903460837939e+02
7.257119999999999891e+02
8.324337078651685715e+02
9.320679320679320199e+02
1.030289279112754230e+03
1.210311352253756240e+03
1.359609302325581439e+03
1.494994095940959369e+03
1.618614173228346544e+03
1.744613427561837398e+03
1.867129668780831480e+03
1.982155524278676921e+03
2.071698113207547067e+03
2.206403546099290907e+03
2.313638691322901650e+03
2.433408895265423325e+03
2.564068115942029181e+03
2.700095238095238074e+03
2.830344674556212794e+03
2.954034200743494239e+03
3.084695423855963782e+03
3.226117870722433508e+03
3.397359411309062580e+03
3.527977396726422285e+03
3.678276326207442708e+03
3.826343474779823737e+03
3.957214862681744762e+03
4.086356677524429870e+03
4.241317957166392262e+03
4.371407622203811115e+03
4.508018394648829599e+03
4.642872895622896067e+03
4.800439148936170568e+03
4.923567497850386644e+03
5.058544041450777513e+03
5.214952797202797228e+03
5.339246262093227415e+03
5.506948352626892301e+03
5.658515315315315092e+03
5.777922171945700939e+03
5.953322907083716927e+03
6.083373728029601807e+03
6.252598314606741951e+03
6.442411596958175323e+03
6.600996150144369494e+03
nan
nan
nan
1.594166666666666572e+02
4.532967914438502817e+02
5.994329268292682400e+02
7.278806682577566107e+02
8.462808290155439863e+02
9.398994413407821185e+02
1.028263203463203354e+03
1.191203296703296701e+03
1.340585239852398445e+03
1.474014184397163035e+03
1.603533147243545045e+03
1.722801237964236634e+03
1.821871847307430016e+03
1.940805327868852373e+03
2.035243902439024396e+03
2.154010252904989557e+03
2.272090220385674911e+03
2.389029065743944557e+03
2.526492286115007118e+03
2.647985885673959274e+03
2.769739843193157412e+03
2.902599567099567139e+03
3.035617067833698002e+03
3.182301552106430336e+03
3.346616428033157717e+03
3.488192541856925345e+03
3.606345092024540008e+03
3.729403387220939294e+03
3.853261240310077483e+03
3.982163536776212823e+03
4.119976340694006467e+03
4.278754807692307622e+03
4.418263540824576012e+03
4.556631836734693934e+03
4.684634868421052488e+03
4.846345257903493803e+03
4.992384033613445354e+03
5.122125423728813985e+03
5.253525641025640653e+03
5.421087521663777807e+03
5.550384615384615245e+03
5.739085333333333438e+03
5.863654431512981319e+03
6.002618789521228791e+03
6.150791780821918110e+03
6.271522977941176578e+03
6.467735514018691902e+03
nan
nan
1.956623376623376487e+02
4.275685483870967687e+02
6.039379947229551817e+02
7.325361702127659100e+02
8.395439252336448135e+02
9.378094827586206748e+02
1.024538772213247285e+03
1.174286450662739298e+03
1.311426080892608070e+03
1.434607816711590203e+03
1.560349966733200290e+03
1.673294930875576028e+03
1.779792292619203181e+03
1.875964332036316364e+03
1.986672077922077960e+03
2.100732201175702357e+03
2.219375329815303303e+03
2.342758322237017182e+03
2.471681481481481569e+03
2.592020366598777855e+03
2.735995175740868490e+03
2.861671309192200624e+03
2.994297106563161833e+03
3.142664040114613272e+03
3.261435251798561239e+03
3.397691970802919514e+03
3.521895664952241077e+03
3.639144337527757216e+03
3.760810447761194155e+03
3.913251134644478043e+03
4.028638297872340445e+03
4.152478927203064814e+03
4.289518575851393507e+03
4.459635719905586484e+03
4.575345786963433966e+03
4.740347020933977547e+03
4.901383483237939799e+03
5.019995884773662510e+03
5.164617622610141552e+03
5.275563545150501341e+03
5.413172995780591009e+03
5.584765463917526176e+03
5.701134598792062206e+03
5.841729094076655201e+03
6.033417553191489787e+03
6.136918894830659156e+03
6.337078110808355632e+03
nan
1.921530612244897895e+02
4.435041597337770440e+02
6.027391304347826235e+02
7.273197026022304499e+02
8.301919866444073932e+02
9.166383962991518501e+02
9.941367272727272848e+02
1.142841891891891919e+03
1.285271009771986883e+03
1.402232040686586060e+03
1.518470919324577835e+03
1.621899566026038428e+03
1.726647783251231431e+03
1.834319606637983952e+03
1.938638940234134225e+03
2.047500619578686383e+03
2.162041848844472042e+03
2.289451898734177121e+03
2.400206238064926765e+03
2.528958576051779801e+03
2.656756401838476904e+03
2.776934350132626150e+03
2.895655748663101804e+03
3.029289295392954045e+03
3.142394557823129162e+03
3.270053793103448243e+03
3.398439805149617314e+03
3.533832157968970478e+03
3.648120910384068338e+03
3.804486271676300476e+03
3.942561172161172180e+03
4.065310701107011027e+03
4.178274888558692510e+03
4.312314800901577655e+03
4.471311737804878248e+03
4.593476958525345253e+03
4.729695178849144213e+03
4.880981846882399623e+03
5.031686650679456761e+03
5.144403381642511704e+03
5.311971381847914927e+03
5.457676884838442675e+03
5.588607023411371301e+03
5.714766244725738034e+03
5.876606683804627210e+03
6.024580952380952112e+03
6.163006129597198196e+03
2.465511111111111120e+02
4.071190476190475920e+02
5.674313725490195566e+02
6.878889700511322189e+02
7.769054959785522669e+02
8.579119138149555965e+02
9.336526508226691021e+02
1.079120164126612053e+03
1.212410034602076166e+03
1.329041002277904227e+03
1.439299435028248581e+03
1.546155317951603820e+03
1.645190903986524518e+03
1.738893795416433704e+03
1.831610831937465036e+03
1.939112994350282406e+03
2.058845756880733916e+03
2.171372969837586879e+03
2.274547897196261601e+03
2.397649881516587811e+03
2.510727218225419620e+03
2.622967859308671905e+03
2.744182934315530929e+03
2.859448916408668538e+03
2.987143757881462989e+03
3.104057924888606067e+03
3.226031633311813948e+03
3.336714471968709404e+03
3.480970822281167329e+03
3.601749497655726827e+03
3.721687669376693975e+03
3.858135395189003248e+03
3.990680111265646701e+03
4.109031734837799377e+03
4.262443092340729891e+03
4.397203193033381467e+03
4.521526779163609717e+03
4.662290490341752957e+03
4.789300751879699419e+03
4.928793759512937868e+03
5.071183925811437803e+03
5.195009353078721688e+03
5.329461780929866109e+03
5.524130434782608972e+03
5.619233198380567046e+03
5.849626144879267486e+03
5.960831799163180222e+03
4.696142857142856997e+02
5.966516416249304484e+02
6.996504329004328611e+02
7.841027542372880816e+02
8.669431279620853275e+02
9.371107644305772055e+02
1.063690500510725315e+03
1.174962626262626372e+03
1.289220151133501304e+03
1.399507621951219562e+03
1.505698209718670114e+03
1.608307771487390710e+03
1.711273815720978746e+03
1.814498947368421113e+03
1.918146432374866890e+03
2.032680194805194787e+03
2.136200546448087607e+03
2.241606094182825473e+03
2.347841278743690509e+03
2.463699316628701581e+03
2.571594703511801981e+03
2.699732551319647882e+03
2.816452550415183850e+03
2.919162470023980859e+03
3.046349360925136807e+03
3.155381918819188286e+03
3.281735294117646845e+03
3.403550632911392313e+03
3.522679281590763367e+03
3.654869225764476141e+03
3.776988793671720487e+03
3.898449633088725932e+03
4.034977687626774696e+03
4.162889726027397046e+03
4.281119889119889194e+03
4.399241065171689115e+03
4.535767045454545041e+03
4.670747656813266076e+03
4.812449561403508596e+03
4.936874907475943473e+03
5.068922097378276703e+03
5.194611827141774484e+03
5.330137586471944815e+03
5.479116822429906279e+03
5.606048857368005883e+03
5.759477635782747711e+03
7.101898666666667168e+02
7.952110187110187098e+02
8.701094629156010569e+02
9.403040404040403928e+02
1.004303455182774201e+03
1.123871655104063393e+03
1.233095214602861461e+03
1.344874937965260642e+03
1.448976047904191546e+03
1.547937185929648194e+03
1.650203853955375280e+03
1.754118009235505497e+03
1.850930980799169674e+03
1.962239073196419213e+03
2.068669333333333270e+03
2.169203125000000000e+03
2.282327868852459233e+03
2.390058171745152322e+03
2.494160313901345489e+03
2.613026180990324519e+03
2.735580011554015073e+03
2.838834991222937333e+03
2.951463905325443648e+03
3.067613213213213385e+03
3.169719830200121123e+03
3.304254938271604715e+03
3.410599253266957021e+03
3.536482300884955748e+03
3.661162179487179401e+03
3.781813350615683703e+03
3.897407894736842081e+03
4.020325797872340445e+03
4.152588791357191440e+03
4.275671682626539223e+03
4.415208882720333349e+03
4.538998593530239305e+03
4.654075177304964200e+03
4.798439711191335846e+03
4.927316289262234932e+03
5.047049410029498176e+03
5.206094523630908043e+03
5.322534901365705991e+03
5.480335135135134806e+03
5.609293842556508025e+03
5.733794790844514864e+03
8.735022924095771941e+02
9.456710195881466916e+02
1.009663021868787268e+03
1.070015740285292623e+03
1.185299363057324854e+03
1.289870496592015570e+03
1.395202550269739959e+03
1.493205708661417248e+03
1.594720734126984098e+03
1.695382338183642787e+03
1.795890410958904113e+03
1.893601742696053407e+03
2.001294851794071747e+03
2.105582631578947257e+03
2.199308346624135993e+03
2.308169994603345913e+03
2.415607221006564487e+03
2.524351441241685279e+03
2.636465129358829927e+03
2.756416999429549378e+03
2.865943287037036953e+03
2.975272088940901085e+03
3.087912863070539515e+03
3.198773902585688575e+03
3.316248175182481646e+03
3.432708821714990790e+03
3.558436522826766577e+03
3.685099745870393690e+03
3.792561257216163995e+03
3.925780234070221013e+03
4.057553500660501868e+03
4.180931011386470345e+03
4.287256254225828343e+03
4.429238324175824346e+03
4.518069108500345465e+03
4.679023943661972226e+03
4.797639800285306592e+03
4.927270758122743246e+03
5.059620512820512886e+03
5.156600000000000364e+03
5.325882043576258184e+03
5.466468344774981233e+03
5.598146491904394679e+03
5.746933281004709897e+03
1.010156853043048045e+03
1.072925073457394774e+03
1.130154408183146643e+03
1.238051740812379194e+03
1.344039225181598113e+03
1.443273786407766920e+03
1.540012212994626225e+03
1.640069985214391409e+03
1.741177877428998499e+03
1.832405935613682004e+03
1.941511995916283922e+03
2.037115859938208132e+03
2.140226917057902938e+03
2.245136747624076179e+03
2.346794652406417299e+03
2.447596861471861303e+03
2.567871145374449497e+03
2.681592075892857338e+03
2.789181405895691569e+03
2.895619702176403280e+03
3.001673433874710099e+03
3.105467136150234637e+03
3.238469497607655285e+03
3.356860084797092895e+03
3.464259032455603119e+03
3.570803217821782255e+03
3.690597996242955560e+03
3.803807374443737899e+03
3.931643685567010380e+03
4.063270464963981794e+03
4.189019269102989711e+03
4.304935570469798222e+03
4.419030570652173992e+03
4.543026785714285325e+03
4.679634521313766527e+03
4.814944720056697406e+03
4.930317596566523207e+03
5.081600000000000364e+03
5.198754786450662323e+03
5.339652954375467743e+03
5.464629433962264557e+03
5.595847626339969793e+03
5.750253302253302536e+03
1.129638081395348763e+03
1.187360869565217399e+03
1.294506717850287941e+03
1.391340527577937564e+03
1.492378495660559338e+03
1.588381298449612359e+03
1.685894814090019509e+03
1.784102373887240446e+03
1.876182951146560299e+03
1.980770475227502629e+03
2.083470558115719541e+03
2.182226258432797295e+03
2.282038865546218403e+03
2.388389451251997798e+03
2.483585483870967892e+03
2.602001095290252124e+03
2.715999445061043389e+03
2.820227221597300286e+03
2.924482660602614942e+03
3.036292795389048933e+03
3.139819509345794359e+03
3.256914251921939467e+03
3.370659868026394633e+03
3.493802311435523279e+03
3.610962985811227554e+03
3.722836454431960192e+03
3.850810246679317061e+03
3.968581410256410436e+03
4.089920676202860705e+03
4.209425840474620600e+03
4.341476604278074774e+03
4.429717362045760638e+03
4.588171467764060253e+03
4.706930458970792643e+03
4.835409859154930018e+03
4.947908119658120086e+03
5.065757029560201772e+03
5.203250364963503671e+03
5.348660727542687710e+03
5.475530382595648916e+03
5.608161585365854080e+03
5.733611068408916253e+03
1.241053110047846985e+03
1.346493314231136537e+03
1.443724582338902110e+03
1.539806142034548884e+03
1.633702363724071347e+03
1.735792581747193708e+03
1.825619704433497645e+03
1.928824438902743168e+03
2.023239557121288271e+03
2.121210794297352550e+03
2.221513388259526437e+03
2.325027690700104358e+03
2.423527763088312895e+03
2.537154218162278539e+03
2.643854812398042213e+03
2.744398786541643858e+03
2.855474860335195444e+03
2.954550282485875869e+03
3.052172472872643993e+03
3.184473193473193533e+03
3.291217775161860118e+03
3.403493738819320242e+03
3.511013880506940041e+03
3.633557798165137683e+03
3.744209807572935915e+03
3.877530599369085394e+03
3.992667092651757230e+03
4.105724450194049496e+03
4.227980353634578023e+03
4.340276525198938543e+03
4.470565480188045512e+03
4.595737380627558196e+03
4.718357044198894982e+03
4.846897202797203136e+03
4.996397581792318306e+03
5.086546236559140198e+03
5.223494537509103793e+03
5.361352984524686690e+03
5.508529632408101861e+03
5.636680060652009161e+03
5.751406441717791495e+03
1.451483428030303003e+03
1.543822748815165824e+03
1.639075309818875212e+03
1.733314299424184355e+03
1.823849248666989752e+03
1.923921078431372507e+03
2.014728754940711497e+03
2.109234265734265591e+03
2.211538461538461434e+03
2.307915983606557347e+03
2.401969430051813561e+03
2.510933193056286200e+03
2.616949920085242411e+03
2.715818378378378384e+03
2.822503829321663034e+03
2.925358093126385938e+03
3.016340235030777876e+03
3.140029646522234998e+03
3.260718171296296077e+03
3.353813411078717309e+03
3.473128037937166482e+03
3.589504499100180055e+03
3.687536733454766363e+03
3.817449999999999818e+03
3.946026365348399395e+03
4.043167827739075165e+03
4.161280128205127767e+03
4.269815704088254279e+03
4.405935483870967801e+03
4.520895193591455609e+03
4.637744594594594673e+03
4.769300000000000182e+03
4.903601111883252088e+03
5.017743661971830988e+03
5.157325214899713501e+03
5.277752890173410378e+03
5.404659824046921131e+03
5.533051148999258658e+03
5.650722972972973366e+03
5.790052391799544239e+03
1.647306710775047350e+03
1.741101235741444953e+03
1.826412158927716519e+03
1.921957971014492841e+03
2.010414111922141046e+03
2.102738317757009554e+03
2.196762543467461455e+03
2.300969696969696997e+03
2.391478815722307445e+03
2.491427906976743998e+03
2.599742527530152074e+03
2.695975531914893509e+03
2.801742057081313760e+03
2.902648117839607039e+03
3.004678097345132755e+03
3.114267265581134325e+03
3.223154545454545314e+03
3.320773509174312039e+03
3.424461091753774781e+03
3.538984126984126760e+03
3.650221027479091845e+03
3.768602424242424149e+03
3.888636307692307582e+03
4.000202618453865398e+03
4.107549118387909402e+03
4.234143497757847399e+03
4.352298381877022621e+03
4.478488479262672627e+03
4.590986675549633219e+03
4.700759919300605361e+03
4.832023874488403635e+03
4.935238785369219841e+03
5.079817158931083213e+03
5.205460227272727025e+03
5.352424023154848328e+03
5.458591836734693970e+03
5.576592319054652762e+03
5.716605381165919425e+03
5.831113464447806109e+03
1.835239791073124479e+03
1.928896122546673041e+03
2.014683526011560616e+03
2.103214494163424206e+03
2.199774717166748815e+03
2.292786852589641512e+03
2.380053319919516980e+03
2.483758039816232667e+03
2.584278036175710440e+03
2.679704247509176639e+03
2.775543144520910573e+03
2.880519075765717389e+03
2.973386956521739194e+03
3.085876174682144665e+03
3.192244407158836566e+03
3.301704815864022748e+03
3.396894043528064230e+03
3.514983159117305604e+03
3.618406360424028207e+03
3.728498210023866250e+03
3.836344410876132770e+03
3.961562384757221935e+03
4.068686956521738921e+03
4.175637106918238715e+03
4.317632992327366082e+03
4.420611003236245779e+03
4.529826998689383800e+03
4.663732712765957331e+03
4.783142664872139903e+03
4.890107021131560941e+03
5.027648160999306128e+03
5.147985994397758986e+03
5.280533096085408943e+03
5.399987059669302653e+03
5.495494194484760555e+03
5.659757195571955890e+03
5.760313710879284372e+03
5.915544696969696815e+03
2.030586372360844507e+03
2.112050724637681014e+03
2.201867998051631730e+03
2.297674901185770977e+03
2.383210578842315499e+03
2.476713420787083578e+03
2.581434715821812460e+03
2.670210990150336784e+03
2.772413648293963433e+03
2.868873538788522637e+03
2.967365840517241395e+03
3.067233205898416145e+03
3.178624031007751910e+03
3.270695312500000000e+03
3.377907082152974453e+03
3.491884615384615245e+03
3.585541811846690052e+03
3.709863475177305190e+03
3.822916067146282785e+03
3.920430648092065439e+03
4.039291769041768930e+03
4.144170398009950077e+03
4.279476641414141341e+03
4.385637236084452525e+03
4.491446243523316298e+03
4.614114754098360208e+03
4.740485372340425783e+03
4.851072151045178543e+03
4.968805745554035639e+03
5.101435986159169261e+03
5.220229473684210461e+03
5.348924005681818016e+03
5.466292296616270505e+03
5.590359999999999673e+03
5.710610906411201540e+03
5.844761015683346159e+03
5.967109682299545966e+03
2.212909399224806293e+03
2.301523039215686367e+03
2.383121661721068449e+03
2.481674686716792166e+03
2.580558659217876993e+03
2.668517737789203238e+03
2.765614144565782681e+03
2.865911439114391214e+03
2.960429487179487296e+03
3.054733369388859046e+03
3.159095238095238074e+03
3.259251659292035583e+03
3.362164421997755198e+03
3.474205230244457198e+03
3.568681818181818016e+03
3.688363370392042270e+03
3.802014845605700884e+03
3.902567567567567494e+03
4.002330503335354933e+03
4.109624462200368725e+03
4.246317727840199950e+03
4.355598480050664875e+03
4.461493264913406165e+03
4.576405317769131216e+03
4.706878867676102345e+03
4.799065202927478822e+03
4.920249324324324334e+03
5.048555327868852146e+03
5.192790389972145022e+03
5.305026001405481111e+03
5.424857448325017685e+03
5.542058273381295294e+03
5.652948326055313373e+03
5.774863033873342829e+03
5.939056348610067289e+03
6.071954441913439950e+03
2.394587192118226540e+03
2.486258466135458093e+03
2.581934947049924176e+03
2.666150433452320158e+03
2.762798245614035295e+03
2.857267885117493279e+03
2.948473294553146388e+03
3.050034371643394024e+03
3.153111413043478478e+03
3.247321271929824434e+03
3.351582405345211555e+03
3.454301631963984164e+03
3.561245854774156669e+03
3.670649071925754015e+03
3.780467647058823331e+03
3.881893452380952567e+03
3.986854906682721321e+03
4.089977439024390151e+03
4.215345274861025246e+03
4.325174921630094104e+03
4.422765377298668682e+03
4.550238585209002849e+03
4.673072359843546110e+03
4.753369493754109499e+03
4.885285140562248671e+03
5.023093559322033798e+03
5.146821625344352469e+03
5.272074564459930116e+03
5.383359209597741938e+03
5.505465763195435102e+03
5.603627789776817735e+03
5.747425749817118231e+03
5.879571640682998805e+03
6.009948987246812067e+03
6.102292959878879628e+03
2.589717369477911689e+03
2.671792491121258081e+03
2.765546947152385655e+03
2.863240249609984403e+03
2.948772870662460718e+03
3.054815409309791448e+03
3.143306199460916559e+03
3.240173652694610610e+03
3.337150110375275744e+03
3.443730726256983417e+03
3.538917374080362151e+03
3.652565267395054434e+03
3.751989528795811566e+03
3.858665683962264211e+03
3.959076877234803305e+03
4.067525392986698989e+03
4.186763302752293384e+03
4.294485412787088535e+03
4.397898113207546885e+03
4.515278166772755867e+03
4.645067873303167289e+03
4.742144633507853541e+03
4.866400532268795359e+03
4.990024193548387302e+03
5.101050408719345796e+03
5.235243784530386620e+03
5.315512517385257524e+03
5.449410852713178429e+03
5.574070050035739769e+03
5.703093478260869233e+03
5.816703079178885673e+03
5.971012648809523853e+03
6.062132132132132028e+03
6.194248858447488601e+03
2.773987218813906111e+03
2.864659772492243974e+03
2.948946680606377413e+03
3.049486716259298646e+03
3.145214170692431708e+03
3.248488864747419939e+03
3.337281318681318680e+03
3.446497216035634665e+03
3.541051889452904561e+03
3.642692000000000007e+03
3.745340277777777828e+03
3.846493848857644934e+03
3.959429590017825376e+03
4.047351529694061355e+03
4.175256082725060878e+03
4.274344423906346492e+03
4.383584115071919769e+03
4.503207726409119459e+03
4.621915917843389252e+03
4.724214703968770664e+03
4.837640264026402292e+03
4.953507323568574975e+03
5.086729491525423327e+03
5.187741803278688167e+03
5.310909847434119001e+03
5.428049754730202949e+03
5.532381728045325872e+03
5.666670740474478407e+03
5.805265887509131062e+03
5.918648748159057504e+03
6.030799403430275561e+03
6.146797134238310719e+03
6.289649350649350708e+03
2.959994261867501336e+03
3.052292592592592428e+03
3.147034740780331504e+03
3.249548404542996195e+03
3.337218271334792007e+03
3.445042128603104175e+03
3.534928771733034409e+03
3.638908987485779107e+03
3.742866858789625439e+03
3.845366608289550641e+03
3.938370064820271182e+03
4.036815035799522775e+03
4.158335347432023809e+03
4.267344171779141107e+03
4.369154228855721158e+03
4.479385920804525085e+03
4.617416506717850098e+03
4.709331391585760684e+03
4.802512099411380404e+03
4.939965540092776791e+03
5.041378269617705882e+03
5.179054458815520775e+03
5.276614167812929736e+03
5.403025069637883462e+03
5.498484891075193445e+03
5.626571632216678154e+03
5.751416184971098119e+03
5.901279325513196454e+03
6.004020014825797261e+03
6.126987987987988163e+03
6.272167427701674569e+03
6.384789676425270045e+03
3.153876865671642008e+03
3.248771259418729642e+03
3.344429039301310240e+03
3.435775330396475965e+03
3.530530691964285779e+03
3.632957555178268194e+03
3.727205377574370686e+03
3.837195121951219335e+03
3.935853200234879750e+03
4.035635930993456441e+03
4.158135021097046774e+03
4.247163215590742766e+03
4.354638837353122653e+03
4.461312929419113061e+03
4.583529150823827877e+03
4.685607969151670659e+03
4.783421976592977444e+03
4.906876478318002228e+03
5.039975903614457820e+03
5.155829499323410346e+03
5.244527967257844466e+03
5.374318810511756965e+03
5.480005594405594820e+03
5.602338058114812156e+03
5.747675558759913656e+03
5.862218909090908710e+03
5.981592920353982663e+03
6.079795386904761472e+03
6.227462641509433524e+03
6.343763761467889708e+03
6.475793663060278050e+03
3.346187601957585684e+03
3.443537658053875930e+03
3.541851645287228166e+03
3.635262979683972844e+03
3.737245283018868122e+03
3.835604166666666515e+03
3.937869361452841076e+03
4.029526658767772460e+03
4.158928442573662323e+03
4.244901032179720460e+03
4.337271051014136901e+03
4.454391412570006651e+03
4.566952741020793837e+03
4.682705128205127949e+03
4.776557355800388905e+03
4.893145192936559397e+03
5.013327127659574217e+03
5.125551376762928157e+03
5.232472146739130039e+03
5.345889423076922867e+03
5.461333333333333030e+03
5.597846534653464914e+03
5.710516452074391964e+03
5.848584057971014772e+03
5.941360643745428206e+03
6.055467061435972937e+03
6.187710112359550294e+03
6.322248097412481002e+03
6.453038461538461888e+03
6.564094090202177540e+03
3.543234018899388502e+03
3.639484797297297519e+03
3.745166761850371131e+03
3.836349682631275300e+03
3.932978413068844930e+03
4.023420058997050091e+03
4.147166267942583545e+03
4.237053808948005099e+03
4.322754278728606550e+03
4.461435945273631660e+03
4.561692211055275948e+03
4.652983471074379850e+03
4.769695090439276100e+03
4.875995445673389440e+03
5.005359416445623538e+03
5.118861352980576157e+03
5.226838075880758879e+03
5.346283264746227360e+03
5.446362439362439545e+03
5.557654978962132191e+03
5.685573968705547486e+03
5.809498921639108630e+03
5.918635371179038884e+03
6.039803834808260035e+03
6.166645786726323422e+03
6.296009841029523159e+03
6.395817212490479506e+03
6.550364341085271008e+03
6.665229623824451664e+03
3.746749430523917908e+03
3.834718228867165180e+03
3.930347093023255638e+03
4.021988235294117658e+03
4.147678997613365027e+03
4.236814234016887895e+03
4.326713675213674833e+03
4.448911509900990495e+03
4.564745922208280717e+03
4.658634688691232441e+03
4.753546272493573269e+03
4.890555048859934686e+03
4.986815303430079439e+03
5.105262841894596022e+03
5.206760107816711752e+03
5.332037568306011053e+03
5.442560165975103700e+03
5.533534170153417108e+03
5.672698795180723209e+03
5.799782795698924929e+03
5.904276287164611858e+03
6.005863736263736428e+03
6.154823791821560917e+03
6.265079006772009052e+03
6.407336890243902417e+03
6.516269645608628707e+03
6.661215962441314332e+03
6.745315499606608682e+03
3.937060975609756042e+03
4.030052910052910192e+03
4.150705181655747765e+03
4.244318264014466877e+03
4.328014625228519435e+03
4.436373768472906704e+03
4.553728294815739901e+03
4.646716002530044534e+03
4.740679462571976728e+03
4.888951235370611357e+03
4.981406578947368871e+03
5.092333554817275399e+03
5.204044384667115082e+03
5.321588155207624368e+03
5.415989003436426174e+03
5.536537979094076945e+03
5.647770965468639588e+03
5.785661428571428587e+03
5.872938040345821719e+03
5.997720029239766518e+03
6.142825796886582793e+03
6.243700374531835223e+03
6.370056775170325636e+03
6.502350230414746875e+03
6.615877329192546313e+03
6.687785658612626321e+03
6.866121428571428623e+03
4.156418798334324492e+03
4.241240985576922867e+03
4.340109146341463202e+03
4.434955159705159531e+03
4.559633583021223785e+03
4.655608475648324202e+03
4.746021739130434980e+03
4.859178709677419647e+03
4.972608524590164052e+03
5.093040477770405232e+03
5.176678690714762524e+03
5.306352303523035516e+03
5.386094197952218565e+03
5.527976372480889950e+03
5.630842807017544146e+03
5.779815395580898439e+03
5.879895533141210763e+03
5.982178441369263965e+03
6.117274336283186130e+03
6.240869857890800631e+03
6.361858761329304798e+03
6.488318529862174728e+03
6.591342349304482013e+03
6.682794552529182511e+03
6.838884676145339654e+03
6.957992811501597316e+03
4.341760194765672168e+03
4.439452147239263468e+03
4.559809345794392357e+03
4.658524320909665221e+03
4.736446496815286991e+03
4.870386055519689762e+03
4.980323278688524624e+03
5.093684559310801887e+03
5.173798666666666577e+03
5.296220121539500724e+03
5.400375256322624409e+03
5.538523643949930374e+03
5.625451680672268594e+03
5.769687988628286803e+03
5.878058992805755224e+03
5.958142753623188582e+03
6.096212922173274819e+03
6.219332836932241662e+03
6.348662650602409485e+03
6.479436974789916349e+03
6.582139552814186573e+03
6.677450660450660507e+03
6.822422047244094756e+03
6.963660543130990845e+03
7.076082591093117117e+03
4.554445962732918815e+03
4.658777427490542323e+03
4.751181760204081911e+03
4.872087685364281242e+03
4.991272309711285743e+03
5.087759418374091183e+03
5.191513694054776352e+03
5.296449763991908185e+03
5.403476092896175032e+03
5.529518723994452557e+03
5.627573128061581883e+03
5.759744861800141734e+03
5.871934673366834431e+03
5.955771345875542465e+03
6.106369581190301687e+03
6.197915492957746210e+03
6.328000749625187382e+03
6.450856382978723559e+03
6.557852647735993742e+03
6.651473317865429635e+03
6.795126175548589345e+03
6.935968998410175118e+03
7.040615942028985955e+03
7.157911382113820764e+03
4.750874602164226417e+03
4.870738738738738903e+03
4.979360130718954679e+03
5.091834214002641602e+03
5.185077281812124966e+03
5.285922715053763568e+03
5.388329251700680288e+03
5.505411034482758623e+03
5.626596785464709683e+03
5.737625528913963535e+03
5.836674982181040832e+03
5.944937950937950518e+03
6.072135766423357381e+03
6.190599852071006353e+03
6.310855115758028660e+03
6.437047727272727570e+03
6.558714723926380429e+03
6.636249036237471046e+03
6.773008587041374085e+03
6.924869944488501460e+03
7.022268057784911434e+03
7.126852750809061035e+03
7.291899097621000692e+03
4.990452583387835148e+03
5.096054125412540998e+03
5.175452855245684077e+03
5.296722932078009762e+03
5.391783820530251433e+03
5.497052269601100306e+03
5.625513607815771138e+03
5.739897110641296422e+03
5.847505706134093998e+03
5.942888328530259059e+03
6.069312682215743735e+03
6.178718289085545621e+03
6.307574944071588106e+03
6.418359245283018936e+03
6.554329249617151618e+03
6.641420200462605862e+03
6.771555382215288773e+03
6.902694312796208578e+03
7.009665332265813049e+03
7.103639806607574428e+03
7.261601632653061642e+03
7.379392561983470841e+03
5.183068393094289604e+03
5.307670928667564112e+03
5.391516632722335089e+03
5.515061337008959526e+03
5.624573519163763194e+03
5.734076652601968817e+03
5.837308677098150838e+03
5.932282327586206520e+03
6.106578754578754342e+03
6.185087020648967155e+03
6.308772727272727025e+03
6.414249434815373206e+03
6.549675076452599569e+03
6.651672067901234186e+03
6.749289044289043886e+03
6.907682464454976071e+03
6.997222044728434412e+03
7.096723250201126575e+03
7.249008143322475917e+03
7.372243399339933603e+03
7.518192147034252230e+03
5.406092454112848827e+03
5.517893939393939036e+03
5.617698401667825237e+03
5.728407017543860093e+03
5.845759601706969988e+03
5.938823994252873490e+03
6.094757487216947084e+03
6.177779249448123664e+03
6.296027488855868796e+03
6.415073795180723209e+03
6.525132420091324093e+03
6.631231360491929081e+03
6.743834755624515310e+03
6.890899999999999636e+03
6.984813545816733495e+03
7.100439259855189448e+03
7.230659090909090992e+03
7.346831552999178712e+03
7.504510833333333721e+03
7.634398989898990294e+03
5.625422515635857962e+03
5.731083450210378942e+03
5.836295744680851385e+03
5.936775466284074355e+03
6.069891715116278647e+03
6.184214128035319845e+03
6.311380952380952294e+03
6.411278947368420631e+03
6.510802731411228706e+03
6.585900839054157586e+03
6.759512043512043419e+03
6.885023584905660755e+03
6.989332270916334892e+03
7.087166934189405765e+03
7.235569805194804758e+03
7.351515201314708065e+03
7.503348043297251934e+03
7.613608221476510153e+03
7.733731748726655496e+03
5.839055279943302594e+03
5.947733668341708835e+03
6.067279390420900199e+03
6.172583272193690391e+03
6.303308092056421629e+03
6.417185714285714312e+03
6.531080608365018634e+03
6.591090007627764862e+03
6.764824397824398147e+03
6.884686567164178996e+03
6.994027888446215002e+03
7.080415064102564429e+03
7.240535714285714675e+03
7.326304418985269876e+03
7.483481327800829604e+03
7.612049455155070973e+03
7.699065033783784202e+03
7.848055603079555112e+03
6.082249273255813932e+03
6.192816911764705765e+03
6.309250927988121475e+03
6.432755271084337437e+03
6.541649923896498876e+03
6.606359052711994082e+03
6.754527131782945617e+03
6.884364207221349716e+03
6.993296974522292658e+03
7.085120993589743193e+03
7.221919902912621183e+03
7.301456397718011431e+03
7.476055509527755021e+03
7.616628667225481877e+03
7.703548986486486683e+03
7.825699914748508490e+03
7.948361830742659549e+03
6.319940564635958253e+03
6.419643393393393126e+03
6.522517816527672039e+03
6.616865443425076592e+03
6.749424148606811286e+03
6.868105633802816556e+03
6.975884126984126851e+03
7.095591820368885237e+03
7.232628340080971611e+03
7.312548123980423952e+03
7.468655086848635619e+03
7.602188127090301350e+03
7.695000843170319968e+03
7.830138959931799036e+03
7.912257731958762633e+03
8.056086805555555657e+03
6.523485606060606187e+03
6.607315026697177927e+03
6.718612009237875100e+03
6.862817187499999818e+03
6.980673015873016084e+03
7.100108259823576191e+03
7.215588377723970552e+03
7.335942763695829854e+03
7.467538842975206535e+03
7.613208368200836958e+03
7.699592748735244641e+03
7.827913969335604634e+03
7.910353648068669827e+03
8.067297132927888924e+03
8.170702892199824419e+03
6.713920830130668946e+03
6.857413416536661316e+03
6.968866191607284236e+03
7.092993594875900271e+03
7.238926375404530518e+03
7.359506557377048921e+03
7.460398514851484833e+03
7.592355296080067092e+03
7.684943650126156172e+03
7.792688135593220068e+03
7.894839897260273574e+03
8.071628149435273372e+03
8.146421834061135087e+03
8.321851687388987557e+03
6.957052922590837625e+03
7.085951239008792982e+03
7.209267310789049588e+03
7.347001635322976654e+03
7.459314921681781016e+03
7.590777500000000146e+03
7.689787216148023617e+03
7.797471186440678139e+03
7.892877673224978935e+03
8.054801559792027547e+03
8.164996500437445320e+03
8.326400532859679515e+03
8.407473262032084676e+03
7.214582930756843780e+03
7.346718137254902103e+03
7.470675742574257129e+03
7.589237302248126980e+03
7.688161344537815239e+03
7.789003384094754438e+03
7.904261986301369689e+03
8.059031195840554574e+03
8.169341207349081742e+03
8.331003552397867679e+03
8.381670515097690441e+03
8.527376916140667163e+03
7.475897689768977216e+03
7.581610972568578291e+03
7.692976470588235316e+03
7.826936278674595997e+03
7.922384219554031006e+03
8.063293760831888903e+03
8.145312118570182975e+03
8.313684676705048332e+03
8.385880106571936267e+03
8.539010830324908966e+03
8.666256596906277991e+03
7.697891596638655756e+03
7.805290431837425785e+03
7.954322719449225588e+03
8.046758859118409418e+03
8.164005240174672508e+03
8.303839964633067211e+03
8.397591111111110877e+03
8.519466246624662745e+03
8.654835603996367354e+03
8.825113259668507453e+03
7.979875754961173698e+03
8.051175453759723496e+03
8.154201394943330342e+03
8.308581786030061267e+03
8.424377005347592785e+03
8.515434352517984735e+03
8.667101818181818089e+03
8.805139577594123693e+03
8.916792014856082460e+03
8.165756544502617544e+03
8.298646954986761557e+03
8.451409294012511964e+03
8.527042304230422815e+03
8.671473636363636615e+03
8.801549541284402949e+03
8.888246068455133354e+03
9.077254460093896341e+03
8.471085049239032742e+03
8.523346223021582773e+03
8.644538043478260079e+03
8.806018348623852944e+03
8.901704629629630290e+03
9.073005628517823425e+03
9.117896128423040864e+03
8.649063405797101950e+03
8.818504132231404583e+03
8.914953660797034900e+03
9.060338014981272863e+03
9.121639282341831859e+03
9.284668886774499697e+03
8.936545961002784679e+03
9.056189897100093731e+03
9.116899056603773715e+03
9.281373574144487065e+03
9.419087499999999636e+03
9.138189035916824650e+03
9.286797528517110550e+03
9.434239653512993755e+03
9.549958292919494852e+03
9.431031730769231217e+03
9.535673765730880405e+03
9.722465161923453707e+03
9.736406679764244473e+03
9.802825147347741222e+03
9.963329670329670989e+03
