nan
nan
nan
nan
nan
nan
nan
nan
nan
nan
nan
nan
nan
nan
nan
nan
nan
nan
nan
nan
nan
nan
nan
nan
1.707337825063129912e+03
1.773945631659692936e+03
1.837096072865582073e+03
1.898514202299389126e+03
1.958757623070047430e+03
2.017946010861212017e+03
2.076094234085894641e+03
2.189587900307667951e+03
2.299600424216282136e+03
2.406617543455374289e+03
2.510775848553842934e+03
2.612427455532296335e+03
2.711310528327956490e+03
2.808887886400876141e+03
2.904971806197538626e+03
2.998458010184126124e+03
3.089277533044990378e+03
3.180517274683557844e+03
3.272532311388021753e+03
3.365174802771387476e+03
3.458215612825155404e+03
3.551094916280042071e+03
3.643915207122335232e+03
3.736645136229269610e+03
3.829561088988815300e+03
3.923053447714082267e+03
4.016737818644221079e+03
4.110615443366454201e+03
4.204641144524236552e+03
4.298744600592706774e+03
4.393071195429145519e+03
4.487470942257255956e+03
4.582107985539256333e+03
4.676771896738130636e+03
4.771980189754269304e+03
4.866567620139838255e+03
4.961560628758988969e+03
5.056626198449417643e+03
5.151840439960966251e+03
5.247099962974677510e+03
5.342920883494458394e+03
5.438325270784774148e+03
5.533815250977666437e+03
5.629440302086102747e+03
5.724934761385589809e+03
5.820819758457437274e+03
5.916585050870044142e+03
nan
nan
nan
nan
nan
nan
nan
nan
nan
nan
nan
nan
nan
nan
nan
nan
nan
nan
nan
nan
nan
nan
nan
1.707322242687197786e+03
1.773916036403912813e+03
1.837119549399865264e+03
1.898516749147669543e+03
1.958817402473096990e+03
2.017989200362453403e+03
2.076154641478752183e+03
2.189666797680852596e+03
2.299674965356404755e+03
2.406658904486583197e+03
2.510912291023468697e+03
2.612727629678155608e+03
2.711592523098728634e+03
2.809491624836407027e+03
2.905648173357633823e+03
2.998850993251167893e+03
3.089810310298790682e+03
3.181156363628849704e+03
3.273367683870428664e+03
3.365894790501851276e+03
3.458745789241670082e+03
3.551479390951436471e+03
3.643994499689640179e+03
3.736788135115433761e+03
3.829690642515884520e+03
3.923235964320929270e+03
4.016860645338001632e+03
4.110636302372608043e+03
4.204844171355536673e+03
4.298732639940830268e+03
4.392940037072805353e+03
4.487417715152792880e+03
4.581786754389354428e+03
4.676461364009223871e+03
4.771246446302015102e+03
4.866108818525865900e+03
4.961048658741928193e+03
5.056130222717865763e+03
5.151284667739198085e+03
5.246440354877295249e+03
5.341991347545656026e+03
5.437421946112722253e+03
5.532919774807955037e+03
5.628555311487361905e+03
5.724022721264469510e+03
5.820102195589377516e+03
5.915894374756000616e+03
nan
nan
nan
nan
nan
nan
nan
nan
nan
nan
nan
nan
nan
nan
nan
nan
nan
nan
nan
nan
nan
nan
1.707299492610877223e+03
1.773935460929218834e+03
1.837066489281956819e+03
1.898547695406035928e+03
1.958836013803949754e+03
2.018021770663503276e+03
2.076178342720122600e+03
2.189688153856373447e+03
2.299784336827661264e+03
2.406799667665106426e+03
2.511097322635346245e+03
2.612863452862739905e+03
2.711930380511596923e+03
2.810122662764896631e+03
2.906072025260224109e+03
2.999184083785014991e+03
3.090321344978021443e+03
3.181924226476566673e+03
3.274165154723342312e+03
3.366703889390119002e+03
3.459326638472838567e+03
3.551895272894614209e+03
3.644356950121961745e+03
3.736968535727512972e+03
3.829980746820803688e+03
3.923292662952703722e+03
4.016874671147098525e+03
4.110810703631795150e+03
4.204504265482923074e+03
4.298560296045855466e+03
4.392790393041759671e+03
4.487107701829438156e+03
4.581601599182894461e+03
4.676156280556970160e+03
4.770810836962951726e+03
4.866110338517742093e+03
4.960654077381401294e+03
5.055618831459021749e+03
5.150729842464980720e+03
5.245926579062957899e+03
5.341330299411612032e+03
5.436795604936121890e+03
5.532296469866490952e+03
5.627852627717149517e+03
5.723536819634897256e+03
5.819130992370318381e+03
5.915105651667602615e+03
nan
nan
nan
nan
nan
nan
nan
nan
nan
nan
nan
nan
nan
nan
nan
nan
nan
nan
nan
nan
nan
1.707224128298289997e+03
1.773947594299421780e+03
1.837087713183655069e+03
1.898568189380065860e+03
1.958852667446310306e+03
2.018041280487850145e+03
2.076200358050316481e+03
2.189688543214030688e+03
2.299775915115801581e+03
2.406868746752116749e+03
2.511300664307469106e+03
2.612881584325937183e+03
2.712280813755252439e+03
2.810640264653545273e+03
2.906611790623859179e+03
2.999472054524829673e+03
3.090971553068835419e+03
3.182702154969000276e+03
3.275054925800959154e+03
3.367257256456088726e+03
3.459804339517923381e+03
3.552216001849724307e+03
3.644422980096745050e+03
3.737227710759554611e+03
3.830127599899803954e+03
3.923422913737910676e+03
4.016845314626485560e+03
4.110625300434790915e+03
4.204434477745467120e+03
4.298425927907746882e+03
4.392607481599865423e+03
4.486840845605343020e+03
4.581384354901730148e+03
4.675815106417659990e+03
4.770465371758304173e+03
4.865256201164273079e+03
4.960140454157757631e+03
5.054986055688244960e+03
5.150180800035654102e+03
5.245408496570667012e+03
5.340650457097812250e+03
5.436051031483070801e+03
5.531510244990761748e+03
5.627112504145599814e+03
5.722736448724293041e+03
5.818464573823418505e+03
5.913725293313305883e+03
nan
nan
nan
nan
nan
nan
nan
nan
nan
nan
nan
nan
nan
nan
nan
nan
nan
nan
nan
nan
1.707077539312454292e+03
1.773926467336566930e+03
1.837078379454430433e+03
1.898599318218958388e+03
1.958862928657211114e+03
2.018052950126992982e+03
2.076238530432276093e+03
2.189741449767995618e+03
2.299837427815982664e+03
2.406978666583874201e+03
2.511415089477086894e+03
2.612902604399764641e+03
2.712799065879191403e+03
2.811144977939387900e+03
2.906936131877768275e+03
2.999824683537673536e+03
3.091705632203622372e+03
3.183592552014357807e+03
3.275707016131845648e+03
3.367994977292783915e+03
3.460248494818566542e+03
3.552474572222355619e+03
3.644726689752803850e+03
3.737200401660743410e+03
3.830256033442919033e+03
3.923487011857434936e+03
4.016940887562816897e+03
4.110599697982345788e+03
4.204363475468038814e+03
4.298287616554043780e+03
4.392331743471060690e+03
4.486617500923289299e+03
4.581037252858741340e+03
4.675488033726054709e+03
4.770123197753966451e+03
4.864814379342034954e+03
4.959241519464725570e+03
5.054561694212859948e+03
5.149638885275955545e+03
5.244838257927981431e+03
5.340052609277008742e+03
5.435330192037233246e+03
5.530844453210197571e+03
5.626347142535914827e+03
5.722005664365914527e+03
5.817583816465546079e+03
5.913470694927638760e+03
nan
nan
nan
nan
nan
nan
nan
nan
nan
nan
nan
nan
nan
nan
nan
nan
nan
nan
nan
1.707093604640351941e+03
1.773894956605314519e+03
1.837121573651577137e+03
1.898624662037650069e+03
1.958888310273418028e+03
2.018070984520376896e+03
2.076218533484739964e+03
2.189690840546564687e+03
2.299839056996791442e+03
2.407053282826769646e+03
2.511545208811919565e+03
2.613042964854996626e+03
2.713222071714174945e+03
2.811663671726068515e+03
2.907276805188796970e+03
3.000267541423542752e+03
3.092353912187904371e+03
3.184382688760178553e+03
3.276462049529528485e+03
3.368542833425727622e+03
3.460681066315910357e+03
3.552721001242963666e+03
3.644892029018239555e+03
3.737393692208674111e+03
3.830397568345750187e+03
3.923572918757442494e+03
4.016940492130744133e+03
4.110526563570596409e+03
4.204250062834644268e+03
4.298150537213592543e+03
4.392216315710595154e+03
4.486364204012007576e+03
4.580704060840502279e+03
4.675122069423836365e+03
4.769667022288362205e+03
4.864388109675866872e+03
4.959218598844865483e+03
5.054050560975809276e+03
5.149114360939383914e+03
5.244033944369760320e+03
5.339385374207644418e+03
5.434745840069549558e+03
5.530210441831670323e+03
5.626450762357609165e+03
5.721156861659332208e+03
5.816757035435113721e+03
5.912588224375914251e+03
nan
nan
nan
nan
nan
nan
nan
nan
nan
nan
nan
nan
nan
nan
nan
nan
nan
nan
1.707047646599209429e+03
1.773938152398391139e+03
1.837139376099093624e+03
1.898617107382049198e+03
1.958885761476394009e+03
2.018040210753647898e+03
2.076169775853717510e+03
2.189720582696888869e+03
2.299871053716094593e+03
2.407096740157295699e+03
2.511649283268851377e+03
2.613226118003071406e+03
2.713610920915326460e+03
2.812090925377281110e+03
2.907350648502185322e+03
3.000849600947925865e+03
3.093193548667689811e+03
3.185155928560181565e+03
3.277171461092103527e+03
3.369139199142856341e+03
3.461113660298389277e+03
3.552902008457491775e+03
3.644989576226892041e+03
3.737631738492097611e+03
3.830639187525901889e+03
3.923640767577815495e+03
4.016965372140337422e+03
4.110467279109841911e+03
4.204065814929120279e+03
4.297968229428115592e+03
4.391920694788832407e+03
4.486055235076415556e+03
4.580349570538059197e+03
4.674559615606291118e+03
4.769197897448091680e+03
4.863894490315611620e+03
4.958608242482265268e+03
5.053565124340046168e+03
5.148201940495346207e+03
5.243499290154184564e+03
5.338679082133547126e+03
5.433967209808006373e+03
5.529342986721178931e+03
5.624832569842023076e+03
5.720599050160224579e+03
5.815944829692416533e+03
5.911727557665204586e+03
nan
nan
nan
nan
nan
nan
nan
nan
nan
nan
nan
nan
nan
nan
nan
nan
nan
1.706975848422446006e+03
1.773961144396203963e+03
1.837149473155486703e+03
1.898621003763971203e+03
1.958880464702972176e+03
2.017990276522858039e+03
2.076165537391183079e+03
2.189636348273726071e+03
2.299854063249462342e+03
2.407113002920442796e+03
2.511606344449884546e+03
2.613436958258898358e+03
2.714043914315253005e+03
2.812313772082180549e+03
2.907648415681807819e+03
3.001270141548831816e+03
3.093947115549089176e+03
3.185950726390719865e+03
3.277916825662610336e+03
3.369638785887143968e+03
3.461426631927678045e+03
3.553190598006718574e+03
3.645168900925911657e+03
3.737806022944948836e+03
3.830611908229279834e+03
3.923739922288636535e+03
4.016926102414167872e+03
4.110383627983483166e+03
4.204592370954493163e+03
4.297770603064484021e+03
4.391759073403020011e+03
4.485514868872253828e+03
4.579958875412015914e+03
4.674377085251948301e+03
4.768662851045757634e+03
4.863369642231068610e+03
4.958082190049534802e+03
5.052929862055708327e+03
5.147842972889620796e+03
5.242890330174962401e+03
5.338015589373339026e+03
5.433252061260357550e+03
5.528487875773881569e+03
5.624078536302573411e+03
5.719538324885964357e+03
5.815213560422806040e+03
5.910804278721110677e+03
nan
nan
nan
nan
nan
nan
nan
nan
nan
nan
nan
nan
nan
nan
nan
nan
1.706883039977071576e+03
1.774001591151219600e+03
1.837187141225941559e+03
1.898633426542337475e+03
1.958837813779617818e+03
2.017990193983285053e+03
2.076123518549796245e+03
2.189622448176465696e+03
2.299840598899450924e+03
2.407124269545984134e+03
2.511541831564686618e+03
2.613657425343817067e+03
2.714264499037995847e+03
2.812619309186203282e+03
2.907877274452919664e+03
3.001845991884654723e+03
3.094745344969923735e+03
3.186836347971312534e+03
3.278544505739732813e+03
3.370115789375491659e+03
3.461684806709121403e+03
3.553211941437966743e+03
3.645418877707253614e+03
3.737928734897596769e+03
3.830718856981906356e+03
3.923704852519361339e+03
4.016841410816120060e+03
4.110288787610645159e+03
4.203828876629149818e+03
4.297493379811262457e+03
4.391394390718882278e+03
4.485473418884348575e+03
4.579575782786529089e+03
4.673896351962524022e+03
4.768363791518928338e+03
4.862916983667646491e+03
4.957787353496187279e+03
5.052361794094795187e+03
5.147337015846647773e+03
5.242298369537678809e+03
5.337368213379420922e+03
5.432533857751363939e+03
5.527847367561125793e+03
5.623296418138592344e+03
5.718719392629531285e+03
5.814244719156893552e+03
5.909897946938618588e+03
nan
nan
nan
nan
nan
nan
nan
nan
nan
nan
nan
nan
nan
nan
nan
1.706805498206390212e+03
1.774026302426744678e+03
1.837211131482045403e+03
1.898668822409943914e+03
1.958852460792953252e+03
2.017947738313902391e+03
2.076056582763127153e+03
2.189553521757852650e+03
2.299803085811470737e+03
2.407162317344511393e+03
2.511447313199858399e+03
2.613857783192402167e+03
2.714752248043022973e+03
2.812821959984704790e+03
2.908120377058368831e+03
3.002335458915345953e+03
3.095509553196552588e+03
3.187531440021944945e+03
3.279130184686522625e+03
3.370607811285579373e+03
3.461974706654082638e+03
3.553493630146628220e+03
3.645595296325721392e+03
3.738057152526803293e+03
3.830783261886910623e+03
3.923700381554951946e+03
4.016853628487288915e+03
4.110146018202587584e+03
4.203600782887414425e+03
4.297335614710303162e+03
4.391125544309817997e+03
4.485055037136047758e+03
4.579175769144872902e+03
4.673445945053814285e+03
4.767849291141901631e+03
4.862363502520118345e+03
4.957003764361010326e+03
5.051732788564718248e+03
5.146633901530229195e+03
5.241505822957381497e+03
5.337176397612018263e+03
5.432272988588541921e+03
5.527087586173808631e+03
5.622454074371404204e+03
5.717899657272168042e+03
5.813406283973168684e+03
5.909078567323993411e+03
nan
nan
nan
nan
nan
nan
nan
nan
nan
nan
nan
nan
nan
nan
nan
1.774131934663460015e+03
1.837204610039759700e+03
1.898608632796656821e+03
1.958699691560578685e+03
2.017790041172439715e+03
2.075878884310997819e+03
2.189369858834261777e+03
2.299675828053482292e+03
2.407120906841566466e+03
2.511382221819068036e+03
2.614322506526335928e+03
2.715223659038614642e+03
2.812937915921105741e+03
2.908959290514351778e+03
3.003834252072684649e+03
3.097352857780035720e+03
3.189330345007102551e+03
3.280570847148674147e+03
3.371615104453889671e+03
3.462535885189281089e+03
3.554064378613058580e+03
3.646073381649859584e+03
3.738339369479902416e+03
3.830914861987256700e+03
3.923680666981109880e+03
4.016608932790642029e+03
4.109807906244699552e+03
4.203172100447532102e+03
4.296684515846413888e+03
4.390326822799730508e+03
4.484202395898628311e+03
4.577879916026236970e+03
4.672322761742464536e+03
4.766616897240297476e+03
4.861032430519342597e+03
4.955532264934274281e+03
5.050156869922455371e+03
5.144921482725610986e+03
5.239777931566746702e+03
5.334819655211831559e+03
5.429836498459555514e+03
5.525067951359853396e+03
5.620342765700954260e+03
5.715586760176500320e+03
5.811126385155812386e+03
5.906435628684834228e+03
nan
nan
nan
nan
nan
nan
nan
nan
nan
nan
nan
nan
nan
nan
1.774214419621760044e+03
1.837201756211935617e+03
1.898461457809491321e+03
1.958553411368607613e+03
2.017558116772218227e+03
2.075596279216798393e+03
2.189084202755217120e+03
2.299461324137006159e+03
2.406620524572027080e+03
2.511521029764718605e+03
2.614824459610625127e+03
2.715409049265482281e+03
2.813243665736136791e+03
2.909856235024928537e+03
3.005144480335509343e+03
3.098956494927934727e+03
3.190823634551633404e+03
3.281682305956522214e+03
3.372327250369624380e+03
3.463157657949012901e+03
3.554616168720672704e+03
3.646448417347453869e+03
3.738513507522717191e+03
3.830922634386548452e+03
3.923519726202658603e+03
4.016222433186415401e+03
4.109277995306123557e+03
4.202491647559765624e+03
4.295907812941903103e+03
4.389446024661865522e+03
4.482914768805432686e+03
4.577079983210793216e+03
4.671047734816282173e+03
4.765235280936693016e+03
4.859545216969813737e+03
4.953951115613281218e+03
5.048522327143029543e+03
5.143240079040619094e+03
5.238083125143093639e+03
5.332535136135159519e+03
5.427932828766510283e+03
5.522814096312291440e+03
5.618127558824729022e+03
5.713297569443662724e+03
5.808590842354752567e+03
5.903700319780626160e+03
nan
nan
nan
nan
nan
nan
nan
nan
nan
nan
nan
nan
nan
1.774278537251382204e+03
1.837133936615008679e+03
1.898332426403884256e+03
1.958293235510230261e+03
2.017230851419443979e+03
2.075240835274106757e+03
2.188720453587073280e+03
2.299150954802044907e+03
2.406291139296885831e+03
2.511785987540140923e+03
2.615040068633416922e+03
2.715173362247932801e+03
2.813734483251763777e+03
2.910882365382234184e+03
3.006427026987092177e+03
3.100143762942836020e+03
3.192020944104540831e+03
3.282420039851861929e+03
3.372890792503321336e+03
3.463796129063363423e+03
3.555098207485091734e+03
3.646688363779915562e+03
3.738600893115888539e+03
3.830722336621831346e+03
3.923189695342025516e+03
4.015868564779679218e+03
4.108744966499427392e+03
4.201739558607243453e+03
4.295038964731431406e+03
4.388131901791657583e+03
4.482003405816927625e+03
4.575763780520517685e+03
4.669855162435856982e+03
4.763739598601348916e+03
4.857879343321215856e+03
4.952281589361759870e+03
5.046699474667921095e+03
5.141237801006090194e+03
5.235911203352894518e+03
5.330705776947223967e+03
5.425767823860660428e+03
5.520524762729113718e+03
5.615572532146012236e+03
5.710428745486690786e+03
5.805602962462959113e+03
5.900686280425859877e+03
nan
nan
nan
nan
nan
nan
nan
nan
nan
nan
nan
nan
1.774299106869909338e+03
1.837017567225738730e+03
1.898078389244037226e+03
1.958016949743265513e+03
2.016881511421254345e+03
2.074885589466213787e+03
2.188338470809684168e+03
2.298516658826511957e+03
2.406035600419197181e+03
2.511895182185129670e+03
2.614848626967083419e+03
2.715210303885569374e+03
2.814163581426337259e+03
2.911649063318286608e+03
3.007280295114686396e+03
3.101043299866360030e+03
3.192952696094443127e+03
3.283361463139756779e+03
3.373608842797502803e+03
3.464327735481005675e+03
3.555489519781187482e+03
3.646912234388074467e+03
3.738616447354701904e+03
3.830571324402037135e+03
3.922796829344933030e+03
4.015309753695900781e+03
4.107947098010738955e+03
4.201033683148297314e+03
4.293937887923924791e+03
4.387317074417668664e+03
4.480719097748762579e+03
4.574423901432344792e+03
4.668179579772702709e+03
4.761865511872701973e+03
4.856189264016531524e+03
4.950424331740157868e+03
5.044812897592832996e+03
5.138894980922766990e+03
5.233917555983498460e+03
5.328605593859940200e+03
5.423563831954306806e+03
5.517978855592746186e+03
5.612784613729575540e+03
5.707657911648992922e+03
5.802751026701021146e+03
5.897833600265281348e+03
nan
nan
nan
nan
nan
nan
nan
nan
nan
nan
nan
1.774240870405657006e+03
1.836888257980942399e+03
1.897831332572802239e+03
1.957613186158343979e+03
2.016462371867008187e+03
2.074407309514800545e+03
2.187877464559785949e+03
2.297835470723338403e+03
2.405814940309730900e+03
2.511657156420690626e+03
2.614396799514443956e+03
2.715225535751838834e+03
2.814668350127581562e+03
2.912206740472003275e+03
3.007891688194991275e+03
3.101603367086579055e+03
3.193621925359077977e+03
3.284040316943151083e+03
3.374287810106413417e+03
3.464813674578493192e+03
3.555750255174574249e+03
3.646873547703696204e+03
3.738379667736154715e+03
3.830009719255122036e+03
3.922299090153403995e+03
4.014615151415595392e+03
4.107151527775062277e+03
4.199923405655837996e+03
4.292871984679953130e+03
4.385922531720272673e+03
4.479380237869998382e+03
4.572856127706195366e+03
4.666542270236383047e+03
4.760394138713230859e+03
4.854475977468853671e+03
4.948443081946933489e+03
5.042739383918479689e+03
5.137155388771074286e+03
5.231590610541836213e+03
5.326062798300054055e+03
5.420593359261396472e+03
5.515161891725660098e+03
5.609930949685707674e+03
5.705174878623902259e+03
5.799728278683440294e+03
5.894764958086750994e+03
nan
nan
nan
nan
nan
nan
nan
nan
nan
nan
1.774174575430191908e+03
1.836681902728951627e+03
1.897502393750989540e+03
1.957217714946243859e+03
2.015994235726086345e+03
2.073858010495155213e+03
2.187265836378812310e+03
2.297279562862474450e+03
2.405592409719392890e+03
2.511155721077439466e+03
2.614016469331782446e+03
2.715290737221735071e+03
2.814863830349131149e+03
2.912473046167713619e+03
3.008172462149860621e+03
3.101938739783568963e+03
3.193839109542306687e+03
3.284678641343582512e+03
3.374845338914902641e+03
3.465172316442525698e+03
3.555795818075701391e+03
3.646827740920283304e+03
3.738194682688259491e+03
3.829806896996729847e+03
3.921672262443258660e+03
4.013798393491634670e+03
4.106196094181843364e+03
4.198775041770100870e+03
4.291696535700189997e+03
4.384613036023201857e+03
4.477861901909631342e+03
4.571210170558741083e+03
4.664933034237938955e+03
4.758515235070646668e+03
4.852410295922401929e+03
4.946395555540298119e+03
5.040940496711829837e+03
5.134821847038709166e+03
5.229167124530842557e+03
5.323439450957395820e+03
5.417625141875453664e+03
5.512313687444177958e+03
5.607120766608210943e+03
5.701794825113574007e+03
5.796860570187221128e+03
5.891612728633845109e+03
nan
nan
nan
nan
nan
nan
nan
nan
nan
1.773853842630460804e+03
1.836132836307954221e+03
1.896660925052330413e+03
1.956211927516166725e+03
2.014859860308118641e+03
2.072704773368066526e+03
2.185486619486454401e+03
2.296279287805678450e+03
2.404464401926305527e+03
2.509807342241647348e+03
2.613240157784005078e+03
2.715011075475649704e+03
2.814584405979920120e+03
2.912199479463237367e+03
3.007884607370692265e+03
3.101673659075971955e+03
3.194196898767500443e+03
3.285568681934880260e+03
3.375615136615760093e+03
3.465531913919123326e+03
3.555715032489253645e+03
3.646251030508302392e+03
3.737179255264803942e+03
3.828458843460005028e+03
3.920259571626145316e+03
4.011685972325182775e+03
4.103836281987058101e+03
4.196216263412292392e+03
4.288666203428947483e+03
4.381563049366748601e+03
4.474405053453700020e+03
4.567586170112224863e+03
4.660906270669431251e+03
4.754468769991173758e+03
4.848089860945797227e+03
4.941734060502747525e+03
5.035554627136496492e+03
5.129459680744705111e+03
5.223274873451780877e+03
5.317626119127126003e+03
5.412116748723268756e+03
5.506096195920763421e+03
5.600645363728150187e+03
5.695381690819058349e+03
5.790316001937631881e+03
5.885102589907281072e+03
nan
nan
nan
nan
nan
nan
nan
nan
1.773451750153265493e+03
1.835401523554026198e+03
1.895681764922850107e+03
1.955004970959215143e+03
2.013558884933591116e+03
2.070872569286389535e+03
2.183999933870678433e+03
2.294798829705691787e+03
2.402565977995995127e+03
2.508260289265236679e+03
2.612064609684181505e+03
2.713698067796996838e+03
2.813210317649046374e+03
2.910795763948015519e+03
3.006475803386566440e+03
3.100706571846248153e+03
3.193782087694563870e+03
3.285366777447359709e+03
3.375811284057682315e+03
3.465434083471788654e+03
3.555204766624598051e+03
3.645170785083441842e+03
3.735636447915705958e+03
3.826510672352657821e+03
3.917652349104253062e+03
4.009143755212062842e+03
4.100877696388375625e+03
4.192856145758152707e+03
4.285137957563432792e+03
4.377489888442582924e+03
4.470439026395217297e+03
4.563072774054120600e+03
4.656421485668695823e+03
4.749509444916950088e+03
4.842643428622189276e+03
4.936108524520272113e+03
5.029608811756415889e+03
5.123360346788305833e+03
5.217235094560680409e+03
5.311124357076558226e+03
5.405165389421123109e+03
5.499580724286519398e+03
5.593862029649005308e+03
5.688454440035791777e+03
5.783158549760558344e+03
5.878043051155672401e+03
nan
nan
nan
nan
nan
nan
nan
1.773024734732234720e+03
1.834514325924719287e+03
1.894529966230140872e+03
1.953670269474452425e+03
2.011538182890428743e+03
2.068960033739886967e+03
2.182256543316878378e+03
2.292513335492081751e+03
2.400334878006860890e+03
2.506153979624320527e+03
2.609814407444993776e+03
2.711292014193713840e+03
2.810682489725765663e+03
2.908232637661441913e+03
3.004150921109289357e+03
3.098883477776246309e+03
3.192222303451097559e+03
3.284253420871998060e+03
3.374972472072126038e+03
3.464504121912602386e+03
3.553798314554928311e+03
3.643385394196476227e+03
3.733400355409781696e+03
3.823887153812731412e+03
3.914669590053797037e+03
4.005787684831681872e+03
4.097207120546832812e+03
4.188970964574763457e+03
4.280911847743742328e+03
4.373130763679091615e+03
4.465547111578584008e+03
4.558010333447617086e+03
4.650636367642124242e+03
4.743458917753321657e+03
4.836508874567929524e+03
4.929635532402064200e+03
5.023113861740399443e+03
5.116464962760112030e+03
5.210292955407589943e+03
5.304085149508488030e+03
5.398055493880139693e+03
5.492111966738591036e+03
5.586591507451767029e+03
5.681269888603213985e+03
5.775673691204774514e+03
5.870479233799130270e+03
nan
nan
nan
nan
nan
nan
1.772499845187966685e+03
1.833516231516557355e+03
1.893201991785199880e+03
1.951686251590002485e+03
2.009650289995951653e+03
2.067092558077925787e+03
2.179810729836939117e+03
2.289765736015060156e+03
2.397555393192681549e+03
2.503100739417574914e+03
2.606495788153424201e+03
2.707685620912825470e+03
2.807020126473539676e+03
2.904560363421696820e+03
3.000861210111395849e+03
3.095855558120794740e+03
3.189485136809265896e+03
3.281795816409333383e+03
3.372840033770135051e+03
3.462667875143510173e+03
3.551659349565537013e+03
3.640791538117750406e+03
3.730338097596948501e+03
3.820349545273692911e+03
3.910760527998433645e+03
4.001554624774199965e+03
4.092685126508157282e+03
4.184163812380000309e+03
4.275687166439842258e+03
4.367464775409898721e+03
4.459432063308575380e+03
4.551677490097385089e+03
4.644024374018510571e+03
4.736696816502733782e+03
4.829452848242102846e+03
4.922382867377310504e+03
5.015631616696980927e+03
5.109003437041207690e+03
5.202530864751777699e+03
5.296312693108120584e+03
5.390280636429046353e+03
5.484345707852588930e+03
5.578491554907849604e+03
5.672786872409084026e+03
5.767501914162154208e+03
5.861836272652482876e+03
nan
nan
nan
nan
nan
1.771842682936175379e+03
1.832400066280230931e+03
1.891349654823667152e+03
1.949785729210731006e+03
2.007603868681514086e+03
2.064744151471119039e+03
2.176698541568914152e+03
2.286351364090948664e+03
2.393721024460282024e+03
2.498795350578908256e+03
2.601722380656748101e+03
2.702797194972486977e+03
2.801965275828621543e+03
2.899667592812232670e+03
2.996321855469940601e+03
3.091406561576638069e+03
3.185262930338868500e+03
3.277861891254447073e+03
3.369192407013492812e+03
3.459389655682633474e+03
3.548347445150428939e+03
3.637049465678222987e+03
3.726245782924409468e+03
3.815788762681681874e+03
3.905887411038584560e+03
3.996255508608060609e+03
4.086985647181877994e+03
4.177894226457430705e+03
4.269046240144838521e+03
4.360461929982857328e+03
4.452112090850027926e+03
4.544088096075944122e+03
4.636294784346389861e+03
4.728678675456249039e+03
4.821256588083437236e+03
4.914199164579082208e+03
5.007087330337350068e+03
5.100464722906075622e+03
5.193924109634675915e+03
5.287628406955796891e+03
5.381043064684910860e+03
5.475362078238560571e+03
5.569649052789307461e+03
5.663908260155379139e+03
5.758264875444665449e+03
5.852789634700950955e+03
nan
nan
nan
1.707639701781472240e+03
1.771055933402394885e+03
1.830845278581110506e+03
1.889625601915591233e+03
1.947690323472254477e+03
2.005009182371299175e+03
2.061542391390701141e+03
2.172802054894205867e+03
2.281737143253109025e+03
2.388441768553977454e+03
2.492965163408266562e+03
2.595546821921416267e+03
2.696226108275187926e+03
2.795459530068701497e+03
2.893284586668105931e+03
2.989892544488242947e+03
3.085229912180095198e+03
3.179225582836563717e+03
3.272073870970594271e+03
3.363696566756852462e+03
3.454247517540513400e+03
3.543490764707788912e+03
3.632035614610435005e+03
3.720625702181670931e+03
3.809850884044816667e+03
3.899271488605356353e+03
3.989264423922650167e+03
4.079429278793204958e+03
4.169925984602694371e+03
4.260765105668260730e+03
4.351944877012012512e+03
4.443419732187720001e+03
4.535209464744924844e+03
4.627197429181112966e+03
4.719411009645044942e+03
4.811812955267949292e+03
4.904533993082223787e+03
4.997498829341777309e+03
5.090636139187092340e+03
5.183980937876393909e+03
5.277520146000023487e+03
5.371220599818796472e+03
5.465182870858720889e+03
5.558902206831085095e+03
5.653385818086229847e+03
5.747823904744966967e+03
5.842254812816866433e+03
nan
nan
1.707028227119873691e+03
1.769982475363410686e+03
1.829412444143111770e+03
1.887602541719646979e+03
1.944885087608462072e+03
2.001421511242551787e+03
2.057347951335988455e+03
2.167515988044634469e+03
2.275449329963982564e+03
2.381262169888708740e+03
2.485127532335802243e+03
2.587159260751500369e+03
2.687573509873538114e+03
2.786608946090255813e+03
2.884457589790432394e+03
2.981062425501844700e+03
3.076505248055397715e+03
3.170715435728955526e+03
3.263702515758867321e+03
3.355614869966925653e+03
3.446412239291262722e+03
3.536040639639041729e+03
3.624743130190792272e+03
3.713049614079725416e+03
3.801469919561620372e+03
3.890432264787451913e+03
3.979755233849261913e+03
4.069560190015417447e+03
4.159837947434012676e+03
4.250401107936700100e+03
4.341311003875862298e+03
4.432613159859801272e+03
4.524130966872602585e+03
4.615996761169353704e+03
4.708102875510629929e+03
4.800430332718971840e+03
4.892903707829262203e+03
4.985870645860972218e+03
5.078802156826548526e+03
5.171991442850623571e+03
5.265256297991330939e+03
5.359271012362647525e+03
5.453023071773957781e+03
5.547043149034083399e+03
5.641090544094915458e+03
5.735275069772563256e+03
5.829238744464693809e+03
nan
1.705914281593039732e+03
1.769194692024906999e+03
1.827702907052546379e+03
1.884597456488527996e+03
1.940715219599917873e+03
1.996224127555837867e+03
2.051213961839975127e+03
2.159744830036739586e+03
2.266321638648834778e+03
2.371024063361889603e+03
2.474022257041345711e+03
2.575418215148236413e+03
2.675399994779752888e+03
2.774127488287890174e+03
2.871786167922613004e+03
2.968379699342663116e+03
3.063802927093281141e+03
3.158090621364986418e+03
3.251306498506358366e+03
3.343485754091722811e+03
3.434535670154431500e+03
3.524483035116110841e+03
3.613327945285287569e+03
3.701202092291938698e+03
3.789151353768485023e+03
3.877876511995705187e+03
3.966750629810580904e+03
4.056290945738186565e+03
4.146231644417675852e+03
4.236648591990898240e+03
4.327438722246237376e+03
4.418576989505925667e+03
4.509966512686278293e+03
4.601675266592772459e+03
4.693627882844699343e+03
4.785865412573366484e+03
4.878318649176777399e+03
4.971122112541555907e+03
5.064153878631604130e+03
5.157349982551408175e+03
5.250569113653813474e+03
5.344020440210111701e+03
5.437709781371473582e+03
5.531595140674046888e+03
5.625809427024103570e+03
5.719900759770738659e+03
5.813745797664053498e+03
1.708920674346923988e+03
1.768626202710114740e+03
1.824051913992266918e+03
1.878546669297227254e+03
1.932673154759267618e+03
1.986469274562232386e+03
2.039953956573281403e+03
2.145873827147912380e+03
2.250332076643258006e+03
2.353251340299052572e+03
2.454757272485266185e+03
2.554877612724446408e+03
2.653862532293459481e+03
2.751759642441278629e+03
2.848691514383775029e+03
2.944709689699618139e+03
3.039894436176856289e+03
3.134174158097877807e+03
3.227375956728209530e+03
3.319627992516998802e+03
3.410900423888578189e+03
3.501225447509257720e+03
3.590561824619927847e+03
3.678804653441650771e+03
3.766830762904739913e+03
3.855120508147851979e+03
3.944043044700544669e+03
4.033426555234530952e+03
4.123322923986483147e+03
4.213684308900485121e+03
4.304433447288754905e+03
4.395597236677465844e+03
4.487012159679636170e+03
4.578800494741033617e+03
4.670760927963267022e+03
4.762837853107263982e+03
4.855612927645937816e+03
4.948217435328069769e+03
5.041285187935425711e+03
5.134172237285129995e+03
5.227944232152165569e+03
5.321616246377713651e+03
5.415283870913333885e+03
5.509224142589621806e+03
5.603183957630317309e+03
5.696914891553488815e+03
5.791735519062188359e+03
1.779497091041361273e+03
1.824243950276227451e+03
1.872752206032035247e+03
1.922703165384181830e+03
1.973335026031164944e+03
2.024267123747344158e+03
2.126331927962222380e+03
2.228059142978912860e+03
2.329185432426957505e+03
2.429660410348514233e+03
2.529348570680741886e+03
2.628249444497098921e+03
2.726318164637936206e+03
2.823513027699696067e+03
2.919840905502762780e+03
3.015247683822767613e+03
3.109695056001260127e+03
3.203135591688032946e+03
3.295546574550327477e+03
3.387109549223829617e+03
3.477629341515254055e+03
3.567191252326288122e+03
3.655799944744609547e+03
3.743727222856861772e+03
3.831589098525933423e+03
3.919971186806254991e+03
4.008953247070271118e+03
4.098485998546013434e+03
4.188486146549168552e+03
4.278895603930594007e+03
4.369674188419226994e+03
4.460798340453278797e+03
4.552264375239004949e+03
4.643984114043270893e+03
4.736006885992423122e+03
4.828370720650408657e+03
4.920909435076782756e+03
5.013566500715845905e+03
5.106589445636855089e+03
5.199726733652974872e+03
5.292754064509856107e+03
5.386639847200211989e+03
5.480451563167853237e+03
5.574233606520704598e+03
5.667981986206184047e+03
5.761973187959545612e+03
1.848731991473111975e+03
1.891284709697375547e+03
1.936854111935733727e+03
1.984103611744683803e+03
2.032371671301509195e+03
2.130547106821091802e+03
2.229639064038977267e+03
2.328872226035628501e+03
2.427847591707833089e+03
2.526385462487404766e+03
2.624290967586661736e+03
2.721579795989720878e+03
2.818102200425166302e+03
2.913770511800245913e+03
3.008696687270640723e+03
3.102740524071611617e+03
3.195872586342415161e+03
3.288125219353551984e+03
3.379520560675040542e+03
3.470032335674708520e+03
3.559515361604348072e+03
3.648220828899838125e+03
3.736017510878401936e+03
3.823466799116750735e+03
3.911155290286729723e+03
3.999587660788228277e+03
4.088508061511497544e+03
4.178123084878637201e+03
4.268076240297953518e+03
4.358437297762622620e+03
4.449188212022838343e+03
4.540215457356733168e+03
4.631355353273649598e+03
4.723289508500820375e+03
4.815076713449450835e+03
4.907456655725547535e+03
4.999624037030422187e+03
5.092721940836037902e+03
5.185617119255362923e+03
5.278640294035273655e+03
5.372051494690379513e+03
5.465376564501613757e+03
5.558576250774302025e+03
5.652832435784535846e+03
5.746240403807177245e+03
1.916770610104568277e+03
1.958972109685409578e+03
2.003411635854639826e+03
2.049295469562829567e+03
2.143645733279631258e+03
2.239830249317943526e+03
2.336789660555426963e+03
2.433937275749224227e+03
2.530967969198541596e+03
2.627670012952903562e+03
2.723871406775929245e+03
2.819523845446719861e+03
2.914547434446873922e+03
3.008858231693067864e+03
3.102386179574454218e+03
3.195070698024874218e+03
3.287092805907658658e+03
3.378203080280150516e+03
3.468483081699562717e+03
3.557924955452049289e+03
3.646625933519205773e+03
3.734432632131664832e+03
3.821484983120702054e+03
3.908651468957938050e+03
3.996347640160293849e+03
4.084702685877420208e+03
4.173629011601848106e+03
4.263052077470233598e+03
4.352930772394250198e+03
4.443247865224308953e+03
4.533850125256950378e+03
4.624841303890894778e+03
4.716251845188203333e+03
4.807859754929049814e+03
4.899614663416949952e+03
4.991799589455103160e+03
5.084125269987148386e+03
5.176357354250119897e+03
5.269523294684566281e+03
5.362624852404521334e+03
5.455655016346551747e+03
5.548761596545799875e+03
5.642131827985772361e+03
5.735688333793637867e+03
1.983735990702031813e+03
2.025842194855591515e+03
2.069679054799936239e+03
2.160614706457200555e+03
2.254080010476084226e+03
2.348829054170529616e+03
2.444191821485838773e+03
2.539687964096759060e+03
2.635136147267431170e+03
2.730267511415203899e+03
2.824941839860414348e+03
2.919160409425682246e+03
3.012799276432352599e+03
3.105771592931794657e+03
3.198052527935770286e+03
3.289663764017584072e+03
3.380538207855508517e+03
3.470547401285798514e+03
3.559871105707738934e+03
3.648387100739430025e+03
3.736194174956490315e+03
3.823090186520467796e+03
3.909764713032841428e+03
3.996661651455463016e+03
4.084483062989730570e+03
4.172779688916630221e+03
4.261643727861616753e+03
4.351023234063222844e+03
4.440740537205325381e+03
4.530685975460826739e+03
4.621482288015189624e+03
4.712162458502050868e+03
4.803560746251023374e+03
4.894781123635648328e+03
4.986948531572562388e+03
5.078889167897530569e+03
5.171075025977256701e+03
5.263738124246525331e+03
5.356282068140036245e+03
5.448729426230936042e+03
5.542265847684034270e+03
5.635024325856407813e+03
5.728904183526823545e+03
2.049733636106129779e+03
2.091807131636031045e+03
2.179723152288918754e+03
2.270709333225668161e+03
2.363390876921110248e+03
2.456999518232099945e+03
2.551043934491066011e+03
2.645175442929403289e+03
2.739238942296172809e+03
2.833062907629114761e+03
2.926512260527973012e+03
3.019462182312898221e+03
3.111821678039794278e+03
3.203721938469361703e+03
3.294883279807916551e+03
3.385384395195157140e+03
3.475187591667523520e+03
3.564344283093193553e+03
3.652747135787811203e+03
3.740401751374396099e+03
3.827380661382641392e+03
3.913667537518391782e+03
4.000013076579289191e+03
4.086924716476672074e+03
4.174537415721621073e+03
4.262791451329772826e+03
4.351629845241670409e+03
4.440836146589368582e+03
4.530536164057104543e+03
4.620745775267801946e+03
4.711206161805560441e+03
4.801861743729039517e+03
4.893019789512412899e+03
4.984360091592904610e+03
5.075644631962475614e+03
5.167918730365044212e+03
5.260156558826107357e+03
5.352311511800189692e+03
5.444643916673800049e+03
5.537266330162142367e+03
5.630106198426351511e+03
5.723302346581958773e+03
2.114854312165795818e+03
2.200089479046626366e+03
2.288814076648206537e+03
2.379597371720234150e+03
2.471553886996661731e+03
2.564209700796254765e+03
2.657143802868470630e+03
2.750125807445306236e+03
2.843017296060934314e+03
2.935671545493921258e+03
3.027974674763544954e+03
3.119788452207465525e+03
3.211155511789815137e+03
3.301962179057888989e+03
3.392086432276643336e+03
3.481651946871791552e+03
3.570485062323884904e+03
3.658811256651000349e+03
3.746268451783875207e+03
3.833252165463177334e+03
3.919324044641696219e+03
4.005307214364895572e+03
4.091510554847567619e+03
4.178404385856594672e+03
4.266035211498998251e+03
4.354142910925887008e+03
4.442634987088611524e+03
4.532045441123284945e+03
4.621421095070086267e+03
4.711632922124287688e+03
4.801733775556403998e+03
4.892793174125236874e+03
4.983645882274566247e+03
5.074851986846450927e+03
5.166614344880195858e+03
5.258253949139367251e+03
5.349842196937648623e+03
5.442536747632382685e+03
5.534542281375592211e+03
5.627597703377168727e+03
5.720209561702524297e+03
2.242767957370299428e+03
2.327585006226834594e+03
2.414952452018701933e+03
2.503972425823309550e+03
2.594017027630724442e+03
2.684685247671364777e+03
2.775729998566319409e+03
2.866924488569389723e+03
2.958089702461090383e+03
3.049043853181727172e+03
3.139802548497263160e+03
3.230199195189002239e+03
3.320111249986026451e+03
3.409609499177748148e+03
3.498492762821616452e+03
3.587031888422864540e+03
3.674795004607100964e+03
3.762172993716540532e+03
3.848716466982466045e+03
3.934999645417347892e+03
4.020445151072270164e+03
4.105477692303009462e+03
4.190962086428149632e+03
4.277023575846995300e+03
4.363726694046046759e+03
4.451472931063564829e+03
4.539325449079907230e+03
4.628142589431741726e+03
4.716955595906008057e+03
4.806742766099076107e+03
4.896380516994657228e+03
4.986476411107660169e+03
5.077209239259955211e+03
5.167842243169410722e+03
5.258473728920197573e+03
5.350224839698294090e+03
5.441390637441116269e+03
5.533534066106319187e+03
5.625337403645283302e+03
5.717122438411551229e+03
2.367996528730511727e+03
2.452484206077362160e+03
2.538920532123112935e+03
2.626688315240851807e+03
2.715364657360808451e+03
2.804640344754190664e+03
2.894262598983539647e+03
2.983974303734015848e+03
3.073795134798657273e+03
3.163460496885710199e+03
3.252870127953375231e+03
3.342021936967564216e+03
3.430705123786523473e+03
3.519207141247672553e+03
3.607060073292911511e+03
3.694607652573761698e+03
3.781420119564269953e+03
3.868051075417965876e+03
3.953942667399767288e+03
4.039277798633426755e+03
4.124029465742931279e+03
4.208312962901251012e+03
4.292854862191527900e+03
4.378495107618700786e+03
4.464501369107241771e+03
4.551658060455907616e+03
4.638959965867889878e+03
4.727306167378384998e+03
4.815585191712374581e+03
4.904437726465741434e+03
4.994008476298830828e+03
5.083506655137063717e+03
5.173108374717356128e+03
5.263818039230594877e+03
5.354058473392146880e+03
5.445208719906497208e+03
5.536135618684674228e+03
5.627101845688028334e+03
5.718607223838056598e+03
2.490945052441586085e+03
2.575160054271730587e+03
2.660936557752387671e+03
2.747831095385305616e+03
2.835502355968777010e+03
2.923630989995899654e+03
3.012164947719107658e+03
3.100803803595404588e+03
3.189430794913989303e+03
3.277978617655839571e+03
3.366233615787768031e+03
3.454464188622386246e+03
3.542191020523116549e+03
3.629696061329332224e+03
3.716618502544320563e+03
3.803359395608890736e+03
3.889561880326368737e+03
3.975238522421777361e+03
4.060356060991699451e+03
4.145014702144493640e+03
4.228994388099717980e+03
4.312828568041384642e+03
4.396637843852196966e+03
4.481687118457010001e+03
4.567184410909773760e+03
4.653799171048787684e+03
4.740530255345087426e+03
4.827968898760708726e+03
4.916230072044609187e+03
5.004508370823703444e+03
5.092930907496112923e+03
5.182499456685083715e+03
5.271722478142543878e+03
5.361799003044465280e+03
5.451783299881582934e+03
5.541855518947189921e+03
5.632438323672242404e+03
5.723273762479499055e+03
2.611935500571628381e+03
2.695957044218062947e+03
2.781256516597635709e+03
2.867450065186407301e+03
2.954355732234746483e+03
3.041676778623314021e+03
3.129242056648201469e+03
3.216948262959000203e+03
3.304564297594124582e+03
3.392290266071465794e+03
3.479696157282711283e+03
3.566970019764307835e+03
3.653825055568484004e+03
3.740521404546537269e+03
3.826856081104300756e+03
3.912725905189812693e+03
3.998081842540113485e+03
4.083104272825275530e+03
4.167512729265923554e+03
4.251680848214804428e+03
4.334989313354785736e+03
4.418325521274502535e+03
4.501635696725600610e+03
4.586106877439857271e+03
4.670960443145038880e+03
4.756731511992328706e+03
4.843474699565916126e+03
4.930367227361848563e+03
5.017489672263021930e+03
5.105793150598991815e+03
5.193892461086794356e+03
5.282813003436407598e+03
5.371758531154762750e+03
5.460869313196968506e+03
5.550465979011916716e+03
5.640391308971515173e+03
5.730895260182847778e+03
2.731228062657066403e+03
2.815099349189474196e+03
2.900039255002170648e+03
2.985741988358154231e+03
3.071983351797160140e+03
3.158595586420079599e+03
3.245359750915536097e+03
3.332364575896180668e+03
3.419248975206475279e+03
3.506125200680579837e+03
3.592746508856879700e+03
3.679248165504365716e+03
3.765560118582409814e+03
3.851476342260675665e+03
3.936940808134880172e+03
4.022205090649905742e+03
4.106913761241422435e+03
4.191386916397110326e+03
4.275109057280028537e+03
4.358820452975169246e+03
4.441744364000149289e+03
4.524533303406686173e+03
4.607187520068017875e+03
4.690823657608741996e+03
4.775712262171209659e+03
4.860939151738944929e+03
4.946585806372423576e+03
5.033466930553215207e+03
5.120304868513721885e+03
5.207958046557719172e+03
5.295773029950179989e+03
5.383827618376175451e+03
5.472362861767596769e+03
5.561305741099917213e+03
5.650849600333091075e+03
5.740520322555534221e+03
2.849035971641214019e+03
2.932810796557877438e+03
3.017450178084661275e+03
3.102727183903039986e+03
3.188412557292979727e+03
3.274493948418331001e+03
3.360677080632598972e+03
3.446974905597297948e+03
3.533190943641473496e+03
3.619358180341285333e+03
3.705490633224282192e+03
3.791319961525930921e+03
3.876780264222591086e+03
3.962140395128071759e+03
4.047031306745393522e+03
4.131714610012951198e+03
4.215746700963742114e+03
4.299781796438222045e+03
4.383133735182185774e+03
4.466296567335004511e+03
4.548610393815590214e+03
4.630710470504849582e+03
4.713402750030211791e+03
4.796498723765498653e+03
4.880321324556110994e+03
4.965517457347612435e+03
5.050886266900490227e+03
5.137116040044968940e+03
5.223674833461589515e+03
5.310549219467003240e+03
5.397923890826514253e+03
5.485808726468531859e+03
5.574319650611511861e+03
5.663002502903131244e+03
5.751845035093639126e+03
2.965536273614841775e+03
3.049225125468009537e+03
3.133605572433573343e+03
3.218559875921993353e+03
3.303845962598737970e+03
3.389399642199488426e+03
3.475049316664300022e+03
3.560736354012195989e+03
3.646549163670952112e+03
3.732159495283611705e+03
3.817487017582079716e+03
3.902832838937990346e+03
3.987789609157814084e+03
4.072576298004963064e+03
4.156822055030215779e+03
4.241078190544231802e+03
4.324747352951290850e+03
4.408236361549521462e+03
4.490962652070311378e+03
4.573552746735082110e+03
4.655924942948121497e+03
4.737565011921241421e+03
4.819239412281616751e+03
4.902269239567658587e+03
4.985801921037927968e+03
5.070358466698000484e+03
5.155440799264917587e+03
5.240991422712158965e+03
5.327093359182803397e+03
5.413790820805856129e+03
5.501172796588305573e+03
5.588801101979370287e+03
5.676629230015334542e+03
5.764872832389568430e+03
3.080877316411954780e+03
3.164494194738192164e+03
3.248691383424629748e+03
3.333331352030132621e+03
3.418251503061394942e+03
3.503318191608877896e+03
3.588664862229376922e+03
3.673925926992269524e+03
3.759008661183994263e+03
3.844215020004259713e+03
3.929127668166423518e+03
4.013913432704856859e+03
4.098288917825160752e+03
4.182659154150658651e+03
4.266572959572624313e+03
4.350300213014790643e+03
4.433347926547063253e+03
4.516332205369559233e+03
4.599085564398809765e+03
4.681151519345387896e+03
4.762694229133076078e+03
4.844313345635795486e+03
4.925693456224999863e+03
5.008099913985039166e+03
5.091310037383993404e+03
5.175287143741725231e+03
5.259910026758861932e+03
5.345263645458179781e+03
5.431380455937445731e+03
5.517844081591616487e+03
5.604569406069162142e+03
5.691771420153818326e+03
5.779400997974677011e+03
3.195184625294784837e+03
3.278734655611398921e+03
3.362760202535660028e+03
3.447100357000228541e+03
3.531805107822511218e+03
3.616586625229945639e+03
3.701308536088477922e+03
3.786257582400841784e+03
3.871014362001742938e+03
3.955703927506496711e+03
4.040103181402070277e+03
4.124512576501887452e+03
4.208564313200242395e+03
4.292454395403678063e+03
4.375746987378108315e+03
4.458996958150439241e+03
4.542097965791159368e+03
4.624557776805841968e+03
4.706553365865371234e+03
4.788572979424259756e+03
4.869870549711371496e+03
4.950948938962512329e+03
5.032016285595049339e+03
5.113906972065911759e+03
5.196654067560943076e+03
5.280402677165053319e+03
5.365048667277077584e+03
5.450175186897417916e+03
5.535683501735891696e+03
5.621730423967591378e+03
5.708266032765133787e+03
5.795108620210656227e+03
3.308565375775502616e+03
3.392038369854588382e+03
3.475952666532095463e+03
3.560129144546467614e+03
3.644399248141928638e+03
3.728950562596432064e+03
3.813440919700119139e+03
3.897937732690557823e+03
3.982262353463786894e+03
4.066615973522589229e+03
4.150713248897898666e+03
4.234694611721220099e+03
4.318154875332187657e+03
4.401596485647673035e+03
4.484973763269041228e+03
4.567764430276627536e+03
4.650133388975140406e+03
4.732505686986673027e+03
4.814232695138951385e+03
4.895760971179937769e+03
4.976711877595200349e+03
5.057487084458055506e+03
5.138121545518066341e+03
5.219728317740835337e+03
5.302503806049528976e+03
5.386011500003204674e+03
5.470095500134200847e+03
5.554829403102867218e+03
5.640156685908914369e+03
5.725859159497700603e+03
5.811938614159535064e+03
3.421111596041761914e+03
3.504552018029658029e+03
3.588267449364038839e+03
3.672290448779647704e+03
3.756406803318190669e+03
3.840615091688418033e+03
3.924766991765897274e+03
4.008981807357994512e+03
4.093035216864812810e+03
4.177028386030909132e+03
4.260583359155754806e+03
4.344144766987813455e+03
4.427725851492554284e+03
4.510769643040639494e+03
4.593451253969562458e+03
4.676117595830469327e+03
4.758236641003203658e+03
4.840136899459721462e+03
4.921493236369653459e+03
5.002789175341915325e+03
5.083428275732546354e+03
5.163895514797755823e+03
5.244556263989465151e+03
5.325923181327430939e+03
5.408163321577727402e+03
5.491300843822910792e+03
5.575204501432006509e+03
5.659610257474401806e+03
5.744510373489729318e+03
5.830176851268929568e+03
3.532903219072897627e+03
3.616287536584298323e+03
3.699924154506445120e+03
3.783744816348306813e+03
3.867628094942518601e+03
3.951618354515869214e+03
4.035548542635446211e+03
4.119470643858005133e+03
4.203075966563912516e+03
4.286702030329051013e+03
4.370365002003150039e+03
4.453591955138072990e+03
4.536519896960060578e+03
4.619431191673069407e+03
4.701854981330498049e+03
4.784089470174222697e+03
4.865866198037150752e+03
4.947548108947256878e+03
5.028641414802123109e+03
5.109579036706478291e+03
5.190325637031353835e+03
5.270570756373518634e+03
5.350737097922477915e+03
5.431744469611259774e+03
5.513792635979430997e+03
5.596617795209468568e+03
5.680127789033436784e+03
5.764486813529385472e+03
5.849085986848616812e+03
3.644009635110619456e+03
3.727343254091910694e+03
3.810862641935495049e+03
3.894542894777735455e+03
3.978267168147948269e+03
4.062039869116312730e+03
4.145627813151708324e+03
4.229248394885197740e+03
4.312914448850593544e+03
4.396254122540273784e+03
4.479363523958842052e+03
4.562453811230125211e+03
4.645131016507055392e+03
4.727643862720773541e+03
4.809821100230697994e+03
4.891793259736375148e+03
4.973296544117897611e+03
5.054664068896526260e+03
5.135822285337592803e+03
5.216535231408051914e+03
5.296845005834551557e+03
5.376824690304938485e+03
5.456814942870129926e+03
5.537512405336528900e+03
5.619189112582416783e+03
5.701956177135642065e+03
5.785170137539666030e+03
5.869288238747245487e+03
3.754491625794473293e+03
3.837775557818426023e+03
3.921210347823410302e+03
4.004755983986979572e+03
4.088246894193799562e+03
4.171792021651473988e+03
4.255396034542343841e+03
4.338783549508538272e+03
4.422010056263377919e+03
4.505213184860537694e+03
4.588094852918597098e+03
4.670830780227308423e+03
4.753320516830354791e+03
4.835564737496852104e+03
4.917432729720513635e+03
4.999165894826925069e+03
5.080693027321540285e+03
5.161839686392389922e+03
5.242596111051729167e+03
5.323065832306370794e+03
5.403244277511144901e+03
5.482956990245354973e+03
5.562628159927506204e+03
5.643243068560766915e+03
5.724622583164818025e+03
5.807171879457777322e+03
5.890402472981604660e+03
3.864402662931589475e+03
3.947642984703922593e+03
4.030958770643695061e+03
4.114356419231699874e+03
4.197836377126416664e+03
4.281207008476010742e+03
4.364484716678784025e+03
4.447743360303396912e+03
4.530773305677370445e+03
4.613677197728822648e+03
4.696405991627270851e+03
4.778889457535189649e+03
4.861072501508556343e+03
4.943122334736946868e+03
5.024974325253843745e+03
5.106507631913007572e+03
5.187676859573286492e+03
5.268579752950867260e+03
5.349207402045310118e+03
5.429414006652306853e+03
5.509317566662546596e+03
5.589001247453370524e+03
5.668396456968624989e+03
5.748807700541185113e+03
5.830178249831090397e+03
5.912428294440278478e+03
3.973790070599215596e+03
4.056968175018123475e+03
4.140260336565826037e+03
4.223551967682080431e+03
4.306815074516848654e+03
4.390076012193716451e+03
4.473195474978931088e+03
4.556214048533066489e+03
4.639115897332416353e+03
4.721800577644020450e+03
4.804245780513119826e+03
4.886564505244358770e+03
4.968701660816283947e+03
5.050573755362584052e+03
5.132110383285355056e+03
5.213406063813652509e+03
5.294442017495357504e+03
5.375108330403805667e+03
5.455486652411786054e+03
5.535639148278178254e+03
5.615288781436548561e+03
5.694840532104804879e+03
5.774232496875718425e+03
5.854345216510098908e+03
5.935342648796992762e+03
4.082695954838060061e+03
4.165844729728662060e+03
4.249030121865477668e+03
4.332240473343463236e+03
4.415389744134499779e+03
4.498471957861085684e+03
4.581485955403266416e+03
4.664327291055835303e+03
4.746982663769121245e+03
4.829524159195598259e+03
4.911905810722420028e+03
4.994069305912198615e+03
5.075933231981642166e+03
5.157580496293627220e+03
5.238990979216417145e+03
5.320067806631263011e+03
5.400883325090740982e+03
5.481471221491457982e+03
5.561610446047621735e+03
5.641629808121874703e+03
5.721286756429804882e+03
5.800604947818757864e+03
5.879695881302021007e+03
5.959547687172590486e+03
4.191158051873508157e+03
4.274264978711031290e+03
4.357385010042569775e+03
4.440479661603325440e+03
4.523549535382731847e+03
4.606500815950288597e+03
4.689315833688496241e+03
4.772035013196049476e+03
4.854619798560275740e+03
4.937028605445337234e+03
5.019179360718697353e+03
5.101136482983350106e+03
5.182883651161766466e+03
5.264331562814379140e+03
5.345540501662406314e+03
5.426531942104134032e+03
5.507125974124189270e+03
5.587577040518014655e+03
5.667706308472050296e+03
5.747518177929630838e+03
5.826577721499625113e+03
5.905993037334535074e+03
5.985194727170694023e+03
4.299210003307041916e+03
4.382265936744501232e+03
4.465338019541139147e+03
4.548350523688863177e+03
4.631276576605932860e+03
4.714129397543389132e+03
4.796875741180647310e+03
4.879484836817564428e+03
4.961881042992063158e+03
5.044109872717447615e+03
5.126152138049807036e+03
5.207931133711393159e+03
5.289496124726856578e+03
5.370855556189057097e+03
5.451867264276545029e+03
5.532722277210868015e+03
5.613288108635043500e+03
5.693558315439810031e+03
5.773155488971191517e+03
5.852983513843500987e+03
5.932512231426577273e+03
6.011565958626069914e+03
4.406881934152721442e+03
4.489906543779979984e+03
4.572894918531766962e+03
4.655836165735221584e+03
4.738702893817644508e+03
4.821469687523079301e+03
4.904070836086323652e+03
4.986530996850746305e+03
5.068830231615278535e+03
5.150903438031296901e+03
5.232787351149621827e+03
5.314480271672015988e+03
5.395871600447818309e+03
5.477099730424816698e+03
5.558070674657340533e+03
5.638764257155609812e+03
5.718871169323582762e+03
5.799079278501438239e+03
5.879107798669209842e+03
5.958654810319609169e+03
6.037930744948571373e+03
4.514200818405470272e+03
4.597185447262388152e+03
4.680131392934878932e+03
4.763014263519223277e+03
4.845779902086906077e+03
4.928432101731805233e+03
5.010951118451134789e+03
5.093281945105347404e+03
5.175445951940241684e+03
5.257440073381111688e+03
5.339172964538138331e+03
5.420745701324663969e+03
5.502088906467487504e+03
5.583172434942489417e+03
5.663750754619422878e+03
5.744320513284214030e+03
5.824815076843659881e+03
5.904829476400082058e+03
5.984576405378396885e+03
6.063998302728721683e+03
4.621191113935341491e+03
4.704148066096019647e+03
4.787038336126281138e+03
4.869844051313474665e+03
4.952545585635828502e+03
5.035097690223185054e+03
5.117507241665396577e+03
5.199767780151669285e+03
5.281806674655457755e+03
5.363691387128743372e+03
5.445374076944446642e+03
5.526818426845638896e+03
5.607830272345996491e+03
5.688788528400968062e+03
5.769671478528116495e+03
5.850121672155245506e+03
5.930316962309588234e+03
6.010215791345288380e+03
6.089756623417802984e+03
4.727875419276295361e+03
4.810796365272752155e+03
4.893643628136016559e+03
4.976381124796795120e+03
5.059001125426660110e+03
5.141494508647912880e+03
5.223804957079177257e+03
5.305970370622224436e+03
5.387959804307695777e+03
5.469734686896461426e+03
5.551144120717544865e+03
5.632467480136231643e+03
5.713709766270359069e+03
5.794569374172044263e+03
5.875189892826443611e+03
5.955535263870527160e+03
6.035545985113898496e+03
6.115398732076546366e+03
4.834274276540098072e+03
4.917161549823527821e+03
4.999957607083606490e+03
5.082650405688301362e+03
5.165198036086115280e+03
5.247614221084052588e+03
5.329878398705859581e+03
5.411954483545318908e+03
5.493725816423770084e+03
5.575388809566749842e+03
5.656964264972051751e+03
5.738206641410303746e+03
5.819225168823903005e+03
5.899988146602102461e+03
5.980442554419565568e+03
6.060735013349112705e+03
6.140689920517333121e+03
4.940405798481348029e+03
5.023263868051211830e+03
5.106015592152957652e+03
5.188652604477634668e+03
5.271160838590478306e+03
5.353508560891026718e+03
5.435607648471555876e+03
5.517584833115100082e+03
5.599468219602814315e+03
5.681064994211134035e+03
5.762456110834184074e+03
5.843608898006273193e+03
5.924480439973292050e+03
6.005188951712876587e+03
6.085566012864162985e+03
6.165701933971745348e+03
5.046286496533237369e+03
5.129114330455949130e+03
5.211836052314778499e+03
5.294426224100476247e+03
5.376820479568148585e+03
5.459086332131030758e+03
5.541252310369030056e+03
5.623176679116135347e+03
5.704912942729964016e+03
5.786430145850674307e+03
5.867693077797878686e+03
5.948793714066336179e+03
6.029573731756177040e+03
6.110160650420415550e+03
6.190419031745936991e+03
5.151932305353479023e+03
5.234735947050804498e+03
5.317394254728848864e+03
5.399922713615518660e+03
5.482345919552715714e+03
5.564571423063533985e+03
5.646626616723548977e+03
5.728483110671550094e+03
5.810112244609606932e+03
5.891581004283288166e+03
5.972744156704784473e+03
6.053752813190350935e+03
6.134403467893744164e+03
6.215161941536913218e+03
5.257357609201564628e+03
5.340121935519066028e+03
5.422777593022958172e+03
5.505278264004567973e+03
5.587626578402172527e+03
5.669797977124504541e+03
5.751767347071880067e+03
5.833580192908466415e+03
5.915108071402964924e+03
5.996510002731569330e+03
6.077576059701576014e+03
6.158700267398766300e+03
6.239395166067512946e+03
5.362574793357336603e+03
5.445324878731603349e+03
5.527940721299106372e+03
5.610402424323596279e+03
5.692687556558829783e+03
5.774820653173739629e+03
5.856694985182093660e+03
5.938462611667766396e+03
6.019921317050759171e+03
6.101391516221945494e+03
6.182489127906241265e+03
6.263328042032493613e+03
5.467596033339961650e+03
5.550323859942838681e+03
5.632900510963183478e+03
5.715330671517620431e+03
5.797533196720591150e+03
5.879639129515380773e+03
5.961468357783967804e+03
6.043265142309996008e+03
6.124744425430814772e+03
6.205986893498809877e+03
6.287076769142602643e+03
5.572432963409190052e+03
5.655137269349219423e+03
5.737653518123598587e+03
5.820067201414771262e+03
5.902244702979801332e+03
5.984349376059377391e+03
6.066189616033017955e+03
6.147813633723685598e+03
6.229280128114447507e+03
6.310515242527530063e+03
5.677095039283407459e+03
5.759773199820143418e+03
5.842277469216654936e+03
5.924671318660437464e+03
6.006852057910577059e+03
6.088836182467939580e+03
6.170660179779376449e+03
6.252271913954211414e+03
6.333662794325347932e+03
5.781592086242814730e+03
5.864256925230542038e+03
5.946758102241529741e+03
6.029081320225690433e+03
6.111243969411792932e+03
6.193213263322695639e+03
6.274978558161253204e+03
6.356545189456961452e+03
5.885933203480144584e+03
5.968574745913227162e+03
6.051057573103324103e+03
6.133365469435132582e+03
6.215486151465578587e+03
6.297418238079143521e+03
6.379135272113931933e+03
5.990125784320955063e+03
6.072753737590835954e+03
6.155211114106412424e+03
6.237491022145079114e+03
6.319571718614532074e+03
6.401487543492293298e+03
6.094178273210040970e+03
6.176788384300747566e+03
6.259217859821745151e+03
6.341481886288710484e+03
6.423545735747770777e+03
6.198097147977377972e+03
6.280691041796678292e+03
6.363106979128016064e+03
6.445293533686461160e+03
6.301889222400755898e+03
6.384451824040531392e+03
6.466865931626814927e+03
6.405560796527094681e+03
6.488124257978248352e+03
6.509117249487427216e+03
