nan
nan
nan
nan
nan
nan
nan
nan
nan
nan
nan
nan
nan
nan
nan
nan
nan
nan
nan
nan
nan
nan
nan
nan
4.072191400000000000e+07
4.097410400000000000e+07
4.103389600000000000e+07
4.133264200000000000e+07
4.183641300000000000e+07
4.233167500000000000e+07
4.268677900000000000e+07
4.302968900000000000e+07
4.292236600000000000e+07
4.249693600000000000e+07
4.206313100000000000e+07
4.168442400000000000e+07
4.135937200000000000e+07
4.105856000000000000e+07
4.076596000000000000e+07
4.052516800000000000e+07
4.031027300000000000e+07
4.012205600000000000e+07
3.995429100000000000e+07
3.983917400000000000e+07
3.975454200000000000e+07
3.968620800000000000e+07
3.963207200000000000e+07
3.959230400000000000e+07
3.954850100000000000e+07
3.951608400000000000e+07
3.947611600000000000e+07
3.943293900000000000e+07
3.938610700000000000e+07
3.934020200000000000e+07
3.928907900000000000e+07
3.924721500000000000e+07
3.918128900000000000e+07
3.912250900000000000e+07
3.906466600000000000e+07
3.900897200000000000e+07
3.893719200000000000e+07
3.888461000000000000e+07
3.882481900000000000e+07
3.875312800000000000e+07
3.869414900000000000e+07
3.862956100000000000e+07
3.856111800000000000e+07
3.849055400000000000e+07
3.842975600000000000e+07
3.837201100000000000e+07
3.831544400000000000e+07
nan
nan
nan
nan
nan
nan
nan
nan
nan
nan
nan
nan
nan
nan
nan
nan
nan
nan
nan
nan
nan
nan
nan
4.098437800000000000e+07
4.123887500000000000e+07
4.138718200000000000e+07
4.177300500000000000e+07
4.224466600000000000e+07
4.265117300000000000e+07
4.294007100000000000e+07
4.316781200000000000e+07
4.297430800000000000e+07
4.252427900000000000e+07
4.209525700000000000e+07
4.173069800000000000e+07
4.140974700000000000e+07
4.109464000000000000e+07
4.082223800000000000e+07
4.057533700000000000e+07
4.035289700000000000e+07
4.017103700000000000e+07
4.001827100000000000e+07
3.991970200000000000e+07
3.982878500000000000e+07
3.976746900000000000e+07
3.971168000000000000e+07
3.965883400000000000e+07
3.961384900000000000e+07
3.957779200000000000e+07
3.953914400000000000e+07
3.949119200000000000e+07
3.944732500000000000e+07
3.939901300000000000e+07
3.934888500000000000e+07
3.928305900000000000e+07
3.923192400000000000e+07
3.916051300000000000e+07
3.909923300000000000e+07
3.904023300000000000e+07
3.897186900000000000e+07
3.890766400000000000e+07
3.884117500000000000e+07
3.877370000000000000e+07
3.870941500000000000e+07
3.865160200000000000e+07
3.858389000000000000e+07
3.851634700000000000e+07
3.845446300000000000e+07
3.840071600000000000e+07
3.832551200000000000e+07
nan
nan
nan
nan
nan
nan
nan
nan
nan
nan
nan
nan
nan
nan
nan
nan
nan
nan
nan
nan
nan
nan
4.123465300000000000e+07
4.152284500000000000e+07
4.175635100000000000e+07
4.216102800000000000e+07
4.258110900000000000e+07
4.292228700000000000e+07
4.315614600000000000e+07
4.327421800000000000e+07
4.300123500000000000e+07
4.253901700000000000e+07
4.211463200000000000e+07
4.175574200000000000e+07
4.142636100000000000e+07
4.112304800000000000e+07
4.085344000000000000e+07
4.059740600000000000e+07
4.039690600000000000e+07
4.022005300000000000e+07
4.007945900000000000e+07
3.998049800000000000e+07
3.990278700000000000e+07
3.983731900000000000e+07
3.977230900000000000e+07
3.972370500000000000e+07
3.967933400000000000e+07
3.964162700000000000e+07
3.959461300000000000e+07
3.954506000000000000e+07
3.949330700000000000e+07
3.943720700000000000e+07
3.938495100000000000e+07
3.932335500000000000e+07
3.926334900000000000e+07
3.919660000000000000e+07
3.913961800000000000e+07
3.906551300000000000e+07
3.900356100000000000e+07
3.893820200000000000e+07
3.887283900000000000e+07
3.880297300000000000e+07
3.873485100000000000e+07
3.867296700000000000e+07
3.861416800000000000e+07
3.855167500000000000e+07
3.848208100000000000e+07
3.840557900000000000e+07
3.836532400000000000e+07
nan
nan
nan
nan
nan
nan
nan
nan
nan
nan
nan
nan
nan
nan
nan
nan
nan
nan
nan
nan
nan
4.150163100000000000e+07
4.182665900000000000e+07
4.211398800000000000e+07
4.250888300000000000e+07
4.287711300000000000e+07
4.316166200000000000e+07
4.333258400000000000e+07
4.334868100000000000e+07
4.300919900000000000e+07
4.254055400000000000e+07
4.213229300000000000e+07
4.178266400000000000e+07
4.145264300000000000e+07
4.113944500000000000e+07
4.089220500000000000e+07
4.064877100000000000e+07
4.043517100000000000e+07
4.026744200000000000e+07
4.014068900000000000e+07
4.003428300000000000e+07
3.995939500000000000e+07
3.989555000000000000e+07
3.984126700000000000e+07
3.978750500000000000e+07
3.974181100000000000e+07
3.969141700000000000e+07
3.964556800000000000e+07
3.959226600000000000e+07
3.953868800000000000e+07
3.948320900000000000e+07
3.941919700000000000e+07
3.935535300000000000e+07
3.929409800000000000e+07
3.922794600000000000e+07
3.916585500000000000e+07
3.909490700000000000e+07
3.902721200000000000e+07
3.896059300000000000e+07
3.890197200000000000e+07
3.882815800000000000e+07
3.875299200000000000e+07
3.868266900000000000e+07
3.863809000000000000e+07
3.857165200000000000e+07
3.850424400000000000e+07
3.844114600000000000e+07
3.836085700000000000e+07
nan
nan
nan
nan
nan
nan
nan
nan
nan
nan
nan
nan
nan
nan
nan
nan
nan
nan
nan
nan
4.177882500000000000e+07
4.213808700000000000e+07
4.244889400000000000e+07
4.281679400000000000e+07
4.313917000000000000e+07
4.336041500000000000e+07
4.347966900000000000e+07
4.340583600000000000e+07
4.301918800000000000e+07
4.254923200000000000e+07
4.214673200000000000e+07
4.180269000000000000e+07
4.147295900000000000e+07
4.117422000000000000e+07
4.090615000000000000e+07
4.067889400000000000e+07
4.048052300000000000e+07
4.032865300000000000e+07
4.019472000000000000e+07
4.009411000000000000e+07
4.001363800000000000e+07
3.994939200000000000e+07
3.989027400000000000e+07
3.984414800000000000e+07
3.979630300000000000e+07
3.974937100000000000e+07
3.969318300000000000e+07
3.963406700000000000e+07
3.957844400000000000e+07
3.952045600000000000e+07
3.945770500000000000e+07
3.939534800000000000e+07
3.932268800000000000e+07
3.925874500000000000e+07
3.919177900000000000e+07
3.912533600000000000e+07
3.905684100000000000e+07
3.898387600000000000e+07
3.891535700000000000e+07
3.885675300000000000e+07
3.877695600000000000e+07
3.870637500000000000e+07
3.865284800000000000e+07
3.857898500000000000e+07
3.851739400000000000e+07
3.845110000000000000e+07
3.839548100000000000e+07
nan
nan
nan
nan
nan
nan
nan
nan
nan
nan
nan
nan
nan
nan
nan
nan
nan
nan
nan
4.205589200000000000e+07
4.245588400000000000e+07
4.276746600000000000e+07
4.309179100000000000e+07
4.337160800000000000e+07
4.353293400000000000e+07
4.359783700000000000e+07
4.344721400000000000e+07
4.301205700000000000e+07
4.255519800000000000e+07
4.216238500000000000e+07
4.182125900000000000e+07
4.148658100000000000e+07
4.119643700000000000e+07
4.093629000000000000e+07
4.070462800000000000e+07
4.051338300000000000e+07
4.035802900000000000e+07
4.024524100000000000e+07
4.014405100000000000e+07
4.006373100000000000e+07
3.999971100000000000e+07
3.994794700000000000e+07
3.989736200000000000e+07
3.984416300000000000e+07
3.979005900000000000e+07
3.973467400000000000e+07
3.967552200000000000e+07
3.961825000000000000e+07
3.955344000000000000e+07
3.948497700000000000e+07
3.942247300000000000e+07
3.934678400000000000e+07
3.929127900000000000e+07
3.921348000000000000e+07
3.914277000000000000e+07
3.907232300000000000e+07
3.901000800000000000e+07
3.893542300000000000e+07
3.886056100000000000e+07
3.879457500000000000e+07
3.872369000000000000e+07
3.866438500000000000e+07
3.859631900000000000e+07
3.852505400000000000e+07
3.846021900000000000e+07
3.839896400000000000e+07
nan
nan
nan
nan
nan
nan
nan
nan
nan
nan
nan
nan
nan
nan
nan
nan
nan
nan
4.234265400000000000e+07
4.275761600000000000e+07
4.305628700000000000e+07
4.333939400000000000e+07
4.355524300000000000e+07
4.367695300000000000e+07
4.370319500000000000e+07
4.347460700000000000e+07
4.300889900000000000e+07
4.256780700000000000e+07
4.217612300000000000e+07
4.183226800000000000e+07
4.150131600000000000e+07
4.122423100000000000e+07
4.096276400000000000e+07
4.074885700000000000e+07
4.055472100000000000e+07
4.040739300000000000e+07
4.029239300000000000e+07
4.020861700000000000e+07
4.011886700000000000e+07
4.006032900000000000e+07
3.999834100000000000e+07
3.994675200000000000e+07
3.989044900000000000e+07
3.983640300000000000e+07
3.977111200000000000e+07
3.971398800000000000e+07
3.965344300000000000e+07
3.958356200000000000e+07
3.951952000000000000e+07
3.944708200000000000e+07
3.937426600000000000e+07
3.931173900000000000e+07
3.923304000000000000e+07
3.916842600000000000e+07
3.910467800000000000e+07
3.902186200000000000e+07
3.895710000000000000e+07
3.887953800000000000e+07
3.881871000000000000e+07
3.874104600000000000e+07
3.868016700000000000e+07
3.861041600000000000e+07
3.854917600000000000e+07
3.848941000000000000e+07
3.841541500000000000e+07
nan
nan
nan
nan
nan
nan
nan
nan
nan
nan
nan
nan
nan
nan
nan
nan
nan
4.262112300000000000e+07
4.305562200000000000e+07
4.331842700000000000e+07
4.356370100000000000e+07
4.372943600000000000e+07
4.380498200000000000e+07
4.378938000000000000e+07
4.348841300000000000e+07
4.301396200000000000e+07
4.255860100000000000e+07
4.220238100000000000e+07
4.184407600000000000e+07
4.152090500000000000e+07
4.124621900000000000e+07
4.098223200000000000e+07
4.077362900000000000e+07
4.060462800000000000e+07
4.045695200000000000e+07
4.033719900000000000e+07
4.024508200000000000e+07
4.016898800000000000e+07
4.010916100000000000e+07
4.004105200000000000e+07
3.999417300000000000e+07
3.993730200000000000e+07
3.987537000000000000e+07
3.980536100000000000e+07
3.974849000000000000e+07
3.968921900000000000e+07
3.961593900000000000e+07
3.954451800000000000e+07
3.947006800000000000e+07
3.939942300000000000e+07
3.933146200000000000e+07
3.926370000000000000e+07
3.918561200000000000e+07
3.910994400000000000e+07
3.904593900000000000e+07
3.896343700000000000e+07
3.889144800000000000e+07
3.883722100000000000e+07
3.874931600000000000e+07
3.869219100000000000e+07
3.861882500000000000e+07
3.855964600000000000e+07
3.848612700000000000e+07
3.842469400000000000e+07
nan
nan
nan
nan
nan
nan
nan
nan
nan
nan
nan
nan
nan
nan
nan
nan
4.289241200000000000e+07
4.332994600000000000e+07
4.356688700000000000e+07
4.376110300000000000e+07
4.388612300000000000e+07
4.391411000000000000e+07
4.384623600000000000e+07
4.349406400000000000e+07
4.300811500000000000e+07
4.256488900000000000e+07
4.220930000000000000e+07
4.185824500000000000e+07
4.154486400000000000e+07
4.125850700000000000e+07
4.102036400000000000e+07
4.079476200000000000e+07
4.062814700000000000e+07
4.050443700000000000e+07
4.039243200000000000e+07
4.030070100000000000e+07
4.022016200000000000e+07
4.014932800000000000e+07
4.009376500000000000e+07
4.003759000000000000e+07
3.997560100000000000e+07
3.990900500000000000e+07
3.984434000000000000e+07
3.978105500000000000e+07
3.971437300000000000e+07
3.964061900000000000e+07
3.957015200000000000e+07
3.949563400000000000e+07
3.941962700000000000e+07
3.934753900000000000e+07
3.927876900000000000e+07
3.920029900000000000e+07
3.913969000000000000e+07
3.905233100000000000e+07
3.897709900000000000e+07
3.891300500000000000e+07
3.884519400000000000e+07
3.876314700000000000e+07
3.869942700000000000e+07
3.864440700000000000e+07
3.856477000000000000e+07
3.850273900000000000e+07
3.843384900000000000e+07
nan
nan
nan
nan
nan
nan
nan
nan
nan
nan
nan
nan
nan
nan
nan
4.315570900000000000e+07
4.358418000000000000e+07
4.378852000000000000e+07
4.394395100000000000e+07
4.401555200000000000e+07
4.400265400000000000e+07
4.390139600000000000e+07
4.348956500000000000e+07
4.300851900000000000e+07
4.257401500000000000e+07
4.221144600000000000e+07
4.186935600000000000e+07
4.155203100000000000e+07
4.128542200000000000e+07
4.103835600000000000e+07
4.083447800000000000e+07
4.067359700000000000e+07
4.053902800000000000e+07
4.043962700000000000e+07
4.035040200000000000e+07
4.026771100000000000e+07
4.020364100000000000e+07
4.013928900000000000e+07
4.007799600000000000e+07
4.001142100000000000e+07
3.994817700000000000e+07
3.987972900000000000e+07
3.981765600000000000e+07
3.974324500000000000e+07
3.966607300000000000e+07
3.959123900000000000e+07
3.951912600000000000e+07
3.944176000000000000e+07
3.936934000000000000e+07
3.929344100000000000e+07
3.922505400000000000e+07
3.914191200000000000e+07
3.907026200000000000e+07
3.900028200000000000e+07
3.893077800000000000e+07
3.886022500000000000e+07
3.878111200000000000e+07
3.871084300000000000e+07
3.864592800000000000e+07
3.858031200000000000e+07
3.851278100000000000e+07
3.845566800000000000e+07
nan
nan
nan
nan
nan
nan
nan
nan
nan
nan
nan
nan
nan
nan
nan
4.414345100000000000e+07
4.425232000000000000e+07
4.429895500000000000e+07
4.426624600000000000e+07
4.416185500000000000e+07
4.397234700000000000e+07
4.348299900000000000e+07
4.300482200000000000e+07
4.260198200000000000e+07
4.224020300000000000e+07
4.190337300000000000e+07
4.160483500000000000e+07
4.133839500000000000e+07
4.110427700000000000e+07
4.092262700000000000e+07
4.077701700000000000e+07
4.064961700000000000e+07
4.054682100000000000e+07
4.045522000000000000e+07
4.037132700000000000e+07
4.030241000000000000e+07
4.023309600000000000e+07
4.016766000000000000e+07
4.009946800000000000e+07
4.002871300000000000e+07
3.995595200000000000e+07
3.988210100000000000e+07
3.979753700000000000e+07
3.972248100000000000e+07
3.964250600000000000e+07
3.957308300000000000e+07
3.948463100000000000e+07
3.941223400000000000e+07
3.933410500000000000e+07
3.926295600000000000e+07
3.918479300000000000e+07
3.910828300000000000e+07
3.903475800000000000e+07
3.896210200000000000e+07
3.888612200000000000e+07
3.880847300000000000e+07
3.873994900000000000e+07
3.867152900000000000e+07
3.861063300000000000e+07
3.853133400000000000e+07
3.846188600000000000e+07
nan
nan
nan
nan
nan
nan
nan
nan
nan
nan
nan
nan
nan
nan
4.459926300000000000e+07
4.460451800000000000e+07
4.455238300000000000e+07
4.443166000000000000e+07
4.424350100000000000e+07
4.400064900000000000e+07
4.347672600000000000e+07
4.300477000000000000e+07
4.262697200000000000e+07
4.226313200000000000e+07
4.193904100000000000e+07
4.164630900000000000e+07
4.139354900000000000e+07
4.118226700000000000e+07
4.100945300000000000e+07
4.087631100000000000e+07
4.075102200000000000e+07
4.064403000000000000e+07
4.055195200000000000e+07
4.047658600000000000e+07
4.039890300000000000e+07
4.033142200000000000e+07
4.025401400000000000e+07
4.017858100000000000e+07
4.009901100000000000e+07
4.001864600000000000e+07
3.993613800000000000e+07
3.985509800000000000e+07
3.977368000000000000e+07
3.969548400000000000e+07
3.960561400000000000e+07
3.952909400000000000e+07
3.944899200000000000e+07
3.937139600000000000e+07
3.929451100000000000e+07
3.920770400000000000e+07
3.913090100000000000e+07
3.906492500000000000e+07
3.897828100000000000e+07
3.889899500000000000e+07
3.884278000000000000e+07
3.876021700000000000e+07
3.869367000000000000e+07
3.862152800000000000e+07
3.855871300000000000e+07
3.848879400000000000e+07
nan
nan
nan
nan
nan
nan
nan
nan
nan
nan
nan
nan
nan
4.495287100000000000e+07
4.486470000000000000e+07
4.472332600000000000e+07
4.452983700000000000e+07
4.427071600000000000e+07
4.398525500000000000e+07
4.345869400000000000e+07
4.302928800000000000e+07
4.265203600000000000e+07
4.228673800000000000e+07
4.197211700000000000e+07
4.169087900000000000e+07
4.145410900000000000e+07
4.125127800000000000e+07
4.109063900000000000e+07
4.095865700000000000e+07
4.084109200000000000e+07
4.073920900000000000e+07
4.065221800000000000e+07
4.056341300000000000e+07
4.048276700000000000e+07
4.040744100000000000e+07
4.032291900000000000e+07
4.023475100000000000e+07
4.015920300000000000e+07
4.007525600000000000e+07
3.998652000000000000e+07
3.990202200000000000e+07
3.982351200000000000e+07
3.972668700000000000e+07
3.964368500000000000e+07
3.956454400000000000e+07
3.947796400000000000e+07
3.940275200000000000e+07
3.931434600000000000e+07
3.922944100000000000e+07
3.915272900000000000e+07
3.908071700000000000e+07
3.899462600000000000e+07
3.892552100000000000e+07
3.884717900000000000e+07
3.877749700000000000e+07
3.870768800000000000e+07
3.862738300000000000e+07
3.856778500000000000e+07
3.850693600000000000e+07
nan
nan
nan
nan
nan
nan
nan
nan
nan
nan
nan
nan
4.522361300000000000e+07
4.504897600000000000e+07
4.483542700000000000e+07
4.457345800000000000e+07
4.427551400000000000e+07
4.398210800000000000e+07
4.347158800000000000e+07
4.305499600000000000e+07
4.266840600000000000e+07
4.232248500000000000e+07
4.200800500000000000e+07
4.174996400000000000e+07
4.151963100000000000e+07
4.132969200000000000e+07
4.117500300000000000e+07
4.103955200000000000e+07
4.093621200000000000e+07
4.082933700000000000e+07
4.073387000000000000e+07
4.064961900000000000e+07
4.056142500000000000e+07
4.047537600000000000e+07
4.038236400000000000e+07
4.029839700000000000e+07
4.020624900000000000e+07
4.012007900000000000e+07
4.002780100000000000e+07
3.993613800000000000e+07
3.984581300000000000e+07
3.976057200000000000e+07
3.967189700000000000e+07
3.958689700000000000e+07
3.949779500000000000e+07
3.941917900000000000e+07
3.933069700000000000e+07
3.925202100000000000e+07
3.917686900000000000e+07
3.909802200000000000e+07
3.902103100000000000e+07
3.893255800000000000e+07
3.886447600000000000e+07
3.879163700000000000e+07
3.871985100000000000e+07
3.864659100000000000e+07
3.858297300000000000e+07
3.850531900000000000e+07
nan
nan
nan
nan
nan
nan
nan
nan
nan
nan
nan
4.542479500000000000e+07
4.517670900000000000e+07
4.490058000000000000e+07
4.457944100000000000e+07
4.425849500000000000e+07
4.397383400000000000e+07
4.348873600000000000e+07
4.307987000000000000e+07
4.269990600000000000e+07
4.236452800000000000e+07
4.206071900000000000e+07
4.180598100000000000e+07
4.158549500000000000e+07
4.141007800000000000e+07
4.126620800000000000e+07
4.112839300000000000e+07
4.101204400000000000e+07
4.090577800000000000e+07
4.080625300000000000e+07
4.071388000000000000e+07
4.062004000000000000e+07
4.052885500000000000e+07
4.043496900000000000e+07
4.034113400000000000e+07
4.024848400000000000e+07
4.015646200000000000e+07
4.005628800000000000e+07
3.996634100000000000e+07
3.987434300000000000e+07
3.978916000000000000e+07
3.969179000000000000e+07
3.960588500000000000e+07
3.951881800000000000e+07
3.944222000000000000e+07
3.935549700000000000e+07
3.927372900000000000e+07
3.919470200000000000e+07
3.911722300000000000e+07
3.903496600000000000e+07
3.895110400000000000e+07
3.887522900000000000e+07
3.880274400000000000e+07
3.873689800000000000e+07
3.865074600000000000e+07
3.857598300000000000e+07
3.850679300000000000e+07
nan
nan
nan
nan
nan
nan
nan
nan
nan
nan
4.557031900000000000e+07
4.526100300000000000e+07
4.492592700000000000e+07
4.457892800000000000e+07
4.426160700000000000e+07
4.398436500000000000e+07
4.351260100000000000e+07
4.311001400000000000e+07
4.272626400000000000e+07
4.239868300000000000e+07
4.210819900000000000e+07
4.186241400000000000e+07
4.165678500000000000e+07
4.148230300000000000e+07
4.134384900000000000e+07
4.120560700000000000e+07
4.108210200000000000e+07
4.097055200000000000e+07
4.087805700000000000e+07
4.077631200000000000e+07
4.068365400000000000e+07
4.058204800000000000e+07
4.048328100000000000e+07
4.038098800000000000e+07
4.028568800000000000e+07
4.018568900000000000e+07
4.009048500000000000e+07
3.999323100000000000e+07
3.990796000000000000e+07
3.980389700000000000e+07
3.971266400000000000e+07
3.962667000000000000e+07
3.954571100000000000e+07
3.946204900000000000e+07
3.936638500000000000e+07
3.928365500000000000e+07
3.921082400000000000e+07
3.911754600000000000e+07
3.903351800000000000e+07
3.897051600000000000e+07
3.888106700000000000e+07
3.881182100000000000e+07
3.873479800000000000e+07
3.866526000000000000e+07
3.859134300000000000e+07
3.850428500000000000e+07
nan
nan
nan
nan
nan
nan
nan
nan
nan
4.575028900000000000e+07
4.533432700000000000e+07
4.492887600000000000e+07
4.457901600000000000e+07
4.428463400000000000e+07
4.402608500000000000e+07
4.357261900000000000e+07
4.315560200000000000e+07
4.279077400000000000e+07
4.247234700000000000e+07
4.221146300000000000e+07
4.198028400000000000e+07
4.178030300000000000e+07
4.161590200000000000e+07
4.146315000000000000e+07
4.134138700000000000e+07
4.121199500000000000e+07
4.109847900000000000e+07
4.098805100000000000e+07
4.087358500000000000e+07
4.076317900000000000e+07
4.064896600000000000e+07
4.054764500000000000e+07
4.044015900000000000e+07
4.033854900000000000e+07
4.023570000000000000e+07
4.012671300000000000e+07
4.002799500000000000e+07
3.993235300000000000e+07
3.983623400000000000e+07
3.974537400000000000e+07
3.964886100000000000e+07
3.956287300000000000e+07
3.946871000000000000e+07
3.938353100000000000e+07
3.930466900000000000e+07
3.922086500000000000e+07
3.913629000000000000e+07
3.904416100000000000e+07
3.896946400000000000e+07
3.889524800000000000e+07
3.881533800000000000e+07
3.873571900000000000e+07
3.866763000000000000e+07
3.858455700000000000e+07
3.850658100000000000e+07
nan
nan
nan
nan
nan
nan
nan
nan
4.582986000000000000e+07
4.534956800000000000e+07
4.494763300000000000e+07
4.462320200000000000e+07
4.434655000000000000e+07
4.409145800000000000e+07
4.363396800000000000e+07
4.321597000000000000e+07
4.287253700000000000e+07
4.257093700000000000e+07
4.231350400000000000e+07
4.209128200000000000e+07
4.190060300000000000e+07
4.174073600000000000e+07
4.158253700000000000e+07
4.143659600000000000e+07
4.130011400000000000e+07
4.118349500000000000e+07
4.105615700000000000e+07
4.093903900000000000e+07
4.081814600000000000e+07
4.070285000000000000e+07
4.058487900000000000e+07
4.047888900000000000e+07
4.036361200000000000e+07
4.025924700000000000e+07
4.015225100000000000e+07
4.006016800000000000e+07
3.994979100000000000e+07
3.984706800000000000e+07
3.975798400000000000e+07
3.967282500000000000e+07
3.958459100000000000e+07
3.948094000000000000e+07
3.939261800000000000e+07
3.931342900000000000e+07
3.921597400000000000e+07
3.912677600000000000e+07
3.905906200000000000e+07
3.896466200000000000e+07
3.889092900000000000e+07
3.880966700000000000e+07
3.873484900000000000e+07
3.865732400000000000e+07
3.856867700000000000e+07
3.849965900000000000e+07
nan
nan
nan
nan
nan
nan
nan
4.587735800000000000e+07
4.538420200000000000e+07
4.501099600000000000e+07
4.470108100000000000e+07
4.441329800000000000e+07
4.415220400000000000e+07
4.368076700000000000e+07
4.327763800000000000e+07
4.293688100000000000e+07
4.265283300000000000e+07
4.240104600000000000e+07
4.217943600000000000e+07
4.199060000000000000e+07
4.181073000000000000e+07
4.166454800000000000e+07
4.150882400000000000e+07
4.137071600000000000e+07
4.123484100000000000e+07
4.109949200000000000e+07
4.097293500000000000e+07
4.084244100000000000e+07
4.072617000000000000e+07
4.060482800000000000e+07
4.049072700000000000e+07
4.038362100000000000e+07
4.026416600000000000e+07
4.015945500000000000e+07
4.005737800000000000e+07
3.995333500000000000e+07
3.985912600000000000e+07
3.975714300000000000e+07
3.966352000000000000e+07
3.956666200000000000e+07
3.947503100000000000e+07
3.939334300000000000e+07
3.930161300000000000e+07
3.921198400000000000e+07
3.911842100000000000e+07
3.903800800000000000e+07
3.895728200000000000e+07
3.887606800000000000e+07
3.879052200000000000e+07
3.872021500000000000e+07
3.863281700000000000e+07
3.855225100000000000e+07
3.847377100000000000e+07
nan
nan
nan
nan
nan
nan
4.592550400000000000e+07
4.546558100000000000e+07
4.509937400000000000e+07
4.476672600000000000e+07
4.447193500000000000e+07
4.420973900000000000e+07
4.372745100000000000e+07
4.334553900000000000e+07
4.301081800000000000e+07
4.272274100000000000e+07
4.247189900000000000e+07
4.225016200000000000e+07
4.206048600000000000e+07
4.187613400000000000e+07
4.170126700000000000e+07
4.154063800000000000e+07
4.139929500000000000e+07
4.125271200000000000e+07
4.111837200000000000e+07
4.098127400000000000e+07
4.085303400000000000e+07
4.072448000000000000e+07
4.061100200000000000e+07
4.048637300000000000e+07
4.037510800000000000e+07
4.026149100000000000e+07
4.016309700000000000e+07
4.004941700000000000e+07
3.994117200000000000e+07
3.984580600000000000e+07
3.975919100000000000e+07
3.966365000000000000e+07
3.955499200000000000e+07
3.946366200000000000e+07
3.937614300000000000e+07
3.927559600000000000e+07
3.918174700000000000e+07
3.911055100000000000e+07
3.901157500000000000e+07
3.893497400000000000e+07
3.885011700000000000e+07
3.877176800000000000e+07
3.869137500000000000e+07
3.860106600000000000e+07
3.852837100000000000e+07
3.845041300000000000e+07
nan
nan
nan
nan
nan
4.602635400000000000e+07
4.556700000000000000e+07
4.516454300000000000e+07
4.481979500000000000e+07
4.451974400000000000e+07
4.423738900000000000e+07
4.376666600000000000e+07
4.337993900000000000e+07
4.305178100000000000e+07
4.276164600000000000e+07
4.250461000000000000e+07
4.228370500000000000e+07
4.207209200000000000e+07
4.189642300000000000e+07
4.171491100000000000e+07
4.155390100000000000e+07
4.139681500000000000e+07
4.124457600000000000e+07
4.110532100000000000e+07
4.096384000000000000e+07
4.083841500000000000e+07
4.070835000000000000e+07
4.058571900000000000e+07
4.047231200000000000e+07
4.034894200000000000e+07
4.023950200000000000e+07
4.013339800000000000e+07
4.002401200000000000e+07
3.992747200000000000e+07
3.981986100000000000e+07
3.971957800000000000e+07
3.962042600000000000e+07
3.952356100000000000e+07
3.943460000000000000e+07
3.933944000000000000e+07
3.924535300000000000e+07
3.915151200000000000e+07
3.906569400000000000e+07
3.898446200000000000e+07
3.889843500000000000e+07
3.880899100000000000e+07
3.873676000000000000e+07
3.864722900000000000e+07
3.856613400000000000e+07
3.848628600000000000e+07
3.842033800000000000e+07
nan
nan
nan
4.650022300000000000e+07
4.615288000000000000e+07
4.563503500000000000e+07
4.520848300000000000e+07
4.485154200000000000e+07
4.452887500000000000e+07
4.425030300000000000e+07
4.379647200000000000e+07
4.340079500000000000e+07
4.306139700000000000e+07
4.276901800000000000e+07
4.250834800000000000e+07
4.228213100000000000e+07
4.207103600000000000e+07
4.186545200000000000e+07
4.168158400000000000e+07
4.152056200000000000e+07
4.135875100000000000e+07
4.121372500000000000e+07
4.106630900000000000e+07
4.092989600000000000e+07
4.079355200000000000e+07
4.067514700000000000e+07
4.054510700000000000e+07
4.043068700000000000e+07
4.031230000000000000e+07
4.021027500000000000e+07
4.009295300000000000e+07
3.997887500000000000e+07
3.987921800000000000e+07
3.978778500000000000e+07
3.968806500000000000e+07
3.957579600000000000e+07
3.948255300000000000e+07
3.938847400000000000e+07
3.928621400000000000e+07
3.918995900000000000e+07
3.911720800000000000e+07
3.901495800000000000e+07
3.893756200000000000e+07
3.885213300000000000e+07
3.877011000000000000e+07
3.869001000000000000e+07
3.859893700000000000e+07
3.852448300000000000e+07
3.844722500000000000e+07
3.837976500000000000e+07
nan
nan
4.666641800000000000e+07
4.624986800000000000e+07
4.566627500000000000e+07
4.521305000000000000e+07
4.482850500000000000e+07
4.450764200000000000e+07
4.422830200000000000e+07
4.375713200000000000e+07
4.336391900000000000e+07
4.301941300000000000e+07
4.272026200000000000e+07
4.245782800000000000e+07
4.221339900000000000e+07
4.200712800000000000e+07
4.179999500000000000e+07
4.162219900000000000e+07
4.144871500000000000e+07
4.128830800000000000e+07
4.114264400000000000e+07
4.099445200000000000e+07
4.086409100000000000e+07
4.073026500000000000e+07
4.060535400000000000e+07
4.048878600000000000e+07
4.036240800000000000e+07
4.024920000000000000e+07
4.013993900000000000e+07
4.002494400000000000e+07
3.992603500000000000e+07
3.981475700000000000e+07
3.970964300000000000e+07
3.960937800000000000e+07
3.950936100000000000e+07
3.941841500000000000e+07
3.932213700000000000e+07
3.922615000000000000e+07
3.913344700000000000e+07
3.904490200000000000e+07
3.896424000000000000e+07
3.887566400000000000e+07
3.878622400000000000e+07
3.871322900000000000e+07
3.862121300000000000e+07
3.854169700000000000e+07
3.846092000000000000e+07
3.839525300000000000e+07
3.832451300000000000e+07
nan
4.684612000000000000e+07
4.628551700000000000e+07
4.562242600000000000e+07
4.512859600000000000e+07
4.474011900000000000e+07
4.441545200000000000e+07
4.414875400000000000e+07
4.366013300000000000e+07
4.325163300000000000e+07
4.290678200000000000e+07
4.260491800000000000e+07
4.233925300000000000e+07
4.210004200000000000e+07
4.186880000000000000e+07
4.166966100000000000e+07
4.150028900000000000e+07
4.133224500000000000e+07
4.118054000000000000e+07
4.103122000000000000e+07
4.089354600000000000e+07
4.075583600000000000e+07
4.063625300000000000e+07
4.050593100000000000e+07
4.038738600000000000e+07
4.026630500000000000e+07
4.016177000000000000e+07
4.004316000000000000e+07
3.992675600000000000e+07
3.982539500000000000e+07
3.973336100000000000e+07
3.963292300000000000e+07
3.951965500000000000e+07
3.942626300000000000e+07
3.933028300000000000e+07
3.922905300000000000e+07
3.913384400000000000e+07
3.906085400000000000e+07
3.895856200000000000e+07
3.888158900000000000e+07
3.879853200000000000e+07
3.871415100000000000e+07
3.863453400000000000e+07
3.854559800000000000e+07
3.847008100000000000e+07
3.839329600000000000e+07
3.832952400000000000e+07
3.824785000000000000e+07
4.695290100000000000e+07
4.611266200000000000e+07
4.536206700000000000e+07
4.487087700000000000e+07
4.448440600000000000e+07
4.417338200000000000e+07
4.387367600000000000e+07
4.339041600000000000e+07
4.298320400000000000e+07
4.263868000000000000e+07
4.234011200000000000e+07
4.206902000000000000e+07
4.184444600000000000e+07
4.162618600000000000e+07
4.144430400000000000e+07
4.127114700000000000e+07
4.111618400000000000e+07
4.097546400000000000e+07
4.083086800000000000e+07
4.070506800000000000e+07
4.057410400000000000e+07
4.044965400000000000e+07
4.033268400000000000e+07
4.020851100000000000e+07
4.009755000000000000e+07
3.999223400000000000e+07
3.987871100000000000e+07
3.978255600000000000e+07
3.967370300000000000e+07
3.956988900000000000e+07
3.947283000000000000e+07
3.937496900000000000e+07
3.928541100000000000e+07
3.919148400000000000e+07
3.909771700000000000e+07
3.900907100000000000e+07
3.892143100000000000e+07
3.884381900000000000e+07
3.875758800000000000e+07
3.866987300000000000e+07
3.859947700000000000e+07
3.851224300000000000e+07
3.843448000000000000e+07
3.835435700000000000e+07
3.829205900000000000e+07
3.822411600000000000e+07
3.815252600000000000e+07
4.521163800000000000e+07
4.459285200000000000e+07
4.416524000000000000e+07
4.383980100000000000e+07
4.353648900000000000e+07
4.328849500000000000e+07
4.284821800000000000e+07
4.248997300000000000e+07
4.218668600000000000e+07
4.193048800000000000e+07
4.170865500000000000e+07
4.149424300000000000e+07
4.131116700000000000e+07
4.115664600000000000e+07
4.100261900000000000e+07
4.086379800000000000e+07
4.072459400000000000e+07
4.059438800000000000e+07
4.046426200000000000e+07
4.035088400000000000e+07
4.022781900000000000e+07
4.011635100000000000e+07
4.000188900000000000e+07
3.990080400000000000e+07
3.979151700000000000e+07
3.967985400000000000e+07
3.958420500000000000e+07
3.949688900000000000e+07
3.940132100000000000e+07
3.929294900000000000e+07
3.920495500000000000e+07
3.911229400000000000e+07
3.901594700000000000e+07
3.892753700000000000e+07
3.885864700000000000e+07
3.876151100000000000e+07
3.868692000000000000e+07
3.860886300000000000e+07
3.852778000000000000e+07
3.845251000000000000e+07
3.836607400000000000e+07
3.829536200000000000e+07
3.822189300000000000e+07
3.816319300000000000e+07
3.808397800000000000e+07
3.801269500000000000e+07
4.400187800000000000e+07
4.365622700000000000e+07
4.335019400000000000e+07
4.310537800000000000e+07
4.287914800000000000e+07
4.249896800000000000e+07
4.218607400000000000e+07
4.192108600000000000e+07
4.168405900000000000e+07
4.148783700000000000e+07
4.129437100000000000e+07
4.113218500000000000e+07
4.097183600000000000e+07
4.082605400000000000e+07
4.069306900000000000e+07
4.055679700000000000e+07
4.043842000000000000e+07
4.031509200000000000e+07
4.019573200000000000e+07
4.008404900000000000e+07
3.996552500000000000e+07
3.985974200000000000e+07
3.976162400000000000e+07
3.965109900000000000e+07
3.956027800000000000e+07
3.945658800000000000e+07
3.935553700000000000e+07
3.926381700000000000e+07
3.916923800000000000e+07
3.908311900000000000e+07
3.899343600000000000e+07
3.890329900000000000e+07
3.881991800000000000e+07
3.873472700000000000e+07
3.866098700000000000e+07
3.857830700000000000e+07
3.849382900000000000e+07
3.842654600000000000e+07
3.834349200000000000e+07
3.826905200000000000e+07
3.819058800000000000e+07
3.813243300000000000e+07
3.806717400000000000e+07
3.799779900000000000e+07
3.792816300000000000e+07
4.330182300000000000e+07
4.303989800000000000e+07
4.280433300000000000e+07
4.259996200000000000e+07
4.225573900000000000e+07
4.196547800000000000e+07
4.171894300000000000e+07
4.150711900000000000e+07
4.129974000000000000e+07
4.112177800000000000e+07
4.097302200000000000e+07
4.082313100000000000e+07
4.068789800000000000e+07
4.055216600000000000e+07
4.042429800000000000e+07
4.029824200000000000e+07
4.018744100000000000e+07
4.006770000000000000e+07
3.995934200000000000e+07
3.984743300000000000e+07
3.974808100000000000e+07
3.964347000000000000e+07
3.953392900000000000e+07
3.944156900000000000e+07
3.935621200000000000e+07
3.926306300000000000e+07
3.915716400000000000e+07
3.907152300000000000e+07
3.898061800000000000e+07
3.888739400000000000e+07
3.880233400000000000e+07
3.873552200000000000e+07
3.864191800000000000e+07
3.856773100000000000e+07
3.849326900000000000e+07
3.841309100000000000e+07
3.834053500000000000e+07
3.825624800000000000e+07
3.818764600000000000e+07
3.811585500000000000e+07
3.805976100000000000e+07
3.798214100000000000e+07
3.791364000000000000e+07
3.785081000000000000e+07
4.278048000000000000e+07
4.256386200000000000e+07
4.237054300000000000e+07
4.204878100000000000e+07
4.177912700000000000e+07
4.154178000000000000e+07
4.134421100000000000e+07
4.115304400000000000e+07
4.099253000000000000e+07
4.083335200000000000e+07
4.068918000000000000e+07
4.055821100000000000e+07
4.042350800000000000e+07
4.030744300000000000e+07
4.018684200000000000e+07
4.006859300000000000e+07
3.995830400000000000e+07
3.984230700000000000e+07
3.973826400000000000e+07
3.964409900000000000e+07
3.953397900000000000e+07
3.944611800000000000e+07
3.934464900000000000e+07
3.924402500000000000e+07
3.915573500000000000e+07
3.906226800000000000e+07
3.897785400000000000e+07
3.889071100000000000e+07
3.880125800000000000e+07
3.872184900000000000e+07
3.863720400000000000e+07
3.856590500000000000e+07
3.848495400000000000e+07
3.840215900000000000e+07
3.833676100000000000e+07
3.825532800000000000e+07
3.818349700000000000e+07
3.810585400000000000e+07
3.805058200000000000e+07
3.798631100000000000e+07
3.791837000000000000e+07
3.785050300000000000e+07
3.777899900000000000e+07
4.235449000000000000e+07
4.218139500000000000e+07
4.187293900000000000e+07
4.161652700000000000e+07
4.139930000000000000e+07
4.118857600000000000e+07
4.100928100000000000e+07
4.085997900000000000e+07
4.070986500000000000e+07
4.057524800000000000e+07
4.043860500000000000e+07
4.031241900000000000e+07
4.018878200000000000e+07
4.007883000000000000e+07
3.996131100000000000e+07
3.985498100000000000e+07
3.974426100000000000e+07
3.964575000000000000e+07
3.954420900000000000e+07
3.943552200000000000e+07
3.934557200000000000e+07
3.926185600000000000e+07
3.916972700000000000e+07
3.906557000000000000e+07
3.898138500000000000e+07
3.889158300000000000e+07
3.880153500000000000e+07
3.871857500000000000e+07
3.865280000000000000e+07
3.856240500000000000e+07
3.848830400000000000e+07
3.841600700000000000e+07
3.833640600000000000e+07
3.826579500000000000e+07
3.818330500000000000e+07
3.811620400000000000e+07
3.804551800000000000e+07
3.799114700000000000e+07
3.791497500000000000e+07
3.784808600000000000e+07
3.778736200000000000e+07
3.772526300000000000e+07
4.200437200000000000e+07
4.171252400000000000e+07
4.146293100000000000e+07
4.125709000000000000e+07
4.106137900000000000e+07
4.089824700000000000e+07
4.073707600000000000e+07
4.059236600000000000e+07
4.046133700000000000e+07
4.032690500000000000e+07
4.021187800000000000e+07
4.009270900000000000e+07
3.997491200000000000e+07
3.986539200000000000e+07
3.975165300000000000e+07
3.964831500000000000e+07
3.955684800000000000e+07
3.944716500000000000e+07
3.936128000000000000e+07
3.926163700000000000e+07
3.916189800000000000e+07
3.907598100000000000e+07
3.898324700000000000e+07
3.890001700000000000e+07
3.881471100000000000e+07
3.872523600000000000e+07
3.864964500000000000e+07
3.856529800000000000e+07
3.849621600000000000e+07
3.841657000000000000e+07
3.833499600000000000e+07
3.827046200000000000e+07
3.819101300000000000e+07
3.812132200000000000e+07
3.804432800000000000e+07
3.799102000000000000e+07
3.792789500000000000e+07
3.786086200000000000e+07
3.779427400000000000e+07
3.772400800000000000e+07
3.767386100000000000e+07
4.142386000000000000e+07
4.120292600000000000e+07
4.099817100000000000e+07
4.082915700000000000e+07
4.066397500000000000e+07
4.051707300000000000e+07
4.038478200000000000e+07
4.024970000000000000e+07
4.013506600000000000e+07
4.001678600000000000e+07
3.989903100000000000e+07
3.978957600000000000e+07
3.967788200000000000e+07
3.957530100000000000e+07
3.948643100000000000e+07
3.937675300000000000e+07
3.929283900000000000e+07
3.919459800000000000e+07
3.909635800000000000e+07
3.901168600000000000e+07
3.892045300000000000e+07
3.883759600000000000e+07
3.875388900000000000e+07
3.866522400000000000e+07
3.859193100000000000e+07
3.850806900000000000e+07
3.844049600000000000e+07
3.836186000000000000e+07
3.828179900000000000e+07
3.821750300000000000e+07
3.813980200000000000e+07
3.807245400000000000e+07
3.799590400000000000e+07
3.794411700000000000e+07
3.788155300000000000e+07
3.781539600000000000e+07
3.775008000000000000e+07
3.768036500000000000e+07
3.763110800000000000e+07
3.757745800000000000e+07
4.095767000000000000e+07
4.077839000000000000e+07
4.060703600000000000e+07
4.045638000000000000e+07
4.032214100000000000e+07
4.018528300000000000e+07
4.007055200000000000e+07
3.995265600000000000e+07
3.983400200000000000e+07
3.972419900000000000e+07
3.961543200000000000e+07
3.951359800000000000e+07
3.942663500000000000e+07
3.931714200000000000e+07
3.923464200000000000e+07
3.913795100000000000e+07
3.904118700000000000e+07
3.895745700000000000e+07
3.886766600000000000e+07
3.878587000000000000e+07
3.870156300000000000e+07
3.861523500000000000e+07
3.854378700000000000e+07
3.846037500000000000e+07
3.839413400000000000e+07
3.831687000000000000e+07
3.823746400000000000e+07
3.817366800000000000e+07
3.809749400000000000e+07
3.803238000000000000e+07
3.795602000000000000e+07
3.790495900000000000e+07
3.784341700000000000e+07
3.777815300000000000e+07
3.771375800000000000e+07
3.764459200000000000e+07
3.759581200000000000e+07
3.754423200000000000e+07
3.748611900000000000e+07
4.056406500000000000e+07
4.040761000000000000e+07
4.027018700000000000e+07
4.013078200000000000e+07
4.001593900000000000e+07
3.989722200000000000e+07
3.977788000000000000e+07
3.966894300000000000e+07
3.956106700000000000e+07
3.946052200000000000e+07
3.937399700000000000e+07
3.926531300000000000e+07
3.918438700000000000e+07
3.908878300000000000e+07
3.899352100000000000e+07
3.891075500000000000e+07
3.882216800000000000e+07
3.874076700000000000e+07
3.865716500000000000e+07
3.857222100000000000e+07
3.850227800000000000e+07
3.841942500000000000e+07
3.835495300000000000e+07
3.827826000000000000e+07
3.819948900000000000e+07
3.813658900000000000e+07
3.806167400000000000e+07
3.799829800000000000e+07
3.792231000000000000e+07
3.787198500000000000e+07
3.781115700000000000e+07
3.774676300000000000e+07
3.768294800000000000e+07
3.761417700000000000e+07
3.756599600000000000e+07
3.751655600000000000e+07
3.745795100000000000e+07
3.738931200000000000e+07
4.022756600000000000e+07
4.008441700000000000e+07
3.996745600000000000e+07
3.984859600000000000e+07
3.972860000000000000e+07
3.962012100000000000e+07
3.951281400000000000e+07
3.941349300000000000e+07
3.932737200000000000e+07
3.921942000000000000e+07
3.913955300000000000e+07
3.904516900000000000e+07
3.895130000000000000e+07
3.886943000000000000e+07
3.878143700000000000e+07
3.870158000000000000e+07
3.861821100000000000e+07
3.853455300000000000e+07
3.846608700000000000e+07
3.838347800000000000e+07
3.832073000000000000e+07
3.824514500000000000e+07
3.816661700000000000e+07
3.810407700000000000e+07
3.803123100000000000e+07
3.796850000000000000e+07
3.789291000000000000e+07
3.784336100000000000e+07
3.778307100000000000e+07
3.771945400000000000e+07
3.765647800000000000e+07
3.758781200000000000e+07
3.754048200000000000e+07
3.749271500000000000e+07
3.743370900000000000e+07
3.736585500000000000e+07
3.731354600000000000e+07
3.992651800000000000e+07
3.980544600000000000e+07
3.968493700000000000e+07
3.957659100000000000e+07
3.946980500000000000e+07
3.937142300000000000e+07
3.928540500000000000e+07
3.917880800000000000e+07
3.909961400000000000e+07
3.900606700000000000e+07
3.891358500000000000e+07
3.883226500000000000e+07
3.874504800000000000e+07
3.866642900000000000e+07
3.858331400000000000e+07
3.850100300000000000e+07
3.843350200000000000e+07
3.835167500000000000e+07
3.829027800000000000e+07
3.821573400000000000e+07
3.813764800000000000e+07
3.807543800000000000e+07
3.800420000000000000e+07
3.794239600000000000e+07
3.786721100000000000e+07
3.781789500000000000e+07
3.775876700000000000e+07
3.769548900000000000e+07
3.763303800000000000e+07
3.756486900000000000e+07
3.751803000000000000e+07
3.747145600000000000e+07
3.741225600000000000e+07
3.734503400000000000e+07
3.729302600000000000e+07
3.723665300000000000e+07
3.964627000000000000e+07
3.953762700000000000e+07
3.943090400000000000e+07
3.933370900000000000e+07
3.924741400000000000e+07
3.914203300000000000e+07
3.906325500000000000e+07
3.897062300000000000e+07
3.887922200000000000e+07
3.879842500000000000e+07
3.871219100000000000e+07
3.863469100000000000e+07
3.855155400000000000e+07
3.847076300000000000e+07
3.840417700000000000e+07
3.832291600000000000e+07
3.826286000000000000e+07
3.818917200000000000e+07
3.811138400000000000e+07
3.804968800000000000e+07
3.798016900000000000e+07
3.791921500000000000e+07
3.784422800000000000e+07
3.779545000000000000e+07
3.773677400000000000e+07
3.767409800000000000e+07
3.761222200000000000e+07
3.754439000000000000e+07
3.749784300000000000e+07
3.745270500000000000e+07
3.739355700000000000e+07
3.732663800000000000e+07
3.727476300000000000e+07
3.721905900000000000e+07
3.718216700000000000e+07
3.939577200000000000e+07
3.929856800000000000e+07
3.921270500000000000e+07
3.910794500000000000e+07
3.902994600000000000e+07
3.893804900000000000e+07
3.884793300000000000e+07
3.876748900000000000e+07
3.868209600000000000e+07
3.860590100000000000e+07
3.852259700000000000e+07
3.844316500000000000e+07
3.837771400000000000e+07
3.829660100000000000e+07
3.823797900000000000e+07
3.816515700000000000e+07
3.808718200000000000e+07
3.802651000000000000e+07
3.795836800000000000e+07
3.789813900000000000e+07
3.782352300000000000e+07
3.777469900000000000e+07
3.771691900000000000e+07
3.765461100000000000e+07
3.759346600000000000e+07
3.752594800000000000e+07
3.747989300000000000e+07
3.743599900000000000e+07
3.737650600000000000e+07
3.730986600000000000e+07
3.725824800000000000e+07
3.720294800000000000e+07
3.716681200000000000e+07
3.711392900000000000e+07
3.918071600000000000e+07
3.907647200000000000e+07
3.899924400000000000e+07
3.890798900000000000e+07
3.881902200000000000e+07
3.873868900000000000e+07
3.865416400000000000e+07
3.857905000000000000e+07
3.849651900000000000e+07
3.841756500000000000e+07
3.835311300000000000e+07
3.827252200000000000e+07
3.821503200000000000e+07
3.814301100000000000e+07
3.806511500000000000e+07
3.800507700000000000e+07
3.793844700000000000e+07
3.787870900000000000e+07
3.780461400000000000e+07
3.775593400000000000e+07
3.769856300000000000e+07
3.763696800000000000e+07
3.757591900000000000e+07
3.750916100000000000e+07
3.746336200000000000e+07
3.742090800000000000e+07
3.736074300000000000e+07
3.729503200000000000e+07
3.724309100000000000e+07
3.718850700000000000e+07
3.715304700000000000e+07
3.710025200000000000e+07
3.704920500000000000e+07
3.897067200000000000e+07
3.887995700000000000e+07
3.879192200000000000e+07
3.871180500000000000e+07
3.862805600000000000e+07
3.855414400000000000e+07
3.847206800000000000e+07
3.839369100000000000e+07
3.832994300000000000e+07
3.824982100000000000e+07
3.819373900000000000e+07
3.812230000000000000e+07
3.804420700000000000e+07
3.798523100000000000e+07
3.791991400000000000e+07
3.786070100000000000e+07
3.778718900000000000e+07
3.773865000000000000e+07
3.768176000000000000e+07
3.762051700000000000e+07
3.755964900000000000e+07
3.749381600000000000e+07
3.744811800000000000e+07
3.740669200000000000e+07
3.734644200000000000e+07
3.728095500000000000e+07
3.722919300000000000e+07
3.717510800000000000e+07
3.714001700000000000e+07
3.708784800000000000e+07
3.703718600000000000e+07
3.700647000000000000e+07
3.876674900000000000e+07
3.868642100000000000e+07
3.860331700000000000e+07
3.853085600000000000e+07
3.844901900000000000e+07
3.837117500000000000e+07
3.830818100000000000e+07
3.822866100000000000e+07
3.817372100000000000e+07
3.810304100000000000e+07
3.802527800000000000e+07
3.796655600000000000e+07
3.790251700000000000e+07
3.784377800000000000e+07
3.777038400000000000e+07
3.772210900000000000e+07
3.766588500000000000e+07
3.760499200000000000e+07
3.754443700000000000e+07
3.747964900000000000e+07
3.743389100000000000e+07
3.739319100000000000e+07
3.733304800000000000e+07
3.726809800000000000e+07
3.721610300000000000e+07
3.716271400000000000e+07
3.712785000000000000e+07
3.707626400000000000e+07
3.702584300000000000e+07
3.699521700000000000e+07
3.694168600000000000e+07
3.857988800000000000e+07
3.850872900000000000e+07
3.842710300000000000e+07
3.834985100000000000e+07
3.828723500000000000e+07
3.820847600000000000e+07
3.815463800000000000e+07
3.808470200000000000e+07
3.800751900000000000e+07
3.794892600000000000e+07
3.788610600000000000e+07
3.782791800000000000e+07
3.775480500000000000e+07
3.770673600000000000e+07
3.765114400000000000e+07
3.759041800000000000e+07
3.753017700000000000e+07
3.746640000000000000e+07
3.742031300000000000e+07
3.738005300000000000e+07
3.732044700000000000e+07
3.725603900000000000e+07
3.720399000000000000e+07
3.715119000000000000e+07
3.711674100000000000e+07
3.706537200000000000e+07
3.701516600000000000e+07
3.698460100000000000e+07
3.693105100000000000e+07
3.688906800000000000e+07
3.840642700000000000e+07
3.832958700000000000e+07
3.826733800000000000e+07
3.818900700000000000e+07
3.813636300000000000e+07
3.806703700000000000e+07
3.799041200000000000e+07
3.793223200000000000e+07
3.787034900000000000e+07
3.781266500000000000e+07
3.774001700000000000e+07
3.769195600000000000e+07
3.763700600000000000e+07
3.757685200000000000e+07
3.751680600000000000e+07
3.745373600000000000e+07
3.740787100000000000e+07
3.736815900000000000e+07
3.730834200000000000e+07
3.724475400000000000e+07
3.719289200000000000e+07
3.714026000000000000e+07
3.710609200000000000e+07
3.705505300000000000e+07
3.700505400000000000e+07
3.697464300000000000e+07
3.692096000000000000e+07
3.687983500000000000e+07
3.683408900000000000e+07
3.824826500000000000e+07
3.817056600000000000e+07
3.811888300000000000e+07
3.804992000000000000e+07
3.797414900000000000e+07
3.791624200000000000e+07
3.785528700000000000e+07
3.779820100000000000e+07
3.772592800000000000e+07
3.767805900000000000e+07
3.762359700000000000e+07
3.756371600000000000e+07
3.750402000000000000e+07
3.744188300000000000e+07
3.739611400000000000e+07
3.735653000000000000e+07
3.729667300000000000e+07
3.723365300000000000e+07
3.718236400000000000e+07
3.712981300000000000e+07
3.709611500000000000e+07
3.704534400000000000e+07
3.699534600000000000e+07
3.696525600000000000e+07
3.691120100000000000e+07
3.687116900000000000e+07
3.682542400000000000e+07
3.677069500000000000e+07
3.810174800000000000e+07
3.803345300000000000e+07
3.795839800000000000e+07
3.790058100000000000e+07
3.784090400000000000e+07
3.778431700000000000e+07
3.771198200000000000e+07
3.766465100000000000e+07
3.761059100000000000e+07
3.755117400000000000e+07
3.749180200000000000e+07
3.743034300000000000e+07
3.738499300000000000e+07
3.734498700000000000e+07
3.728569500000000000e+07
3.722314300000000000e+07
3.717230900000000000e+07
3.711981200000000000e+07
3.708615400000000000e+07
3.703615200000000000e+07
3.698631300000000000e+07
3.695610300000000000e+07
3.690192400000000000e+07
3.686285500000000000e+07
3.681703800000000000e+07
3.676312600000000000e+07
3.672150100000000000e+07
3.794291800000000000e+07
3.788592400000000000e+07
3.782675000000000000e+07
3.777030500000000000e+07
3.769864900000000000e+07
3.765137600000000000e+07
3.759790000000000000e+07
3.753851100000000000e+07
3.748023400000000000e+07
3.741915500000000000e+07
3.737435300000000000e+07
3.733368700000000000e+07
3.727488200000000000e+07
3.721275400000000000e+07
3.716249000000000000e+07
3.710999600000000000e+07
3.707617600000000000e+07
3.702723200000000000e+07
3.697756400000000000e+07
3.694740700000000000e+07
3.689292500000000000e+07
3.685496600000000000e+07
3.680887700000000000e+07
3.675582600000000000e+07
3.671408500000000000e+07
3.667137000000000000e+07
3.781291000000000000e+07
3.775649700000000000e+07
3.768573400000000000e+07
3.763869900000000000e+07
3.758540600000000000e+07
3.752615500000000000e+07
3.746866800000000000e+07
3.740833200000000000e+07
3.736371900000000000e+07
3.732284300000000000e+07
3.726448200000000000e+07
3.720280900000000000e+07
3.715277600000000000e+07
3.710064900000000000e+07
3.706666200000000000e+07
3.701862400000000000e+07
3.696929700000000000e+07
3.693902300000000000e+07
3.688415200000000000e+07
3.684729500000000000e+07
3.680111200000000000e+07
3.674892800000000000e+07
3.670677600000000000e+07
3.666433500000000000e+07
3.663159400000000000e+07
3.767277100000000000e+07
3.762625100000000000e+07
3.757317100000000000e+07
3.751427700000000000e+07
3.745743100000000000e+07
3.739754200000000000e+07
3.735336900000000000e+07
3.731244000000000000e+07
3.725460300000000000e+07
3.719322200000000000e+07
3.714334600000000000e+07
3.709128400000000000e+07
3.705749900000000000e+07
3.701013600000000000e+07
3.696145900000000000e+07
3.693090500000000000e+07
3.687572600000000000e+07
3.683983600000000000e+07
3.679336900000000000e+07
3.674211300000000000e+07
3.669973900000000000e+07
3.665755900000000000e+07
3.662479700000000000e+07
3.658148100000000000e+07
3.756106600000000000e+07
3.750259200000000000e+07
3.744656800000000000e+07
3.738714400000000000e+07
3.734311700000000000e+07
3.730218500000000000e+07
3.724472800000000000e+07
3.718379200000000000e+07
3.713391900000000000e+07
3.708216200000000000e+07
3.704816400000000000e+07
3.700190100000000000e+07
3.695375200000000000e+07
3.692269700000000000e+07
3.686735300000000000e+07
3.683243100000000000e+07
3.678583300000000000e+07
3.673499400000000000e+07
3.669296900000000000e+07
3.665080900000000000e+07
3.661832500000000000e+07
3.657537400000000000e+07
3.653359800000000000e+07
3.743570300000000000e+07
3.737664100000000000e+07
3.733283300000000000e+07
3.729218900000000000e+07
3.723469600000000000e+07
3.717429400000000000e+07
3.712480500000000000e+07
3.707316100000000000e+07
3.703891000000000000e+07
3.699335000000000000e+07
3.694596200000000000e+07
3.691462500000000000e+07
3.685925100000000000e+07
3.682532300000000000e+07
3.677857200000000000e+07
3.672821300000000000e+07
3.668632900000000000e+07
3.664419100000000000e+07
3.661205800000000000e+07
3.656929900000000000e+07
3.652709700000000000e+07
3.648133800000000000e+07
3.732263500000000000e+07
3.728210100000000000e+07
3.722500800000000000e+07
3.716539500000000000e+07
3.711560500000000000e+07
3.706435700000000000e+07
3.703009100000000000e+07
3.698499100000000000e+07
3.693816500000000000e+07
3.690664600000000000e+07
3.685141800000000000e+07
3.681819200000000000e+07
3.677167500000000000e+07
3.672160600000000000e+07
3.667986900000000000e+07
3.663777500000000000e+07
3.660596200000000000e+07
3.656319000000000000e+07
3.652077000000000000e+07
3.647522400000000000e+07
3.644860400000000000e+07
3.721520600000000000e+07
3.715655500000000000e+07
3.710659300000000000e+07
3.705555900000000000e+07
3.702124500000000000e+07
3.697666600000000000e+07
3.693069000000000000e+07
3.689880900000000000e+07
3.684342900000000000e+07
3.681105700000000000e+07
3.676458900000000000e+07
3.671507200000000000e+07
3.667364400000000000e+07
3.663134900000000000e+07
3.659992800000000000e+07
3.655745900000000000e+07
3.651450300000000000e+07
3.646925700000000000e+07
3.644267600000000000e+07
3.640039900000000000e+07
3.709771300000000000e+07
3.704660400000000000e+07
3.701229800000000000e+07
3.696859400000000000e+07
3.692307800000000000e+07
3.689098900000000000e+07
3.683556400000000000e+07
3.680390800000000000e+07
3.675741100000000000e+07
3.670835500000000000e+07
3.666736300000000000e+07
3.662495200000000000e+07
3.659374500000000000e+07
3.655155400000000000e+07
3.650852200000000000e+07
3.646360400000000000e+07
3.643687800000000000e+07
3.639457800000000000e+07
3.636711200000000000e+07
3.700331400000000000e+07
3.696035000000000000e+07
3.691539400000000000e+07
3.688312200000000000e+07
3.682782400000000000e+07
3.679677400000000000e+07
3.675038600000000000e+07
3.670178100000000000e+07
3.666090600000000000e+07
3.661869700000000000e+07
3.658744700000000000e+07
3.654556200000000000e+07
3.650226500000000000e+07
3.645775800000000000e+07
3.643111400000000000e+07
3.638883800000000000e+07
3.636167200000000000e+07
3.633158100000000000e+07
3.690785400000000000e+07
3.687517600000000000e+07
3.682017000000000000e+07
3.678976200000000000e+07
3.674330500000000000e+07
3.669542100000000000e+07
3.665434200000000000e+07
3.661247600000000000e+07
3.658099300000000000e+07
3.653937800000000000e+07
3.649603200000000000e+07
3.645170200000000000e+07
3.642541300000000000e+07
3.638340600000000000e+07
3.635638800000000000e+07
3.632620100000000000e+07
3.627116300000000000e+07
3.681254200000000000e+07
3.678255800000000000e+07
3.673627300000000000e+07
3.668890800000000000e+07
3.664792200000000000e+07
3.660607000000000000e+07
3.657464300000000000e+07
3.653318200000000000e+07
3.648993100000000000e+07
3.644563700000000000e+07
3.641971100000000000e+07
3.637790700000000000e+07
3.635123500000000000e+07
3.632080600000000000e+07
3.626622300000000000e+07
3.624418600000000000e+07
3.672910200000000000e+07
3.668223800000000000e+07
3.664119300000000000e+07
3.659949400000000000e+07
3.656844300000000000e+07
3.652726900000000000e+07
3.648364500000000000e+07
3.643959800000000000e+07
3.641394500000000000e+07
3.637251100000000000e+07
3.634598500000000000e+07
3.631540100000000000e+07
3.626110100000000000e+07
3.623862200000000000e+07
3.619318500000000000e+07
3.663416500000000000e+07
3.659321000000000000e+07
3.656236100000000000e+07
3.652161700000000000e+07
3.647742100000000000e+07
3.643381600000000000e+07
3.640807600000000000e+07
3.636728100000000000e+07
3.634056200000000000e+07
3.631004400000000000e+07
3.625605600000000000e+07
3.623299300000000000e+07
3.618843400000000000e+07
3.617730600000000000e+07
3.655632200000000000e+07
3.651585200000000000e+07
3.647130600000000000e+07
3.642831400000000000e+07
3.640242100000000000e+07
3.636182600000000000e+07
3.633501900000000000e+07
3.630469000000000000e+07
3.625102000000000000e+07
3.622740400000000000e+07
3.618375600000000000e+07
3.617290500000000000e+07
3.613152400000000000e+07
3.646506200000000000e+07
3.642263000000000000e+07
3.639665800000000000e+07
3.635637400000000000e+07
3.632954500000000000e+07
3.629932100000000000e+07
3.624624900000000000e+07
3.622178200000000000e+07
3.617901200000000000e+07
3.616853500000000000e+07
3.612681800000000000e+07
3.609995900000000000e+07
3.639090200000000000e+07
3.635084600000000000e+07
3.632414300000000000e+07
3.629382600000000000e+07
3.624151900000000000e+07
3.621622600000000000e+07
3.617423700000000000e+07
3.616401100000000000e+07
3.612194300000000000e+07
3.609539400000000000e+07
3.606084600000000000e+07
3.631871500000000000e+07
3.628815800000000000e+07
3.623681300000000000e+07
3.621054000000000000e+07
3.616946800000000000e+07
3.615955400000000000e+07
3.611702600000000000e+07
3.609094100000000000e+07
3.605664600000000000e+07
3.602404500000000000e+07
3.623182900000000000e+07
3.620487000000000000e+07
3.616459600000000000e+07
3.615507500000000000e+07
3.611203300000000000e+07
3.608633100000000000e+07
3.605239200000000000e+07
3.601988400000000000e+07
3.598144100000000000e+07
3.615976200000000000e+07
3.615061200000000000e+07
3.610702200000000000e+07
3.608169500000000000e+07
3.604792200000000000e+07
3.601554900000000000e+07
3.597732000000000000e+07
3.596048700000000000e+07
3.610210400000000000e+07
3.607700200000000000e+07
3.604341800000000000e+07
3.601121000000000000e+07
3.597303700000000000e+07
3.595636700000000000e+07
3.591103400000000000e+07
3.603890400000000000e+07
3.600685200000000000e+07
3.596868500000000000e+07
3.595206500000000000e+07
3.590670400000000000e+07
3.588554400000000000e+07
3.596405200000000000e+07
3.594780300000000000e+07
3.590230300000000000e+07
3.588140700000000000e+07
3.585049700000000000e+07
3.589777700000000000e+07
3.587727400000000000e+07
3.584594100000000000e+07
3.581325300000000000e+07
3.584131700000000000e+07
3.580906200000000000e+07
3.578090200000000000e+07
3.577681200000000000e+07
3.576300300000000000e+07
3.572440000000000000e+07
